504.726837
504.726837
504.247925
503.202423
505.955841
517.354614
531.212341
537.079346
535.418274
533.069336
533.007080
533.613770
533.301941
533.139954
534.243530
535.268799
534.596252
532.362000
530.198425
531.653442
535.820557
536.372131
534.175842
534.082520
535.117371
534.148010
531.717407
531.033020
532.961304
535.066650
535.295776
534.484436
534.171204
533.576416
532.292908
532.111816
533.787109
535.454285
534.980103
533.293091
532.900452
533.510315
533.570312
533.523438
534.463440
535.436157
534.261719
531.204468
530.923889
537.719421
545.111267
543.167358
536.359802
533.510254
533.736633
533.130127
531.720703
531.826355
534.043091
536.137939
535.749939
533.731689
532.660217
532.553894
532.395874
532.902100
534.647766
535.997498
534.818359
532.341492
531.812622
533.364685
534.625793
534.541138
534.175964
534.227051
533.478516
531.413818
531.562195
537.807190
544.226379
542.160828
536.066345
533.416443
533.375610
533.001404
532.139404
532.338440
534.126038
535.705688
534.982178
532.949585
532.359680
533.075806
533.293335
533.183533
534.196594
535.802429
535.296448
532.734680
531.658997
533.316895
535.214905
535.102356
533.848633
533.309082
532.895203
531.436340
531.637329
537.064697
542.433105
540.575806
535.718445
533.341797
532.652832
532.356506
532.376099
533.161743
534.935120
536.272339
535.126709
532.502441
531.693848
533.078369
534.280090
534.142517
533.891785
534.367004
534.012268
532.352417
531.706970
533.308899
535.412048
535.542175
533.881409
532.663452
532.283203
532.109314
533.406128
535.295044
532.126770
525.563110
525.269104
530.142456
532.723389
533.237488
533.701477
533.711975
534.056641
535.161621
535.000610
532.941895
531.567810
532.554932
534.541443
535.205872
534.406921
533.703369
533.033752
532.045471
532.155151
534.048523
535.866211
535.287354
533.213867
532.473877
533.016479
533.154236
533.724670
534.764099
532.016785
526.959229
527.012817
530.220154
531.469543
532.687378
534.711304
535.139771
534.305542
534.098694
533.871216
532.636108
531.838074
532.910706
534.896423
535.432617
534.231445
533.295776
532.995667
532.530823
532.585938
534.096863
535.823608
535.215454
532.772522
531.736511
532.765625
533.841187
534.508911
534.435608
530.857178
526.536255
527.827209
531.284119
532.044312
532.734497
534.570740
535.108521
534.202820
533.749878
533.499817
532.463135
531.962463
533.544556
535.848450
535.782288
533.488403
532.267029
532.908691
533.561768
533.633423
534.236023
535.395020
534.915100
532.467407
531.162903
532.663330
534.862000
535.086609
533.190918
532.704041
538.490723
546.058655
543.869995
535.030212
532.001953
534.574707
535.559143
534.101257
533.179443
533.357178
533.337280
533.093018
533.834595
535.328064
535.079956
532.750671
531.558350
532.802856
534.270264
534.299255
534.104126
534.851074
534.750000
532.798462
531.447510
532.619385
534.847168
535.370544
533.454163
532.626831
538.157776
545.475159
543.201843
534.961731
532.781860
535.596069
535.835388
533.108643
531.671204
532.671021
533.818970
533.814819
533.871277
534.776245
534.639832
532.709961
531.660217
533.100647
535.047180
535.028137
533.838440
533.627319
533.579895
532.447205
531.954285
533.766418
536.148865
535.856140
533.388000
533.013245
534.474121
530.356873
520.880798
519.384399
528.801514
536.361755
536.323608
533.247620
531.627869
532.646667
534.272339
534.327820
533.783447
534.213013
534.164062
532.581482
531.751465
533.301758
535.367615
535.219910
533.525513
533.069153
533.592163
533.162781
532.431702
533.375549
535.448120
535.492249
533.078552
532.345398
533.811646
530.224670
521.385559
520.212097
529.288208
536.223450
535.800232
532.616394
531.220642
532.931885
535.421936
535.644897
534.231018
533.809509
533.865234
532.652222
531.712646
533.463623
536.387207
536.336975
533.328369
531.716553
532.670837
533.528442
533.344238
533.836426
535.270325
535.029236
532.715027
531.692078
532.950928
534.130981
536.301697
541.256958
543.030945
538.452759
534.037964
532.181274
531.389771
532.965698
535.723999
535.823975
533.579712
532.685913
533.405945
533.299500
532.694397
533.827881
535.990601
535.593079
532.614014
531.310974
532.899597
534.397522
534.188538
534.066345
535.147888
535.017517
532.586121
531.072998
532.312134
534.377075
537.700928
542.887207
543.637634
538.099670
533.634155
532.045593
531.417358
533.255676
536.249146
536.005554
533.035217
532.034790
533.616699
534.344238
533.383057
533.346191
534.977173
535.115112
532.678467
531.264282
532.899109
535.058777
535.068359
534.118408
534.319458
534.171753
532.291992
531.286560
532.786560
534.988892
538.544922
543.544067
543.192139
536.759460
532.738464
532.377441
532.368469
533.652283
535.731873
535.066650
532.052307
531.166565
533.257446
534.661560
533.789856
533.350708
534.862000
535.110962
532.374390
530.478821
532.483459
535.772705
536.103638
534.014038
533.029846
533.147522
532.543945
532.293030
534.078613
536.340820
536.003235
531.462952
524.801758
523.616028
529.945007
534.205688
533.141907
533.182129
535.585571
535.533875
532.219604
530.591980
532.908203
535.477722
535.052856
533.554260
533.832336
534.241943
532.719055
531.528992
533.233643
535.890503
535.663147
533.290771
532.621033
533.306213
532.760315
532.219543
534.221252
536.975769
536.567932
532.579468
528.588257
529.800720
535.099976
536.659363
534.256653
533.527832
534.897034
534.767151
532.241882
530.928162
533.097107
535.858093
535.581543
533.493164
533.077881
533.579285
532.695801
532.069458
534.094910
536.695740
535.855530
532.689514
531.832947
533.268311
533.565125
532.702332
533.567749
535.913940
535.909424
532.015686
528.106934
530.169678
536.146423
537.481873
534.529175
533.228699
534.274170
534.402954
532.361450
531.252441
533.358887
535.919006
535.270935
532.786804
532.330261
533.313843
532.961426
532.255066
533.918335
536.618835
535.980835
532.363342
530.931458
532.938660
534.627014
534.792969
534.619080
530.091248
521.277710
520.067322
528.682922
535.392151
536.245667
534.338013
530.080933
527.364319
529.803711
532.005554
531.669250
533.011414
535.665588
535.685669
533.342468
532.274841
533.054504
533.327271
532.594910
532.747681
534.359253
534.829285
532.847778
530.993042
531.495178
533.543152
534.947876
534.978210
534.316528
532.777649
530.844299
530.740295
533.196838
535.939148
536.312744
532.847961
526.589844
524.447388
529.550171
533.454590
532.556702
532.456238
534.614807
535.199341
533.097046
531.408142
531.988525
533.473938
534.166626
534.179749
534.254456
533.549988
531.894470
531.455811
533.268188
535.211548
534.787720
533.101318
532.933350
533.438538
532.427979
531.112610
532.130188
534.951477
536.300476
533.898315
529.035461
527.674805
531.650757
534.274353
533.927612
534.433411
535.463135
534.392334
531.750366
530.910339
532.878174
534.849365
534.491638
533.230164
533.408813
533.742859
532.311829
530.813293
531.911804
534.883545
536.029480
534.209778
532.315979
531.964844
532.324402
533.039917
534.417725
535.503235
534.622070
531.661011
529.024719
531.080566
536.312744
537.126709
533.964844
532.587463
533.709351
534.280029
532.567871
530.725159
531.599854
534.340393
535.539551
534.363159
533.123291
532.557495
532.011292
532.209900
533.942017
535.732422
534.933044
532.247314
531.368652
532.878113
533.966309
533.420288
533.178345
534.431335
535.000366
532.494446
528.931885
530.106262
535.217773
536.901306
535.125244
533.922546
533.572205
532.957458
531.942749
531.835632
533.462952
535.206116
534.742615
532.833496
532.348450
533.137817
532.977905
532.028442
532.598633
534.886536
535.505066
533.068237
530.943115
531.604736
533.538269
534.380127
534.275391
534.412842
533.836609
531.421448
530.711975
536.602600
543.508911
541.967407
535.669983
532.276550
532.109741
532.704041
532.562866
532.159912
533.147278
535.134216
535.269836
532.970642
531.325378
531.888916
533.113220
533.681946
534.267273
535.212341
534.562012
532.007141
530.763855
532.460449
534.723267
534.785400
533.577820
533.599365
533.824219
531.874207
530.662476
535.315918
541.191650
540.332581
535.923096
533.166077
532.168518
532.364563
532.820862
533.008179
533.891113
535.222168
534.543579
531.893311
530.906250
532.711060
534.445862
534.049072
533.162231
533.726257
534.030762
532.437744
531.033875
532.179077
534.779175
535.503296
533.780762
532.428589
532.368164
532.256287
532.868103
534.165649
531.248169
525.363892
525.364685
529.980774
532.357056
533.032288
533.583374
533.353821
533.568970
534.939575
534.862061
532.251282
530.403198
531.833984
534.692383
535.492981
534.048279
533.022705
532.841614
532.299316
532.118347
533.612488
535.520813
535.021057
532.737122
532.089417
533.066528
533.087219
532.840088
533.348083
530.867920
526.543518
527.350281
530.820007
531.653809
532.363159
534.358582
534.947815
533.975952
533.493225
533.191345
532.128235
531.674377
533.032166
534.774658
534.515808
532.943665
532.759338
533.320435
532.460205
531.480774
533.100586
536.154785
536.235596
532.832458
530.565063
531.732788
533.783325
534.701538
533.982483
529.798401
525.468445
527.192383
531.098328
532.176392
533.021667
534.640198
534.650085
533.469910
533.288635
533.330994
532.108276
531.325623
533.132202
535.859131
535.602966
532.620972
531.204407
532.410217
533.448730
533.084167
533.187805
534.735840
535.091553
532.853210
531.068848
532.079285
534.133972
534.678345
533.493408
533.451538
538.886230
545.573059
542.620361
533.805420
531.673523
534.995422
535.615356
533.230713
532.124023
532.945923
533.262390
532.603699
533.039062
534.932495
535.231384
532.872986
531.201538
532.193481
533.926514
534.322632
534.123108
534.551147
534.108032
532.074341
531.141846
532.911133
535.086487
534.754272
532.194702
531.911499
538.929321
547.267639
544.279114
534.175964
530.945190
534.385437
535.805664
533.444031
531.542725
532.032471
533.047363
533.218506
533.509216
534.447388
534.116333
532.099915
531.312988
532.996399
534.713318
534.279419
533.223938
533.768738
534.155579
532.412964
530.883301
532.373840
535.274780
535.472046
532.895813
532.126831
533.526123
529.738770
520.547974
519.187866
528.686035
536.115601
535.791077
532.667603
531.309082
532.450195
533.880249
533.881714
533.725525
534.520325
534.147949
531.724670
530.514771
532.580505
535.248413
534.959106
532.803162
532.467224
533.510803
533.053772
531.673035
532.329224
534.888550
535.460083
533.057007
532.070007
533.299438
529.424500
520.422058
519.582520
529.058228
535.784790
534.978699
531.980591
531.124268
532.934814
534.791199
534.316223
533.069702
533.509460
533.921082
532.166931
530.621887
532.294189
535.500854
535.794373
533.076111
531.625366
532.529053
533.209961
532.948975
533.516052
535.016846
534.773315
532.452087
531.332092
532.329468
533.291260
535.578552
541.060425
543.388306
538.790894
533.708435
531.194458
530.483032
532.706055
535.792297
535.520691
532.779297
531.926880
533.122131
533.228455
532.150208
532.623718
534.869568
535.377319
533.127747
531.648743
532.538452
533.617371
533.532349
533.669312
534.664795
534.206848
531.799500
530.875183
532.664734
534.588562
537.215759
541.794617
542.355835
537.037415
533.109314
531.940979
531.141541
532.496033
535.525085
535.976196
533.365295
531.702576
532.362061
533.099976
533.097534
533.844666
535.363220
534.991211
532.421631
531.176086
532.722656
534.489868
534.220215
533.309814
533.726685
533.825806
532.135498
531.139587
533.090393
535.978333
536.431580
533.117737
527.393127
525.360229
529.747070
533.050842
532.424438
533.091675
535.486450
535.298889
532.369202
531.129578
532.868530
534.174683
533.304810
532.806702
534.302795
534.756348
532.345276
530.456177
531.949585
534.824768
535.438721
533.958557
533.224976
533.156494
532.244080
531.650818
533.120483
535.472412
535.642700
531.310547
524.209534
522.679565
529.377502
534.247742
533.351013
532.977356
534.900452
535.023254
532.313904
530.781250
532.625854
534.931946
534.597717
533.115723
533.298157
533.704102
532.290344
531.257874
533.151123
536.050415
535.910767
533.135620
531.885742
532.643921
532.735962
532.234741
533.397705
535.654419
535.831543
532.659607
528.776428
529.614197
534.550964
535.826111
533.329163
532.758301
534.407837
534.554993
532.105774
530.572327
532.506042
535.268677
535.074158
533.009888
532.752747
533.655151
532.955994
531.719238
532.863586
535.560730
535.697998
532.872253
531.297852
532.346008
533.350708
533.154785
533.568787
535.059753
535.023621
531.831787
528.421021
530.426758
536.086121
537.162720
534.171021
532.865784
533.745605
533.800476
531.906006
530.872070
532.963501
535.662781
535.091858
532.367615
531.781494
533.169250
533.304871
532.385376
533.209900
535.468384
535.295471
532.199524
530.556519
532.128418
533.949036
533.883179
533.637634
534.613342
534.605713
531.720642
529.066650
532.100403
537.973145
538.443970
534.714111
532.441040
532.649048
533.270508
532.465454
531.630127
533.275330
535.960876
535.557739
532.337219
531.088013
532.820984
534.018677
533.411682
533.489929
534.994751
534.719299
531.933289
530.643738
532.598206
534.734131
534.445740
533.377991
533.739807
533.738831
531.274475
530.332275
536.450073
543.853760
542.706665
536.230530
532.048584
531.599609
532.829346
533.100403
532.417908
533.228760
535.302429
535.023499
531.995972
530.579224
532.428528
534.300049
533.916199
533.293640
534.178406
534.098755
531.769470
530.622253
532.915649
535.763123
535.341003
532.896057
532.390381
533.314026
532.331726
531.568726
536.195496
541.786133
540.460266
535.258362
531.761169
531.137390
532.585938
533.522705
533.006348
533.401917
535.208618
534.999573
532.015381
530.566650
532.744873
535.312683
535.065186
533.542542
533.581848
533.806946
532.229553
531.076355
532.955566
535.822083
535.439697
532.440735
531.366516
532.628479
533.083679
533.174072
534.146667
531.922058
526.891235
526.377258
529.359009
531.096130
532.912292
534.734192
534.371338
533.522644
534.189941
534.092773
531.837036
530.664185
532.750854
535.310242
534.836487
532.737793
532.636841
533.610168
532.881470
531.762268
533.185486
535.918945
535.568115
532.198792
530.770264
532.553955
533.952209
534.011902
533.908997
531.165649
527.068848
527.512695
530.127197
531.091370
532.863159
535.222534
535.068298
533.532654
533.415955
533.445374
531.862610
531.067139
533.433411
536.472534
535.894531
532.661316
531.520630
532.827454
533.276367
532.579407
533.348816
535.346497
534.862610
531.784058
530.565613
532.515320
534.405518
534.138672
532.660339
532.938293
538.734253
545.658630
542.913086
534.292053
532.276611
535.256836
535.144348
532.588623
532.114014
533.147217
532.711121
531.745728
533.236511
536.113892
535.845764
532.347595
530.669922
532.322266
533.845520
533.501465
533.525391
534.930359
534.712585
531.985535
530.677185
532.799438
535.187195
534.569519
531.929138
531.905396
538.604126
545.905579
542.542480
533.717285
532.241089
535.755249
535.580933
532.236572
530.984436
532.294312
533.121704
532.973755
533.828491
535.391357
534.564209
531.577515
530.630188
532.645874
534.258972
533.750610
533.399048
534.592590
534.435730
531.667175
530.218201
532.751282
536.009460
535.498169
531.816162
531.026855
538.298218
546.579468
543.482544
534.201782
531.975525
535.233032
535.388062
532.095947
530.649414
532.282959
533.647400
533.337952
533.593811
535.043152
534.461060
531.334473
530.150146
532.835083
535.595154
534.871826
532.721558
532.757690
533.488159
532.208130
530.947632
532.734863
535.717468
535.441162
532.387207
531.813049
533.567261
529.417358
519.745850
518.869873
529.198730
536.479004
534.983215
531.043640
530.376038
533.013611
534.982300
534.163208
533.234741
534.252136
534.338501
531.770874
530.284119
532.687744
535.910889
535.494751
532.686401
531.992310
533.122314
532.985229
532.246704
533.594482
535.961731
535.320862
531.971924
531.333191
533.559265
530.021912
520.626343
519.463623
529.033142
536.066284
535.083801
531.249512
530.077026
532.850342
535.753174
535.055969
532.879150
532.980408
533.754456
532.378296
530.960571
532.630310
535.617676
535.477722
532.580933
531.441528
532.629333
533.162598
532.854431
534.003967
535.896790
534.779114
531.107544
530.621887
533.615295
531.158081
522.616699
521.111389
528.952881
534.788452
534.379333
531.609375
530.629639
533.118958
536.079773
535.345764
532.361084
531.698303
532.964355
532.846619
532.029846
533.434204
535.928894
535.248047
531.834717
530.688904
532.790039
534.495544
534.087158
533.707458
534.564697
534.116943
531.632812
530.751099
532.639526
534.589294
537.716003
543.183960
543.844177
537.572144
532.459778
530.748596
530.666443
533.395996
536.651489
535.729431
532.134888
531.281067
533.079163
533.465759
532.425110
533.253601
535.560669
535.038696
531.581299
530.301514
532.992310
535.718811
535.206543
533.458862
533.445740
533.480408
531.739685
530.927917
533.230286
536.097900
536.120056
532.315552
526.501099
525.103271
529.982910
532.784607
531.712952
533.063721
536.270447
535.729858
531.841187
530.310059
532.598999
534.655457
534.233521
533.649719
534.460571
534.080811
531.581848
530.489868
532.579590
535.046082
535.089050
534.079529
534.133484
533.460632
531.001221
530.276489
533.489929
537.092163
536.430237
530.280151
522.358887
521.712524
529.759766
534.970520
533.581299
532.916565
534.838745
534.669128
531.604126
530.274292
532.567017
534.976135
534.767334
533.860352
534.300537
533.843750
531.226196
529.959229
532.478943
535.811401
535.801331
533.457214
532.603394
532.985596
532.365967
531.790283
533.451782
536.206726
536.034912
529.622375
520.272339
519.207703
528.468445
535.258606
534.838318
533.959778
534.691589
533.572754
530.611389
530.080078
533.244019
536.105347
535.485718
533.682312
533.861450
534.046631
531.876038
530.225708
532.418762
535.893311
535.460938
532.006470
530.971008
532.840942
533.887268
533.453979
533.875244
535.080322
534.338379
531.010010
528.647339
531.919495
537.679688
538.000488
534.771667
533.885620
534.714172
533.768066
531.012634
530.403137
533.531982
536.368347
535.191956
532.531677
532.687988
534.118652
533.319763
531.736450
532.774048
535.242615
534.764343
531.711182
530.807678
532.765198
534.267395
534.191711
534.406677
535.117188
533.868042
530.257324
528.576965
533.356689
539.785828
539.298340
534.542542
532.255493
533.109314
533.933472
532.619019
531.416260
533.160828
535.770691
535.132874
532.265381
531.643311
533.299438
534.012085
533.466797
533.888550
535.098755
534.134216
531.378845
530.882935
533.189941
534.708496
533.874146
533.365723
534.690552
534.667480
531.300354
529.816772
536.035950
543.416382
541.996399
535.494507
531.682129
531.776978
533.285645
533.505798
532.940796
533.986816
535.686462
534.624573
531.614929
531.011353
533.012268
534.099731
533.388000
533.386475
534.706970
534.356323
531.896057
531.039124
533.154236
535.131470
534.347107
532.770081
533.182373
533.804138
532.058838
531.386475
536.468506
541.680359
539.461731
534.032837
531.298157
531.542908
532.849426
533.082947
532.735657
533.965210
535.875671
535.030701
531.823242
530.708923
532.802979
534.650757
534.134644
533.357422
534.018005
533.858704
532.002563
531.557922
533.843994
535.780884
534.524048
532.128906
532.086487
533.264221
532.664917
532.364624
536.248596
539.962585
538.066406
534.165161
531.755493
531.241272
532.566345
533.637268
533.420349
533.773743
535.106262
534.652649
532.047302
531.052307
533.132751
535.152283
534.400513
532.746033
532.930054
533.444824
532.407776
531.860229
533.897156
536.244141
535.115173
531.867554
531.149597
533.002747
534.095276
534.446411
534.637756
531.236389
526.273621
526.849609
530.509705
532.245361
533.398865
534.366760
533.914612
533.495728
534.263306
534.075317
532.126648
531.425110
533.513916
535.583130
534.689331
532.596497
532.548340
533.372925
532.784729
532.242798
533.945312
536.170166
535.174194
531.742798
530.451843
532.345093
534.348694
535.004822
534.351135
530.765198
527.063049
528.257874
530.972046
532.115845
533.873413
535.334534
534.238342
532.554382
532.875732
533.600708
532.829529
532.368042
533.939514
535.584534
534.536255
532.270020
532.099976
533.298889
533.463379
533.153687
534.264771
535.801086
534.566406
531.288513
530.418274
532.856750
535.024536
534.584656
532.736267
532.955933
538.822205
545.335327
542.365479
534.500244
533.025085
535.634094
535.183899
532.611633
531.898376
532.765015
533.112549
533.281311
534.472839
535.564880
534.236877
531.695312
531.535400
533.652954
534.875244
534.079041
533.384705
534.056152
533.986572
532.374146
531.806946
533.435852
535.104614
534.746155
532.764954
532.570801
538.301758
544.837646
541.966980
534.520447
533.313293
535.762634
535.035095
532.178467
531.385132
532.713379
533.606628
533.557434
534.070007
534.978333
533.928772
531.554321
531.472107
533.907043
535.519165
534.602112
533.184326
533.256409
533.335144
532.297546
532.099915
533.942261
535.703552
534.772827
531.685486
531.098206
537.616699
545.036316
542.518005
535.019043
533.228760
535.098511
534.426086
531.805603
531.028564
532.680359
534.443054
534.783081
534.421631
534.208679
533.157227
531.498413
531.675720
534.089905
535.934082
534.900818
532.660706
532.189636
532.855164
532.818481
532.744202
533.831299
534.988037
534.063660
531.950195
532.234192
533.762451
529.055725
519.768677
519.834839
530.068420
536.535217
534.954163
531.537170
530.901367
533.171448
535.428711
535.159912
533.475891
532.766479
532.596191
532.041626
532.315369
534.103516
535.616882
534.678406
532.416687
531.807068
532.791504
533.539856
533.895569
534.647278
535.202637
533.946594
531.694885
531.881531
533.696838
529.891968
521.582703
521.524841
530.311218
535.567322
533.893982
530.819458
530.547791
533.338440
535.993286
535.529480
533.254333
532.273560
532.533691
532.723450
533.273865
534.628540
535.464233
534.107910
531.889038
531.692871
533.156982
533.960327
533.688599
533.774353
534.469177
533.820923
531.762329
531.128845
532.441528
534.054443
538.161255
544.937622
545.427490
537.657166
531.784790
531.041138
531.924866
533.847656
535.820374
535.382385
533.159424
532.018188
532.376587
532.914429
533.514404
534.650330
535.442017
534.117798
531.578125
531.004761
532.952942
534.900024
534.896912
533.848572
533.321289
532.569641
531.365417
531.653870
533.301575
534.723755
538.592529
544.922119
544.676086
536.918945
531.984741
531.837036
532.321228
533.566895
535.424072
535.183044
532.787537
531.335571
532.069397
533.507935
534.358276
534.811523
534.949402
533.543640
531.148560
530.701965
533.045410
535.581970
535.560791
533.677551
532.534973
532.180237
531.671753
532.046387
533.547607
535.243164
539.475220
545.228149
543.525391
535.267456
531.674438
533.222656
533.917786
533.921875
534.658752
534.311951
532.364746
531.282166
532.230469
533.692627
534.052002
533.795410
533.979492
533.520081
531.895203
531.322510
533.287292
535.825317
535.686218
533.195435
531.695129
531.959229
532.508850
533.143127
534.421143
535.754517
535.241943
530.120300
521.770935
519.886963
527.675415
534.346802
534.822815
534.026306
534.206421
533.594482
531.838074
531.124939
532.710266
534.889526
535.149902
533.794556
533.102417
532.999573
532.248596
531.746887
533.122375
535.459717
535.557861
533.015015
531.212524
531.744385
533.117249
533.971497
534.541321
535.437561
535.143372
529.679260
520.550232
519.002136
527.890686
535.019836
535.155823
533.822632
533.872314
533.641174
532.146484
531.280823
532.989014
535.728577
535.910217
533.452759
531.867432
532.212158
532.787903
533.059204
533.974548
535.315979
534.909729
532.541443
531.123596
532.073608
533.740540
534.274902
534.132874
534.401733
534.075928
531.930359
530.426575
533.832520
538.741943
538.103455
534.432739
532.735107
532.933594
533.255310
532.489258
531.723206
533.100464
535.677124
535.713562
532.730408
530.783081
531.865540
533.763916
534.244141
533.958374
534.224060
533.918335
532.312378
531.384888
532.430481
534.161438
534.679993
534.190186
534.049744
533.662231
531.750183
530.783081
534.853333
539.926575
539.145508
535.298767
532.862671
532.192688
532.757507
533.123962
532.815491
533.370667
534.909363
534.782410
532.269470
530.517639
531.495422
533.605225
534.469360
534.170471
534.183167
533.818481
532.208862
531.273315
532.789917
535.162537
535.295776
533.508545
532.822632
533.307251
532.505005
531.856934
535.400940
539.572937
538.514832
535.016785
532.360657
531.071716
532.011597
533.723145
534.124878
533.959961
534.349182
533.887573
531.963562
531.087830
532.761963
535.021667
535.202026
533.917358
533.539062
533.436157
532.082520
531.036194
532.549316
535.417297
535.791931
533.242615
531.657776
532.465210
532.991516
533.072571
535.500305
537.585144
535.968750
533.905884
532.583740
531.529297
532.452759
534.500061
535.030945
534.200928
533.766052
533.293213
531.922302
531.227478
532.711304
534.967102
535.162537
533.575684
533.020996
533.363220
532.661804
531.763062
532.969543
535.541260
535.736511
533.051392
531.480286
532.699280
533.993347
534.212036
534.924927
534.557983
532.663635
532.429993
532.281616
531.211487
532.353333
534.935852
535.290894
533.614990
532.824524
532.901367
532.157104
531.561279
533.129700
535.843506
536.050171
533.421326
531.823120
532.535889
533.236084
533.020569
533.530701
535.026733
534.828064
532.457275
531.288147
532.796875
534.511475
534.653870
533.281372
529.783875
527.474670
530.121765
532.605591
532.077820
533.040100
535.721924
535.769531
533.098022
531.829590
532.827393
533.355347
532.817871
533.391174
535.330139
535.423096
532.879578
531.357422
532.509888
533.892395
533.690186
533.449890
534.515015
534.699951
532.711670
531.369446
532.925537
535.371399
535.735718
533.230469
528.743408
527.037109
530.727478
533.467163
532.849854
533.562500
535.748657
535.295166
532.150269
530.637878
532.072815
533.508301
533.490112
533.838745
535.252563
535.017517
532.436768
531.102112
532.791565
534.755249
534.287476
533.065979
533.769653
534.509766
532.846191
531.159119
532.592285
535.414246
535.254456
531.694519
530.745667
538.419128
547.607849
545.093018
535.553284
532.333740
534.853516
535.248291
532.286377
530.450256
531.994141
534.379517
534.803955
534.255798
534.628723
534.324646
532.146179
530.899780
532.620728
534.934509
534.581726
532.725220
532.695129
533.638611
532.964539
531.907227
533.205200
535.684387
535.267456
531.372009
530.104004
537.651489
546.841492
544.744324
535.943115
532.799744
534.670105
534.549072
531.663147
530.444763
532.683350
535.189270
534.972046
533.608643
533.820923
534.120605
532.383118
530.819214
532.398804
535.456726
535.536499
532.698669
531.452637
532.709229
533.428650
532.958374
533.611938
535.342346
534.731445
531.075378
530.170593
537.574524
546.078613
544.117615
536.283813
533.033630
534.006714
533.960876
531.668335
530.466064
532.830017
535.924011
535.561096
533.087402
532.627197
533.465088
532.767212
531.667114
532.982666
535.790344
535.886414
532.818604
531.139954
532.500183
533.815796
533.566895
533.921692
535.478760
534.942139
531.690125
530.781677
533.398132
531.596985
524.174316
522.665955
529.172363
534.185547
534.410522
532.330139
530.964539
532.857849
536.074890
535.984436
533.021973
531.795776
532.884155
533.288879
532.688232
533.384277
535.211853
534.808350
531.915466
530.645630
532.447693
534.272827
533.999207
533.551819
534.584900
534.453247
531.839844
531.284180
534.118835
532.415100
525.066772
523.479248
529.307129
533.575867
533.761230
532.133362
531.146484
533.217712
536.443481
535.875061
532.051208
530.635071
532.713501
534.147949
533.400513
533.306519
534.895569
534.746460
531.841309
530.371094
532.574097
535.299622
535.168152
533.587158
533.393127
533.303284
531.668884
530.893311
532.560669
535.089661
539.493530
544.998291
543.646851
535.960144
532.032776
532.351990
532.503113
533.780396
536.073792
535.363159
531.850525
530.605225
532.977051
534.924988
533.996033
532.844238
533.825378
534.229919
532.077942
530.711182
532.880615
535.892517
535.669006
533.243652
532.482239
532.986328
532.450134
532.131531
533.452148
535.493958
539.747498
544.928528
542.755615
534.904846
532.055664
533.427185
533.288818
533.397522
535.171082
534.879761
531.661133
530.192505
532.702515
535.522400
535.034607
533.037903
532.904053
533.309814
532.018982
531.108398
533.058838
535.774658
535.235962
532.316833
531.455505
532.837708
533.393677
533.083496
533.510010
535.111511
539.811829
545.217224
542.492371
534.326416
532.021973
534.309204
534.405579
533.544617
534.293518
534.199585
531.777039
530.482483
532.804016
535.713440
535.106995
532.508545
532.199524
533.356262
532.850891
531.953247
533.617615
536.227966
535.298584
531.561768
530.343567
532.501221
534.127319
533.745056
533.836670
535.624634
535.588440
528.646667
518.111938
517.314941
528.347351
536.555115
535.815308
533.172546
533.015076
533.263123
531.973328
531.274719
533.482300
536.226257
535.280823
531.827087
530.913818
532.743286
533.528870
532.857727
533.606812
535.624695
535.025513
531.651978
530.242676
532.457458
534.863281
534.805481
533.983337
534.379272
534.075134
531.171387
529.295471
533.695435
539.988281
539.630127
534.867493
531.948303
532.218750
533.364685
532.681274
531.602295
533.336670
536.192444
535.523193
532.027039
530.893677
532.914185
534.392822
533.893555
533.689453
534.713623
534.222046
531.697571
530.951660
533.424561
535.725769
535.054932
533.428772
533.550171
533.636597
531.419434
530.591370
536.073120
542.301941
540.891479
535.160889
531.418640
531.203613
532.961609
533.533264
532.776306
533.554871
535.485474
534.719299
531.440613
530.465698
533.036682
535.292480
534.699707
533.530396
534.040405
533.874634
531.554932
530.559143
533.149658
536.057556
535.401489
532.918884
532.556030
533.289368
532.085754
531.861877
537.278992
542.736938
540.718445
535.076172
531.348083
530.819519
532.755798
534.108887
533.619385
533.671387
534.909241
534.281799
531.455872
530.602112
533.182800
535.551331
534.756104
533.009888
533.274536
533.596191
531.855774
530.830688
533.229126
536.322632
535.607849
532.242249
531.031799
532.327148
532.803223
532.984924
535.915710
538.335999
536.434937
533.335571
531.160950
530.777710
532.940491
534.653381
533.829102
533.027405
534.021179
534.081055
531.822449
530.760315
533.211182
536.077698
535.369690
532.626709
532.039612
533.011169
532.694702
532.048889
533.622498
536.062805
535.368896
532.072937
530.845337
532.513000
533.651855
533.787476
535.065247
535.362305
533.417358
532.228210
531.277161
530.785828
533.050476
535.462952
534.628113
532.679016
532.849670
533.481201
532.316345
531.546143
533.480591
535.853882
535.004578
532.219849
531.613098
532.890869
533.155945
532.713623
533.879578
535.798584
534.806213
531.361206
530.298462
532.882568
535.284668
535.248108
533.593933
530.394348
528.392395
530.320984
531.800598
531.556335
533.316833
535.567871
534.670715
532.386963
532.409668
533.599548
533.008545
531.866699
533.108826
535.563477
535.075195
531.989929
530.967163
532.859253
534.302429
533.921753
533.822266
534.693848
533.787354
530.966980
530.290710
533.056274
535.625610
535.423889
533.185303
529.979614
529.173340
532.091736
533.107910
531.765015
532.957214
535.494324
535.135437
532.664429
531.864990
532.858765
533.294006
533.292786
534.475891
535.792542
534.152466
530.655090
530.075134
533.017029
535.356812
534.755859
533.567078
534.015259
533.942078
531.870361
530.899658
533.273071
536.015198
535.194519
531.656006
531.043701
537.929749
545.476990
542.564758
534.584778
532.863892
535.067566
534.321228
531.541077
531.175293
533.257568
534.501282
533.966797
533.861633
534.836853
534.072876
531.193420
530.229248
532.914185
535.830322
535.520691
533.500183
532.996582
533.168640
532.265564
531.936890
533.777405
535.522095
534.069275
530.548157
530.669128
538.584290
546.527832
543.246521
534.665405
532.456604
534.852966
534.782532
531.950989
530.759033
532.623779
534.659790
534.614502
533.934692
534.277283
533.792847
531.582214
530.719238
532.942200
535.308411
534.507080
532.289490
532.245483
533.305603
532.887207
532.212158
533.600891
535.607849
534.661255
530.953857
530.392517
537.861084
545.835876
543.299988
535.577881
532.978088
534.118958
533.331299
530.674255
530.335205
533.331604
535.796448
534.777527
532.586060
532.588684
533.417236
532.719727
532.003479
533.379578
535.254700
534.588135
532.508789
532.416382
533.638123
533.504883
532.639587
533.607300
535.745911
535.198608
531.898926
531.164429
533.544128
530.845337
523.069153
522.566833
530.035339
534.406494
533.224304
531.141357
531.293335
533.987793
536.230408
534.939270
532.081421
531.710938
533.110962
533.303650
532.812256
533.846130
535.410706
534.381653
531.695374
531.435486
533.728699
535.023315
533.939941
533.001831
533.888000
534.141052
532.392822
532.172913
533.998047
530.808044
523.179260
522.652527
529.498840
533.940491
533.852722
532.351379
531.845093
533.653503
535.805237
534.936218
532.116882
531.247498
532.462952
533.240234
533.218018
534.008362
535.266052
534.178162
531.220459
530.731567
533.695984
536.142273
535.135254
532.936218
532.783752
533.296814
532.435425
532.019409
533.147400
534.514709
538.255676
544.212524
543.811768
536.682800
532.596008
532.570740
532.612549
533.439514
534.919800
534.328308
532.168213
531.735474
533.318665
534.354004
533.859802
533.603394
534.408630
533.890869
531.476501
530.619568
533.025391
535.677917
535.186584
532.975952
532.401367
532.756531
532.239502
532.264343
533.592285
535.222229
539.498779
545.317627
543.702271
535.879944
532.564819
533.663879
533.821716
533.816650
534.487732
533.507080
531.324585
531.466309
534.202881
535.951660
534.665527
532.806335
533.077209
533.550415
532.134155
531.100220
532.773254
535.189880
534.937378
532.849365
532.311951
533.159790
533.198975
532.764832
532.959229
534.156799
538.708679
544.263550
542.011719
534.521484
532.298950
534.181396
534.389709
533.897156
534.216309
533.228333
530.868652
530.712097
533.832642
536.568970
535.661438
533.091919
532.516724
533.135315
532.687073
532.221130
533.581055
535.362549
534.535461
531.946411
531.322266
533.044678
534.484192
534.488281
534.285095
534.850952
534.098267
527.703979
518.307251
518.309326
529.299316
537.033691
536.078613
533.426941
533.130920
533.247681
532.129578
531.611145
533.468140
535.719055
535.157898
532.749146
532.063049
533.120605
533.573181
533.287231
533.814758
534.695862
533.575195
531.250488
531.195923
533.569458
535.331055
534.869385
533.770935
534.209290
534.167236
527.767151
517.429993
517.088196
528.595520
536.811890
535.883728
533.007324
532.764404
533.433167
532.921143
532.389832
533.503906
534.937683
534.111755
531.979980
531.812012
533.615417
534.836182
534.507019
534.039612
534.165771
533.201965
531.138306
530.934814
533.432190
535.670776
535.110046
533.386047
533.147156
533.181458
531.593079
531.790466
537.566711
542.487732
539.528564
534.041809
531.886353
532.510071
533.817749
533.840820
532.871277
533.166504
534.512634
533.920227
531.437622
530.747742
532.774963
534.707947
534.652710
533.924194
533.865906
533.054626
531.201294
531.085693
533.766541
536.212158
535.343872
532.888428
532.440857
533.154907
532.537598
533.624695
539.789551
544.048584
540.102051
534.017273
531.152283
531.058533
532.719543
534.234070
534.415466
534.347900
534.414978
533.096863
530.985901
531.217041
534.140015
536.309509
535.221130
532.931580
532.503052
532.881409
532.280823
532.137573
533.883057
535.673584
534.717041
532.225159
531.744690
533.129089
533.622192
533.690796
535.309265
535.544128
532.929138
531.396423
531.067871
531.227905
533.187683
535.137207
534.936279
534.017639
533.920959
533.204895
531.432007
531.283447
533.789307
536.027954
534.994568
532.339355
531.827942
533.107239
533.506714
533.086487
533.671692
534.747681
533.759094
531.379761
531.057495
533.051025
534.545410
534.884216
534.986328
533.156555
530.409851
530.447754
531.296204
531.787048
533.875427
535.709717
534.652100
532.480042
532.223694
533.085022
532.947388
532.590637
533.627625
535.000427
534.156677
531.953857
531.742188
533.456787
534.439270
534.033752
533.822449
534.170837
533.251343
531.320068
531.120422
532.999207
534.587952
534.945251
534.212524
531.460144
529.414246
530.850708
531.656799
531.271973
533.454407
536.260132
535.676575
532.908569
531.816528
532.798157
533.682068
533.861267
534.273132
534.720520
533.470825
531.174255
530.890686
532.997986
534.970764
535.160461
534.465454
533.960815
532.731384
531.044739
531.321716
533.829834
535.702881
535.194397
532.975525
530.155762
530.133728
533.521118
534.421448
532.742310
533.252747
534.971619
534.334106
532.006348
531.351318
532.747009
533.892944
534.005127
534.262573
534.750122
533.621460
531.353760
531.039856
533.224915
535.263794
535.170593
534.032349
533.561584
532.914185
531.602844
531.618469
533.857544
535.855469
535.066650
531.845642
528.736572
529.872864
534.319519
535.361755
533.684937
534.000000
534.961792
533.569641
531.158203
531.191833
533.601135
535.119568
534.350769
533.454224
533.983643
533.813843
531.981323
531.315918
533.292419
535.348633
534.672913
532.555481
532.092773
533.062500
533.576294
533.596069
534.096680
534.705688
533.718567
530.998779
530.727295
537.458435
544.841003
542.607239
535.755859
533.723999
534.562500
533.288269
530.881775
530.929016
533.460266
535.202393
534.365601
532.931702
533.128296
533.631775
532.885132
532.339050
533.668274
535.530151
534.893616
532.213562
531.225647
532.700562
534.184265
534.443542
534.386108
534.317200
533.057922
530.788513
531.217468
537.641174
543.734680
541.137146
535.063354
533.204346
533.969910
533.529785
531.740173
531.221069
533.324219
535.658997
535.144531
532.885681
532.207886
532.928711
533.161743
533.293274
534.396790
535.300171
533.765991
531.047180
530.842712
533.248779
535.030701
534.572388
533.609070
533.656189
533.150635
531.585266
532.178894
534.406189
530.779541
522.545532
522.089966
529.426636
533.943848
533.759949
532.660339
532.476990
533.781494
535.431824
535.078247
532.994568
531.833679
532.213989
532.993591
533.895508
535.119629
535.505188
533.379883
530.632141
531.038086
534.045959
535.676270
534.198669
532.269531
532.698181
533.892029
533.399780
532.983521
533.493347
529.924988
523.654053
524.399292
530.580566
533.322693
532.570435
532.090210
533.007080
534.945312
535.874512
533.882141
531.093506
531.154175
533.466064
534.801208
534.120422
533.365723
533.921631
533.975647
532.373901
531.360718
532.773560
535.084595
535.481995
534.073914
533.033813
532.433594
531.854980
532.515076
533.988159
535.023621
538.675781
544.352722
542.960449
535.382385
532.311218
533.772095
534.215210
534.122314
534.571777
533.672485
531.529419
531.059753
533.106445
535.317627
535.428650
534.094666
533.233459
532.660156
531.977112
532.322266
533.941406
535.103271
534.172852
532.447998
532.368469
533.232422
533.176331
532.806885
533.036011
534.261963
539.209045
545.388428
543.089600
534.600708
531.638184
533.947510
534.899475
534.230469
533.789490
532.891052
531.548035
531.659424
533.584351
535.194824
534.595764
532.984802
532.645264
532.828491
532.230835
532.198669
534.019592
535.905273
534.956421
532.146912
531.174561
532.515320
533.849060
534.166565
533.681335
533.858276
538.557251
544.966675
542.922058
534.945557
532.367798
534.429016
534.660034
533.361145
533.064880
532.949402
532.070984
532.140381
534.251831
536.183594
535.088928
532.283203
531.400757
532.431396
533.109009
533.239502
534.023438
534.957947
533.899658
531.459656
530.967896
533.044312
535.029358
535.001099
534.047119
534.297180
534.360596
528.941284
519.676147
519.034973
529.045044
536.288757
535.639648
533.109924
532.350952
532.522888
532.532593
532.942871
534.329468
535.321045
534.025391
531.708984
531.425049
533.040588
534.166199
533.998657
533.863464
534.326599
533.607971
531.646667
531.306030
533.363892
535.267822
534.911865
533.466248
533.617249
534.008057
528.489441
518.820557
518.564331
529.462158
536.988037
535.690979
532.311401
531.680481
533.005493
533.739014
533.480408
533.744934
534.527344
533.836304
531.946838
531.578796
533.148987
534.516663
534.300842
533.599060
533.668274
533.247620
531.795532
531.545227
533.558960
535.610291
535.127747
533.049194
532.166199
532.389954
532.108093
533.626282
539.569458
543.606873
540.007935
534.420410
531.645264
531.163391
532.364685
533.802917
534.266663
534.408630
534.460999
533.247864
531.481934
531.694153
533.927734
535.605896
534.875549
533.079712
532.561768
532.678833
532.176270
532.279602
534.096191
535.855835
534.879395
532.223083
531.376465
532.257996
532.686218
535.149475
541.885132
545.194885
539.972229
533.736023
531.379944
531.522034
533.396484
535.282227
535.137146
533.946411
533.524719
533.046631
531.886780
531.875671
533.820984
535.645996
535.033569
532.996582
532.224792
532.583069
532.666138
532.935364
534.309143
535.638855
534.589294
531.976807
531.230225
532.490295
533.552490
536.616211
543.208008
545.333557
539.105713
532.877136
530.909790
531.329163
533.524963
535.696533
535.336060
533.415344
532.589478
532.754028
532.719666
533.113525
534.541809
535.546204
534.203796
531.904541
531.751526
533.290649
534.028809
533.739807
534.041931
534.941040
534.208679
531.901489
531.030579
532.581055
534.485962
535.333313
534.572327
531.108704
528.355042
530.092712
532.001282
532.144653
533.790405
535.948914
535.441650
533.136108
532.029907
532.316956
532.626526
533.193237
534.670166
535.802185
534.380493
531.512634
530.827209
532.786499
534.680969
534.831299
534.195007
533.839417
532.876221
531.457520
531.680298
533.883850
535.901733
535.927795
532.942444
527.362427
525.092102
529.255981
532.806519
533.015198
534.048218
535.599609
534.679932
532.254761
531.494690
532.651672
533.704224
533.916809
534.241943
534.779358
533.813904
531.690430
531.352905
533.443604
535.434692
535.163757
533.555481
532.737732
532.454590
531.964172
532.308228
534.051086
535.574829
535.183594
532.737122
529.537781
529.587708
533.204224
534.368347
533.170776
533.882996
535.345947
534.458191
531.930603
531.094604
532.789978
534.638916
534.778931
534.009888
533.728149
533.234680
532.149963
532.054321
533.633362
535.292480
535.035034
533.461975
532.677856
532.473145
532.112122
532.746033
534.865356
536.335327
535.153442
531.841309
528.902161
530.437988
535.272400
536.417725
534.264038
533.611267
534.232910
533.699158
532.065918
531.719177
533.476685
535.244995
534.984131
533.526367
532.906860
532.702515
532.155518
532.544373
534.415955
535.849121
534.830322
532.611755
531.947815
532.762573
533.423401
533.673645
534.375305
535.298035
534.447876
531.331909
530.427307
536.708862
544.068481
542.488586
536.175049
533.476257
533.539429
532.920288
531.639832
531.720886
533.735962
535.567932
534.948975
532.928040
532.240479
532.689514
532.736511
532.869080
534.178040
535.636414
534.835144
532.282227
531.184875
532.338623
533.859253
534.397888
534.437805
534.575684
533.728394
531.328247
531.077209
537.237610
543.736206
541.606995
535.435852
532.768616
532.780334
532.556274
531.836792
532.159668
534.075317
535.663208
534.745483
532.465881
531.868530
532.937317
533.576172
533.474182
533.980469
535.023743
534.426514
532.260010
531.443726
532.772461
534.294434
534.545349
534.217712
534.228516
533.539673
531.991150
532.422363
534.382935
531.135071
523.939514
523.806641
529.924377
533.069763
532.943420
532.927307
533.454956
534.593750
535.527405
534.298340
531.929565
531.704407
533.486328
534.536865
534.072937
533.715637
534.208374
533.757019
531.865479
530.973267
532.502563
534.885864
535.561218
534.308167
533.048706
532.352539
531.894226
532.995789
534.651428
531.022400
524.017944
523.923462
529.606079
532.827026
533.266357
533.388916
533.631775
534.516357
535.344055
534.073547
531.519165
531.088196
533.388062
535.524475
535.124146
533.388733
532.801575
532.860596
532.288208
532.131836
533.531128
535.344910
535.315552
533.658142
532.670532
532.578613
532.419067
533.348572
534.728943
531.363159
525.247681
525.374146
529.958435
532.363525
533.330994
534.226074
534.132812
533.929321
534.451111
533.966736
532.021667
531.279297
533.090332
535.337402
535.256775
533.315125
532.182251
532.239258
532.363098
532.782837
534.146240
535.477173
534.817505
532.802856
532.122009
532.919250
533.441650
533.377563
533.132751
533.902161
539.146912
545.760986
543.350830
534.636536
531.776062
534.223633
534.850647
533.611206
533.236206
533.106873
532.224854
532.044617
533.674927
535.533752
535.117126
532.916626
531.728027
531.971313
532.368164
532.957031
534.370789
535.612671
534.527405
531.775879
530.662781
532.080383
533.888062
534.301941
533.253967
533.236389
538.693909
545.819580
543.631226
535.175049
532.390747
534.574097
534.896118
533.228699
532.395935
532.356018
532.234924
532.799561
534.524658
535.814636
534.533020
531.710754
530.723389
532.211060
533.950073
534.526855
534.800232
535.356567
534.494141
532.030273
530.897400
532.455139
534.606812
534.887817
533.839355
534.014343
534.258667
528.638611
518.907471
518.441650
529.075195
536.560181
535.530396
532.322021
531.370239
532.392090
533.542847
534.113342
534.847900
535.536072
534.300598
531.523376
530.504700
532.310425
534.493347
534.796753
533.990662
533.713318
533.193054
531.835754
531.302490
532.631653
534.538025
534.796997
533.461182
533.380676
534.064209
529.097717
519.609741
519.078979
529.339905
536.416504
535.283386
532.026489
530.963562
532.143982
533.720703
534.421143
534.727600
534.859985
533.427979
530.883301
530.285645
532.589600
535.226929
535.435303
533.915955
533.273193
533.304443
532.610596
532.134766
533.255371
534.889832
534.677490
532.982056
532.893066
533.703735
528.935242
519.962158
519.907898
529.989075
536.658447
535.256592
531.566040
530.166626
531.821289
534.531067
535.780945
535.427856
534.742615
533.345154
531.158325
530.552185
532.972412
536.051025
536.096008
533.470581
531.877258
532.300476
533.107361
533.643188
534.220886
534.543518
533.616211
532.088989
531.875854
532.498718
532.675537
535.411560
542.365051
545.474792
540.204712
533.935181
530.736694
529.882141
532.228027
535.792480
536.343567
533.946289
532.208496
532.170959
532.361206
532.574646
533.623718
534.956055
534.597839
532.767029
532.003967
532.658386
533.254639
533.533936
534.268433
535.187439
534.518127
532.284363
531.041809
531.640930
533.151062
537.540527
544.725220
546.025024
538.738220
532.182678
530.377808
531.117371
533.802551
536.435669
535.939026
533.166382
531.725830
532.436035
533.340393
533.569946
534.094727
535.058472
534.547607
532.542175
531.758057
532.731140
533.540222
533.462708
533.755127
534.810181
534.514954
532.176086
530.669739
532.310791
535.480957
536.798035
534.121155
528.080627
524.956238
528.562073
532.375366
533.045593
534.140015
535.739746
535.115051
532.735535
531.491150
532.036194
532.975220
533.719971
534.527283
535.004028
533.958374
532.012939
531.438110
532.750732
534.356995
534.531372
533.752747
533.718262
533.627747
532.233154
531.274292
532.786987
535.628357
536.734497
533.430542
526.328674
522.978394
527.498718
532.480957
534.039917
535.290283
536.063599
534.334595
531.649658
531.233093
533.051453
534.436584
534.182495
533.781006
534.388489
534.170471
532.178040
531.014038
532.631287
535.184326
535.374084
533.316040
532.160461
532.577026
532.781128
532.669495
533.758911
535.625427
535.772827
532.907104
528.906006
528.865112
533.124207
535.161560
534.409485
534.593689
535.184204
534.096375
531.779480
530.849670
532.457031
534.563721
534.670288
533.468506
533.284058
533.491272
532.634155
531.931763
532.949646
534.802856
535.084167
533.586365
532.506775
532.402405
532.409851
532.882812
534.593140
536.234436
535.346863
531.554871
527.939575
529.674133
535.406128
537.411987
535.394226
533.755737
533.300354
532.972107
532.220276
531.878479
532.941895
534.593506
534.892517
533.846130
533.217529
532.946350
532.294373
532.181946
533.511597
535.135071
534.696106
532.535583
531.704895
532.858948
533.880371
533.753052
533.758789
534.551392
534.350342
531.666931
528.988159
531.500916
537.188782
538.285522
535.334595
533.216919
533.030457
533.531128
533.200745
532.445496
533.023132
534.799622
535.325439
533.802368
532.404663
532.150330
532.275757
532.728577
534.086609
535.478943
534.588684
531.856323
530.803589
532.541504
534.627686
534.895264
534.117859
533.852112
533.256531
531.237305
530.946594
536.487366
542.458862
540.916016
535.773376
532.944885
532.198914
532.388855
532.761169
533.058350
534.072876
535.489502
535.120972
532.888306
531.752563
532.687561
533.749268
533.783997
533.909546
534.583130
533.795349
531.473328
530.872375
533.140320
535.510925
535.234619
533.415833
532.845703
533.035156
531.884766
531.682617
536.425537
541.326172
539.581055
535.041321
532.601379
532.108337
532.637939
532.962036
532.838379
533.584717
535.056091
534.726868
532.128723
530.522034
531.932068
534.576965
535.536621
534.575073
533.604736
532.843689
531.777771
531.610962
533.375549
535.575378
535.407471
533.224548
532.176025
532.603577
532.607300
532.963257
533.921692
531.037842
525.870850
526.532959
530.621155
531.673401
531.872925
533.527954
534.526123
534.334412
534.346558
533.964478
532.361023
531.320862
532.444702
534.418945
534.697205
533.484131
533.034485
533.061829
532.209290
531.721375
533.402588
535.876282
535.630310
532.701538
530.981262
531.895447
533.390442
534.601807
534.849792
530.892395
525.588684
526.416443
530.419617
531.940125
532.908386
534.454834
534.548767
533.696655
533.823059
533.911377
532.447754
531.219421
532.559753
535.221252
535.567444
533.384094
532.130371
532.657715
533.021057
532.886719
533.641541
535.110229
534.894653
532.746338
531.554077
532.506226
533.881042
534.662964
534.286926
530.747009
527.118774
528.579407
531.089905
531.207947
532.497314
535.212708
535.641235
533.659912
532.479187
532.787720
532.805908
532.377563
533.044983
534.806152
535.106445
533.262207
531.960754
532.400391
533.228455
533.634033
534.259521
535.052979
534.238220
531.889038
530.907166
532.569580
534.804016
535.032104
533.015442
532.430115
538.423157
546.195923
543.847412
534.819214
531.867126
534.658508
535.621643
533.699707
532.289551
532.367920
532.620667
532.920227
534.154541
535.552185
534.799255
532.315247
531.360046
532.781311
534.318054
534.254822
533.685730
534.152954
534.114624
532.196411
530.881470
532.684021
535.721313
535.986633
532.867737
531.429565
537.597595
545.807800
543.774231
535.156982
532.283020
534.753723
535.372253
532.996643
531.347046
532.109436
533.415039
533.642822
533.762817
534.659912
534.384766
532.102112
530.723877
532.288818
534.900452
535.381897
533.819824
532.874207
532.822693
532.359619
532.063049
533.255432
535.237610
535.411377
533.342041
532.365601
532.970398
528.876648
520.358215
520.004578
529.639526
536.202576
535.158813
532.272339
531.619629
533.075195
534.291626
533.880920
533.438660
534.336792
534.472534
532.526367
531.217773
532.806335
535.425537
535.563843
533.455261
532.465210
532.937195
532.710083
532.052124
533.151978
535.566772
535.669312
532.810730
531.648010
533.182068
529.944153
521.479919
520.532654
529.273804
535.744568
535.581970
532.901489
531.211548
532.149597
534.496826
535.248596
534.122803
533.401489
533.247742
532.452515
531.903687
533.210327
535.354431
535.158203
532.581360
531.330444
532.514587
533.725037
533.729614
533.903076
534.915833
534.717896
532.641968
531.377197
532.067749
533.333252
536.738708
543.024231
544.679260
538.783142
533.405884
531.538269
531.001160
532.524902
535.280334
535.745667
533.722168
532.513123
532.948364
533.079224
532.622620
533.297791
535.150330
535.310791
532.962463
531.348877
532.313782
533.960693
534.227539
533.896729
534.336365
534.064331
532.081116
530.888123
531.938904
533.984985
538.263550
544.398560
544.366577
537.137024
532.382568
532.002808
532.095154
533.241638
535.403076
535.374207
532.889771
531.501892
532.444824
533.512085
533.435120
533.612000
534.868835
534.872986
532.575256
531.038269
532.406616
534.708862
535.074463
533.996155
533.683960
533.615417
532.481995
531.500183
532.516235
535.018066
536.240601
533.073059
526.094910
523.284424
528.495178
533.279480
533.602661
534.114502
535.631653
534.884644
532.079895
531.046631
532.899780
534.788269
534.614319
533.799316
534.179565
534.169006
532.338440
531.001465
532.375916
534.846069
535.087891
533.252319
532.448853
532.974121
532.833801
532.260986
533.165466
535.384399
536.006470
531.729736
523.972534
521.875793
528.521240
533.845886
533.646606
533.460205
534.935608
534.738159
532.121277
530.656311
532.573669
535.344849
535.371094
533.394043
532.814697
533.394470
532.802429
531.829102
532.882812
535.325806
535.686829
533.436340
531.866333
532.133179
532.575989
532.757874
533.851318
535.826233
535.944580
530.338257
521.017944
519.151855
527.930054
535.163513
535.033203
533.421936
533.773315
533.928345
532.492310
531.696411
533.318237
535.397217
534.968445
532.849182
532.370667
533.437073
533.370483
532.267883
532.849976
535.218872
535.582642
532.848694
530.874634
531.821716
533.681396
534.323364
534.346863
534.882812
534.721802
532.227356
529.517700
531.675964
536.867310
537.665283
534.777039
532.959839
533.023315
533.371338
532.549500
531.743958
533.103760
535.478271
535.413635
532.951294
531.793274
532.832642
533.682861
533.522644
534.052368
535.575195
535.273804
532.561890
531.066345
532.492371
534.337524
534.294006
533.602966
534.071655
534.270752
532.224426
530.487915
533.908264
539.269531
539.111023
535.009521
531.866211
531.364563
532.944580
533.864441
533.159729
533.257507
534.981262
535.404846
533.291138
531.579346
532.139709
533.476685
533.845703
533.907166
534.670715
534.423279
532.282104
531.017944
532.502808
534.665833
534.580811
533.069275
532.984924
533.669250
532.504578
531.741089
536.050598
541.063416
539.555176
534.814819
531.879089
531.314148
532.564636
533.764526
533.794373
534.095398
535.226440
534.776611
532.113525
530.693237
532.452698
534.885254
534.976074
533.685852
533.663696
533.971619
532.719788
531.587463
532.969482
535.561890
535.654907
533.094421
531.664673
532.519775
532.955688
533.028320
535.914490
538.790039
537.201294
534.065857
531.890564
531.030518
532.362427
534.131958
534.230835
533.897278
534.653015
534.659668
532.574402
531.021484
532.273682
534.574890
534.796326
533.393982
533.117859
533.572449
532.858704
532.052673
533.462708
536.015442
535.690857
532.255432
530.388611
532.022217
534.137451
534.911621
534.331665
530.409241
525.922424
527.147156
530.692749
531.746887
532.915039
534.904663
534.970459
533.718567
533.610291
533.644470
532.127014
531.067261
532.863159
535.686890
535.500732
532.683228
531.643555
533.146179
533.929382
532.956970
532.773987
534.440369
534.885193
532.688477
531.093201
532.176025
534.016357
534.955261
534.383484
530.607300
526.881531
528.382690
531.031250
531.424377
533.074829
535.783325
535.494873
532.870361
532.141785
533.312744
533.197510
532.043152
532.753357
535.098206
535.319763
532.790527
531.342041
532.554199
534.026978
533.927185
533.526245
534.193909
534.173035
532.364197
531.368652
533.041260
535.226074
534.944458
532.472107
532.185425
538.785156
546.473694
543.438721
534.272522
532.079712
535.372742
535.664551
532.730652
531.385498
532.566101
533.458496
533.113525
533.585449
535.333801
535.149475
532.153381
530.395142
532.130798
534.616272
534.774353
533.635864
533.568237
533.434021
531.937683
531.363892
533.442261
535.808350
535.214905
532.074646
531.366272
538.040100
545.814026
542.869385
534.138489
532.216858
535.360413
535.341858
532.003418
530.637878
532.663635
534.466797
533.798889
533.020325
534.254089
534.855591
532.744690
530.952515
532.372742
535.130432
535.530029
533.793579
532.996826
533.103943
532.375610
531.859741
533.408203
535.606506
535.073669
532.342163
532.079773
533.974670
529.844604
519.867676
518.360291
528.511963
536.769958
536.560059
532.548584
530.433838
532.217651
535.154968
535.631287
534.194336
533.497192
533.192810
532.094604
531.787048
533.695557
535.751587
534.803345
532.173828
531.975037
533.703003
533.812622
532.527466
532.959229
535.042603
535.107971
532.622314
531.872681
533.195740
529.368164
520.724121
520.085999
529.298401
536.198669
535.919983
532.494141
530.585815
532.471619
535.580933
535.703613
533.565125
532.755249
532.975708
532.224426
531.726196
533.460632
535.840149
535.167114
531.963989
530.834778
532.757385
534.296509
533.845215
533.545288
534.609863
534.538574
532.348938
531.925964
533.912170
530.820190
522.410889
521.203064
529.110107
534.941406
534.632935
531.887939
530.637085
532.839905
535.999023
535.734802
532.710083
531.509277
532.769470
533.355774
532.644287
533.098022
535.052002
535.091797
532.420288
531.033752
532.694336
534.434937
534.028381
533.372864
534.224426
534.186340
531.886475
530.651855
532.299316
534.708618
538.443970
543.654541
543.307983
536.593445
532.404541
532.022644
531.909912
533.227295
535.713013
535.566223
532.694092
531.355103
532.684204
533.621338
532.992065
533.179871
534.857483
534.697632
531.920044
530.677429
532.844604
535.131592
534.582703
533.038574
533.330139
533.788513
532.268005
531.106812
532.433044
535.027710
539.499939
544.791443
543.234802
535.515503
531.750000
532.353943
532.511841
533.383301
535.444458
535.076721
531.998535
530.704712
532.691833
534.492554
533.913391
533.235291
534.354553
534.606445
532.276001
530.725586
532.756531
535.925415
535.982788
533.388916
532.117188
532.528259
532.338806
532.129028
533.883728
536.380920
535.982971
530.297363
522.075684
520.778931
528.737183
534.658325
533.962524
533.197144
534.752747
534.829468
532.253174
530.807678
532.683044
535.119568
535.002747
533.603394
533.672791
533.914001
532.364014
531.244385
533.092224
535.829773
535.446350
532.707397
531.822815
532.988281
533.296509
532.620422
533.313904
535.551086
535.804077
529.942017
520.526611
519.105469
528.507996
535.805847
535.236328
533.646790
534.597656
534.739807
532.170410
530.324463
532.147156
535.187805
535.348938
533.270142
532.588623
533.116821
532.602112
532.109131
533.863220
536.257812
535.380798
532.022156
531.062134
533.125061
534.405029
533.632690
533.535522
535.465576
535.790955
529.230957
518.694458
517.343994
528.038574
536.560059
536.100769
533.359314
533.233582
533.777100
532.489807
531.261658
532.913025
535.775085
535.700500
533.012939
531.919617
532.895935
533.167786
532.734497
533.825134
535.698303
534.777466
531.513062
530.609680
533.031128
534.958557
534.261780
533.390320
534.384644
534.703186
531.684875
528.690674
531.935669
538.475037
539.627808
536.118835
533.104065
532.171326
532.468201
532.276917
532.011353
533.548523
535.799316
535.296265
532.378113
531.286865
532.815796
533.776062
533.172424
533.541504
535.389771
534.994324
531.656555
530.272278
533.079041
536.098389
535.486755
533.224182
533.034241
533.716614
532.054749
530.398193
534.177734
539.870178
539.690491
535.554016
532.444580
531.694641
532.539673
532.838074
532.582275
533.884521
535.853882
534.837280
531.378784
530.445557
533.150940
535.302185
534.310547
532.885315
533.689941
534.152222
531.998108
530.361694
532.338562
535.575806
535.689087
533.246399
532.268738
532.814636
532.073547
531.899109
536.424072
541.082642
539.261963
534.491638
531.577759
531.368591
533.081482
533.901001
533.041016
533.414795
535.543274
535.332214
531.771912
529.895081
532.421692
535.669434
535.558533
533.558228
533.193542
533.504089
532.339661
531.592712
533.584900
536.171387
535.500916
532.705261
531.991272
533.056213
532.663513
532.362000
535.982361
539.582031
537.928345
533.889099
530.497437
529.603149
532.539124
535.649475
535.295044
533.716858
534.027344
534.312500
532.448059
531.121216
532.843933
535.327576
535.002686
532.906433
532.469971
533.080078
532.537598
532.125793
533.969788
536.250061
535.051147
531.403503
530.432983
532.803833
534.246521
533.939453
534.956360
535.872192
534.626038
533.276062
531.429626
530.109253
532.450928
535.761963
535.558655
533.355286
532.953796
533.418274
532.430725
531.684204
533.309998
535.343201
534.474365
532.043396
532.018127
533.750183
533.842651
532.711304
533.573120
535.951660
535.270813
531.264954
529.504883
532.155273
535.146973
535.650940
534.186096
530.505310
527.601074
529.213318
531.003235
530.786316
532.538574
535.494202
535.462891
533.271667
532.780579
533.573181
532.928101
531.993225
533.600952
536.155457
535.116821
531.315735
530.348022
533.004761
534.873413
534.136414
533.614319
534.758240
534.480591
531.568420
529.927612
532.051392
535.097290
535.798096
533.951660
530.512451
529.065552
531.265198
531.995972
531.200134
533.547424
536.624512
535.296143
531.469543
530.849121
533.421936
534.625122
533.525818
533.403076
535.052734
534.817749
531.799438
530.320007
532.493958
535.164673
535.353882
534.483521
534.513916
533.588135
531.002747
530.447327
533.642090
536.598389
535.205505
531.119141
530.862549
538.995361
547.537170
544.051086
534.374939
531.974182
535.251343
535.671936
532.683044
531.197205
532.593689
534.127930
534.310547
534.557739
535.319946
534.179382
531.259644
530.760681
533.857788
536.282959
534.816956
532.417419
532.943176
534.139404
532.697449
530.928650
532.506653
535.850220
536.115845
532.394958
530.620300
537.024414
545.134766
543.001099
535.416626
533.707520
535.844482
534.710327
530.957947
530.101562
533.138550
535.509888
534.514709
533.094482
533.956848
534.356140
532.145508
530.640442
532.742676
535.898132
535.862244
533.340210
532.167053
532.370728
531.959351
531.988159
534.202698
536.429443
534.888550
531.243530
531.430298
534.529602
530.888062
520.754333
518.946228
528.250610
535.649475
535.447693
532.058960
530.650879
532.875000
535.636230
535.431702
533.609497
533.245239
533.342896
532.123596
531.630066
533.974487
536.605652
535.399536
531.931702
531.343140
533.435852
534.039062
532.770325
533.010193
535.164246
535.213989
532.311035
531.514282
533.592407
530.393555
521.925659
521.318420
529.907288
535.540405
534.315308
531.065002
530.346436
533.343689
536.433350
535.459106
532.317078
531.740784
533.184082
533.222961
532.336670
533.321777
535.493225
535.083557
532.204895
531.082397
532.609192
533.911621
533.931580
534.429138
535.463318
534.095886
530.647400
529.891846
532.788330
535.467224
538.308960
542.709167
542.554260
536.777893
533.123901
532.322205
531.619812
532.748901
535.126648
535.078064
532.927063
532.139526
532.840393
532.932495
532.892334
534.476746
536.205017
534.414612
530.384033
529.757874
533.414429
536.265625
535.185120
533.180237
533.485718
533.900208
532.237122
531.146606
532.476501
534.753235
539.170837
545.097656
544.366394
536.874268
532.343872
531.882874
531.981323
533.739746
536.117065
535.015808
531.538696
530.967590
533.662598
535.121765
533.848328
533.234192
534.903870
535.180115
532.288513
530.337402
532.331543
535.481323
535.706482
533.763245
532.935547
532.932861
532.239868
532.243958
533.665527
535.311279
539.187988
544.558472
543.146851
535.891174
532.665161
533.078369
532.551453
533.076233
535.343384
535.181030
531.893677
530.290039
532.569763
535.304321
535.254517
533.878418
533.631531
533.296875
531.904297
531.855225
534.261780
536.111694
534.523743
531.884338
532.171570
533.883545
533.506165
532.236145
533.503052
536.687378
536.986877
530.291077
520.185364
518.654297
527.956909
535.180969
535.199585
534.353333
535.020874
534.186890
531.687012
531.259338
533.815002
535.600342
534.150940
532.208740
532.805359
533.772705
532.547791
531.404297
533.295654
536.229980
535.728516
532.413757
531.056458
532.437744
533.592651
533.730347
534.516174
536.150879
535.611755
528.897156
519.243591
518.967712
529.462280
536.396301
534.821838
532.621399
533.554382
534.248840
532.563782
531.354980
533.246155
535.892395
535.440125
532.875916
531.978699
532.629456
532.691650
532.790894
534.505737
536.288940
534.895569
531.631897
531.221558
533.780640
535.088074
533.724426
532.876404
534.213623
534.561523
531.723633
529.862549
534.291748
540.235535
539.543762
535.269287
533.059631
532.875977
532.860901
532.189148
532.398132
534.762878
536.717590
534.953308
531.520691
531.144592
533.384216
534.444946
533.729675
533.780701
535.088928
534.733948
532.279358
531.271240
533.063354
535.030518
534.970581
534.119507
534.089294
533.512085
531.371704
531.434387
537.454407
543.168701
540.756042
534.590149
531.383667
531.944336
533.857361
534.067749
532.914978
533.375488
535.312866
535.184998
532.545288
531.116211
532.386108
534.164001
534.692078
534.767090
534.994446
533.717468
531.281433
531.184143
534.158630
536.414185
535.051941
532.600830
532.751404
533.935974
532.840515
532.013855
536.016724
540.302307
538.575806
534.394348
531.927124
531.614197
533.070923
534.330444
534.410400
534.596802
535.045959
533.868835
531.613647
531.664246
534.307190
535.968994
534.690674
533.149536
533.884583
534.474060
532.720947
531.335815
533.058777
535.785339
535.631958
533.208740
532.110291
532.657227
532.804504
533.613525
537.042969
538.834717
535.695068
532.106506
530.771973
531.682861
534.313660
535.520752
534.065002
533.061584
534.263550
534.762512
532.818542
531.445007
533.025574
535.468445
535.542603
533.947449
533.315796
533.076111
532.109436
532.209290
534.442566
536.089478
534.359192
531.575500
531.904541
534.454163
535.167480
534.112122
534.284424
534.304260
533.122559
533.125610
532.737244
531.542419
532.582764
534.949463
535.594360
534.710327
533.930847
532.811035
531.380554
531.935303
534.888062
536.866882
535.065735
532.056030
531.996460
533.773865
534.002502
533.040588
533.539978
535.312866
535.099854
532.528381
531.149292
532.525146
534.510071
535.377808
534.473145
530.655640
527.449097
529.179932
531.867004
532.994568
534.857666
536.111145
534.617249
532.748596
533.124939
533.881042
532.924561
532.173584
533.811707
536.080383
535.459045
532.546875
531.297485
532.644287
534.166138
534.379822
534.235718
534.352722
533.391113
531.879028
532.478760
534.813477
535.711182
534.609985
532.942139
530.391602
529.291504
531.767883
533.117676
532.426147
533.902466
536.421875
535.806213
532.625061
531.005981
532.036011
533.564148
534.387390
534.947998
535.205139
534.089233
532.475037
532.599548
533.825989
533.920959
533.003662
533.228516
534.692139
534.506409
532.389221
531.830139
534.102844
536.227783
535.242615
531.831116
530.913635
537.615906
545.973328
544.193542
536.286377
533.566284
534.951294
534.413452
532.378052
532.111694
533.264648
533.607300
533.354004
534.247009
535.648132
534.602783
531.590027
530.854065
533.539307
536.040527
535.249878
532.862488
532.254395
532.983826
533.190308
533.502014
534.862915
535.846008
534.506165
531.541138
531.205872
537.510925
544.285278
541.629028
534.947266
534.096680
536.207336
534.896484
531.247131
530.204590
532.831970
535.544922
535.379211
533.691223
533.218140
533.395447
532.919800
532.893433
534.194153
535.414917
534.715454
532.971802
532.412354
532.707581
532.692871
533.111023
534.825256
536.324646
535.011780
531.191895
530.109131
536.779846
544.740723
543.337524
536.644958
533.593201
533.475952
532.781799
531.824402
532.387756
534.135132
534.999390
534.165588
533.347656
533.782349
533.632935
532.071960
531.684143
533.988098
536.370605
535.371826
532.216187
531.137451
532.784729
534.486511
534.677856
534.202759
534.081848
533.530334
532.414490
533.004578
534.316772
529.727966
521.203308
521.512512
530.446045
535.600220
534.051941
531.227478
531.109558
534.160156
537.107971
536.280701
533.007629
531.620056
532.671875
533.724304
533.969727
534.321533
534.879883
534.306519
532.732727
532.107788
532.927185
534.077332
534.692261
534.898865
534.674316
533.048523
530.970825
531.974915
535.012939
532.287598
524.619263
523.658081
529.583618
533.118347
533.222534
533.032227
533.286804
534.250671
535.218506
534.497864
532.706909
532.157898
532.840820
533.297974
533.436462
534.288940
535.474182
534.567627
531.755249
530.797180
533.062866
535.650024
535.683960
534.026062
533.104370
532.741333
532.121521
532.295410
533.320251
534.535400
538.897705
545.618530
544.975281
536.510925
531.303162
531.567749
532.879883
534.687378
536.323303
535.143921
531.790588
530.313477
532.228577
534.902832
535.438354
534.194519
533.352844
533.021362
532.521545
532.562744
533.530762
534.524109
534.440369
533.685852
533.301208
532.703491
531.789368
532.333191
534.204895
535.862183
539.737305
545.048889
542.973389
534.835083
531.864136
533.950012
534.631592
534.189575
534.592529
534.347717
532.683289
531.612732
532.371948
533.937256
534.714050
534.566711
534.253906
533.224487
531.512207
531.338135
533.935547
536.753967
535.925598
532.304016
530.703491
532.359741
534.295349
534.588623
533.488708
533.283691
538.577576
546.482788
545.270874
535.990906
531.223206
532.505920
533.965027
534.538879
534.882263
533.788391
531.526001
530.916260
533.224731
535.942200
535.707153
533.211792
532.088379
532.852356
533.383545
533.226746
533.656555
534.868652
534.945496
533.234375
531.804993
531.991211
533.085754
533.972595
534.621643
535.599060
535.276489
529.356995
519.607483
518.104126
527.959839
536.238708
536.437866
533.808044
532.751465
532.957092
532.819519
532.647156
533.683289
535.189819
534.959900
533.302917
532.702576
533.173706
533.107361
532.848816
534.069275
536.199463
535.878906
532.559326
530.299011
531.664246
534.604004
535.674011
534.546326
533.968689
533.885681
529.009521
520.050354
519.188721
529.013062
536.450317
536.048706
533.393860
532.298157
532.403137
532.427185
532.521606
533.846619
535.722168
535.309814
532.485779
530.987671
532.430603
534.344727
534.429504
533.728638
534.002930
533.968323
532.457886
531.412109
532.471252
534.437500
535.006348
534.206421
533.793152
533.379883
531.561401
531.034729
535.933960
541.491272
540.385742
535.519470
531.858826
530.911072
532.755615
534.644714
534.265381
533.292053
533.843994
534.466980
533.415039
532.121338
532.257263
533.359741
534.022095
534.197998
534.568115
534.053284
532.130981
531.104248
532.930664
535.916199
536.197571
533.476868
531.672607
532.285278
532.972778
534.361755
539.206177
542.534607
539.085693
534.083740
531.897339
531.761963
533.057312
534.269104
534.117249
533.992920
534.920715
534.630737
532.046204
530.555115
532.742859
536.077637
536.247375
533.653198
532.423584
533.253113
533.550781
532.787476
533.012756
534.787842
535.376343
533.591003
532.124023
532.199463
532.387695
534.577087
540.910339
544.534607
540.277832
534.339294
531.002197
530.161011
532.543518
535.690796
535.578247
533.233765
532.590149
533.564331
533.510498
532.561340
532.832458
534.506042
535.061218
533.673706
532.689026
532.896118
532.984253
533.028442
534.284180
535.961548
535.085388
531.795105
530.347107
532.541809
535.065674
535.291443
534.143005
531.757202
529.935913
531.624573
533.280090
532.662170
532.946777
534.452515
534.734558
533.919800
533.764404
533.564392
532.143433
531.460266
533.731750
536.888855
536.327515
532.359741
530.452942
532.494080
534.766907
534.533813
533.693481
534.330139
534.425049
532.607788
531.593689
533.069092
534.828369
535.013123
533.746216
530.907349
529.529480
531.837463
532.581421
531.074219
532.848816
536.712524
536.719238
532.863220
530.724487
532.303528
534.243408
534.244690
533.897156
534.635132
534.501953
532.531372
531.480408
532.894165
534.604858
534.474365
533.870789
534.646729
534.753967
532.458923
530.745178
532.641907
536.048462
536.795288
533.567749
528.367920
526.951782
531.332336
534.394348
533.641113
533.630798
535.108948
535.183594
533.418396
532.240845
532.587769
533.196838
533.510559
534.433105
535.717407
534.677673
531.247620
529.898132
532.791687
536.140686
535.676819
533.022461
532.451721
533.388000
533.024841
532.338379
533.683289
535.820129
535.747253
532.905396
529.441345
529.838440
533.940430
534.862549
532.823181
533.512085
536.088379
535.646545
531.917969
530.037720
532.524475
535.608459
535.349731
533.359314
533.121338
533.660156
532.821411
532.151123
533.635437
535.662292
535.191956
533.126831
532.804016
533.555725
532.854309
531.988953
533.738159
536.601929
535.888367
530.961914
528.893738
536.768982
547.075134
545.864563
536.831177
532.446960
533.698364
534.553772
532.844299
531.419617
532.608887
534.663025
534.828247
533.916626
534.138672
534.139221
532.336304
531.272888
533.530212
536.695068
536.134949
532.545288
531.093994
532.773438
534.046265
533.566345
533.619080
535.027039
534.882385
531.723145
530.499390
537.056824
544.922119
542.931030
535.669678
533.271912
534.803345
534.457214
531.414734
530.058716
532.937378
536.387573
535.668152
532.434204
531.865601
533.728943
534.057983
532.806152
533.280090
535.550110
535.566101
532.646790
531.130920
532.623047
534.151917
533.986694
534.088562
535.366699
534.737549
530.823425
529.461426
536.817261
545.677002
544.360840
536.668396
532.240356
532.370911
533.513062
533.026428
531.994934
533.162109
535.697571
535.731689
533.126038
531.902161
532.891907
533.421936
533.105408
534.180664
536.257629
535.419495
531.529114
529.857361
532.600586
535.746155
535.458374
533.445129
533.131287
533.444031
532.304199
532.246155
534.084473
531.261597
523.979919
523.233337
529.544556
533.899780
534.242493
532.875122
532.020447
533.980957
536.893433
535.866577
531.619385
530.185059
533.000061
535.542847
535.032593
533.769531
534.049011
533.956909
532.189026
531.464722
533.478210
535.626282
534.973206
533.207581
533.426147
533.929321
532.260742
531.652222
534.086060
533.179077
527.682922
526.242859
529.240906
531.161377
532.597595
534.056213
534.044189
533.987427
534.907654
534.403687
532.052917
531.258301
533.074829
534.615540
534.069580
533.501282
534.581482
534.553955
531.789917
530.174377
532.935852
536.918213
536.787354
533.241760
531.402405
532.177368
532.924744
533.380127
534.186829
535.237305
539.137146
544.538818
542.626648
535.109985
532.597961
533.983032
533.457275
533.185303
535.131165
535.245239
531.866211
529.888367
532.484314
535.934326
535.641174
533.121643
532.480713
533.080200
532.606812
532.447815
534.452148
536.487244
535.166931
532.012146
531.421509
533.158447
533.738281
532.952515
532.931335
534.870361
540.371033
545.777649
542.102417
533.395630
531.729858
535.148315
535.544067
533.730835
533.474670
533.542786
532.144958
531.521179
533.654968
536.091858
535.365723
532.903687
532.527527
533.447205
532.807983
531.860229
533.647400
536.670898
535.975403
531.794434
530.032104
532.655823
535.474121
535.278564
534.025574
534.721497
535.100281
528.934937
518.441284
517.442505
528.351746
536.331848
535.530884
533.356689
533.802551
533.920471
531.842834
530.842651
533.723267
537.219910
536.173340
531.960999
530.535522
532.771545
534.534485
534.099609
533.793030
534.748535
534.405518
532.154358
531.391479
533.262207
534.818604
534.195007
533.596863
535.211487
535.567200
528.015320
516.137939
515.446960
528.090881
537.708313
536.806641
532.494446
531.327881
532.863770
533.524231
532.823669
533.368225
535.167786
534.798218
532.151245
531.348694
533.247314
534.519897
533.833984
533.770752
535.304077
534.936462
531.673218
530.130737
532.912170
536.351196
536.014160
533.283875
532.364929
532.950195
532.186462
532.307617
537.470520
542.380554
540.004089
534.587952
531.739136
531.922607
533.507141
533.868469
533.087769
533.937622
535.953247
535.068970
531.340332
530.065979
533.101074
536.193787
535.667358
533.552979
533.287598
533.623657
532.519287
531.873535
533.640442
535.715149
534.922363
532.636047
532.495056
533.636230
532.957214
533.026978
538.119385
542.779785
540.475342
535.188293
531.381226
530.234802
532.212585
534.579895
534.750183
534.170288
534.394592
533.721191
531.729004
531.469238
533.986084
536.077271
535.008789
532.995911
533.296692
534.078247
532.692627
531.514221
533.644226
536.663757
535.688538
531.769714
530.403320
532.156677
533.405640
535.552002
541.448975
544.570679
539.850464
533.736023
530.930725
531.095337
533.539856
535.362305
534.496826
533.399475
534.170410
534.198303
531.867371
530.766785
533.549377
536.859863
535.946106
532.349487
531.331543
533.094971
534.055237
533.655762
534.167603
535.487427
534.728210
532.238159
531.697205
533.355774
534.014282
533.536682
534.024841
533.848633
532.593018
532.404724
531.360657
530.371521
533.128113
536.660156
536.101379
533.152893
532.323792
533.329346
533.377869
532.941528
534.099854
535.863403
535.119202
532.600586
532.039612
533.319214
533.532776
532.776367
533.693726
535.885620
535.247437
531.526733
529.952698
532.769287
536.033264
536.257629
533.558838
529.045959
527.030640
530.173523
532.846436
533.039551
534.486206
536.127991
534.815491
532.414795
532.450378
533.641357
532.985901
531.841492
533.411987
536.336365
535.705627
531.663879
529.924622
532.441162
535.270508
535.248413
533.922302
533.622864
533.246216
532.017883
532.076477
534.145630
535.591797
534.696960
532.518433
530.419189
531.055420
533.978088
533.507080
531.266907
533.143433
536.711792
536.160522
532.337830
530.721252
532.596008
534.577271
534.814026
534.725525
535.083191
533.974365
531.556335
531.272522
533.780151
535.621460
534.666626
533.348938
533.991455
534.218506
532.209473
531.059875
533.480774
536.690002
536.420166
532.590027
528.764771
529.820862
534.629089
535.887817
534.074402
534.265930
535.363403
534.128601
531.663147
531.491699
533.599182
534.739441
533.820251
533.340515
534.490662
534.266357
531.673767
530.669983
533.349548
536.246094
535.514648
532.855225
532.291443
533.324768
533.391968
533.078369
534.206787
535.668945
534.894409
531.844177
529.557129
532.068542
536.802795
536.511414
533.488525
533.851990
535.930969
534.977112
531.351746
530.090332
533.060852
536.182434
535.704163
533.469299
533.028625
533.581726
533.080383
532.576294
533.686584
535.249939
534.733398
532.834595
532.474915
533.247009
533.087708
532.910583
534.616638
536.482910
534.863342
530.453491
529.819275
537.724854
546.139038
544.044006
536.425049
533.084351
533.663086
533.619202
531.975098
531.341125
533.144531
535.045776
534.552368
533.159485
533.315735
533.628845
532.546509
532.159607
534.307861
536.505310
534.987488
531.378174
530.774719
533.464294
535.330566
534.687439
534.010559
534.771851
534.420471
531.416138
530.406189
536.499634
543.297974
541.468506
535.636597
533.431641
533.885010
533.507812
531.877808
531.627991
534.210205
536.648132
535.298035
532.054871
531.639282
533.642517
534.334106
533.447388
533.723267
535.278137
534.855835
532.187622
531.047668
532.733826
534.619080
534.731689
534.344299
534.648682
533.858032
531.688965
532.032898
534.786133
532.170105
524.496582
523.138794
528.884033
533.289185
534.360229
533.770203
532.923035
533.695923
535.375244
534.941711
532.607239
531.690552
532.869690
533.983032
534.039001
534.233276
534.816589
533.782104
531.596497
531.703186
534.305847
535.688538
533.995911
532.301575
533.448181
534.798157
533.525085
532.603516
533.825256
531.594482
526.013489
525.913757
530.465515
532.813538
533.137207
533.293274
533.444092
534.467896
535.633179
534.340210
531.566406
531.439026
534.105652
535.594666
534.180908
532.751526
533.591797
534.229797
532.670959
531.490662
533.157837
535.660889
535.306702
532.829041
531.988586
532.934875
533.479553
533.737244
534.161804
534.668274
538.250366
543.770325
542.533813
535.919617
533.526611
534.272644
533.375000
532.999084
534.651489
534.909363
532.562256
531.323853
533.314697
535.744019
535.381714
533.409790
532.684509
532.671570
532.257690
532.798706
534.889404
536.138123
534.264038
531.519470
531.791626
534.074097
534.705383
533.527405
532.742798
534.106628
539.863159
546.119812
543.229492
534.709961
532.276489
534.820068
535.418213
534.257568
533.804565
533.216431
531.977112
532.178711
534.477234
536.048584
534.470825
532.070374
532.399048
534.031494
533.884644
532.878174
533.709839
535.579773
534.930054
532.023621
530.964233
532.793457
534.781921
535.050659
534.510803
534.774780
534.342712
528.411621
519.056213
518.798523
529.316711
536.580933
535.603455
533.447266
533.759155
534.093140
532.767273
532.081604
534.045349
536.202271
534.889954
531.640198
531.074646
533.338928
534.936462
534.530518
533.916382
534.152100
533.635925
532.192627
532.204834
533.972534
535.125610
534.474182
533.763306
534.828125
534.930298
527.983582
517.186646
517.157349
529.307190
537.805115
536.488037
532.697510
531.918152
533.244141
533.939819
533.820129
534.457336
535.421143
534.417664
532.085693
531.644531
533.353638
534.778503
534.859009
534.784851
534.931396
533.397705
530.674072
530.654053
534.212341
537.062012
535.629761
532.433716
532.563660
534.492981
529.900269
519.860413
518.789124
528.973694
536.430115
535.850769
532.991760
531.952148
532.635559
533.537476
534.113831
534.873352
535.228638
533.511230
531.029846
531.368835
534.379333
536.179871
534.859558
533.109802
533.518127
534.218384
533.298828
532.522339
533.788513
535.764648
535.573547
533.386169
532.078064
532.111694
532.130737
534.536011
541.380798
545.249756
540.388733
533.507812
530.629517
531.574341
534.299438
535.533752
534.248596
533.212280
534.013367
534.261841
532.642517
531.732605
533.333618
535.501709
535.406372
533.664795
532.794373
532.667297
532.392273
533.004456
534.951904
536.119202
534.462830
531.992371
532.107239
533.632751
533.691895
535.178284
540.982178
544.049194
539.730408
534.491455
531.901062
531.216309
533.023926
535.496948
535.551086
533.871338
532.977844
532.780701
532.512695
533.141479
534.893677
535.771973
534.130249
532.041809
532.490234
534.132202
534.230652
533.537170
534.342163
535.906128
535.010498
531.984436
530.882568
532.399292
534.072021
537.687195
544.221924
545.409790
538.309204
532.183594
531.050842
532.261353
534.566772
536.013611
534.750244
532.806030
532.918762
533.816589
533.364319
532.693787
533.792542
535.628601
535.170410
532.659912
531.489868
532.593079
534.125427
534.857300
535.101135
534.912048
533.257080
531.229248
531.791687
534.619995
536.226929
535.280945
532.591492
528.614380
527.340515
531.048157
533.580505
533.126953
534.140137
536.061340
535.349548
532.753357
531.693542
532.633301
533.661194
534.224609
535.051697
535.555298
533.955078
531.556213
531.856262
534.471069
535.731567
534.355164
533.075439
533.851440
534.372986
532.953186
531.898865
533.246948
535.642883
536.377625
533.111511
526.424500
523.624146
528.270081
532.759033
533.913574
535.397522
536.507202
534.603699
531.745239
531.862305
534.386719
535.501221
534.097412
532.998596
533.933960
534.388062
532.851379
531.826050
533.084900
535.080017
535.419434
534.158508
533.001099
532.112976
531.561157
532.698486
535.364746
536.714050
534.987915
531.796997
529.962036
532.438660
536.983154
536.962463
533.752075
532.623535
533.809814
534.957886
534.211121
532.163818
531.386780
533.294861
536.131653
536.879944
534.328308
530.473145
529.743408
533.296265
536.884827
536.920410
533.979858
531.575562
532.367249
534.329956
534.008484
532.227844
532.632996
535.307983
536.143677
532.976379
529.186462
530.667603
535.884033
537.458496
535.887207
534.973999
534.150391
532.644653
531.862122
533.222107
535.464844
535.781128
533.633606
531.992737
533.075195
534.396362
533.506287
532.539062
534.256836
536.835388
535.990906
532.394470
530.873474
532.425781
534.361816
535.268677
535.414368
534.822815
533.184692
531.068420
531.550659
537.792053
543.865662
541.341919
535.103149
533.071533
534.122925
534.134949
532.505310
532.085144
534.383545
536.579773
535.405334
532.372192
531.325378
532.492126
533.827759
534.656067
535.381287
535.693542
534.420166
532.334106
531.862671
533.093323
534.065796
533.912598
533.784058
534.333374
533.881958
531.587830
531.289185
537.113953
543.179138
541.327698
535.645386
532.500977
531.919312
532.341736
532.961670
534.031006
535.734985
536.504761
534.659302
531.862488
531.362061
533.018188
534.381042
534.480774
534.374817
534.667969
533.999146
532.286865
531.805054
533.311340
534.933594
534.800964
533.611328
533.081421
532.781738
532.353088
533.888672
536.182434
532.492493
524.681702
523.749451
529.077271
532.521851
533.514099
533.861511
533.567688
533.858521
535.141846
535.146729
533.164307
531.726440
532.448242
534.243652
535.212585
535.002502
534.386108
533.190796
532.039917
532.817932
535.084839
535.944458
534.033142
531.939392
532.443481
533.940491
533.865479
533.695190
534.334351
531.508972
526.551331
527.168518
531.024292
531.935852
531.877197
533.310608
534.878479
535.680786
535.522217
533.601135
531.181396
531.376404
534.125488
535.884644
534.529846
532.375244
532.434082
533.550659
533.520874
533.158997
534.216919
535.983704
535.730164
533.285828
531.613953
531.972961
533.237915
534.503479
534.878662
534.853210
538.568542
544.332458
542.443481
534.863647
532.458435
534.474365
534.710571
533.625488
533.536255
533.455017
532.434082
532.101990
533.810120
535.997253
535.813110
533.512329
532.055359
532.232178
532.899414
533.789490
535.132629
535.906738
534.398315
531.862610
531.550354
533.360291
534.590881
534.295227
533.212891
533.412354
538.666931
545.317444
542.905640
534.653381
532.357239
535.071167
535.737549
534.052124
532.760742
532.136292
531.829529
532.692139
534.797485
536.159973
534.737061
532.053589
531.532349
533.017700
533.940308
533.759155
533.993958
534.912903
534.416748
532.266907
531.338196
532.942749
535.183838
535.704956
533.879089
532.600220
537.064026
543.763428
542.182190
535.331848
533.608093
535.432251
534.782776
532.526855
531.996704
532.862976
533.105957
532.949951
533.955750
535.534058
535.021362
532.558716
531.391357
532.586914
534.342834
535.070251
534.938232
534.444763
532.904846
531.040405
531.374451
534.072571
536.176208
535.315002
533.081726
533.145691
534.244568
529.239502
519.373474
518.564941
529.115112
537.048096
536.641907
533.367310
531.639343
532.132385
533.591187
534.617981
534.890381
534.418396
532.833618
531.304443
531.882751
533.975281
535.168152
534.510559
533.656677
533.989441
533.762451
531.999329
531.314758
533.623535
536.676270
536.585510
533.458557
531.900879
532.772522
529.275879
521.342407
521.395996
530.739563
536.212158
534.232239
531.519592
531.732056
533.618591
534.685730
534.127014
533.567017
534.143250
534.069824
532.337646
531.318054
532.869629
535.367493
535.729736
533.761108
532.071411
531.753967
532.355042
533.689148
535.174744
535.429749
533.624451
531.657166
532.736389
534.874329
530.317993
520.603394
519.561707
528.918152
536.029968
536.015198
532.920532
530.821045
531.832764
534.736816
536.210449
535.162537
533.248596
531.766418
531.556152
533.174255
535.418274
536.069519
534.160156
531.880127
532.074463
533.662964
533.978821
533.298523
533.791870
535.328247
535.037781
532.620056
531.326416
532.106201
533.470337
537.456543
544.455505
545.670044
538.218079
531.979614
531.049744
532.076965
533.836548
535.266907
534.656799
533.181030
533.153687
533.723022
533.197632
532.654846
533.879517
535.976318
535.809143
532.975464
530.902222
531.540833
533.523499
534.899963
535.247986
534.793396
533.114746
531.297119
531.681458
533.563416
534.857849
538.135193
544.140686
544.500549
537.367554
532.269104
531.834045
532.620605
534.384888
536.199463
535.318176
532.329651
530.816040
531.867432
533.552063
534.383362
534.635071
534.632324
533.498535
531.795471
531.718750
533.314575
534.584534
534.456970
534.036011
534.350464
533.942566
532.122559
531.246948
533.064941
535.994568
537.001465
533.570557
526.311096
522.880981
527.758423
533.376831
535.019714
535.526978
535.461609
533.657593
531.804199
532.263733
533.933411
534.294556
533.518127
533.792114
535.251343
534.867920
532.003906
530.466797
532.569458
535.845581
536.509155
534.415100
532.444885
531.743042
531.823608
532.811829
534.648315
536.193359
535.821411
531.566345
524.497559
522.737671
529.169250
534.292358
534.265991
534.288208
535.584534
535.067932
532.371277
530.840820
532.456177
535.214905
536.106934
534.979492
533.625366
532.352966
531.365479
532.016296
534.251160
535.926514
535.120361
533.048096
532.486755
533.107727
532.991821
532.581604
533.620789
535.593750
535.834167
532.909424
529.082153
529.738098
534.485168
536.386963
535.244751
534.714661
534.367859
533.023682
531.598694
531.894592
533.935364
535.573853
535.091553
533.686157
533.558044
533.726257
532.479980
531.403931
532.937927
535.948547
536.419678
533.622803
531.281311
531.533569
533.186951
534.615967
535.341919
535.207825
533.795654
531.293457
529.838379
533.054688
538.327087
538.481323
534.961365
533.129761
533.508301
533.809204
532.576416
531.447327
532.768005
535.523132
536.246704
534.142822
532.002258
531.530090
532.360535
533.812256
535.187683
535.572876
534.143066
532.112305
531.838562
533.092651
533.945740
533.976379
534.498230
535.601685
534.805664
531.171631
529.668396
535.863892
543.687134
543.116760
537.340515
533.450928
532.049927
531.964966
532.622009
533.695129
534.954163
535.563110
534.522949
532.819824
532.571716
533.345764
533.345520
532.790710
533.507812
535.371094
535.288147
532.511536
530.584106
531.797485
534.414795
535.499390
534.691650
533.689392
532.809753
531.401672
531.794128
537.218872
542.452820
540.482544
535.508423
533.072021
532.770752
533.081116
532.938843
532.714600
533.922302
535.822205
535.258667
532.125671
530.379639
531.912964
534.576050
535.623291
534.938477
534.154419
533.396545
532.329529
531.946167
532.903503
534.396545
534.903320
534.348816
533.920227
533.259949
531.535095
531.559021
536.681030
541.586182
539.708191
534.840637
531.677551
530.930298
532.541931
534.456055
534.693726
534.124329
534.143005
534.023499
533.037476
532.315369
532.773254
533.911987
534.513367
534.479248
534.507812
533.605652
531.458557
530.769226
533.332886
536.615784
536.519958
533.442322
531.577271
532.220276
533.498596
534.949768
535.478699
530.983276
524.651611
525.343262
530.307739
532.518372
533.175903
534.125244
534.287170
534.196228
534.794189
534.401428
532.223999
531.039062
532.933167
535.953491
536.487305
534.321045
532.574463
532.555847
533.176697
533.683716
534.282104
534.931702
534.502136
533.109802
532.600830
533.120117
533.387878
533.911743
534.504333
531.704468
527.580200
528.282227
530.774475
531.194092
532.641968
535.453735
535.954956
533.946167
532.618652
532.793579
532.963440
533.046082
533.908020
534.945923
534.536865
533.234070
532.909546
532.974487
532.376953
532.383850
534.372498
536.737549
535.840454
531.809204
529.622375
532.069153
535.984375
536.583191
533.203735
531.256042
537.488403
546.792847
545.782227
536.930847
532.755005
533.588318
534.107056
534.161438
534.338989
533.220703
531.153198
530.934998
533.960022
537.410217
536.656860
532.316162
530.210449
532.510376
535.452148
535.516907
533.903748
533.644226
534.353210
533.958801
532.770325
532.547363
533.827454
535.136108
534.565979
533.771240
537.975098
544.070007
541.687256
534.383911
533.345825
536.533020
536.240906
532.789612
531.107422
532.466980
534.203979
534.435486
534.137268
534.473450
534.178589
532.673523
531.873535
532.606201
533.682068
534.249634
534.868896
535.629517
534.719055
531.990112
530.590576
532.486206
535.457642
535.793945
532.945557
531.776123
538.066284
546.123291
543.870667
535.289612
532.422607
534.655029
535.251404
533.273193
531.805054
532.222046
533.395935
534.242615
534.962158
535.432800
534.135376
531.498718
530.628906
532.678833
535.280029
535.626465
534.161133
533.417603
533.356995
532.598145
531.983948
533.066711
535.088196
535.521729
534.133362
533.774048
534.046204
528.801697
519.467529
519.288513
529.817200
537.263672
536.017456
531.663452
529.950317
532.331421
535.676147
536.237732
534.501953
533.496887
533.529053
533.030396
532.264160
532.716064
534.450439
535.542542
535.120544
534.243469
532.986877
531.494507
531.710999
534.495117
537.017151
535.566772
531.637634
531.106445
533.981567
531.538940
523.131165
521.519958
528.953064
534.460876
534.703979
533.248901
532.136169
532.645386
534.571960
535.575684
534.796753
533.725464
532.700439
531.500671
531.519897
533.651489
536.023682
535.701904
533.218628
532.036926
532.876831
533.590759
533.270020
533.290466
534.430359
534.878296
533.609253
532.351868
532.151062
532.850403
536.754700
543.796204
545.476868
538.850342
532.611206
530.705383
531.375061
534.159912
536.677185
535.762878
532.963623
532.230408
533.336670
533.359009
532.319580
532.862122
535.375793
536.362427
534.067993
531.507874
531.483093
533.309875
534.708374
534.935974
534.679993
533.721069
532.382080
532.468811
533.748352
534.674377
537.766724
543.623352
544.034973
537.406250
532.997375
532.428711
531.866211
532.523926
535.126648
536.307983
534.431091
532.064148
531.450073
532.326599
533.688232
535.038147
535.703552
534.320190
531.801331
531.364502
533.497803
535.257141
534.642090
533.399475
533.704590
533.987976
532.615845
531.613892
532.486450
534.425964
539.016785
545.263611
544.523865
536.674072
532.221313
532.613037
533.070007
533.826599
535.426697
535.356506
533.140076
531.720581
532.500732
533.825134
534.082947
533.877502
534.282166
534.180664
532.743408
531.703003
532.631897
534.646790
535.371216
534.320374
533.217896
532.435669
531.700623
532.247986
534.682678
536.954773
536.241699
530.903687
523.239441
521.892090
529.238586
534.756897
534.057434
533.138977
534.517517
535.154419
533.307495
531.222900
531.535400
533.762512
535.212708
534.804443
533.799011
532.711365
531.810669
532.399231
534.537659
536.024536
534.864258
532.640076
532.438416
533.490173
533.298828
532.467529
533.317261
535.854370
536.745056
531.631958
522.136963
519.316650
527.176086
534.701416
535.958191
535.137146
534.622620
533.398987
531.573975
531.272217
533.406006
535.715759
535.405701
533.402649
532.830078
533.380676
532.877075
531.952515
532.743774
534.905579
535.444580
533.482849
531.615479
531.544800
532.768066
534.253540
535.356750
535.461731
533.911499
531.052979
529.360901
532.551392
537.895325
538.149414
534.696167
532.795288
533.142456
533.767395
532.852417
531.379089
531.975708
534.497009
535.783508
534.675232
533.205200
532.287964
531.777954
532.547424
534.910461
536.661499
534.934021
531.178101
530.104614
532.708557
535.405273
535.189331
533.393860
533.200012
534.238220
533.243347
530.773987
532.073364
536.187195
537.027161
535.743103
534.993469
533.658752
531.716187
530.760071
532.110840
535.093689
536.741333
534.872986
531.672974
531.172852
533.107178
534.122437
533.313293
533.077148
534.561340
535.080505
533.081787
531.268494
532.137573
534.604980
535.755859
534.907837
533.775574
532.788513
531.272217
531.406982
536.251587
540.996948
539.234924
534.886536
532.770203
532.449768
532.762329
532.646484
532.326416
533.476318
535.657715
535.637695
532.853516
531.019043
532.113525
534.175171
534.914673
534.620117
534.468140
533.699707
532.033875
531.539856
533.344238
535.534302
535.347534
533.287354
532.286255
532.555847
532.032288
532.172791
536.377075
540.532776
539.071960
535.495361
533.106201
531.686890
531.892273
533.109619
533.929199
534.630493
535.372742
534.425049
531.807373
530.782166
532.779175
535.236450
535.226685
533.613403
533.283081
533.887146
533.321167
532.130005
532.568848
534.782104
535.917297
534.500916
532.495422
531.607544
531.643188
533.380981
537.699402
539.954102
536.730347
532.729431
530.982483
531.356995
533.606628
535.065918
533.932251
532.643738
533.648071
534.811951
533.413330
531.305908
531.844116
534.664429
536.017578
534.524902
532.701660
532.043030
532.172974
533.038879
534.540039
535.560181
534.577759
532.382202
531.620239
532.548645
533.283813
533.814087
534.211243
531.513977
527.787048
528.822815
531.250183
531.208801
532.253540
535.151123
536.208923
534.731445
533.194824
532.375793
531.781677
532.126160
533.876770
535.531494
534.859863
532.639954
532.070435
533.234924
533.474182
532.518372
532.947876
535.208801
535.731384
533.120667
530.945862
531.859070
534.321289
535.921204
534.887573
529.844238
525.561462
527.827148
531.704407
532.499146
533.227966
534.955750
535.195374
533.796570
532.923645
532.844299
532.502075
532.415039
533.807739
535.885803
535.769470
533.116577
531.250122
531.873657
533.492126
534.502869
534.965698
535.039734
533.637024
531.392578
531.108398
533.336365
535.441711
535.074890
532.738159
532.569336
539.364197
547.412354
544.459351
534.611328
531.382263
534.618652
536.228821
534.340698
532.257690
531.865295
532.546997
533.564087
534.824707
535.613037
534.201721
531.262451
530.295349
532.467834
535.127686
535.550842
534.429199
533.880493
533.272583
531.733032
531.183350
533.100769
535.695312
535.899475
533.062256
531.485474
537.131958
545.068542
543.427429
535.657410
533.073181
534.737061
534.476257
532.381348
531.838257
533.301880
534.421204
533.905334
533.325806
534.317078
535.089050
533.607849
531.494995
531.456177
533.562195
535.273743
535.231384
534.379211
532.998291
531.447571
531.548035
533.935486
536.276062
535.622864
532.130920
530.823364
537.125916
545.025085
543.010681
535.400696
533.293274
535.481140
535.343506
532.279907
530.473755
532.195984
535.142639
535.807983
534.201721
533.108521
533.130005
532.997864
532.809021
533.485535
534.648865
534.633423
533.573120
533.329224
533.433350
532.489319
531.842102
533.616394
536.429749
536.161438
532.661438
531.258972
533.054321
530.359253
522.477112
521.618958
529.566895
535.096313
535.006531
533.270447
531.932800
532.009888
533.576965
534.739868
534.490784
533.923706
533.203247
532.134888
532.336853
534.791199
537.013184
535.474243
531.537415
530.337708
532.830322
535.033569
534.508545
533.396057
534.106384
534.932556
533.746582
532.604797
532.491394
528.361328
521.258606
522.176880
530.843628
535.805359
534.413879
531.563293
530.923706
533.405945
536.139038
535.348999
532.354187
531.583313
533.171448
533.972961
533.383301
533.585388
535.259521
535.696228
533.428101
531.074585
531.074951
532.790527
534.275879
535.019287
535.323914
534.247070
532.214539
531.967285
533.550903
534.651367
537.237122
542.333374
542.635803
536.951721
533.754578
533.558594
532.536255
532.735535
535.156006
535.982056
533.520630
531.041809
531.165222
532.803467
533.964294
534.560181
535.147278
534.595154
532.768250
531.955505
532.951904
533.921997
533.473267
533.082214
534.348999
535.056091
533.153015
531.175537
531.677734
534.243896
539.928284
546.661926
545.057007
535.741211
530.791748
532.038513
533.609253
534.699341
535.752136
534.858582
532.270630
531.174377
532.621460
534.279968
534.201355
533.654907
534.476379
534.903809
533.065430
531.205872
532.078430
534.673096
535.572815
534.096619
532.877686
532.795837
532.655151
532.612854
533.831726
535.813232
535.991028
531.404846
523.526672
521.556946
528.582947
534.218750
533.984558
533.670593
535.289429
535.323303
532.499023
530.327698
531.695496
534.779663
535.854065
534.537720
533.395386
532.968445
532.368835
532.329163
533.772034
535.461060
535.029907
533.080139
532.686279
533.835876
533.924072
532.714966
532.703979
534.929382
536.282715
531.748413
522.587097
519.952820
527.800781
534.961792
535.636719
534.510803
534.233826
533.393982
531.738403
531.509216
533.626770
535.713379
535.202087
533.285095
532.906982
533.439819
532.647522
531.445679
532.497437
535.418152
536.199890
533.572571
531.421265
532.274231
534.096558
534.342041
533.709473
534.380005
535.109009
530.663818
521.622559
519.574463
528.158936
535.281982
535.302246
533.869812
534.143677
533.965271
531.981140
530.753418
532.831177
536.271912
536.554382
533.283875
531.003601
531.905701
533.564758
533.863281
533.818420
534.531494
534.378479
532.730164
531.957581
533.066528
534.225281
533.939758
533.443665
534.196106
534.566223
532.510132
530.588806
533.680664
538.726074
538.638733
535.244019
532.949585
532.450745
532.992493
532.875244
532.183411
533.177002
535.616211
535.967224
533.389832
531.417542
531.958191
533.375671
