530.774414
530.774414
530.774414
530.767639
530.771729
530.793274
530.709290
530.661560
531.531006
533.891479
536.584839
537.954346
538.476929
540.180054
543.311096
545.661072
545.678040
544.285767
542.820923
541.315918
539.700134
538.495422
537.512146
535.785400
533.323608
531.216003
529.823853
528.294800
526.207764
524.553955
524.417114
525.564941
527.117432
528.807739
530.734497
532.550171
533.619995
533.793762
533.930847
535.309265
538.045532
540.763977
542.491394
543.624451
544.458008
544.492676
543.676453
542.641785
541.490540
539.786560
537.719360
536.066833
534.945374
533.486206
531.089294
528.406433
526.553894
525.624207
524.977966
524.869263
526.140381
528.283752
529.790588
530.558472
531.912048
534.158813
536.019531
536.664795
537.020264
538.527039
541.200928
543.628296
544.773438
544.891113
544.429077
543.212280
541.365723
539.818176
538.942505
537.778931
535.570435
533.089172
531.341858
529.875977
527.860901
525.917664
525.201599
525.530579
525.970337
526.593079
528.224426
530.658386
532.490540
533.214172
534.070618
535.942139
538.003723
539.383606
540.566589
542.258301
543.949280
544.544312
543.972412
543.268311
542.862366
541.825562
539.570007
537.155151
535.758057
534.797729
533.092651
530.864197
529.005066
527.444458
525.780151
524.688660
525.149780
526.743042
528.100891
528.872681
530.090515
532.307983
534.505005
535.728760
536.756836
538.719421
541.029907
542.413147
543.038513
543.916565
544.902344
544.843994
543.429749
541.712646
540.534729
539.328674
537.337219
535.156189
533.709595
532.443542
530.244629
527.541748
525.876343
525.641052
525.719849
525.622192
526.334778
528.279175
530.322998
531.698364
532.917480
534.343689
535.785950
537.482178
539.848083
542.438721
544.230164
544.701355
544.283997
543.935669
543.988586
543.487061
541.615051
539.324890
537.934326
536.914062
534.990540
532.489868
530.703186
529.576843
527.944092
525.863831
524.835632
525.489380
526.800964
527.912109
529.084595
530.596741
532.108704
533.416199
534.952881
537.079529
539.299622
540.921021
542.225281
543.807312
545.071350
544.945007
543.629395
542.284790
541.424194
540.579895
539.325012
537.836060
536.262329
534.158142
531.438049
529.164368
528.131165
527.449097
525.932983
524.328979
524.500671
526.653503
528.994324
530.257019
531.100037
532.497192
534.237366
535.856445
537.731750
540.219238
542.550293
543.703003
543.910461
544.097351
544.229736
543.583557
542.191711
540.779785
539.653259
538.410339
536.611511
534.522583
532.795349
531.208740
528.961121
526.537964
525.450195
525.795410
526.100281
525.958679
526.750549
529.088013
531.498169
532.617004
533.162964
534.624146
537.073364
539.411987
541.102905
542.509583
543.781860
544.477539
544.329346
543.538330
542.240723
540.560669
539.070190
538.309509
537.856079
536.558960
533.991150
531.272522
529.751099
528.933960
527.175476
524.714355
523.920288
525.751221
528.182129
529.163818
529.271912
530.321960
532.564575
534.618469
535.813843
537.065857
539.181641
541.744507
543.916443
545.076233
544.825989
543.542908
542.429443
541.958557
541.004456
538.567200
535.545776
533.803223
533.871094
534.153076
532.589417
529.153748
526.089844
525.193665
525.798279
526.251587
526.377197
527.199890
528.922546
530.699890
532.112854
533.442505
534.862976
536.519104
538.747620
541.414185
543.549500
544.302917
544.114624
544.072693
544.016663
542.696777
540.218689
538.308594
537.573486
536.743896
534.969788
532.843994
531.060120
529.592773
528.141296
526.706055
525.695984
525.428101
525.711182
526.478638
528.066162
530.099792
531.498901
532.228943
533.504028
535.822144
538.176697
539.690063
541.016479
543.144226
545.282349
545.526428
543.751404
541.938721
541.236511
540.669922
539.141663
537.001587
535.050842
533.285034
531.345398
529.452515
528.132874
527.173584
525.860107
524.541626
524.652588
526.448547
528.247803
528.929749
529.577881
531.549988
534.137695
535.641357
536.179077
537.592468
540.523560
543.411377
544.768005
544.678955
543.830261
542.752502
541.982056
541.550476
540.454163
537.876831
534.828491
533.197021
532.913391
531.736511
528.592896
525.244812
523.836487
524.562866
526.011536
526.679871
526.604858
527.335876
529.437256
531.605896
532.969910
534.071655
535.444031
537.219666
539.546326
542.015564
543.640808
544.033752
543.842529
543.731812
543.325073
541.836548
539.676086
538.227173
537.620483
536.250793
533.329102
530.384705
529.001892
528.428589
527.153625
525.576111
525.090637
525.717102
526.494873
527.276855
528.653931
530.555054
532.062195
532.837646
533.882690
536.067566
538.680908
540.596313
542.019348
543.648560
544.958923
544.835388
543.370483
541.826538
540.906250
539.878235
537.962219
535.851990
534.459961
533.041931
530.557556
527.824829
526.330994
525.982056
525.732422
525.504395
526.019958
527.448425
529.248352
530.750916
531.575012
532.040894
533.022400
535.012695
537.738342
540.388611
541.973816
542.412170
543.043884
544.671326
545.717285
544.158630
540.757446
538.428040
538.364563
538.568298
536.777771
533.411133
530.595032
529.168823
528.162781
526.894775
525.852966
525.515625
525.833313
526.983154
529.176636
531.610901
532.844604
532.598755
532.415466
533.792664
536.310852
538.509460
540.096741
541.924194
543.965881
544.989380
544.431885
543.218933
542.245544
541.215149
539.557312
537.639099
536.211182
535.055298
533.312683
531.014282
529.038513
527.508728
525.809387
524.360046
524.466980
526.190857
528.242371
529.967102
531.601929
532.952881
533.424622
533.188538
533.629822
536.222839
540.381958
543.260071
543.255676
542.459290
543.498169
545.523010
545.579041
542.763245
539.097717
536.970337
536.790039
536.868408
535.256653
531.778992
528.270325
526.657227
526.877930
527.027283
525.824219
524.626221
525.808350
529.062927
531.545227
532.120667
532.570374
534.213562
536.287659
537.716431
538.436584
539.344666
541.339539
543.706360
544.780334
544.440125
543.750122
542.851196
541.370056
539.374390
536.527893
532.607239
529.215637
528.387939
529.489746
529.459656
526.739502
523.588318
523.363525
526.557556
530.667236
533.076904
533.231262
532.770630
533.855713
536.847900
539.839905
541.051819
541.320374
542.762939
545.014404
545.379333
543.088074
540.568665
539.968994
540.739136
540.864990
539.011292
535.683716
532.754028
531.340027
530.608826
529.348877
527.483826
525.411682
523.825073
524.127014
526.796021
530.141724
532.209229
532.665161
532.283447
532.233154
533.742065
537.096191
540.945068
543.269592
543.413574
542.881348
543.451843
544.631042
544.219360
541.597595
538.805054
537.671082
537.630188
537.120239
535.473022
533.139954
531.012512
529.411987
527.927490
526.577637
525.948853
526.055054
526.462036
527.140625
528.175598
529.385376
530.892639
533.370667
536.816772
539.397278
539.293945
537.915222
538.849548
542.837769
546.329834
546.141357
543.396912
541.327209
540.814453
540.165405
538.269531
535.864502
534.054993
533.018555
532.095947
530.652039
528.677002
526.631531
525.240601
525.292725
526.674744
527.997253
528.417053
528.981506
530.817383
533.089783
534.288452
534.857849
536.586670
539.442810
541.391724
541.798218
542.616516
545.158264
547.352722
545.923096
541.014954
536.748474
536.213806
537.792358
537.703430
534.675476
530.782715
528.545166
528.458496
529.054749
528.424561
526.085083
523.872681
524.284607
527.507141
530.816040
531.637939
530.845154
531.543518
534.536438
537.438599
538.603577
539.086182
540.382324
542.489868
544.548523
546.022827
546.440491
544.945374
541.521362
537.869568
535.640320
534.845398
534.728821
534.499878
533.074219
529.913696
526.120728
523.697388
523.767395
525.536987
526.983826
526.985352
526.741943
528.237427
531.251587
533.502930
533.997314
534.317322
536.088135
538.921265
541.461548
543.094788
543.989197
544.275574
543.972351
543.282837
542.176941
540.352478
538.198425
536.731812
536.071411
535.023071
532.730835
529.962952
528.067200
527.167236
526.370422
525.391296
524.984863
525.765259
527.303040
528.658997
529.600647
530.871338
532.872498
534.867676
536.270386
537.685364
539.736633
541.928528
543.601135
544.702820
544.915344
543.662537
541.522034
540.141357
540.065125
539.737915
537.661865
534.742615
532.925598
532.023315
530.204102
527.327515
525.279053
525.195862
526.292297
527.288330
527.869202
528.511475
529.327332
530.042908
531.000000
532.791992
535.054626
536.955261
538.568726
540.610718
542.768372
543.557983
542.930237
543.058228
544.556458
544.827271
542.171631
538.505310
536.443665
536.059387
535.337341
532.920105
529.840576
527.887085
527.222351
526.900513
526.425171
525.931885
526.043152
527.510254
530.047852
532.265503
533.240112
533.301270
533.578552
535.181702
537.914429
540.177551
541.243164
542.281799
543.920044
544.821289
543.978699
542.456665
541.567932
540.835632
539.144226
536.828186
534.986694
533.578003
531.908691
530.066223
528.476685
526.991699
525.385620
524.196106
524.654053
527.420715
531.202271
533.609619
533.766663
532.841248
532.159485
532.439819
534.462036
538.244995
541.699707
542.633911
542.086914
542.923279
545.211731
545.989929
543.729797
540.390747
538.480408
537.891418
536.759949
534.504822
532.333740
530.786072
529.043945
527.081238
526.048889
526.164368
526.443420
526.713135
527.818420
529.753906
531.471497
532.625732
533.898560
535.499207
536.829956
537.701050
538.774292
540.687134
542.954407
544.253906
544.167664
543.550171
542.976990
542.170044
540.806885
539.014099
537.198486
535.395752
533.301331
531.411743
530.403442
529.233643
526.767822
524.591431
524.915833
527.028015
528.608704
529.110596
529.803711
531.461365
533.330566
534.511230
535.504211
537.249023
539.397522
541.094788
542.497314
543.966064
544.927246
544.691772
543.437805
541.907471
540.602417
539.399292
538.058105
536.862183
535.841919
533.975708
530.892822
528.294067
527.610413
527.634155
526.562073
525.068542
525.387329
527.976196
530.746338
531.925903
532.225952
533.205688
534.953186
536.751465
538.701782
541.092712
543.229370
544.230652
544.290039
544.181213
543.970032
543.119080
541.656128
540.316528
539.294800
537.803711
535.539856
533.549866
532.602112
531.599060
529.144043
526.059448
524.593628
525.417053
527.005737
528.015564
528.739868
529.799866
531.007996
532.283997
534.146118
536.465454
538.261230
539.425598
540.975769
543.148621
544.868164
545.290161
544.690125
543.770996
542.719116
541.174133
539.232788
537.873474
537.408203
536.407593
533.687622
530.392883
528.519592
528.090027
527.451538
526.059509
525.169678
525.761230
527.420349
529.306213
530.913269
531.989014
532.740845
534.084229
536.758423
539.955994
541.903748
542.257690
542.600708
543.886047
544.925903
544.348145
542.582458
540.981689
540.056885
539.248779
537.957642
536.282593
534.547058
532.510437
529.981201
527.808228
526.893433
526.673767
526.131897
525.694031
526.543274
528.549561
530.340027
531.340759
532.359741
534.010376
535.803040
537.310242
539.111816
541.550354
543.622559
544.317688
544.060181
543.687134
543.079224
541.845276
540.361267
539.265503
538.472290
537.291870
535.488525
533.590271
531.914368
530.014404
527.742676
526.087158
525.906982
526.507019
526.651672
526.622131
527.881165
530.568420
532.929199
533.781982
534.132324
535.475159
537.796997
540.290527
542.572266
544.176941
544.387573
543.483154
542.774353
542.637634
541.917419
539.858093
537.392456
535.991394
535.791260
535.315186
533.251831
530.264099
528.156677
527.255188
526.306763
525.329956
525.995850
528.340881
530.063538
529.997620
529.576538
530.430542
532.693176
535.562195
538.193481
540.191162
541.549805
542.439148
543.305115
544.343506
544.633362
543.241516
541.114990
539.887024
539.259155
537.850220
535.877075
534.705505
534.236267
532.781372
529.762085
526.916504
526.020752
526.546570
526.768555
526.415771
526.725891
528.229126
530.068604
531.609070
533.105286
534.574951
535.746216
537.174622
539.689453
542.684387
544.386841
544.125061
543.203308
542.811218
542.416809
541.392334
540.256470
539.079529
536.971680
534.062439
531.857422
531.253601
531.475464
530.807861
528.388245
525.658569
524.906372
526.198425
527.569214
528.157288
528.973022
530.604797
532.291199
533.472717
534.726135
536.706177
539.076111
541.125000
542.688660
543.826843
544.305054
544.001587
543.272339
542.303040
540.771057
538.759583
537.158630
536.301025
535.013306
532.340210
529.321655
527.706177
527.615479
527.544983
526.515137
525.393311
525.608154
527.189819
528.950073
530.202820
531.307861
532.669800
534.157959
535.744568
537.918579
540.661560
542.815430
543.611816
543.818787
544.219727
544.158386
542.851013
541.015503
539.720032
538.631470
536.838379
534.559204
532.604309
530.840027
528.709656
526.675720
525.697693
525.752014
525.982849
525.971313
526.172180
527.287781
529.226624
530.966858
532.066223
533.402710
535.511230
537.523438
538.885132
540.446472
542.538940
543.810303
543.237488
541.767517
541.008911
541.533142
542.746277
543.191467
541.314941
537.127441
532.602783
529.721619
528.662292
527.953125
526.303406
524.501465
524.494507
526.323486
527.911804
528.216614
528.437561
529.838440
532.086060
534.004944
535.166016
536.212646
537.735962
539.589539
541.486938
543.348389
544.661560
544.580078
543.205078
541.800903
541.070801
540.173462
538.286743
536.205383
535.033203
534.043518
531.821289
528.866150
526.940857
526.343323
525.924011
525.477844
526.027527
527.813660
529.719604
530.837219
531.458618
532.304871
533.607239
535.176270
536.934265
538.998108
541.161560
542.769714
543.606995
544.259338
544.796570
544.100647
541.731262
539.289917
538.223511
537.641724
536.153259
534.258179
532.865356
531.166931
528.359802
525.761536
525.112183
526.074646
526.930420
527.136658
527.891907
529.966309
532.213989
533.204651
533.358337
534.137146
535.863708
537.682739
539.280518
541.231201
543.354004
544.354736
543.819763
542.978882
542.653015
541.952026
540.083923
537.982239
536.771484
535.866455
534.025085
531.518616
529.626709
528.473450
527.164124
525.809448
525.536194
526.517212
527.776489
528.778259
529.932190
531.684937
533.624695
534.803345
535.205750
536.040710
537.943542
540.184692
542.137695
543.800903
544.701233
544.145691
542.611450
541.449463
540.981934
539.940491
537.472534
534.840942
533.687378
533.269043
531.585022
528.712952
526.657288
526.261658
526.477661
526.547119
526.953674
528.116089
529.627258
531.114929
532.768860
534.589111
535.974121
536.568298
537.059753
538.573547
541.198486
543.629150
544.613159
544.299805
543.543091
542.600708
541.397034
540.227295
539.165588
537.615234
535.370728
533.276489
531.932251
530.559326
528.372803
526.267151
525.674072
526.423645
527.123718
527.325867
528.043701
529.914368
532.005066
533.323792
534.366089
535.914429
537.723938
539.578674
541.830444
544.177368
545.478455
545.085388
543.654053
542.497864
542.132385
541.679321
540.177795
538.007019
536.227722
534.912292
533.123779
530.616028
528.473267
527.337891
526.395630
525.320374
525.300354
526.871948
528.749451
529.795105
530.469849
531.746216
533.688965
535.679688
537.484985
539.195129
540.596497
541.843750
543.719543
545.899963
546.606262
544.943420
542.141724
540.148315
539.677124
539.503357
537.962280
535.272766
533.120117
531.905334
530.429871
528.335999
526.629822
525.791626
525.449097
525.846252
527.579773
529.856262
531.064819
531.245422
532.042786
534.044250
536.156677
537.798889
539.734985
542.207764
543.896790
543.805359
542.999084
543.112793
543.994507
543.960999
542.030334
539.209961
537.301697
536.676514
536.003174
534.210266
531.594055
528.943665
526.900696
525.986206
526.103760
526.437805
526.635925
527.447815
529.409363
531.588318
532.674805
532.969604
534.122620
536.726379
539.420166
541.030518
542.216064
543.838562
544.981262
544.299194
542.459473
541.301086
541.207458
540.957153
539.716858
537.833130
535.810608
533.672302
531.566284
529.998840
528.993103
527.839294
526.215454
525.080505
525.673279
527.621643
529.218445
529.914978
530.985779
533.055847
534.874390
535.657959
536.731140
539.313477
542.265137
543.763000
543.890808
543.785950
543.572937
542.705200
541.255127
539.769714
538.551880
537.529419
536.492126
535.362488
533.992371
531.916260
529.196594
527.062439
526.413635
526.396118
525.848022
525.459778
526.885376
529.816406
531.854736
531.983215
532.090942
534.011536
537.064819
539.557922
540.990051
541.958252
542.978394
543.961548
544.388062
543.721191
541.966003
539.973083
538.672180
537.914429
536.800903
534.996460
532.952698
531.317017
530.354004
529.398560
527.525391
525.425232
524.954773
526.265625
527.616272
528.335571
529.539062
531.693481
533.653992
534.559692
535.189575
536.792725
539.361938
541.802551
543.388550
544.166077
544.219543
543.593506
542.687622
541.721252
540.166687
537.758057
535.614746
534.847900
534.453857
532.656677
529.742798
527.466797
526.565674
526.428040
526.275940
525.955750
526.108032
527.267212
529.027222
530.775024
532.347473
533.570374
534.370239
535.514954
537.903687
540.879089
542.661133
542.898254
543.187012
544.285034
544.612915
542.696289
539.748169
538.258972
538.373291
537.666992
534.957031
531.919739
530.088379
528.986328
527.943115
527.087646
526.291504
525.321533
524.918213
526.144714
528.814087
531.304321
532.159119
531.966492
532.827148
535.454834
538.153564
539.472717
540.260254
541.982727
544.219727
545.181335
544.289856
542.671204
541.185669
539.750122
538.434692
537.403381
536.063782
533.834900
531.340820
529.634094
528.622314
527.315063
525.517700
524.376465
524.867554
526.383484
527.660339
528.666138
530.331360
532.509094
533.794678
533.881165
534.518677
537.051392
540.280151
542.229431
542.872803
543.491638
544.264954
544.087585
542.526855
540.611023
539.317505
538.341797
537.009399
535.283997
533.225952
530.954285
529.205688
528.261658
527.151062
525.466675
524.400452
524.994080
526.973267
529.257019
530.637024
530.915222
531.473877
533.304321
535.404602
536.643616
537.786926
540.030151
542.685181
544.096985
544.088928
543.750732
543.343628
542.127686
540.120300
538.332703
537.139099
535.930054
534.437012
532.884644
530.968811
528.459167
526.408081
525.858276
526.138733
526.224060
526.521240
527.738281
529.536011
531.204407
532.284485
532.719238
533.364685
535.250183
537.840515
539.709473
540.818726
542.234558
543.942322
544.654297
543.785095
542.207031
540.823914
539.653259
538.519775
537.333069
535.621765
533.193726
531.005493
529.943665
529.213257
527.488037
525.325195
524.734680
526.293396
528.434509
529.783203
530.489136
531.224854
532.265808
533.474426
534.658264
536.073242
538.136169
540.480408
542.280334
543.367432
543.987427
544.007080
543.288452
542.192627
540.988525
539.321777
537.058655
535.158997
534.425354
533.697327
531.274719
527.921021
526.042480
526.135254
526.466064
526.180786
526.457031
528.191711
530.376770
531.694641
532.432495
533.557495
535.027100
536.245667
537.297852
538.797180
540.875854
542.805420
543.779724
543.946472
543.859009
543.172302
541.349182
539.221741
538.051025
537.454712
536.067993
533.770752
531.700928
530.297241
528.725403
526.658386
525.300110
525.635132
526.841980
527.772339
528.781494
530.555298
532.405640
533.392639
534.029602
535.352661
537.238831
538.893433
540.221313
541.742126
543.447815
544.444763
543.999023
542.718384
541.757446
541.008362
539.552734
537.566528
536.083679
535.082153
533.502136
531.157410
529.059875
527.752625
526.695251
525.718567
525.662781
526.843445
528.347534
529.544922
530.919067
532.697693
534.110779
534.897522
536.150818
538.697144
541.651978
543.407104
543.561584
543.246704
543.530579
543.985229
543.394653
541.682922
540.036621
538.956421
537.631836
535.663147
533.789551
532.265869
530.364258
528.100403
526.587402
526.240845
526.305481
526.467896
527.384155
529.196777
530.882568
531.774292
532.642944
534.312256
536.240173
537.636353
539.000732
541.190247
543.714478
545.170532
545.011841
544.105957
543.389587
542.604919
541.071106
539.164062
537.837158
536.974609
535.573853
533.401672
531.268372
529.576599
527.832886
526.105164
525.488342
526.275208
527.347961
528.146362
529.324768
531.012756
532.420410
533.345459
534.588135
536.720703
539.158203
540.916382
542.112488
543.514160
544.643311
544.305237
542.799622
541.577148
541.083862
540.481995
539.121948
537.352051
535.908264
534.696594
532.802551
530.135559
527.914978
526.881592
526.358704
525.814270
525.901306
527.146545
528.930237
530.475769
531.803101
533.081970
534.037415
534.840454
536.521851
539.446655
542.246826
543.461121
543.526245
543.727905
543.894226
542.823853
540.575989
538.684021
538.167786
538.335083
537.678406
535.681213
533.334595
531.598572
530.119934
528.281189
526.472473
525.418518
525.280334
526.102234
528.007568
530.240601
531.368225
531.400269
532.219421
534.719116
537.232666
538.312500
539.133423
541.342651
544.126587
545.231262
544.126953
542.473083
541.482544
540.586060
539.150757
537.706055
536.765442
535.956848
534.789551
533.177856
531.151611
528.820435
526.651428
525.449402
525.633301
526.537109
527.161194
527.752197
529.469788
532.124817
533.870605
533.970032
534.206970
536.360962
539.614319
541.854187
542.584534
543.039124
543.885498
544.247192
543.215820
541.223083
539.264648
537.667786
536.377319
535.679199
535.538391
534.778992
532.433105
529.505310
527.719788
527.082397
526.379822
525.530090
525.738403
527.493896
529.644897
530.911865
531.608704
532.807007
534.488586
536.014038
537.603210
539.770996
542.009460
543.410645
543.964478
544.094727
543.527222
541.847778
539.804260
538.583740
537.916870
536.494385
534.155334
532.173218
531.396606
531.134888
530.087524
528.053894
526.249329
525.683960
526.064209
526.849670
528.194458
530.062927
531.574768
532.248535
532.985901
534.809204
537.245117
539.085938
540.356567
542.018921
543.928650
544.780334
544.112427
542.737305
541.230835
539.613770
538.194336
537.256775
536.231140
534.320312
531.788879
529.733765
528.676514
527.993469
526.914307
525.789612
525.737366
526.880798
528.076538
528.869995
530.172302
532.278809
533.910217
534.301514
534.789551
536.968323
540.113037
542.113525
542.566895
542.961365
543.884338
544.114685
542.771179
540.563049
538.601135
537.174438
535.984131
534.800049
533.411621
531.585815
529.557068
527.921875
526.870789
526.107117
525.492188
525.429993
526.575439
528.746094
530.527222
531.157227
531.836060
533.623962
535.578369
536.615356
537.598572
539.896729
542.847290
544.378052
543.926514
543.020996
542.676636
542.044067
540.337769
538.240173
536.640076
535.500061
534.381287
532.980957
531.018311
528.546936
526.466064
525.843750
526.551941
527.245911
527.012695
526.651489
527.744141
530.382324
532.666687
533.246277
533.293823
534.691284
537.314514
539.652039
541.204834
542.565186
543.631531
543.582092
542.609009
541.830994
541.297729
539.995667
537.925171
536.225586
535.144348
533.709290
531.517700
529.346619
527.863220
526.862854
526.183960
526.317871
527.434692
528.702393
529.327759
529.654419
530.658142
532.514282
534.111755
534.682739
535.336426
537.448242
540.323853
542.336609
543.301208
543.886353
543.948547
542.985046
541.399719
540.101196
539.065125
537.478210
535.427002
533.947632
532.986511
531.316345
528.897217
527.091370
526.485474
526.399048
526.402893
526.950806
528.442810
530.320740
531.510376
531.848083
532.419373
533.965271
535.795166
537.112000
538.481567
540.685730
542.896790
543.704468
543.287781
542.840271
542.431030
541.226379
539.421509
538.070007
537.233826
535.955383
533.897339
531.750793
529.957214
528.175598
526.495911
525.889893
526.603638
527.480225
527.920471
528.881531
530.901611
532.783813
533.238037
532.786011
533.204712
535.372437
538.265503
540.395020
541.664062
542.832825
543.739868
543.593994
542.601318
541.646484
540.732483
539.210205
537.277161
535.901489
535.109497
533.715149
531.311096
529.040894
527.682861
526.617676
525.594238
525.704468
527.421387
529.376099
530.309265
530.882080
532.314819
534.243835
535.347168
535.555420
536.283264
538.382019
540.969666
542.773682
543.690979
544.187378
544.029358
542.724060
540.736084
539.170532
538.244812
537.145752
535.499817
533.860168
532.373474
530.400085
528.070740
526.539246
526.245422
526.445068
526.735657
527.725281
529.631470
531.374878
532.145447
532.816895
534.364319
536.217834
537.613892
538.860718
540.408813
542.176880
543.731079
544.339294
543.683716
542.543152
541.606812
540.474976
538.851990
537.299011
536.121033
534.902527
533.404602
531.765259
529.902405
527.730713
525.925293
525.533752
526.524353
527.629944
528.328064
529.600159
531.776001
533.463684
533.834656
534.220215
536.069519
538.798462
540.866516
541.843811
542.448975
543.214661
543.844604
543.712952
542.656006
541.192749
539.831543
538.453186
536.910950
535.615112
534.546204
532.799805
530.330200
528.437073
527.535095
526.626221
525.642700
525.918396
527.838623
529.994690
531.158081
531.801636
532.969238
534.585693
535.952087
537.237732
539.140686
541.344604
542.772156
543.310242
543.800781
544.333740
543.947021
542.270996
540.317200
539.080505
538.168091
536.638062
534.599060
532.972046
531.871887
530.332642
528.003723
526.101868
525.836548
526.686890
527.451904
528.208679
529.646179
531.386108
532.677002
533.763611
535.153442
536.659180
538.204651
540.287781
542.763428
544.283264
543.905090
542.704224
542.528809
543.340698
543.243347
541.141235
538.157166
536.182068
535.566406
534.807007
532.746399
530.149963
528.267273
527.104919
526.234314
525.962097
526.578308
527.609680
528.758423
530.387329
532.367737
533.726013
534.181213
534.974976
537.133240
539.742126
541.315369
542.105835
543.223816
544.160889
543.482544
541.439514
539.814514
539.527832
539.697937
538.937073
537.027100
534.969055
533.332703
531.595703
529.567200
527.906189
526.829346
526.000061
525.748474
526.794312
528.801636
530.424927
531.107788
531.926941
533.730286
535.518860
536.347961
537.352112
539.747986
542.473022
543.786011
543.749512
543.458618
543.005127
541.687744
539.630676
537.997192
537.479736
537.330017
536.351135
534.477478
532.628967
531.124573
529.303955
527.113525
525.763672
525.988647
526.887634
527.562622
528.562744
530.385193
532.112000
532.918213
533.549683
535.087280
537.281311
539.261597
540.977844
542.727661
543.957581
543.856323
542.802124
541.887390
541.202454
539.795349
537.542664
535.816101
535.369629
535.017883
533.530151
531.274536
529.200623
527.598816
526.500916
526.109680
526.538269
527.521790
528.535095
529.492065
530.881042
532.660645
533.866821
534.252441
535.230408
537.830017
540.927429
542.817627
543.380127
543.575867
543.640137
542.876099
541.141357
539.434448
538.418640
537.441833
535.972839
534.498169
533.164307
531.395386
529.344788
527.949707
527.429138
527.049500
526.398621
526.105530
527.097290
529.193359
531.012634
531.784851
532.377075
533.776550
535.615601
537.148682
538.619629
540.599060
542.744568
544.118713
544.286560
543.438599
541.887451
540.128479
538.876160
538.278137
537.470093
535.686218
533.450378
531.761902
530.494873
528.687012
526.319702
524.699036
524.874268
526.326965
527.627625
528.305664
529.293823
531.104431
532.792175
533.583435
534.285156
535.898010
537.983887
539.747742
541.472473
543.378174
544.391968
543.652954
542.038818
540.873047
540.156372
539.033447
537.412354
536.096130
535.130737
533.463684
530.909058
528.763428
527.759094
527.051025
525.882446
524.941040
525.425293
527.349854
529.473877
530.872559
531.759277
532.621094
533.521118
534.619934
536.458557
538.995972
541.140747
542.191589
542.881104
543.846741
544.126587
542.674255
540.360168
538.837708
538.157410
537.090027
535.365417
533.838318
532.547974
530.527161
527.882507
526.152100
526.000977
526.467529
526.874451
527.573486
528.813660
530.265076
531.451965
532.227600
533.026062
534.283325
535.758606
537.217896
539.089905
541.517578
543.544434
544.107544
543.449829
542.625793
541.769775
540.290649
538.588684
537.604004
536.901794
535.263672
532.790649
530.710815
529.388184
527.987854
526.286438
525.446960
526.251953
527.857117
529.192322
530.242676
531.284607
532.155334
532.707397
533.261597
534.403870
536.329468
538.426758
540.108337
541.673523
543.386353
544.366150
543.627380
541.771240
540.295959
539.506104
538.408508
536.734314
535.412415
534.505005
532.861755
530.398560
528.389404
527.245361
526.287842
525.652771
526.240479
528.014771
529.872498
531.072205
531.931152
532.976318
534.080566
534.832581
535.447876
536.802979
539.287170
541.915649
543.332886
543.609131
543.711487
543.468933
542.022095
539.933167
538.577698
537.849731
536.584106
534.709106
533.135864
531.886841
530.101440
527.895508
526.483643
526.299438
526.603455
527.101074
528.396362
530.474365
532.134033
532.675903
533.025879
534.233459
535.901123
537.105713
537.972290
539.445862
541.758667
543.731140
544.113586
543.253357
542.287476
541.255615
539.597168
537.791565
536.734985
536.035583
534.621643
532.535095
530.692627
529.275085
527.671814
526.027161
525.493103
526.516479
528.083740
529.332214
530.609131
532.135437
533.182922
533.608032
534.713867
537.292908
540.059204
541.361755
541.484741
541.965881
543.255249
544.200989
543.673462
541.954285
540.161621
538.791321
537.536194
536.248413
535.077637
533.647461
531.476013
529.182007
527.824036
527.213501
526.415771
525.710571
526.359924
528.454224
530.499268
531.581909
532.465942
533.835144
535.136719
536.138733
537.750549
540.198792
542.252930
543.064758
543.223633
543.500610
543.710266
543.185852
541.779785
540.095215
538.701660
537.415588
535.800354
534.053772
532.666138
531.354370
529.371643
527.106140
525.958252
526.229065
526.795471
527.297668
528.636230
530.850464
532.610352
533.323364
533.972534
535.386536
537.146973
538.769958
540.562683
542.583801
544.018799
544.213684
543.531921
542.788208
542.193420
541.207703
539.462585
537.539246
536.302612
535.562927
534.228699
531.974792
529.771362
528.280273
527.020874
525.904175
525.864502
527.070862
528.453247
529.587341
531.027588
532.601257
533.457458
533.923035
535.393127
538.153198
540.786743
542.192078
542.865662
543.503845
543.757629
543.180725
542.090759
540.960571
539.914124
538.757629
537.225159
535.597107
534.429077
533.244568
531.085266
528.472290
526.835022
526.373291
526.262207
526.383850
527.385864
529.248901
530.950195
531.932129
532.878540
534.244202
535.458435
536.475220
538.243286
540.839111
542.871887
543.439819
543.263855
543.148682
542.579956
540.907471
538.892212
537.820984
537.674927
537.222961
535.680664
533.573059
531.839172
530.419373
528.617981
526.752625
525.948486
526.326660
527.021179
527.909973
529.533081
531.516357
532.802795
533.276794
534.003418
535.728516
537.915771
539.791260
541.507019
543.209167
544.018005
543.433411
542.438477
541.762878
540.703735
538.779358
536.880005
535.961853
535.729126
535.036621
533.220703
530.869507
529.031982
527.808228
526.587524
525.632935
526.003479
527.712036
529.428040
530.384583
531.253418
532.617554
533.946533
534.903076
536.314941
538.706604
541.092285
542.408875
542.976807
543.457214
543.477844
542.409302
540.755981
539.518066
538.565063
537.042603
535.160706
534.059875
533.843445
533.089417
530.860535
528.208313
526.778931
526.626831
526.670776
526.766846
527.763916
529.669556
531.350769
532.275635
533.129944
534.383667
535.675354
536.976318
538.923035
541.450989
543.287903
543.560059
543.064758
542.840088
542.313843
540.533752
538.371521
537.310242
536.892456
535.591919
533.338928
531.390686
530.333008
529.395447
527.785156
526.129639
525.719177
526.542664
527.575012
528.684326
530.414001
532.295715
533.233521
533.362488
534.129333
536.298157
538.869629
540.624329
541.739380
542.895569
543.752686
543.585693
542.551880
541.170044
539.513916
537.733398
536.472229
535.882263
534.942749
532.777588
530.064575
528.199585
527.566406
527.320984
526.653259
525.959656
526.400024
528.087830
529.842285
531.102051
532.362976
533.567383
534.075012
534.377991
535.989563
539.120789
541.968628
543.106750
543.210999
543.382629
543.229797
541.992310
540.256775
539.011963
538.028564
536.572205
534.882324
533.567200
532.238831
530.203125
527.926697
526.540466
526.272217
526.366638
526.337280
526.644958
528.015686
530.191162
531.947144
532.759949
533.422974
534.555725
535.923035
537.571411
539.923340
542.445068
543.805176
543.696655
543.230408
542.985474
541.995850
539.748352
537.604248
536.698486
536.148804
534.792480
532.913147
531.216675
529.565674
527.560608
525.730347
525.270691
526.390625
527.829346
528.595825
529.190125
530.429993
532.038330
533.211853
534.012756
535.241150
537.079224
538.925537
540.592529
542.436401
544.078674
544.315002
542.981445
541.569397
540.921204
539.918274
537.740906
535.606873
534.727783
534.203369
532.540649
529.944824
527.827881
526.884705
526.594299
526.434875
526.731140
527.939758
529.655579
531.021118
531.856323
532.591187
533.381958
534.166443
535.431885
537.757263
540.512878
542.132446
542.188599
542.421997
543.975159
544.788757
542.918762
540.002136
538.100159
536.715698
535.410278
534.606323
533.370483
530.863281
528.492432
527.751221
527.843262
527.168335
525.947571
526.067261
528.477478
531.684692
533.364807
532.839661
531.606445
531.847534
534.309082
537.527710
539.650208
540.625610
541.571899
542.810913
543.819397
544.099182
543.244263
541.198181
538.874634
537.466858
536.903015
535.926025
533.791687
531.321960
529.782227
528.952087
527.556885
525.819214
525.519897
526.867615
528.136230
528.967957
530.636536
532.954773
534.176208
533.820557
533.382446
534.398499
536.966370
540.002991
542.370178
543.652222
543.924988
543.299744
542.167664
541.280518
540.725464
539.504211
537.257080
535.346252
534.729248
534.088745
531.896362
528.931213
526.936646
526.192139
526.017090
526.324402
527.316772
528.685547
530.007385
531.371216
533.021423
534.618896
535.513916
535.740906
536.296387
538.185608
540.979675
542.941650
543.238220
542.962830
543.063416
542.826599
541.468689
539.624207
538.199768
536.974915
535.359253
533.638672
532.279541
530.733704
528.439819
526.367798
525.939819
526.814697
527.485596
527.831726
529.006348
531.001282
532.556580
533.306152
534.054810
535.269958
536.869629
538.948975
541.482300
543.734619
544.745972
544.262390
543.123596
542.484253
542.263000
541.151062
538.947876
537.261475
536.732666
535.800537
533.380493
530.661011
529.101379
528.251343
526.868103
525.346619
525.425903
527.405518
529.501038
530.467468
530.982422
531.972290
533.336609
534.802429
536.508057
538.387268
540.205566
542.086182
544.099487
545.582642
545.502380
543.679749
541.501221
540.571594
540.442383
539.222229
536.716003
534.749207
534.042908
533.103027
530.795227
528.106201
526.583801
526.342285
526.466125
526.726379
527.784668
529.646545
531.223877
532.032532
532.879517
534.160095
535.347534
536.660095
539.021545
541.949219
543.642090
543.545471
542.956299
542.907227
542.972717
542.260071
540.693420
538.966553
537.533691
536.247253
535.005920
533.897522
532.557861
530.330933
527.496704
525.505554
525.276672
526.039856
526.824341
528.046509
530.121155
531.897827
532.362610
532.503052
533.855103
536.247559
538.353943
539.788818
541.358398
543.304077
544.480347
543.968445
542.538147
541.569031
541.207581
540.427612
538.738037
536.992859
535.919922
534.760376
532.639221
530.258362
528.631958
527.361145
525.889771
525.125244
526.072327
527.979675
529.431702
530.380310
531.634338
533.134094
534.107971
534.689026
536.073975
538.721436
541.580872
543.537598
544.426819
544.242554
542.941040
541.335571
540.405151
539.723389
538.253235
536.194580
534.684021
534.269653
534.250610
533.202332
530.580322
527.723328
526.212952
525.944214
526.023071
526.491089
527.921997
529.957947
531.547974
532.464172
533.418335
534.731384
536.112061
537.704285
539.920959
542.247131
543.564758
543.719299
543.559998
543.293945
542.187439
540.192078
538.369812
537.257568
536.305176
535.157349
534.052979
532.963318
531.375427
529.026489
526.613892
525.462830
525.905945
526.665771
526.894958
527.638855
529.891052
532.470276
533.571106
533.570007
534.406128
536.625305
538.993713
540.813049
542.526794
544.050110
544.502747
543.689636
542.286804
540.701233
538.963989
537.408203
536.458679
535.746277
534.226685
531.646790
529.260315
528.367676
528.475281
527.822754
525.976257
524.823914
526.015503
528.545105
530.342468
531.091125
531.920898
533.281006
534.606445
535.706909
537.228760
539.390869
541.379822
542.607361
543.443298
544.020447
543.551880
541.805786
539.968262
538.866882
537.778442
536.130798
534.643616
533.590454
531.912598
529.205261
526.757202
525.823547
526.150574
526.593140
526.533447
526.620483
527.929810
530.215149
532.063171
532.978333
533.761719
534.881165
536.226624
538.122498
540.772339
543.064270
543.693115
543.209656
543.126587
543.243408
542.025513
539.544189
537.640381
536.925171
535.961487
533.865112
531.636353
530.196472
528.887146
526.979736
525.196716
524.744507
525.681702
526.957825
527.909790
528.995667
530.655518
532.301758
533.354370
534.314087
535.844543
537.631104
539.165710
540.826111
542.940063
544.497986
544.243286
542.661011
541.302612
540.464905
539.161560
537.210022
535.736267
535.069397
533.928345
531.606812
529.169800
527.651978
526.747131
525.975159
525.632935
526.148987
527.458130
529.055054
530.486267
531.726807
532.853821
533.688721
534.345825
535.580017
537.943665
540.882202
543.064026
543.740662
543.428528
542.901794
542.295593
541.576721
540.682068
539.097656
536.751160
534.766479
533.964050
533.301819
531.139893
527.829163
525.660339
525.796143
526.719055
526.879272
527.194397
529.033508
531.507751
532.854004
532.889587
532.795166
533.638733
535.495056
537.631653
539.585693
541.507019
543.117004
543.734985
543.427185
542.805359
541.964539
540.528442
538.670105
537.261658
536.522034
535.453857
533.471252
531.395020
529.851196
528.233887
526.411255
525.620911
526.383972
527.522766
528.364319
529.688904
531.727905
533.378357
533.856445
533.659546
534.051819
535.950745
538.738586
540.844482
541.892944
542.785400
543.639587
543.611938
542.597412
541.301880
539.961243
538.391235
536.847717
535.753357
534.719177
532.934082
530.518188
528.444885
527.188416
526.332886
525.715088
525.993530
527.557678
529.527222
530.864136
531.937988
533.534424
535.094971
535.572632
535.388855
536.196655
538.761047
541.834351
543.588257
543.839722
543.752319
543.600586
542.519409
540.492004
538.665039
537.491028
536.335022
534.875061
533.378540
531.789185
529.818787
527.821960
526.524109
526.084961
526.149475
526.749817
528.315125
530.526245
532.142822
532.572021
532.873474
534.286987
536.380310
537.794312
538.335327
539.335632
541.628967
543.846924
544.193054
543.156067
542.359802
541.768066
540.252869
538.048889
536.533142
536.075989
535.385559
533.325806
530.582581
528.467346
527.130737
526.170959
525.889282
526.612854
527.820862
529.052063
530.529724
532.120789
532.997314
533.200439
534.178772
536.827209
540.033997
541.940430
542.141052
542.044556
542.995728
544.429810
544.567566
542.825378
540.495972
538.885803
537.854736
536.704041
535.398438
533.962036
531.994080
529.710876
527.965820
526.812744
525.734436
525.316284
526.694519
529.250244
530.884033
531.041016
531.490234
533.411072
535.655823
536.790833
537.383972
539.030457
541.788513
543.962402
544.389526
543.723267
543.165039
542.814819
541.932678
540.336670
538.552856
536.867920
535.398743
534.439636
533.652832
531.908569
528.974426
526.457397
525.937805
526.831970
527.307922
527.075989
527.819092
530.365417
533.000427
533.780212
533.417053
534.124695
536.378418
538.860718
540.773315
542.299988
543.339050
543.458252
542.969971
542.716919
542.626404
541.576660
539.279114
537.190063
536.553101
536.407043
534.858521
531.878296
529.291687
528.072998
527.290955
526.100525
525.213379
525.704773
527.501404
529.648621
531.406372
532.605896
533.338989
534.054749
535.617126
538.173340
540.516418
541.813782
542.812012
544.025635
544.413330
543.074707
540.810608
539.196594
538.863770
538.887451
537.863220
535.784546
534.065552
533.173645
531.835571
529.485779
527.398499
526.499451
526.203064
526.110168
526.867004
528.707336
530.660095
531.869751
532.735168
533.910034
535.159851
536.296326
537.984558
540.456482
542.571167
543.302734
543.219299
543.256287
542.935120
541.270569
538.892639
537.551270
537.545044
537.383606
536.020447
534.007507
532.253235
530.719055
528.854126
526.829407
525.609253
525.673279
526.447388
527.506775
529.137512
531.110535
532.435303
532.942078
533.785950
535.687988
537.886658
539.574036
541.112976
542.925171
544.250122
544.160034
543.011475
541.762634
540.513977
538.801025
536.908447
535.775757
535.623718
535.418457
533.975952
531.429199
529.084656
527.637817
526.548279
525.649658
525.750549
527.019348
528.531738
529.900818
531.613281
533.421326
534.212463
534.146484
535.171875
538.205811
541.414124
542.784302
542.844604
543.194946
543.745117
543.179871
541.310242
539.320557
537.937500
536.746887
535.382141
534.208191
533.495483
532.619629
530.819153
528.494019
526.836182
526.334412
526.537598
527.076782
528.068542
529.463928
530.730347
531.692932
532.938049
534.580627
535.811829
536.667847
538.426514
541.283081
543.525269
543.887085
543.181213
542.678589
542.157715
540.723633
538.725281
537.376343
536.679932
535.394409
533.087280
530.830261
529.652161
529.116577
528.051086
526.437866
525.601379
526.170715
527.259155
528.299622
529.805847
531.684265
532.852539
533.212280
534.157837
536.380920
538.802246
540.412659
541.661316
543.205139
544.370911
544.046448
542.477173
540.864197
539.607971
538.235962
536.761108
535.685242
534.715088
532.960510
530.507446
528.528442
527.671570
527.280396
526.526245
525.758911
526.183655
528.079102
530.127563
531.239258
531.898987
532.826904
533.801819
534.742371
536.424011
539.083313
541.587402
542.923218
543.456116
543.833862
543.601929
542.098267
540.047791
538.771301
538.149170
536.974670
535.093445
533.435852
532.073059
530.145569
527.764526
526.167419
525.850281
526.042175
526.171265
526.682373
528.163025
530.256287
531.855225
532.525208
533.109314
534.371826
535.989075
537.602173
539.597351
542.029236
543.893250
544.257874
543.518677
542.679932
541.726196
539.975525
537.851807
536.579346
536.049805
534.867981
532.674927
530.612671
529.242310
527.828552
526.198425
525.475830
526.261536
527.612610
528.540710
529.355103
530.750854
532.363892
533.223328
533.428772
534.339539
536.681274
539.355469
541.065857
542.146423
543.380432
544.124634
543.408875
541.852661
540.669800
539.757446
538.261169
536.310486
534.825500
533.785828
532.195496
529.900696
527.950012
526.857605
526.086121
525.670166
526.486572
528.498169
530.375244
531.215759
531.505554
532.163086
533.366333
534.556030
535.481140
536.825256
539.198425
541.895691
543.545471
543.776184
543.303772
542.538635
541.312744
539.876831
538.684082
537.388123
535.572449
533.880493
532.897766
531.771301
529.511658
526.929199
525.736755
526.195801
527.013062
527.521301
528.535095
530.537781
532.432495
533.063721
532.895020
533.264771
534.707520
536.722351
538.747375
540.735291
542.623901
543.798096
543.748718
542.922974
542.060547
541.004089
539.223999
537.219116
536.037903
535.459351
534.228333
532.119507
530.144165
528.735718
527.369507
526.116455
525.905029
526.965820
528.417786
529.681274
531.072937
532.659241
533.808716
534.316467
534.846008
536.058167
537.971252
540.001709
541.473145
542.407227
543.334900
543.967896
543.383362
541.725647
540.103943
538.936523
537.813599
536.555115
535.219116
533.544067
531.346008
529.133179
527.641907
526.900391
526.320557
525.936829
526.764221
529.068420
531.294556
532.110596
532.358704
533.421814
535.138794
536.796631
538.403564
540.093201
541.708862
542.988220
543.599548
543.618347
543.512878
542.959229
541.185181
538.867981
537.516174
537.042297
536.034241
534.040039
531.963806
530.404053
528.869019
527.072998
525.867676
525.997498
526.973816
528.144226
529.631409
531.314880
532.427063
532.912720
533.797729
535.619751
537.643005
539.241272
540.825867
542.733704
544.289612
544.631531
543.755310
542.398376
541.286987
540.428711
539.200684
537.514099
536.133850
535.194336
533.715393
531.381836
529.231384
527.921387
526.964294
526.146912
526.091187
527.006714
528.306641
529.729736
531.508850
533.227478
534.012695
534.256470
535.566833
538.434509
541.344177
542.812622
543.132812
543.440979
544.053406
544.257019
543.274292
541.287842
539.354431
538.068237
536.941162
535.530334
534.086914
532.583435
530.511902
528.155212
526.642822
526.315430
526.343506
526.369385
527.166626
529.066406
531.029968
532.179749
533.070435
534.419861
535.838135
536.991577
538.645325
541.160461
543.250854
543.714172
543.192505
542.838196
542.549500
541.589844
539.908997
538.233704
537.189270
536.485291
535.240723
533.300476
531.417053
529.935608
528.402954
526.758240
525.799377
525.928589
526.594788
527.594849
529.437927
531.760132
533.208374
533.517517
534.086426
535.946899
538.396545
540.221558
541.373596
542.576172
543.689270
543.741760
542.596069
541.185852
540.142761
539.245789
538.043457
536.599854
535.518799
534.839966
533.555176
531.194885
528.729370
527.055603
526.085205
525.774109
526.492859
528.049316
529.477173
530.315796
531.336792
533.047546
534.530823
535.196594
536.280457
538.846741
541.714966
543.164368
543.370483
543.517212
543.533386
542.442383
540.479431
538.938110
538.057373
536.976562
535.487427
534.146667
533.102966
531.926270
530.239441
528.277771
526.879761
526.430664
526.387878
526.618652
527.931702
530.324463
532.220886
532.691650
532.941162
534.307556
536.345459
538.124878
539.836731
541.781311
543.182373
543.296814
542.734375
542.406189
541.859802
540.183228
537.970886
536.604675
536.094666
535.393860
534.085205
532.430176
530.692078
529.050293
527.570007
526.383179
526.000061
526.607727
527.530945
528.415588
529.786499
531.638611
533.020874
533.659790
534.588684
536.579163
539.008240
540.875854
542.164185
543.366455
544.125183
543.585876
541.984741
540.510315
539.518005
538.250732
536.500366
535.027222
533.890564
532.103699
529.581543
527.676941
527.132874
527.067993
526.488403
525.728760
526.041260
527.916626
530.215942
531.558655
532.121948
532.970764
534.321289
535.826904
537.654236
539.973877
542.013550
542.889648
543.011475
543.281982
543.266541
541.868225
539.602966
538.052429
537.336792
536.325073
534.732544
533.118774
531.523254
529.589172
527.548767
526.151367
525.873657
526.431824
527.020630
527.349182
528.169800
530.010254
531.935242
532.865784
533.392273
534.684631
536.560181
538.271545
540.054810
542.201416
543.757446
543.759033
542.813904
542.075195
541.365479
539.815613
537.807922
536.524048
535.886963
534.628052
532.313782
529.908569
528.276550
527.203796
526.256714
525.718384
526.024231
526.951965
528.011047
529.195679
530.758484
532.391541
533.330627
533.720642
534.891785
537.442017
540.129272
541.639038
542.320618
543.101257
543.715515
543.213257
541.649292
540.048828
538.813416
537.420959
535.835510
534.736572
533.877930
532.066528
529.344604
527.212158
526.377014
526.130310
526.008667
526.411316
527.657104
529.409363
530.858521
531.610352
532.290222
533.557983
535.049561
536.288391
537.769348
540.028687
542.427856
543.783691
543.796387
543.121704
542.172729
540.848206
539.442871
538.390137
537.260742
535.511292
533.691345
532.534546
531.429260
529.293579
526.690674
525.470215
526.158752
527.263550
527.816406
528.746826
530.777344
532.873413
533.700867
533.371765
533.292419
534.730957
537.384155
539.687622
540.986572
542.119385
543.422791
544.022888
543.403442
541.984497
540.252197
538.606995
537.544250
536.970459
535.893555
533.627747
530.982788
529.296326
528.447388
527.186340
525.536682
525.157227
526.745850
528.879700
530.257385
531.231873
532.449829
533.678528
534.386719
534.582825
535.191956
537.304993
540.508789
542.993042
543.790955
543.542297
543.035645
542.348206
541.401306
540.249634
538.709167
536.635620
534.686584
533.819031
533.611450
532.347839
529.534241
526.716858
525.360474
525.507202
526.512817
527.738220
528.828796
529.952209
531.389160
533.117004
534.856506
536.050110
536.375122
536.579651
537.988525
540.811035
543.419983
544.068726
543.225342
542.700928
542.567078
541.257751
538.773376
536.958435
536.428040
535.783264
533.962463
531.527893
529.494385
528.013794
526.768921
525.974182
526.026184
526.727600
527.881653
529.708801
531.720642
532.743835
532.852478
533.622803
535.844971
538.399231
539.887573
540.365479
541.019897
542.510132
543.953064
543.972107
542.596680
541.079224
539.979187
538.757751
537.241028
536.001831
535.021484
533.409180
530.946899
528.694580
527.379395
526.486572
525.793335
526.161011
527.818665
529.536438
530.513367
531.454895
532.892395
534.155457
534.860962
535.955383
538.302246
541.167236
543.063293
543.585876
543.606262
543.799438
543.648132
542.360291
540.379517
538.898071
538.011841
536.802246
535.156494
533.810059
532.611511
530.573486
527.869629
526.056274
525.838440
526.221924
526.484314
527.353882
529.349426
531.442688
532.518494
533.007935
533.979858
535.593384
537.459534
539.562500
541.777283
543.363037
543.786682
543.420105
543.008484
542.744812
541.990173
540.218262
538.193848
537.129211
536.687927
535.446045
533.158936
530.947021
529.414917
527.948669
526.220825
525.240662
525.917358
527.518250
528.926086
530.310242
531.992310
533.177551
533.438965
534.004700
536.045837
538.793091
540.815369
542.124573
543.435669
544.331848
543.832214
542.210876
540.814636
540.216248
539.608032
538.223572
536.572754
535.528748
534.683594
532.898499
530.263428
528.129028
527.130859
526.547424
526.004395
526.293091
527.807800
529.613403
530.903198
532.057861
533.436584
534.604004
535.462280
536.837463
539.234985
541.765015
543.155701
543.469604
543.638245
543.544189
542.207275
539.868225
538.084778
537.566406
537.363159
536.414368
534.846375
533.359741
531.908813
529.840881
527.394897
525.862122
525.784485
526.281982
526.787476
528.014709
530.271545
532.317139
533.145691
533.555786
534.677856
536.289001
537.816650
539.612854
541.944031
543.806824
544.048462
543.067200
542.101868
541.304443
539.955688
538.138184
536.814819
536.404053
536.110168
534.856812
532.642578
530.443298
528.762573
527.221741
525.857605
525.538147
526.563049
528.071777
529.429504
530.974243
532.664612
533.567871
533.718262
534.698242
537.253662
540.000000
541.475769
542.091248
542.989075
543.952759
543.774719
542.294800
540.522339
538.997559
537.529297
536.182861
535.293091
534.723267
533.799316
532.013611
529.662537
527.632202
526.419800
525.783997
525.693359
526.742371
528.797424
530.449280
531.059204
531.852356
533.609253
535.253296
536.118347
537.432373
540.117493
542.908997
544.001648
543.457886
542.753967
542.439819
541.627258
539.915344
538.213135
537.111511
536.038574
534.455505
532.686340
531.264771
530.127197
528.834595
527.397034
526.401611
526.154846
526.377014
527.060120
528.672546
530.940186
532.552917
532.975464
533.416870
535.008423
537.218079
539.065491
540.643250
542.371704
543.719116
543.859802
543.053040
542.113403
540.993225
539.174133
537.138062
535.939819
535.310364
533.842041
531.301636
529.140930
528.353943
528.197388
527.464294
526.220032
525.733032
526.732727
528.436218
529.881287
531.176208
532.578796
533.677673
534.341125
535.398743
537.546021
540.155518
542.027344
542.998535
543.710205
543.993164
543.057190
541.183411
539.515442
538.338318
537.077576
535.693787
534.596619
533.386902
531.309937
528.815735
527.089966
526.375977
526.062256
525.830750
525.992737
527.116394
529.127136
530.886841
531.677307
532.369202
533.821716
535.472412
536.712952
538.182312
540.531006
542.921814
543.965149
543.671814
543.088562
542.338562
540.807068
538.915833
537.703979
536.997131
535.787109
533.993591
532.298279
530.605896
528.290955
525.974609
525.228210
526.211304
527.375183
527.744690
527.970215
529.037903
530.903564
532.532227
533.231262
533.780334
535.481445
538.153931
540.386658
541.658752
542.627197
543.526367
543.781555
543.046143
541.558289
539.780579
538.228027
537.275757
536.719177
535.618469
533.262573
530.412354
528.572571
527.874817
527.059448
525.850464
525.634338
527.175354
529.311890
530.678284
531.334839
531.984192
532.773376
533.476135
534.248352
535.760437
538.348572
541.090454
542.551941
542.717590
542.835815
543.073120
542.364929
540.771240
539.521973
538.695801
537.304565
535.449219
534.006958
532.680969
530.500610
527.888855
526.356934
526.256775
526.539978
526.661804
527.310364
528.992249
530.871582
531.759521
531.840576
532.451233
534.088440
535.880554
537.378784
539.334167
541.950256
543.848816
543.924500
543.086365
542.750305
542.471558
540.915833
538.541870
537.081055
536.673462
535.739502
533.581116
531.189758
529.419678
527.962463
526.625854
526.083313
526.583984
527.489319
528.589783
530.241638
532.022278
533.003906
533.161865
533.361206
534.434509
536.526917
538.858521
540.526672
541.738098
543.127808
544.119141
543.627441
541.977234
540.465515
539.554993
538.693359
537.470764
536.116455
534.716431
532.794678
530.312195
528.208374
527.084412
526.377197
525.870422
526.420837
528.205322
529.926636
530.680725
531.323364
532.790344
534.493896
535.624084
