524.411743
524.411743
524.416199
524.424988
524.375244
524.215271
524.192993
524.750366
525.791199
526.537476
526.635071
526.799194
527.643738
528.587341
528.809082
528.667175
529.087280
530.011475
530.606262
530.755859
531.069092
531.571777
531.744202
531.753601
532.254028
533.027161
533.248718
533.057617
533.444336
534.459961
534.998962
534.727844
534.680908
535.432861
536.209167
536.370422
536.374512
536.809265
537.438721
537.562012
537.154053
537.126404
537.875793
538.318176
537.581848
536.712952
537.049316
538.031189
538.258606
537.749634
537.523621
537.660156
537.436340
536.968628
537.005432
537.357971
537.141235
536.381104
535.992798
536.206116
536.251099
535.772766
535.371521
535.319885
535.008423
534.244385
533.773499
534.065002
534.544983
534.283691
533.206116
532.316284
532.292480
532.409790
531.848022
531.179565
531.218567
531.430420
530.974609
530.301758
530.192688
530.185791
529.498901
528.570129
528.270691
528.379333
528.009705
527.108887
526.493652
526.385925
526.084717
525.369873
524.889221
524.748352
524.247375
523.380615
523.045593
523.543152
524.020691
523.597778
522.471924
521.700195
521.866028
522.236938
521.937134
521.377136
521.335449
521.489380
521.253967
521.067139
521.515625
522.058960
521.838806
521.178467
521.171814
521.882751
522.303589
522.244263
522.562744
523.286682
523.479248
523.126648
523.239258
524.005249
524.530579
524.465515
524.562744
525.391968
526.382568
526.606995
526.129639
526.032104
526.897034
527.886719
528.098938
528.064697
528.679138
529.515015
529.714233
529.679077
530.324890
531.309692
531.644226
531.528809
531.947693
532.797607
533.155029
533.103394
533.550110
534.425415
534.772888
534.584412
534.874512
535.776062
536.308411
536.260742
536.652527
537.947693
539.198303
539.443115
539.096619
539.372559
540.579102
541.705139
542.031311
542.273010
543.249207
544.388855
544.802185
544.937927
545.729370
546.900940
547.570007
547.842407
548.448242
549.297729
549.705505
549.736755
550.112854
550.868835
551.253357
551.121460
551.246704
551.908997
552.371521
552.263184
552.229919
552.637207
552.875427
552.486145
551.961853
552.096069
552.878174
553.289185
552.635010
551.772888
551.855347
552.389465
552.203491
551.555237
551.486633
551.820618
551.582031
550.877319
550.613403
550.709106
550.322388
549.574158
549.302795
549.449768
549.264893
548.781433
548.586670
548.548218
548.004578
547.126770
546.849487
547.345764
547.686584
547.159912
546.113220
545.468018
545.556946
545.605042
544.888977
543.906372
543.332458
542.754456
541.791565
541.069824
540.907898
540.429749
539.010376
537.523193
537.021179
536.953308
536.027588
534.413391
533.530029
533.635986
533.402283
532.210449
531.014709
530.461853
529.958984
529.182007
528.726990
528.641418
528.072327
526.866943
525.988770
526.017334
526.275208
525.761658
524.492432
523.565552
523.674255
524.040039
523.638428
522.822021
522.543762
522.611877
522.130615
521.248413
520.900330
521.127625
521.202087
521.093872
521.296265
521.488159
521.044128
520.491028
520.737854
521.296326
521.017639
520.131165
519.890503
520.504333
520.870544
520.349854
519.591858
519.439392
519.803955
519.998474
519.766113
519.506409
519.531799
519.590393
519.538940
519.884949
520.817749
521.380310
520.900696
520.443970
521.199829
522.392639
522.688171
522.486023
522.932312
523.879639
524.446533
524.602600
524.988708
525.731750
526.295288
526.486633
526.805542
527.411316
527.787842
527.972900
528.731750
530.090332
531.003723
530.754150
530.023438
530.178040
531.414978
532.343262
532.122314
531.857361
532.682312
533.861084
534.183289
533.938293
534.127563
534.751831
535.197876
535.461731
535.751465
535.761475
535.383057
535.389282
536.290894
537.177612
536.922424
536.096375
536.285278
537.530457
538.139465
537.361633
536.443787
536.616638
537.554016
538.192566
538.116577
537.756714
537.588562
537.541321
537.461792
537.524048
537.610779
537.185059
536.320312
535.906433
536.320862
536.670776
536.100830
535.281433
535.384277
535.911499
535.363342
533.948547
533.318115
533.708496
533.807617
533.235413
532.845276
532.780151
532.338867
531.538513
531.106384
531.158752
531.057739
530.414612
529.661377
529.568726
530.056519
529.947998
528.713989
527.577209
527.636719
528.054321
527.554260
526.488159
525.983093
526.062683
526.007690
525.720520
525.525879
525.283142
524.745422
524.325623
524.463684
524.584656
523.854126
522.772827
522.676880
523.529785
523.825500
522.929504
521.926941
521.831055
522.282043
522.388367
521.989075
521.627136
521.546082
521.349731
520.932739
520.928284
521.526367
521.817200
521.339905
521.116089
521.893066
522.609436
522.147278
521.364624
521.752319
523.060547
523.881958
523.867249
523.902039
524.466553
525.174805
525.776367
526.355713
526.607239
526.247986
526.047607
527.107483
529.112427
530.422607
530.066833
529.041443
529.109741
530.406372
531.313171
531.106384
530.986389
531.773621
532.647400
532.980225
533.424805
534.376465
535.083801
535.121338
535.334656
536.369934
537.295288
537.074707
536.559204
537.273010
538.805664
539.422852
538.923584
538.688660
539.194153
539.662292
539.871338
540.325562
540.913818
541.040466
540.766602
540.914307
542.108459
543.838501
544.754395
544.429321
544.168274
545.069580
546.375122
546.961365
547.154968
547.754089
548.573242
549.120544
549.640381
550.376282
550.795654
550.597229
550.586365
551.406677
552.308655
552.345215
551.993713
552.323975
553.153931
553.281372
552.476685
551.899963
552.174377
552.512207
552.294922
552.047607
552.299316
552.559570
552.153992
551.461487
551.404236
551.855652
551.686890
550.731140
550.204285
550.664612
550.999268
550.230835
549.061829
548.618164
548.683472
548.393250
547.815796
547.513489
547.274780
546.664795
546.115295
546.126038
546.046570
545.070251
543.886169
543.759338
544.327393
544.054199
542.762329
541.855286
542.156921
542.885376
542.811768
541.749146
540.642822
540.131226
539.841064
540.066772
542.197693
546.190674
549.941650
551.786011
551.743958
550.805420
550.342224
550.992981
551.715332
551.463989
550.881653
550.988953
551.416931
551.305054
550.717529
550.281616
550.124023
549.826599
549.285156
549.054810
549.352722
549.298950
548.262207
547.220459
547.267212
547.672791
546.988403
545.470520
544.565430
544.584961
544.462402
543.574341
542.584961
542.171448
541.854309
540.980713
539.935669
539.252930
538.570557
537.706360
537.277039
537.222839
536.497559
534.915955
533.653442
533.620239
534.286377
534.287598
533.043213
531.591431
531.180847
531.408997
531.056396
530.062256
529.247803
528.764771
528.132812
527.445007
527.217346
527.175720
526.604492
525.777893
525.583435
525.840881
525.495361
524.466187
523.833984
524.043396
524.238831
523.800232
523.300110
523.251343
523.178894
522.704590
522.310913
522.396179
522.519775
522.091797
521.263000
520.787170
521.033203
521.322205
520.847351
520.094116
520.144714
520.671753
520.409363
519.548096
519.393250
519.896423
519.959351
519.644226
519.792969
520.210388
520.164551
519.927979
520.298523
521.070129
521.289856
520.971436
521.223877
522.315308
523.020386
522.666077
522.380127
523.277283
524.735291
525.436462
525.180664
524.860168
525.089844
525.562500
525.881836
526.317627
527.084595
527.746338
528.090149
528.585571
529.366821
529.735962
529.363220
529.278625
530.534790
532.213257
532.527649
531.741882
531.751587
532.969666
533.950195
533.903503
533.597839
533.786865
534.255127
534.603943
534.924805
535.353394
535.663269
535.528015
535.122559
535.242981
536.212830
537.020752
536.700317
536.074036
536.503723
537.613892
537.982605
537.346069
536.779358
537.039734
537.655090
537.872864
537.740112
537.656006
537.511353
537.174377
537.008301
537.073425
536.876465
536.389709
536.213440
536.436768
536.393188
535.881226
535.577698
535.806946
535.902710
535.284363
534.333862
533.905579
534.207336
534.428284
533.872559
533.148621
533.134583
533.228088
532.357605
531.119263
530.922974
531.542725
531.462036
530.342834
529.374756
529.217407
529.200745
528.776367
528.357910
528.238892
528.007812
527.521729
527.227234
527.140381
526.653442
525.780273
525.489624
526.116455
526.561829
525.883362
524.609802
523.964172
524.376160
525.002258
524.719849
523.656616
522.998413
523.125305
523.266418
522.989868
522.668945
522.354187
521.677124
521.103882
521.460205
522.090149
521.689758
520.745972
520.780273
521.665833
521.936707
521.271179
520.840637
521.338135
522.076233
522.374146
522.598938
523.126221
523.488037
523.325195
523.194885
523.809814
524.891968
525.367432
524.872070
524.517334
525.387024
526.787476
527.319641
527.081543
527.247498
528.018372
528.646057
528.996887
529.563171
530.234436
530.436218
530.410278
531.092529
532.341248
532.796265
532.218323
532.119690
533.269897
534.548279
534.982483
535.043213
535.326050
535.497742
535.145142
534.725891
535.084290
536.219666
537.083252
537.032532
536.903687
537.696350
538.890625
539.380554
539.357422
539.796631
540.671143
541.208618
541.505737
542.268921
543.261719
543.748535
544.047913
544.960083
546.159607
546.725220
546.765869
547.231567
548.323853
549.203735
549.463318
549.739746
550.357422
550.587830
549.869019
548.956726
549.305298
551.320984
553.396851
553.563904
552.051514
550.844849
551.035461
552.010742
552.733337
552.714172
552.178589
551.815613
552.140320
552.855896
552.984924
551.962524
550.710876
550.740234
551.825195
552.053040
550.831421
549.866760
550.252441
550.752380
550.166199
549.204346
548.830261
548.662598
548.149536
547.678833
547.628845
547.580811
547.173401
546.833313
547.138489
547.831299
547.846863
546.672729
545.345520
545.173157
545.720886
545.466797
544.314392
543.573059
543.577454
543.364929
542.637512
542.009827
541.464111
540.415771
539.156738
538.591797
538.625488
538.098511
536.604309
535.222351
534.822815
534.737244
533.976807
532.732178
531.815063
531.386780
530.945862
530.238342
529.630615
529.325623
528.759949
527.596436
526.661987
526.642334
526.690918
525.853943
524.827881
524.685791
524.904419
524.259155
522.939514
522.264526
522.527039
522.572144
521.812256
521.148438
521.226318
521.389832
521.075012
520.720703
520.634827
520.319214
519.628967
519.353149
519.954712
520.686768
520.546753
519.682190
519.283081
519.950562
520.697998
520.414917
519.666443
519.675537
520.320923
520.599182
520.400574
520.490051
520.984802
521.157410
520.912781
521.024536
521.493042
521.455505
521.070862
521.380981
522.310059
522.805298
522.680115
522.703674
523.166931
523.537964
523.553711
523.748474
524.517334
525.429565
525.857849
525.818176
525.927612
526.513550
527.082886
527.200745
527.405823
528.310974
529.398193
529.826477
529.845825
530.273865
531.020325
531.368347
531.420349
531.870239
532.648865
533.080933
533.162720
533.576599
534.405701
534.852234
534.661560
534.722595
535.491516
536.152222
536.255493
536.634521
537.777832
538.685974
538.156555
536.603699
535.812744
536.663574
537.897339
537.989136
537.341431
537.317688
538.015869
538.451172
538.288635
537.996582
537.734924
537.396484
537.313477
537.715698
537.946350
537.353271
536.663513
537.083557
538.077881
537.888184
536.498291
535.744507
536.214661
536.543274
535.970398
535.299805
535.189697
535.248352
534.893616
534.116638
533.409363
533.128052
532.968079
532.511047
532.133484
532.321533
532.386536
531.409851
530.038635
529.605469
529.844604
529.367493
528.184509
527.647888
527.954590
527.913574
527.134521
526.387695
525.991943
525.594116
525.186462
525.058411
525.011536
524.572083
523.963745
523.934998
524.348633
524.128845
522.987732
521.964233
522.029724
522.846863
523.105774
522.213745
521.309509
521.595703
522.315796
522.096680
521.343750
521.331177
521.904480
521.975525
521.484497
521.297180
521.633972
521.886902
521.850342
522.044434
522.595093
522.877014
522.771362
522.991028
523.564514
523.547119
522.914490
523.004028
524.186157
524.973999
524.378296
523.324524
523.149902
523.940063
524.791687
525.132996
525.352905
525.933533
526.499695
526.610107
526.701538
527.291687
527.998230
528.265198
528.487000
529.400391
530.630249
531.154480
531.094849
531.575012
532.757019
533.644104
533.910278
534.325317
535.266541
536.189087
536.755371
537.401306
538.387939
539.200195
539.371094
539.324036
539.814148
540.806091
541.516357
541.669678
542.111145
543.404419
544.578186
544.610535
544.244324
544.746582
545.816833
546.310791
546.238403
546.522217
547.323547
547.987854
548.360901
548.855713
549.369080
549.394653
549.124268
549.303284
549.881531
549.965637
549.588623
549.977356
551.266052
551.835571
550.887329
549.707886
549.615906
550.377502
550.957520
550.838623
550.416199
550.356628
550.685364
550.905090
550.917725
550.966553
550.941650
550.669067
550.611694
551.146179
551.529724
550.963013
550.217957
550.574158
551.595093
551.670715
550.571045
549.707581
549.811584
550.016785
549.607788
549.070862
548.927429
548.866333
548.481445
547.894897
547.457397
547.144409
546.454834
545.300110
544.564026
544.687012
544.528748
543.172546
541.716980
541.622314
542.290039
542.033386
540.687561
539.480042
538.832336
538.171997
537.423096
536.907410
536.368164
535.464478
534.657227
534.579651
534.801208
534.180847
532.689148
531.638184
531.534790
531.318665
530.316406
529.290771
529.062744
529.293396
529.046448
528.188721
527.697021
528.084351
528.289612
527.298279
525.876831
525.344543
525.568054
525.504822
525.018127
524.815247
524.967957
524.944092
524.819580
524.917053
524.633240
523.378845
522.120178
522.104614
522.683228
522.230774
520.802185
520.156128
521.130371
522.365540
522.138306
520.575562
519.237915
518.980530
519.317444
519.671387
520.026245
520.219910
519.867981
519.331665
519.566467
520.537292
520.941345
520.270386
519.854248
520.746643
521.833801
521.605774
520.733948
520.952637
522.229431
523.066467
523.047668
523.180664
523.917847
524.532837
524.626465
524.820190
525.506042
526.118591
526.245605
526.391968
526.986206
527.617493
527.802673
527.862122
528.442200
529.355957
529.688477
529.398132
529.757202
531.276794
532.490417
532.142822
531.303467
531.723267
533.091248
533.745850
533.489014
533.657288
534.625244
535.305542
535.257629
535.236328
535.475708
535.433838
535.324036
535.928101
536.942932
537.320312
537.058228
537.027649
537.365906
537.416199
536.849304
536.163635
536.239929
537.221558
538.043091
537.881653
537.472046
537.742249
538.154114
537.803833
537.146179
537.186096
537.627991
537.397339
536.664734
536.540527
537.002136
536.952942
536.209961
535.669434
535.560547
535.179382
534.462524
534.239868
534.633118
534.682129
533.969849
533.210022
532.911926
532.688782
532.152771
531.606567
531.522400
531.682678
531.368042
530.534607
530.069153
530.286011
530.215637
529.250122
528.337646
528.460144
528.868835
528.255066
526.929871
526.244080
526.358398
526.292114
525.803284
525.528320
525.492493
525.079529
524.421448
524.327332
524.617859
524.162781
522.945984
522.302185
522.740540
523.225281
522.894226
522.177429
521.993103
522.476685
522.764099
522.272705
521.679138
521.734680
521.948059
521.694580
521.487732
521.888000
522.266724
521.911499
521.403503
521.664185
522.281006
522.242371
521.820557
522.058777
522.797974
522.965088
522.491699
522.333374
522.766418
523.139038
523.259460
523.715271
524.613525
525.133972
524.772888
524.231079
524.595154
525.885986
526.950378
527.003723
526.776062
527.444092
528.877014
530.003784
530.460999
530.731506
531.053711
531.303772
531.667358
532.439575
533.310730
533.786804
534.207581
535.253113
536.523499
536.989380
536.814514
537.155762
538.141785
538.754639
538.789734
539.217712
540.370728
541.366455
541.633301
541.811218
542.644714
543.657715
543.743469
542.981812
542.829102
543.962341
545.155518
545.243103
545.027283
545.871277
547.449829
548.402649
548.387146
548.127625
548.100220
548.279480
548.724182
549.455078
549.921753
549.648254
549.366333
550.149719
551.477783
551.815430
551.016479
550.414917
550.638306
550.967957
550.891968
550.801941
550.961670
550.924133
550.381165
549.902893
550.247681
551.098755
551.231873
550.329651
549.645569
550.071045
550.755493
550.624084
550.183655
550.498352
551.275757
551.406250
550.863464
550.547791
550.604492
550.403137
549.932129
549.698608
549.504700
548.766357
547.947449
548.047546
548.639771
548.178223
546.523804
545.268616
545.345581
545.856079
545.510132
544.221313
543.018433
542.652344
542.609985
542.134399
541.440247
540.928772
540.216492
539.045349
538.114868
537.950745
537.848816
536.993164
535.910583
535.615112
535.790833
535.284546
534.017395
532.962036
532.482056
531.978882
531.204956
530.690186
530.550598
530.191772
529.531982
529.175293
529.215149
528.942749
527.870972
526.618408
526.320496
526.905518
526.974182
526.102112
525.591125
526.063416
526.335876
525.598572
524.728882
524.573120
524.554749
523.911865
523.028137
522.682068
522.810425
522.772095
522.435974
522.151855
521.803345
521.049194
520.432800
520.731445
521.306152
520.846252
519.651245
519.379578
520.557922
521.777588
521.614258
520.386292
519.512451
519.642456
520.091980
520.117676
519.927429
520.059814
520.489441
520.964233
521.589539
522.272217
522.338013
521.693970
521.478516
522.381897
523.368286
523.421021
523.329895
524.265930
525.651001
526.088440
525.647339
525.571899
526.201904
526.737854
526.898499
527.325928
528.269470
529.085144
529.283325
529.304993
529.814148
530.562622
530.692322
530.307434
530.673218
532.119995
533.096680
532.596863
532.014771
532.889160
534.401062
534.980957
534.761780
534.713745
534.925903
535.087158
535.401733
535.993042
536.285828
535.847412
535.384583
535.901062
537.084717
537.663879
537.318237
536.978821
537.191589
537.442688
537.235352
536.944397
537.236084
537.873413
537.898682
537.311768
537.326172
538.248413
538.700928
537.866028
536.750671
536.457825
536.696899
536.625488
536.195190
535.908447
535.803650
535.577271
535.446228
535.738770
535.783813
534.730774
533.318604
532.987793
533.494995
533.343994
532.342529
531.728271
531.925171
532.063110
531.628601
531.047546
530.720520
530.469727
529.966003
529.274963
528.849976
528.820923
528.589111
527.830505
527.293823
527.573120
527.868347
527.238037
526.216431
525.825867
525.814331
525.309998
524.536621
524.355835
524.634644
524.591614
524.283997
524.233887
524.103271
523.341980
522.553650
522.658203
523.236328
523.125122
522.215881
521.553528
521.903870
522.793884
523.057678
522.315674
521.509216
521.455139
521.591125
521.156433
520.713013
521.123230
521.890381
522.072632
521.945557
522.238708
522.568970
522.257507
521.868347
522.287415
523.038452
523.181458
523.157166
523.999084
525.317139
525.816833
525.469421
525.553101
526.523376
527.368408
527.332153
527.076355
527.606689
528.715332
529.357544
529.469727
530.116333
531.446960
532.210571
531.980591
532.000366
532.976440
533.921448
534.065308
534.213074
535.203308
536.383057
536.801147
536.795593
537.192749
537.843262
538.231873
538.719849
539.745972
540.678223
540.872253
540.978516
541.919495
543.260254
543.845947
543.544434
543.318115
543.859009
544.864990
545.479858
545.361023
545.264709
545.979919
547.005493
547.471863
547.621765
547.967957
548.182556
548.090942
548.366760
549.160583
549.458679
548.793274
548.343201
549.181335
550.396851
550.400696
549.406738
548.929810
549.352966
549.701599
549.570374
549.576111
550.034546
550.502441
550.747925
551.164429
551.892700
552.231628
551.577454
550.671936
550.854370
551.967773
552.354065
551.440796
550.686951
551.218445
552.088440
551.852722
550.636841
549.574768
549.205200
549.246704
549.336853
549.180481
548.469055
547.469177
547.110107
547.597900
547.620544
546.182190
544.490417
544.268311
544.967468
544.626099
542.983215
541.667969
541.669128
542.285217
542.314392
541.328979
539.960266
539.142273
538.963196
538.754272
538.188843
537.388062
536.311829
535.267273
535.213379
536.073914
535.998596
534.039001
531.994568
531.773438
532.476746
532.015625
530.415527
529.551941
530.067993
530.563232
529.987976
528.957275
528.241821
527.781372
527.493286
527.531433
527.693298
527.420105
526.480896
525.479736
525.347900
525.946045
525.930298
524.780762
523.673035
523.452393
523.346008
522.683228
522.166443
522.320007
522.350769
521.703552
521.071106
520.953491
520.725220
519.955200
519.412659
519.824341
520.493042
520.316040
519.600769
519.478210
519.889526
519.791260
519.168030
519.161316
520.170715
521.207214
521.359863
520.944031
520.816101
521.143311
521.393127
521.400757
521.642456
522.172180
522.356506
522.164429
522.520142
523.710205
524.627319
524.477356
524.185608
524.945618
526.187744
526.530029
526.183350
526.497375
527.568604
528.296753
528.427246
528.691162
529.241516
529.637207
530.044800
530.892700
531.698120
531.602478
530.819336
530.551331
531.511414
532.973755
533.614868
533.356567
533.509521
534.584473
535.359131
534.950806
534.317078
534.521851
535.040955
535.066223
535.052002
535.723450
536.710693
537.228882
537.274658
537.308228
537.293701
536.886475
536.458618
536.754517
537.475647
537.691040
537.574341
538.003662
538.654419
538.378845
537.178467
536.196716
536.128174
536.560364
536.774231
536.661926
536.604553
536.648010
536.387817
535.908997
535.908508
536.308899
535.896118
534.341309
533.253296
533.797241
534.770447
534.520813
533.283020
532.403748
532.359863
532.551880
532.473999
532.105469
531.360046
530.235779
529.540344
530.071777
530.993774
530.559387
528.523315
526.595093
526.397583
527.638977
528.646118
528.511963
527.846008
527.292664
526.689880
526.015625
525.669434
525.573792
525.116638
524.312073
524.129822
525.020630
525.818542
525.312927
524.120361
523.560791
523.511047
523.003418
522.180054
521.970398
522.346863
522.462891
522.168823
522.020813
522.033081
521.683960
521.001160
520.678711
521.010681
521.353577
521.130737
520.879211
521.484131
522.576355
522.772217
521.767029
521.076294
521.930115
523.366577
523.760437
523.436096
523.825745
524.877991
525.412109
525.211731
525.058350
525.402710
526.196167
527.260071
528.139832
528.329590
528.123657
528.546326
529.870239
530.944214
530.721619
529.699768
529.373352
530.593750
532.551392
533.618469
533.493408
533.587402
534.595337
535.399353
535.266907
535.172913
536.029602
537.279541
538.057312
538.456726
538.924133
539.375183
539.593811
539.904114
540.628174
541.243591
541.224792
541.283142
542.348999
543.726807
543.948425
543.179199
542.998596
543.852539
544.467041
544.096497
543.619751
543.888306
544.575073
545.095947
545.538940
546.134399
546.487427
546.091003
545.480103
545.916565
547.484863
548.714417
548.742676
548.644470
549.538635
550.612244
550.510010
549.721924
549.800232
550.879822
551.758179
551.961060
551.996033
552.090820
552.124634
552.358643
552.903809
553.019409
552.187439
551.261047
551.376770
552.392273
553.173462
552.851074
551.628479
550.654724
550.663574
550.913208
550.377258
549.319397
548.635864
548.465881
548.469238
548.553528
548.419006
547.433472
545.885010
545.134277
545.683167
546.271851
545.668030
544.367432
543.640503
543.478638
542.806702
541.531372
540.686157
540.498901
540.147461
539.448730
539.107117
539.351685
539.469849
538.684937
537.203064
536.062317
535.672241
535.289978
534.458191
533.799744
533.745972
533.711670
533.148438
532.365723
531.742920
530.915039
529.644348
528.800720
529.140808
529.754150
529.367432
528.454346
528.232178
528.450623
528.084473
527.292786
526.953979
526.971008
526.633606
526.037476
525.790771
525.852600
525.591064
524.718262
523.741516
523.388977
523.513245
523.138489
522.070251
521.399170
521.731079
522.106750
521.568176
520.662109
520.351013
520.410706
520.156372
519.849915
520.053833
520.383484
520.155823
519.664856
519.652588
519.943665
519.798889
519.392822
519.605713
520.407959
520.856140
520.713806
520.827271
521.721863
522.668884
522.682495
522.090088
522.181641
523.138306
523.690186
523.398193
523.481262
524.503479
525.226624
524.878601
524.610352
525.438354
526.516968
526.761658
526.695679
527.339355
528.363464
528.738953
528.568237
528.858093
529.734741
530.389160
530.761353
531.535095
532.443665
532.589966
532.273804
532.526367
533.248474
533.499023
533.167664
533.086304
533.800720
534.887085
535.492432
535.439758
535.475220
536.085999
536.625977
536.425110
536.113159
536.538025
537.160889
537.094604
536.817078
537.114929
537.443848
537.092590
536.759460
537.304810
538.046692
537.848389
537.105347
537.070862
537.699829
537.843689
537.324829
537.062866
537.322571
537.411560
537.002258
536.554504
536.481018
536.508484
536.099609
535.363281
534.987305
535.042725
534.752136
533.963501
533.585083
533.895569
533.808777
532.738708
531.787903
531.909058
532.201904
531.474304
530.318726
530.027588
530.362122
530.156799
529.428589
529.084229
529.053284
528.513794
527.624634
527.270386
527.372986
527.039490
526.111633
525.385803
525.449158
525.839478
525.610840
524.780273
524.381348
524.672791
524.591064
523.663940
522.931580
523.116760
523.362610
522.826050
522.226685
522.473022
522.908508
522.472961
521.594788
521.341064
521.575317
521.551514
521.490173
521.976807
522.527954
522.284241
521.657288
521.755615
522.462524
522.557007
521.686523
520.997314
521.503601
522.638123
523.139587
522.946960
523.070435
523.657349
523.740295
523.101562
522.751160
523.283081
523.999695
524.109009
523.955811
524.382812
525.336487
526.042114
526.362183
526.751648
527.111206
527.183960
527.561279
528.767029
529.953552
530.152405
530.083191
531.070374
532.764099
533.628479
533.401855
533.289062
533.916504
534.780029
535.418396
535.883423
536.318909
536.803406
537.408325
538.244507
539.413635
540.530640
540.783813
540.269043
540.424194
541.938416
543.322998
543.161133
542.556030
543.309509
545.005188
545.980164
545.924011
545.749451
545.978516
546.478638
547.034180
547.515320
547.768799
547.779297
547.968262
548.833435
550.201904
551.170532
550.950745
549.952637
549.624390
550.506042
551.271667
550.847473
550.112610
550.251648
551.004211
551.581482
551.832642
551.765808
551.199646
550.463501
550.323242
550.725586
550.700989
549.904541
549.384521
550.116455
551.366943
551.564697
550.609070
549.918579
550.145874
550.374146
549.931580
549.467224
549.754517
550.367371
550.327515
549.690430
549.342285
549.366211
548.987488
548.228455
547.874268
547.824829
547.199524
546.044373
545.438293
545.714539
545.778931
544.745117
543.404663
543.045471
543.277832
542.590820
540.883667
539.568665
539.225952
539.003906
538.376465
537.724915
537.124756
536.330566
535.769958
535.916016
536.149475
535.418457
533.673706
532.123230
531.931030
532.561707
532.171814
530.289673
528.717834
528.898254
529.874695
529.814575
528.425659
526.827698
525.863464
525.581116
525.659851
525.559937
524.834290
523.867981
523.675476
524.402039
524.692017
523.451599
521.675232
521.144714
521.711487
521.680725
520.671814
520.152649
521.009460
522.295166
522.680786
522.022827
521.149658
520.664185
520.499207
520.542114
520.879395
521.181152
520.867554
520.251770
520.381897
521.287842
521.631470
520.777405
519.951355
520.356750
521.274780
521.344910
520.734619
520.646057
521.300354
521.843567
521.987671
522.222290
522.467834
522.231750
522.020325
522.742737
523.982483
524.550659
524.200378
523.756409
524.083252
525.160706
526.088257
526.356995
526.569214
527.173584
527.595154
527.588989
527.999878
529.154297
529.977478
529.834900
529.768799
530.651062
531.661560
531.864990
531.794800
532.351990
533.244385
533.643921
533.643982
533.994263
534.708069
535.037598
534.883545
535.010803
535.689087
536.254822
536.273560
536.265564
536.828735
537.525146
537.419189
536.683411
536.575073
537.406982
537.909302
537.325317
536.685730
537.084778
537.944946
538.137268
537.760315
537.615234
537.767334
537.700134
537.364380
537.161377
537.143433
537.089539
537.210205
537.729126
537.908386
537.019531
535.987610
536.119995
536.757324
536.249695
534.664246
533.687256
534.319275
535.695801
536.138489
535.124084
533.839233
533.416687
533.513794
533.332642
532.827942
532.313171
531.866150
531.605896
531.656555
531.569946
530.636963
529.076660
528.155273
528.495239
528.941772
528.196838
526.915283
526.612610
527.008789
526.559448
525.244629
524.474304
524.606873
524.701050
524.311096
523.897888
523.790405
523.737244
523.372803
522.891418
522.907410
523.232117
522.771423
521.520142
521.113403
522.192749
523.056885
522.348816
521.143066
521.001343
521.669067
521.949768
521.598572
521.257202
521.301025
521.678040
522.355408
523.049011
523.056152
522.346008
522.060974
522.904358
523.932678
523.947876
523.172546
522.771790
523.489746
524.917175
525.812134
525.626343
525.334167
525.767395
526.277832
526.244507
526.298828
527.030884
527.979248
528.586304
528.925903
529.131531
528.985535
528.601257
528.794678
529.855896
530.697144
530.476257
530.156860
530.967712
532.250671
532.555176
532.019226
532.074707
533.171021
534.300049
534.792053
535.194763
536.016113
536.818481
537.143250
537.468689
538.361328
539.344910
539.619507
539.580688
540.351624
541.853577
542.877319
543.083801
543.524109
544.702271
545.604919
545.558228
545.532043
546.422180
547.409607
547.511475
547.437988
548.221008
549.332031
549.688782
549.570190
549.996948
550.829895
551.069092
550.638367
550.431824
550.871582
551.492188
551.846558
552.100342
552.542175
552.818481
552.375366
551.689514
551.735718
552.293762
552.279663
551.606018
551.366943
552.046631
552.666992
552.290771
551.468750
551.173157
551.142700
550.608459
549.838806
549.622742
549.872253
549.920105
549.700317
549.509521
549.084229
548.127075
547.196228
547.011169
547.372314
547.325806
546.380798
545.404907
545.665649
546.756104
546.821594
545.339783
543.907166
543.768127
544.171387
543.932434
543.182922
542.691956
542.549377
542.417175
542.200195
541.718506
540.584595
539.114258
538.457031
538.878418
538.871765
537.368652
535.654358
535.365295
535.772461
535.002319
533.071289
531.718262
531.742859
532.166260
531.855835
530.858032
529.893677
529.161499
528.303101
527.448059
527.123108
526.947021
525.999023
524.690857
524.391785
525.003052
524.800232
523.172302
521.797852
522.096252
522.990356
522.729553
521.641418
521.204041
521.445801
521.291809
520.611450
520.124695
519.922180
519.662659
519.672241
520.263062
520.609741
519.856812
518.626404
518.282898
519.170654
520.205994
520.204041
519.455200
519.328979
520.142639
520.768921
520.633423
520.519775
521.004822
521.458008
521.234375
520.860168
521.122986
521.776123
522.195618
522.555298
523.183228
523.570068
523.308105
523.185486
524.027405
525.159119
525.458984
525.336243
525.950134
527.078186
527.527283
527.026001
526.452087
526.591187
527.322815
528.056213
528.677368
529.418274
529.914368
529.675476
529.329651
529.933105
531.110596
531.371704
530.598999
530.575806
532.299438
534.326660
534.833130
534.107056
533.770447
534.228760
534.516907
534.398315
534.647034
535.396606
536.128052
536.906494
537.839722
538.104004
537.076782
535.636536
535.278198
536.348206
537.595581
537.618225
536.680542
536.489990
537.776978
539.146545
539.080505
537.852844
536.726868
536.290588
536.364319
536.664368
536.765686
536.315002
535.918579
536.574158
537.710999
537.408386
535.340088
533.667297
534.012817
535.197815
535.187866
534.049622
533.484009
534.017029
534.312378
533.353088
531.861389
531.058228
531.077209
531.219482
531.166138
531.088318
530.794739
529.968079
529.226318
529.448669
530.036438
529.518799
527.958862
527.028381
527.442627
527.889648
527.215149
526.173645
525.930115
526.165039
525.905701
525.153992
524.604065
524.440552
524.336426
524.270203
524.359009
524.124268
523.241943
522.622803
523.259644
524.494873
524.797729
523.739807
522.359802
521.941528
522.544922
522.895203
522.255859
521.559631
521.756592
522.270813
522.272095
522.043030
521.978394
521.793152
521.532227
521.762512
522.273010
522.166687
521.575989
521.698242
522.870850
523.895508
523.855835
523.594788
524.205444
524.972961
524.678406
524.001221
524.477783
526.050232
527.430847
527.883057
527.718872
527.729126
528.283081
528.900208
529.177734
529.542175
530.288879
530.922119
531.312378
532.191956
533.592834
534.336426
534.051025
534.014343
534.966492
535.860168
535.880066
536.019409
537.327271
538.923096
539.384705
539.103210
539.468445
540.451965
540.911987
540.724915
540.793884
541.452942
542.304688
543.121765
543.985413
544.794800
545.109009
544.746216
544.450378
545.114014
546.261902
546.660645
546.419495
546.846069
548.280823
549.539368
549.640625
549.062622
548.829895
549.085327
549.342346
549.696411
550.538940
551.400574
551.565613
551.415588
551.650208
551.824646
551.327820
550.863098
551.262390
552.002258
552.066589
551.384949
550.848328
551.332520
552.459595
552.606079
551.194153
549.847961
549.902039
550.454956
550.237183
549.622253
549.533203
549.851807
550.022156
549.987183
549.719910
548.917297
547.920105
547.783508
548.630249
549.110596
548.294983
547.200562
547.258545
547.964539
547.747620
546.541748
545.652161
545.658752
545.920837
545.696289
544.929321
544.147705
543.642212
543.084412
542.377625
541.923157
541.469238
540.223022
538.661499
538.162109
538.513916
537.983032
536.222595
534.839844
534.713501
534.750549
533.839844
532.507507
531.823181
531.700439
531.237122
530.218933
529.293274
528.727051
528.182312
527.732971
527.687927
527.509338
526.436829
524.920959
524.199097
524.558167
524.881348
524.234680
523.310425
523.345886
523.928284
523.521362
522.058350
521.108765
521.358459
521.673767
521.044434
520.055298
519.713379
519.949097
520.196960
520.441467
520.680847
520.354309
519.413391
518.885986
519.312744
519.826050
519.666809
519.477051
520.110596
521.046448
521.102234
520.154663
519.307312
519.465637
520.209717
520.471191
520.185120
520.372437
521.362793
522.302856
522.672302
522.819824
522.930420
522.792419
522.657288
523.222595
524.361755
524.944214
524.684509
524.876160
526.201721
527.232727
526.609619
525.344177
525.280212
526.416931
527.379211
527.704163
528.106323
528.947205
529.774658
530.159607
530.228333
530.267151
530.191040
529.915344
530.046082
531.179077
532.580322
533.032593
532.865295
533.380066
534.489746
534.829651
534.182739
533.976440
534.959290
536.031494
536.120300
535.867798
536.342712
537.202393
537.470459
537.162659
536.909485
536.788757
536.692566
536.984131
537.688660
537.963928
537.336731
536.580566
536.721985
537.786865
538.639893
538.112732
536.647156
535.958984
536.509583
536.966858
536.588684
536.120117
536.128052
536.190491
535.955994
535.704224
535.576477
535.162476
534.411194
534.051453
534.258484
534.048218
533.052673
532.484253
533.088257
533.605957
532.750671
531.336060
530.928711
531.395630
531.331482
530.311462
529.285522
528.958984
528.959839
528.788818
528.667786
528.871948
528.825195
527.867737
526.670227
526.501160
527.082336
526.818604
525.475281
524.669006
525.210571
525.912354
525.621582
524.772583
524.264893
524.100708
523.894531
523.710205
523.634888
523.322388
522.828125
522.951416
523.802429
524.076050
522.896484
521.392578
521.225220
522.333679
523.185425
522.726318
521.522156
520.933960
521.320068
521.735046
521.603027
521.477051
521.742065
521.985535
522.072327
522.447021
522.997559
523.032288
522.732910
523.090332
524.071655
524.493530
524.120667
524.252563
525.566528
526.876526
527.065430
526.879822
527.475769
528.462402
528.850403
528.805969
529.121033
529.842102
530.430969
530.735107
531.143860
531.832947
532.370728
532.496399
532.814087
533.851807
534.905396
535.048584
534.817383
535.501404
537.013672
537.945801
537.770264
537.578552
538.241943
539.099243
539.379883
539.683533
540.707397
541.772156
542.090698
542.222839
542.860535
543.526184
543.632690
543.694275
544.478394
545.665771
546.265991
546.067932
545.953247
546.596313
547.392273
547.368042
546.909851
547.250061
548.289185
548.735657
548.459473
548.659668
549.583740
550.121033
549.839050
549.612915
549.927979
550.073303
549.625183
549.425049
550.049377
550.613159
550.364563
550.034912
550.304993
550.540894
550.144165
549.713257
549.989563
550.767822
551.224609
550.974670
550.611023
550.886169
551.455566
551.350708
550.664795
550.350159
550.467896
550.223511
549.706665
549.794006
550.371765
550.324158
549.386780
548.562012
548.438049
548.338928
547.629822
546.810974
546.589172
546.603699
546.174438
545.505737
544.952698
544.120850
542.849731
541.969360
541.928650
541.804504
540.718323
539.247559
538.633789
539.117188
539.584351
538.928101
537.476990
536.437134
536.033752
535.468262
534.653931
534.298157
534.277405
533.669495
532.473083
531.659546
531.404053
530.826721
529.760803
529.126709
529.096375
528.661072
527.526428
526.744568
526.867920
526.937805
526.095825
524.974792
524.623169
524.743835
524.152222
522.809937
522.021545
522.478638
523.229126
523.142578
522.464966
522.055908
521.839661
521.228149
520.546570
520.585449
521.062683
520.965820
520.306763
520.158386
520.722717
520.822876
519.982483
519.447083
520.061218
520.760010
520.490906
520.064026
520.622620
521.616089
521.787659
521.191040
520.828003
521.007629
521.234253
521.284973
521.493958
521.994385
522.331177
522.182922
522.068726
522.569641
523.159180
523.012024
522.649658
523.238647
524.432739
524.783386
524.279968
524.450623
525.697571
526.622559
526.487427
526.365601
527.136902
528.068970
528.306458
528.281921
528.677429
529.272156
529.745239
530.432617
531.455994
532.172302
532.111511
531.707703
531.827332
532.741638
533.632935
533.682251
533.494995
534.192322
535.374634
535.741882
535.338379
535.388855
536.143616
536.528809
536.145325
536.037048
536.788696
537.463257
537.362854
537.220093
537.620667
537.887817
537.503418
537.138855
537.363281
537.612488
537.332458
537.076782
537.465820
537.931396
537.587524
536.689514
536.274353
536.701538
537.177979
536.862549
536.086792
535.785156
535.936890
535.772644
535.257141
535.011780
535.052551
534.802917
534.264526
534.111572
534.381348
534.159790
533.206848
532.601746
532.866699
532.904480
531.991821
531.205383
531.507446
531.976318
531.449158
530.429565
529.990784
530.046814
529.839111
529.239746
528.767700
528.651306
528.459839
527.893311
527.468811
527.669556
527.777588
526.820618
525.426636
525.068481
525.532715
525.145874
523.721924
522.959534
523.453308
523.817444
523.273132
522.658386
522.505554
522.256409
521.691711
521.382812
521.552063
521.663147
521.426147
521.339233
521.719543
521.936707
521.437805
520.896057
521.314087
522.382080
522.861206
522.357788
521.829651
522.224976
523.145142
523.436218
522.998474
522.959167
523.743530
524.429382
524.549561
524.862366
525.761536
526.490540
526.565247
526.580139
526.999573
527.439880
527.707275
528.324463
529.375183
529.973450
529.768433
529.838379
530.975525
532.196289
532.332092
532.004944
532.519653
533.798767
534.749023
534.888184
534.803467
535.247437
536.047485
536.348755
536.142822
536.451599
537.489746
538.336731
538.789856
539.500122
540.225037
540.149536
539.759460
540.241699
541.391541
541.968750
541.785522
541.953857
542.940308
543.705872
543.435120
542.943298
543.317383
544.219727
544.716919
544.862000
545.273438
545.890320
546.124451
545.941406
546.033936
546.775330
547.556885
547.679138
547.575256
548.200623
549.360229
549.942566
549.819885
549.987793
550.683716
550.977173
550.579468
550.482483
551.242065
552.002075
551.964233
551.668762
551.863647
552.172424
551.958923
551.589233
551.641235
551.687073
551.158203
550.618774
550.870361
551.558533
551.633667
550.771301
549.726807
549.323547
549.358459
549.002502
548.274780
547.969360
548.114380
547.864319
547.001221
546.219299
545.818787
545.320312
544.547791
543.974548
543.819641
543.593079
542.919495
542.210266
541.859802
541.330200
540.075928
538.820557
538.566589
538.838440
538.422974
537.404419
536.871704
536.787598
536.038757
534.545288
533.534119
533.576477
533.770874
533.198181
532.219604
531.776489
531.802551
531.354858
530.265503
529.362244
528.927002
528.307251
527.339478
526.794373
526.908508
526.808472
526.044250
525.344910
525.153503
524.792419
523.880127
523.231445
523.439819
523.810852
523.561401
523.043457
522.904907
522.906067
522.479126
521.800598
521.611389
522.135620
522.610352
522.273743
521.619568
521.706726
522.287537
522.149780
521.288635
520.910217
521.311401
521.513245
521.071960
520.756775
521.069336
521.361145
521.064026
520.680054
520.789795
521.017456
520.813538
520.571472
520.957397
521.644165
521.863770
521.817261
522.219666
522.826538
522.835571
522.362305
522.373535
523.315796
524.448059
524.846680
524.755798
525.144165
525.966370
526.261658
526.056946
526.408997
527.418823
528.057068
528.068604
528.356628
529.294861
530.077332
530.170044
530.235474
530.894348
531.589050
531.709778
531.885132
532.837585
533.900940
534.080811
533.793396
534.056274
534.683044
534.791992
534.434692
534.467651
535.209229
536.020874
536.260681
536.211975
536.553467
537.092529
537.023315
536.442566
536.390076
537.144714
537.715820
537.555481
537.444641
537.882568
538.032166
537.365356
536.864502
537.304932
537.809753
537.442444
536.838989
536.934937
537.332825
537.186523
536.646790
536.366028
536.275452
535.895569
535.425598
535.514404
536.129517
536.441101
535.900391
535.025879
534.732666
534.915771
534.535583
533.474670
532.943359
533.369080
533.565308
532.896729
532.350525
532.559631
532.609558
531.804321
530.897034
530.609314
530.456665
529.939026
529.523743
529.562012
529.394104
528.520630
527.598389
527.325562
527.221619
526.509216
525.563293
525.380676
525.958374
526.206421
525.446472
524.299133
523.731873
523.703491
523.444214
522.857056
522.612549
522.781555
522.626648
522.038269
521.821228
522.136597
522.088684
521.440430
521.136658
521.531677
521.730469
521.314148
521.172485
521.862427
522.503662
522.269958
521.792053
522.001465
522.556946
522.654175
522.554810
523.086243
524.161621
524.781982
524.403992
523.781433
524.010559
524.940308
525.436462
525.296570
525.540588
526.485413
527.184692
527.227051
527.387756
528.080505
528.716248
529.021118
529.513245
530.311096
530.765686
530.728943
531.010376
531.984131
532.769653
532.628845
532.380737
533.224792
534.644958
535.168457
534.869934
535.120422
536.151733
536.890869
536.808716
536.564819
536.957031
537.832153
538.389832
538.508362
538.846375
539.407288
539.463684
539.134216
539.490479
540.669800
541.381042
540.998596
540.744568
541.769958
543.289429
543.882324
543.666077
543.806702
544.562744
545.227539
545.610901
546.123779
546.708008
547.101562
547.687073
548.758362
549.620422
549.454224
548.609009
548.374207
549.440552
550.910339
551.346924
550.831726
550.873413
552.027710
552.959595
552.535400
551.606018
551.528870
552.127686
552.474548
552.458496
552.307312
551.842224
551.254028
551.304382
551.975769
552.105835
551.070679
549.951660
550.018799
550.644836
550.216919
548.859070
548.270935
548.869995
549.280579
548.649414
547.593506
546.942078
546.682068
546.389771
546.115356
546.042908
545.604980
544.294189
543.058899
543.068787
543.623657
543.044922
541.315552
540.206543
540.543945
540.840881
539.598633
537.748291
537.282776
538.115234
538.267456
536.945618
535.385315
534.561401
534.146362
533.748474
533.337646
532.668457
531.617737
530.724976
530.648071
531.228027
531.399597
530.305420
528.583191
527.820251
528.274719
528.332275
527.059326
525.832520
526.044006
526.751282
526.434326
525.455933
524.979187
524.981812
524.867554
524.690369
524.610901
524.233826
523.431824
522.959961
523.361633
523.893555
523.540527
522.607239
522.170349
522.294800
522.070496
521.233704
520.583008
520.763245
521.349792
521.435425
520.927368
520.653503
520.925903
520.970398
520.384766
519.917786
520.061401
520.248962
520.167358
520.483337
521.474548
522.187012
521.903015
521.378906
521.628052
522.271179
522.341431
522.191040
522.894104
524.114380
524.520264
524.132507
524.270630
525.253357
525.970093
525.741882
525.334656
525.848267
527.117188
527.910156
527.854004
527.986816
528.835205
529.528503
529.592590
529.830811
530.583801
531.024231
530.956970
531.416870
532.691406
533.505859
533.113403
532.635498
533.280762
534.392578
534.545959
533.995544
534.340698
535.853699
536.948303
536.675903
535.976868
535.889832
536.202820
536.416382
536.619446
536.975220
537.200134
537.080322
537.078125
537.694519
538.308533
537.853333
536.813416
536.793640
537.857605
538.272095
537.331299
536.567566
537.323059
538.600098
538.532349
537.150574
536.186279
536.399414
536.802185
536.635681
536.358093
536.360779
536.362244
536.320923
536.375854
536.043762
534.963928
533.987793
534.151794
535.149109
535.684387
534.946594
533.545898
532.893555
533.308167
533.422485
532.300415
530.963623
530.675293
530.976196
530.758118
530.190674
529.990540
529.762756
528.864441
527.894165
527.572083
527.224487
526.172852
525.361511
525.763000
526.402649
525.837097
524.541992
524.001038
524.258423
524.100708
523.193787
522.512390
522.713257
523.196533
523.032959
522.327637
522.025146
522.378357
522.557129
522.116333
521.663269
521.590759
521.394958
520.803589
520.553040
521.253845
522.206543
522.369751
521.955444
521.885193
522.166504
522.147278
521.973999
522.391357
523.217163
523.531189
523.414124
523.828186
524.685303
524.880249
524.375305
524.406494
525.444092
526.455200
526.436035
525.789856
525.772156
526.797668
527.931213
528.349182
528.422546
528.756165
529.193848
529.471619
529.877563
530.599854
531.147278
531.251221
531.578186
532.492798
533.099731
532.825195
532.703247
533.624573
534.633789
534.519104
533.948608
534.488037
536.054138
537.052490
536.888550
536.645935
537.131653
537.885559
538.257996
538.297180
538.455627
538.958496
539.604431
540.266479
541.209473
542.243713
542.503296
542.059387
542.384766
544.018799
545.389709
545.289124
544.825012
545.581665
547.243591
548.284058
548.225098
548.045288
548.566162
549.436829
549.987732
550.234558
550.512146
550.882141
551.345581
551.965271
552.521057
552.506470
551.782043
551.147888
551.594604
552.691833
552.826599
551.698730
551.028259
551.884583
552.962646
552.624756
551.338196
550.769958
551.268982
551.656250
551.224792
550.528015
550.140259
550.010925
550.115356
550.372437
550.021423
548.580261
547.167419
547.210327
548.102478
547.975525
546.665466
545.824890
546.027222
546.046753
545.183411
544.148743
543.632507
543.468994
543.182800
542.660583
542.196411
541.839172
541.123962
540.068481
539.511963
539.639465
539.296448
537.857910
536.583130
536.740417
537.377075
536.705811
534.988953
534.094788
534.490417
534.705017
533.834839
532.679626
532.137756
532.068481
532.042358
531.965027
531.632935
530.722839
529.563721
529.039734
529.490784
530.119568
529.772705
528.416504
527.378662
527.453796
527.599976
526.708252
525.441284
524.917175
524.910095
524.645569
524.133667
523.738708
523.309814
522.662720
522.246765
522.357727
522.292969
521.450623
520.651855
520.918945
521.572693
521.174377
519.919556
519.425354
520.168701
520.791931
520.242004
519.192810
518.928345
519.671326
520.492920
520.694824
520.666626
520.878479
520.927917
520.667297
520.924683
521.896790
522.385071
521.815186
521.478577
522.558228
524.140930
524.495911
523.689575
523.386780
524.200562
525.064697
525.264771
525.314575
525.759399
526.497925
527.285522
527.988953
528.398315
528.344788
528.030212
528.080383
528.964478
530.138672
530.427979
529.895020
530.158447
531.822998
533.264771
533.126892
532.298096
532.344666
533.287170
534.004333
534.080505
534.049072
534.252014
534.683716
535.523499
536.576843
536.884277
536.103882
535.503296
536.251160
537.462952
537.401428
536.223389
535.826355
536.882996
537.876465
537.621765
536.887695
536.791504
537.187256
537.383667
537.359375
537.512695
537.724182
537.477783
536.962952
537.085571
537.907959
538.189575
537.268188
536.310852
536.502075
536.986816
536.310974
535.070496
534.934448
535.757324
535.939697
535.071106
534.182129
533.793030
533.399902
532.758728
532.267090
532.024841
531.639038
531.137939
531.043274
531.452209
531.695007
531.048950
529.764832
528.996155
529.143799
529.078918
528.035706
527.022949
527.078125
527.480408
527.094482
526.220825
525.792114
525.692871
525.208923
524.484070
524.167053
524.103882
523.717163
523.330200
523.637512
524.078125
523.518982
522.383606
522.119690
522.654114
522.519043
521.491943
521.031982
521.937561
523.135193
523.262573
522.477600
521.947021
522.043091
522.044861
521.604614
521.369446
521.701721
521.958740
521.804382
522.017944
522.994141
523.691528
523.268555
522.584473
522.794067
523.426392
523.349854
522.859253
523.169373
524.306091
525.099182
525.021118
524.790283
525.075928
525.618713
526.005737
526.438599
527.115540
527.583435
527.435181
527.237061
527.921570
529.282532
530.027283
529.775269
529.777893
530.807495
531.856079
532.001953
532.028503
532.987244
534.413818
535.233398
535.495300
536.024597
536.916748
537.559265
537.867493
538.346313
539.073669
539.677307
540.253174
541.244385
542.320312
542.645630
542.410950
542.804016
544.178833
545.375977
545.282227
544.450500
544.482422
545.801453
547.088745
547.360657
547.259216
547.633240
548.323486
548.874207
549.273804
549.595337
549.704346
549.690308
550.119751
551.205383
551.922607
551.195374
549.951660
550.130432
551.614624
552.357483
551.669922
550.988892
551.306641
551.986389
552.269775
552.214539
551.964355
551.424133
550.841797
550.755798
551.213501
551.531677
551.087891
550.260071
550.130859
550.919617
551.351624
550.468201
549.252869
549.119690
549.626587
549.366638
548.403564
547.970764
548.222412
548.141785
547.388794
546.617859
546.160278
545.689331
545.166382
544.974976
545.011719
544.654602
544.001160
543.897766
544.312683
544.168518
543.101257
541.999023
541.750732
542.129333
542.007446
540.876709
539.745972
539.622131
539.903870
539.534424
538.614502
537.801514
537.115967
536.217468
535.270386
534.716858
534.411499
533.813232
533.029968
532.665344
532.401489
531.238892
529.533447
528.769531
528.951233
528.489807
527.023621
526.013184
526.127075
526.211121
525.332825
524.122681
523.528381
523.539551
523.583069
523.315308
522.832520
522.380554
521.917053
521.373474
521.205750
521.647400
521.781250
520.806946
519.659668
519.627686
520.177917
519.995850
519.327087
519.379822
520.036987
520.125183
519.574036
519.444336
519.950928
520.197388
519.922668
519.891235
520.400208
520.785400
520.601501
520.412964
520.969971
521.874023
521.953918
521.225037
521.132812
522.185120
522.975708
522.557861
522.073914
522.874329
524.363281
525.070251
524.929688
524.973572
525.424316
525.650818
525.640991
526.024048
526.740967
527.168579
527.475403
528.326538
529.359741
529.634888
529.397766
529.734070
530.701111
531.210876
530.713562
530.099365
530.635437
532.239929
533.449585
533.354797
532.706055
532.584045
532.985413
533.422913
533.929810
534.614197
535.068359
535.046143
535.081848
535.625000
536.124146
535.951965
535.705017
536.262390
537.138489
537.257263
536.845093
537.002808
537.722351
537.898254
537.280823
536.924500
537.351624
537.723938
537.407654
536.962769
537.083252
537.554932
537.649353
537.183960
536.770081
536.796326
536.702637
536.079956
535.669006
535.999512
536.200012
535.525269
534.774109
534.851257
535.074463
534.333618
533.076477
532.612305
532.932312
532.817139
531.992493
531.443970
531.495911
531.272766
530.424438
529.786316
529.749390
529.551025
528.838196
528.314514
528.435059
528.671021
528.320557
527.472839
526.941650
527.052795
526.950500
525.962402
524.904724
524.789062
525.127197
524.802246
523.972107
523.731262
524.074768
523.866516
522.946838
522.363403
522.331299
522.060486
521.654297
521.935791
522.559143
522.397827
521.646057
521.581848
522.236877
522.252075
521.284912
520.733948
521.570618
522.839600
523.012634
522.040649
521.354004
521.820007
522.628784
522.814209
522.668396
522.818359
523.105225
523.254456
523.611572
524.395752
525.014038
524.908508
524.634644
525.177246
526.316895
526.880432
526.653809
526.661316
527.311646
527.816223
527.829407
528.083374
528.917114
529.602905
529.631531
529.588989
530.163147
530.990967
531.230591
530.958313
531.084595
531.813782
532.293579
532.225464
532.583557
533.901489
535.127075
535.282776
535.071533
535.631165
536.676392
537.144043
537.038086
537.365601
538.459167
539.609497
540.377686
541.064209
541.682007
541.823181
541.782471
542.465271
543.827637
544.753479
544.922302
545.356934
546.652344
548.060242
548.593140
548.200989
547.739807
547.992920
548.672119
548.983826
549.151306
549.952087
551.051208
551.476196
551.356262
551.469299
551.665955
551.387268
551.084900
551.517700
552.168274
552.036377
551.543701
551.857910
552.717224
552.760437
551.806519
551.084351
551.222778
551.481812
551.256653
551.026672
551.316345
551.754150
551.679382
551.061523
550.504333
550.345764
550.032043
549.134216
548.502380
548.919739
549.387207
548.591736
547.168762
546.620300
546.849182
546.538696
545.470398
544.726257
544.638672
544.308899
543.425781
542.765259
542.516846
541.942993
541.000610
540.483521
540.379639
539.746277
538.535645
537.902710
538.224915
538.406311
537.549622
536.033203
534.904968
534.772522
535.089905
534.779053
533.792419
533.026367
532.662476
532.096008
531.281982
530.734497
530.405212
529.848938
529.322144
529.418823
529.718994
529.241272
528.221680
527.813110
528.014038
527.660950
526.586548
526.017517
526.440979
526.743286
526.128540
525.384521
525.315308
525.266785
524.374146
523.129211
522.615601
522.889404
523.040955
522.660706
522.388733
522.725159
522.999451
522.349792
521.204529
520.628296
520.601624
520.274902
519.680298
519.755066
520.584167
521.102295
520.813477
520.459900
520.547852
520.574768
520.329407
520.456604
521.108948
521.514221
521.459290
521.781372
522.718811
523.199951
522.563660
521.669495
521.657532
522.559998
523.516663
523.884583
523.967468
524.540955
525.593018
526.334656
526.582458
526.902161
527.290039
527.240295
527.162292
527.986145
529.288208
529.767212
529.549255
529.951538
531.086365
531.736633
531.544861
531.504395
532.199036
533.014221
533.316833
533.401245
533.774841
534.248840
534.451599
534.618652
535.191711
535.993530
536.317566
535.927734
535.601379
536.078491
536.783508
536.760132
536.391541
536.659790
537.339050
537.538696
537.384399
537.592957
537.995056
537.871338
537.337402
537.232605
537.695679
537.900940
537.558777
537.502197
538.077026
538.256958
537.441406
536.663879
536.830383
537.177795
536.727844
535.963867
535.886169
536.398254
536.597290
536.152344
535.650146
535.624390
535.693970
535.150208
534.240234
533.908875
534.158142
533.978271
533.181335
532.728088
532.871948
532.685730
531.803589
531.043091
530.889221
530.693481
529.964844
529.225342
528.851318
528.312378
527.415894
526.936646
527.147827
527.076172
526.177551
525.416504
525.730347
526.428040
526.077515
524.494934
523.105042
523.099548
523.772217
523.650940
522.805054
522.530518
522.992310
523.037109
522.300720
521.693970
521.680420
521.710022
521.571899
521.701233
521.966980
521.765320
521.376221
521.614624
522.158569
521.892151
520.949768
520.805298
522.013062
523.184448
523.064392
522.464172
522.885193
524.135559
524.817444
524.476013
523.942688
523.946777
524.358521
524.798218
525.328003
526.063904
526.554565
526.445007
526.402527
527.288086
528.558289
528.832336
528.174316
528.214966
529.595520
530.927002
531.045898
530.685852
530.975159
531.746582
532.320618
532.735413
533.253540
533.710510
534.077576
534.658630
535.316956
535.429016
534.820923
534.185242
534.518921
536.000854
537.421387
537.552734
537.039795
537.542236
539.080322
539.980469
539.601257
539.293518
540.115906
541.316650
541.927002
542.221069
542.695984
543.181702
543.626953
544.385742
545.281372
545.652893
545.603394
546.066711
547.288147
548.284668
548.333984
548.115662
548.688599
550.006958
551.002441
551.001221
550.554565
550.556335
550.976868
551.229187
551.360596
551.689209
551.805115
551.333313
551.118225
552.053284
553.243408
553.011780
551.519836
550.727112
551.488403
552.297058
551.793213
550.849915
550.780762
551.130493
550.851135
550.130371
549.660217
549.378540
549.015564
548.789429
548.718994
548.211914
547.071777
546.143616
546.358276
547.347595
547.549500
546.186890
544.574829
544.329956
544.925171
544.621643
543.242798
542.237427
542.214417
542.099609
541.161560
540.185913
539.805786
539.399780
538.587830
537.988831
537.705078
537.006714
535.991455
535.581421
535.716248
535.268860
533.956909
532.904968
532.969360
533.529541
533.489685
532.669983
531.770630
531.457397
531.593323
531.399475
530.626648
529.952820
529.693298
529.355896
528.895691
528.768494
528.698303
527.998596
526.966553
526.530334
526.643677
526.294434
525.213562
524.433228
524.570374
524.756592
524.158508
523.299072
522.861450
522.476440
521.755981
521.237976
521.345581
521.459106
520.878052
519.984009
519.778259
520.471313
521.056580
520.688660
520.008057
520.161255
520.836243
520.754089
519.954834
519.833252
520.716431
521.314270
521.100281
521.097961
521.716553
522.005005
521.689697
521.796143
522.662781
523.264404
523.018127
522.766968
523.370239
524.405396
525.016541
525.270508
525.707520
526.134827
526.096252
525.927246
526.334473
527.358643
528.213928
528.222229
527.899414
528.430176
529.754211
530.488281
530.180603
529.997314
530.692993
531.543213
531.859863
532.124023
532.853882
533.628784
533.994141
534.209473
534.492065
534.543091
534.368347
534.659241
535.579224
536.156616
535.867432
535.748901
536.715088
537.827026
537.717590
536.699463
536.149902
536.622375
537.447083
537.805847
537.611389
537.314941
537.161621
537.116455
537.394897
538.102051
538.482483
537.782898
536.760193
536.836548
537.789001
537.922180
536.779236
535.939758
536.496887
537.342346
537.071289
536.161560
535.842651
536.030884
535.894104
535.434998
535.090637
534.676514
533.989502
533.570068
533.865173
534.330505
534.002136
532.697876
531.411987
531.197632
531.641846
531.373230
530.236023
529.526123
529.722107
529.722778
528.896790
528.062744
527.771423
527.428589
526.747803
526.282654
526.142761
525.694641
524.847107
524.371826
524.551331
524.539856
523.688904
522.837219
523.264954
524.312073
523.952759
522.291199
521.587830
522.266174
522.705750
522.710022
522.840942
522.252380
520.874939
520.509277
521.622437
522.555725
522.295410
521.340942
520.785339
521.535034
523.015808
523.321960
522.059265
521.296021
522.359131
523.729309
523.637817
522.806824
522.954224
524.082642
524.918213
525.000305
524.883728
524.971069
525.324768
526.081482
527.164429
527.974915
527.985352
527.444153
527.315918
528.265503
529.557190
529.815125
529.235474
529.498779
530.975220
532.076660
531.957764
531.749756
532.322510
532.964722
533.312378
534.165710
535.438660
536.014893
535.941467
536.259949
536.985474
537.203247
536.720459
536.599487
537.811035
539.429260
539.666748
538.887268
539.097046
540.572693
541.652466
541.482910
540.976807
541.134399
541.770813
542.219116
542.481079
543.003052
543.674988
544.006775
544.106689
544.610596
545.532043
546.050659
545.913269
546.074707
547.124756
548.100891
548.020996
547.616272
548.123352
549.228149
549.742981
549.633972
549.747192
550.196960
550.553894
550.930176
551.541687
551.842102
551.203064
550.179260
550.131348
551.424194
552.620178
552.252441
550.933960
550.549011
551.504944
552.143982
551.386841
550.314941
550.134521
550.352844
550.202576
550.005676
549.986816
549.557007
548.627747
547.998169
547.925903
547.623962
546.677490
545.870361
545.872192
545.946899
545.082581
543.807373
543.412537
543.726868
543.448730
542.317871
541.308777
541.015015
540.994995
540.594788
539.805115
539.127258
538.656433
537.935791
537.020142
536.583801
536.538757
535.902222
534.571899
533.711731
533.736816
533.491699
532.211121
530.828674
530.452209
530.654724
530.312134
529.353210
528.608032
528.315674
527.944580
527.386841
527.039795
526.699585
525.794556
524.655457
524.263367
524.782837
525.272095
524.913879
524.062622
523.780518
524.263733
524.506958
523.959290
523.360046
523.333923
523.365601
522.980042
522.701965
522.938477
523.089050
522.665405
522.235840
522.262451
522.131409
521.460022
521.085754
521.583435
521.977234
521.282471
520.295105
520.433472
521.515991
521.994263
521.185242
520.104370
519.909180
520.490906
521.079285
521.458618
521.861511
522.187622
522.149841
522.010925
522.390869
523.196472
523.525452
523.205994
523.372009
524.534546
525.478271
525.352783
525.238220
526.196899
527.390076
527.578491
527.209778
527.546143
528.570129
529.271362
529.492615
529.915283
530.541199
530.836365
531.063599
531.863220
532.906128
533.262756
532.788574
532.348389
532.788757
533.935486
534.751831
534.674805
534.425842
534.877686
535.641907
535.815796
535.582275
535.778442
536.376709
536.797180
537.050842
537.323181
537.328064
537.031616
537.081238
537.687561
538.020203
537.462219
536.778137
537.080994
538.038818
538.313721
537.531433
536.634460
536.509705
536.996765
537.284912
537.092834
536.965698
537.097717
536.866089
536.236877
536.099060
536.519958
536.391357
535.441833
534.930420
535.473511
535.819214
534.954651
533.821106
533.691833
534.132996
533.900696
532.984253
532.437439
532.579773
532.643494
532.206787
531.638733
531.051147
530.208374
529.457397
529.472229
530.120361
530.334045
529.270569
527.525879
526.647400
527.013489
527.243347
526.471252
525.588562
525.407288
525.336060
524.698914
523.925537
523.680664
523.724121
523.396362
522.736389
522.346375
522.309753
522.205078
522.033386
522.078064
522.066956
521.596924
521.153503
521.465637
522.103149
522.042542
521.358337
521.077393
521.545715
522.071777
522.069885
521.807556
521.922119
522.440918
522.703369
522.543640
522.738525
523.554138
524.003845
523.614380
523.520874
524.457642
525.339050
525.213745
524.917542
525.466064
526.353088
526.760681
527.076904
527.898987
528.650757
528.635620
528.556519
529.380188
530.579895
531.065613
531.047485
531.577087
532.767395
533.598022
533.418518
532.946655
533.335754
534.529724
535.337891
535.324280
535.517700
536.614502
537.682312
537.766907
537.615906
538.328125
539.453186
539.995300
540.176636
540.673889
541.186584
541.213196
541.279053
542.138367
543.369995
543.922607
543.806946
544.038208
544.874756
545.389771
545.211609
545.217651
545.855896
546.332336
546.106934
545.900085
546.458801
547.282043
547.414368
547.010132
547.146545
547.982422
548.419250
548.020508
547.848938
548.676880
549.635742
549.614319
549.068726
549.191406
549.910217
550.151306
549.846985
549.979187
550.684143
551.005554
550.651550
550.421509
550.660278
550.777954
550.597717
550.675598
551.070862
551.120850
550.570862
550.016846
550.114807
550.647461
550.678772
549.862732
549.016418
548.795044
548.698242
548.210876
547.806091
547.786865
547.334595
545.935730
544.653564
544.590454
545.013733
544.448242
543.023010
542.161743
542.177429
541.934753
541.040771
540.347290
540.006592
539.182678
537.938843
537.368530
537.546204
537.216309
535.864685
534.521423
534.201477
534.531250
534.364075
533.400940
532.539795
532.357971
532.144470
531.224670
530.220886
529.917908
529.815613
529.015198
527.857483
527.330444
527.242126
526.618713
525.597351
525.189331
525.404236
525.254333
524.466675
523.758972
523.440125
523.114746
522.762451
522.809631
523.032532
522.654724
521.602356
520.702148
520.710693
521.453674
521.858521
521.283630
520.571167
520.751892
521.337219
521.307678
520.925903
520.973572
521.204346
521.000610
520.681030
520.878540
521.252808
521.135803
520.871704
521.255493
521.973938
521.948853
521.278015
521.237244
521.989136
522.247864
521.807556
522.023560
523.137329
523.755188
523.326172
522.816040
523.026001
523.783813
524.446411
524.647583
524.756409
525.244324
525.769470
525.879639
526.033875
526.760986
527.594910
527.910095
528.073853
528.702881
529.413635
529.527039
529.491821
530.253662
531.505615
532.083557
531.954834
532.249084
533.248230
533.902771
533.778503
533.853638
534.649170
535.281250
535.141602
534.930847
535.331299
535.954163
536.105286
535.859985
535.915710
536.492676
536.921997
536.779846
536.745972
537.500000
538.307983
537.992493
536.987549
536.752930
537.374146
537.631348
537.233765
537.030640
537.218079
537.139587
536.717834
536.575562
536.740540
536.578430
536.102417
535.975830
536.137756
535.766907
534.772949
534.084290
534.395142
535.229553
535.336731
534.256836
533.154724
533.176086
533.647034
533.278137
532.170471
531.383301
531.349426
531.567322
531.486938
531.145142
530.691101
529.931274
529.074768
528.875305
529.135620
528.655518
527.459290
526.948608
527.334106
527.348511
526.653015
526.192444
526.276550
526.140869
525.365906
524.517761
524.289124
524.579346
524.738403
524.483032
524.178040
524.100220
523.856873
523.112976
522.483154
522.683044
523.130310
522.784485
522.032410
522.133362
522.947815
523.064514
522.213440
521.638794
521.921265
522.234497
521.991943
521.662842
521.718689
521.932495
522.047302
522.301819
522.681580
522.490051
521.667786
521.520142
522.899963
524.561279
524.681091
523.424988
522.738220
523.636169
524.903320
525.097107
524.677002
524.994995
526.101746
527.003479
527.453796
527.978760
528.514465
528.632812
528.835693
529.943604
531.376526
531.827087
531.541748
532.063843
533.603638
534.663513
534.605530
534.607849
535.510254
536.518738
536.757141
536.730530
537.380005
538.513855
539.203613
539.339661
539.712280
540.515686
541.016113
541.024658
541.413574
542.485535
543.184448
542.930908
542.865723
544.094177
545.727722
546.083618
545.347412
545.382202
546.771179
547.893738
547.648926
547.109680
547.595520
548.838196
549.828857
550.176880
550.036133
549.657410
549.538269
550.168945
551.165405
551.472107
550.765991
549.992920
550.289917
551.573792
552.454041
551.930847
550.920837
551.011108
551.986328
552.250549
551.491638
550.997070
551.375366
551.735901
551.363098
550.716797
550.435486
550.398315
550.280884
550.215515
550.138672
549.464539
548.409607
548.209290
549.004822
549.218872
548.079102
546.922485
546.964722
547.398132
546.845215
545.553162
544.934326
545.528076
546.333435
546.158569
545.089539
544.168762
543.872864
543.727356
543.408813
543.073792
542.649780
541.924988
541.317871
541.347168
541.430786
540.540283
539.095764
538.583984
539.027161
538.802917
537.417358
536.241272
536.058838
535.926086
534.932190
533.505249
532.607422
532.461060
532.455322
532.044800
531.348328
530.656921
529.766479
528.529541
527.584595
527.409302
527.232849
526.310974
525.426208
525.509766
525.757141
524.796265
523.004883
522.095154
522.566101
523.042603
522.458191
521.523987
521.332458
521.621094
521.475586
520.877319
520.370361
520.010620
519.795593
520.104919
520.661987
520.474792
519.590271
519.287415
520.137390
521.241577
521.325745
520.096375
518.821655
519.068604
520.505493
521.329956
521.023376
520.805237
521.323059
521.801819
521.647095
521.371887
521.521423
521.930298
522.469421
523.327148
524.128235
524.107300
523.612549
524.002625
525.406860
526.127625
525.276794
524.488220
525.518494
527.525757
528.464294
527.976807
527.356750
527.527405
528.180664
528.669189
529.027893
529.694824
530.539062
531.041443
531.296387
531.747864
532.159607
532.033569
531.852722
532.625916
534.044983
534.593079
533.964966
533.721802
534.722595
535.726685
535.564148
534.917053
534.962830
535.675537
536.331543
536.736206
537.051453
537.048218
536.567139
536.281921
536.901917
537.926880
538.130249
537.234863
536.454773
536.964172
538.177063
538.455139
537.527283
536.832397
537.189331
537.675781
537.438782
536.992493
536.894043
536.764709
536.426086
536.429382
536.730896
536.310913
535.024536
534.361572
535.068848
535.603271
534.667725
533.445740
533.384705
533.754944
533.254944
532.208862
531.683960
531.762390
531.685730
531.067688
530.392090
530.230835
530.269714
529.814575
529.079224
528.796082
528.742004
528.077515
526.998962
526.549255
526.824890
526.806335
526.099976
525.512146
525.532349
525.506042
524.889648
524.178345
523.934448
523.878845
523.588562
523.335632
523.471985
523.482300
522.753906
521.952454
522.239014
523.311340
523.605225
522.480957
521.193237
521.217773
522.178467
522.476990
521.791870
521.298035
521.428162
521.457153
521.333557
521.773193
522.522827
522.594360
522.162659
522.326599
523.154785
523.560974
523.177368
523.014282
523.818481
524.798706
524.893250
524.520142
524.810730
525.710510
526.246948
526.267151
526.504822
527.161194
527.640686
527.691956
527.906799
528.727478
529.586487
529.750732
529.616699
530.127930
531.162231
531.759521
531.782471
532.125977
533.174866
534.128845
534.304382
534.203430
534.560486
535.195984
535.680359
536.279175
537.211914
537.813293
537.601074
537.359192
537.940247
538.737976
538.742310
538.407471
538.912598
540.166687
541.034851
541.007996
540.685242
540.833923
541.483276
542.063110
542.311584
542.563110
542.977600
543.346924
543.824463
544.817444
545.925781
546.151123
545.630432
545.770691
546.963074
547.857483
547.704285
547.621643
548.573303
549.738831
550.012146
549.793274
550.087769
550.783325
551.074219
550.971924
551.104858
551.487488
551.609741
551.511414
551.711243
552.181458
552.253479
551.666687
551.185303
551.579956
552.206543
551.733154
550.415161
549.972168
550.884155
551.568237
550.791016
549.373230
548.749512
548.934631
548.917664
548.356201
547.729736
547.284363
546.951172
546.793396
546.669067
546.013916
544.807556
544.050720
544.248840
544.316589
543.185791
541.567566
540.976685
541.663635
542.310608
541.553833
539.610168
538.197937
538.357666
538.935486
538.261597
536.552002
535.298706
535.027954
535.120483
534.988647
534.307678
532.986084
531.664185
531.320251
531.728088
531.354980
529.701904
528.402771
528.712646
529.256958
528.201904
526.307739
525.655701
526.322632
526.406067
525.024841
523.449341
523.020508
523.501343
523.868347
523.635193
523.026611
522.396790
521.969604
521.960876
522.367737
522.441711
521.408203
520.018921
519.825623
520.775879
521.218384
520.457031
519.681885
519.913086
520.423828
520.072876
519.304016
519.436096
520.346985
520.688660
520.241333
520.090637
520.605591
521.091675
521.210632
521.357727
521.746094
521.933716
521.587585
521.299194
521.819519
522.724182
522.917664
522.319580
522.057373
522.807495
523.654541
523.522583
523.104736
523.722229
524.910339
525.289001
524.975952
525.015198
525.547180
526.134155
526.674622
527.090759
527.178650
527.159424
527.653687
528.857849
530.024414
530.214294
529.600586
529.424194
530.419678
531.736450
532.072937
531.675415
532.047241
533.442993
534.416443
534.275879
534.008057
534.482605
535.307373
535.692932
535.603271
535.626587
535.951782
536.236572
536.553650
537.183594
537.568115
537.216064
537.007019
537.656128
538.151917
537.546997
536.769348
537.039856
537.864685
537.979370
537.293884
536.807983
537.136963
537.757507
537.686096
536.824036
536.214722
536.491394
536.879456
536.699158
536.470886
536.452515
535.947021
535.026306
534.852417
535.454529
535.370178
534.225220
533.439270
533.773560
534.117676
533.488342
532.660706
532.699097
533.095520
532.729797
531.816711
531.409546
531.545044
531.390503
530.821716
530.490723
530.550476
530.344299
529.484436
528.569519
528.428467
528.776978
528.411682
527.193481
526.475403
526.844910
527.047180
526.090637
524.865417
524.653503
525.203552
525.232544
524.327698
523.416138
523.187378
523.219116
523.030518
522.693176
522.101746
521.211243
520.897278
521.806763
522.758362
522.209473
520.783142
520.391418
521.348328
522.206482
522.076477
521.574768
521.572083
522.046814
522.373657
522.344055
522.352966
522.583130
522.695190
522.605225
522.847046
523.650635
524.357544
524.498962
524.671021
525.335938
525.816345
525.674866
525.783264
526.780212
527.790039
527.923828
527.838501
528.590332
529.763916
530.116455
529.750488
530.048950
531.422302
532.680908
532.809021
532.255249
532.194275
533.004883
533.940247
534.398987
534.760193
535.427307
535.994324
536.076355
536.172363
536.935608
538.036438
538.693909
538.955688
539.336609
539.741272
539.915466
540.291809
541.247253
542.123840
542.077393
541.593933
541.929565
543.046021
543.648682
543.433838
543.468994
544.154907
544.637451
544.405945
544.146484
544.668518
545.644958
546.079895
545.903015
546.054871
546.748413
547.145325
547.019531
547.210938
548.091370
548.875854
548.916382
548.789124
549.266174
549.911011
549.884521
549.564087
549.889526
550.661743
550.945068
550.789673
551.004272
551.447083
551.218994
550.510010
550.445190
551.086853
551.318970
550.676025
549.927551
549.952881
550.650208
551.031372
550.445496
549.492188
549.046204
548.902527
548.500793
548.133240
548.143677
547.972412
547.226196
546.532654
546.253540
545.677734
544.481995
543.660217
543.843750
544.022034
543.140137
541.745422
540.987549
540.867615
540.431274
539.378906
538.469360
538.126160
537.751770
536.991638
536.438416
536.415466
536.263916
535.396851
534.181580
533.415222
533.239929
532.938171
532.061707
531.279236
531.181763
530.929932
529.672180
528.293396
527.991028
528.186279
527.621155
526.545593
526.156799
526.466309
526.259583
525.105896
524.041382
523.862793
524.040466
523.850647
523.435364
523.078979
522.536133
521.726929
521.211121
521.337891
521.570740
521.241882
520.615295
520.588684
521.264038
521.568420
520.834900
519.991760
520.178650
520.891174
520.885315
520.360779
520.533325
521.323853
521.483582
520.930603
520.813904
521.358337
521.714783
521.628540
521.567871
521.641907
521.711731
522.036804
522.773254
523.234253
522.788940
522.043701
522.046692
522.943481
524.069336
524.562378
524.107605
523.666443
524.308472
525.338928
525.491211
525.196777
525.563721
526.360657
526.851624
527.246582
527.920410
528.412476
528.318848
528.231018
528.872437
529.890991
530.504822
530.869812
531.623474
532.417664
532.366150
531.820679
532.090271
533.269104
534.045715
533.895752
533.768188
534.402649
535.376831
535.949524
535.971130
535.841003
535.879517
535.972900
536.117676
536.695496
537.551941
537.704224
536.877075
536.345825
537.048462
537.883179
537.414673
536.295837
536.244568
537.365784
538.191956
537.897522
537.138306
536.753967
536.664551
536.510620
536.422058
536.405396
536.055115
535.588623
535.845093
536.792114
537.180969
536.059814
534.127441
533.182983
533.959717
534.921814
534.300049
532.791138
532.427917
533.213562
533.283142
532.147644
531.141541
530.887390
530.804810
530.683167
530.661987
530.321655
529.411255
528.714172
528.919128
529.280212
528.662292
527.476868
527.142029
527.749817
527.861206
526.904846
526.113647
526.536072
527.380798
527.106262
525.571045
524.301819
524.443237
525.227417
525.256836
524.438599
523.644104
523.270935
523.207520
523.369202
523.481689
523.024963
522.109436
521.785950
522.580200
523.241089
522.324341
520.637085
520.341370
521.741943
522.835083
522.329102
521.320740
521.296509
521.982971
522.223022
521.965759
522.086426
522.650635
522.807495
522.496765
522.806152
523.999451
524.745361
524.319153
523.975281
524.844299
526.019653
526.283569
526.245728
527.092407
528.392639
528.799438
528.252869
528.080688
528.982849
530.173950
530.845215
531.268372
531.866272
532.453735
533.076477
534.111755
535.057129
535.028809
534.637939
535.345398
536.958557
537.836670
537.385620
536.671082
536.979675
538.514893
540.134155
540.561584
540.130554
540.339539
541.495972
542.413330
542.576843
542.741638
543.272827
543.776733
544.309875
545.160339
545.799377
545.710022
545.641968
546.551697
547.836792
548.058899
547.323364
547.348450
548.724121
549.845703
549.510193
548.820190
549.250671
550.408386
550.944824
550.577209
550.167603
550.290405
550.616272
550.758118
550.982544
551.486206
551.665955
551.073608
550.424683
550.534729
550.908325
550.549744
549.788940
549.833801
550.596130
550.649231
549.711670
549.227051
549.844849
550.300903
549.650574
548.781372
548.711975
548.968262
548.825439
548.556091
548.446045
548.146973
547.625671
547.343628
547.446899
547.578125
547.167419
546.093567
545.280457
545.553345
545.988953
545.083679
543.364319
542.777710
543.523376
543.702942
542.443115
541.084412
540.710449
540.666321
540.233826
539.726746
539.264160
538.302490
537.063599
536.512451
536.457886
535.677002
534.162048
533.237671
533.324341
533.217041
531.922485
530.123718
529.256714
529.644409
530.186218
529.828857
528.703857
527.624207
526.962891
526.567383
526.432068
526.489746
526.010193
524.543091
523.190918
523.345581
524.323853
524.077820
522.305847
520.972229
521.394409
522.515686
522.666260
521.649048
520.380066
519.619812
519.715881
520.584534
521.390015
521.047974
519.518677
518.126343
518.301758
520.046814
521.653015
521.407166
519.763672
518.784424
519.335327
520.414429
521.095520
521.303101
521.043457
520.593140
520.830322
522.045410
523.042480
522.537964
521.240479
521.254700
523.032898
524.510254
524.208984
523.376099
523.690918
524.744202
525.286987
525.359070
525.732666
526.485657
527.184021
527.642761
527.966553
528.194458
528.193054
528.094177
528.549622
529.785461
530.783264
530.615601
530.169861
530.993042
532.695496
533.351257
532.507874
531.842957
532.539001
533.743591
534.216125
534.132385
534.336426
534.819458
535.124695
535.442078
535.927612
535.937012
535.335205
535.331848
536.526123
537.506348
537.026428
536.203308
536.727295
538.159485
538.709595
537.829590
536.734863
536.668823
537.473267
538.035217
537.827026
537.353821
537.040833
536.816772
536.839661
537.258118
537.352966
536.406311
535.300415
535.627075
537.170593
537.735840
536.142883
534.116760
533.877136
535.049927
535.614990
534.811401
533.541199
532.794312
532.771912
533.108643
533.382202
533.196167
532.125122
530.542358
529.931335
530.842957
531.581970
530.577148
528.716492
527.933838
528.597900
529.286926
528.729797
527.328186
526.389038
526.317749
526.496216
526.396667
525.850891
524.944458
524.335876
524.677612
525.289307
524.723816
523.103394
522.399658
523.545349
524.673279
523.754822
521.739136
521.078857
522.227112
523.500610
523.499329
522.404236
521.303589
520.949829
521.349365
522.110474
522.575745
522.162659
521.290039
521.152710
522.100403
523.016785
522.676514
521.533508
521.471375
523.069214
524.272522
523.428345
522.060486
522.426147
523.993530
524.705811
524.214294
523.807251
524.237244
525.143188
525.962585
526.382629
526.226196
525.651733
525.354004
526.049377
527.478088
528.373596
528.008606
527.399841
528.064758
529.737427
530.614136
530.039551
529.533386
530.424133
531.929688
532.675293
532.726196
532.934265
533.507507
534.238708
535.103394
535.788147
535.718262
535.291931
535.881653
537.724854
539.099487
538.799866
538.109802
538.919983
541.002869
542.541443
542.502869
541.607056
541.340515
542.336060
543.812744
544.721924
544.941589
544.927368
545.032410
545.565063
546.708496
547.873108
548.106506
547.696594
548.065491
549.421570
550.216064
549.679077
549.120422
549.824463
551.107422
551.497192
550.972961
550.819946
551.577515
552.393616
552.490601
552.145569
551.943970
551.912964
551.831421
551.866577
552.205811
552.260986
551.481934
550.801697
551.420593
552.413147
551.910095
550.357788
549.905823
550.894409
551.400269
550.298584
548.861023
548.681641
549.344360
549.322388
548.323975
547.335022
546.892822
546.760803
546.682312
546.365906
545.459045
544.280945
543.719604
543.889099
543.790894
542.739014
541.288635
540.566467
541.016663
541.732788
541.354980
539.883911
538.756165
538.700867
538.810486
538.196167
537.238037
536.639954
536.236084
535.607788
535.006775
534.649536
534.030945
533.004028
532.359009
532.463257
532.503540
531.827942
531.015991
530.901001
531.106995
530.584045
529.473022
528.966675
529.151672
528.835876
527.709778
526.896179
527.117737
527.614563
527.351440
526.545166
526.140930
526.115173
525.630005
524.650696
523.948120
523.755676
523.576233
523.154968
522.804382
522.685974
522.456665
521.988220
521.733215
521.794800
521.508545
520.719543
520.392517
521.058105
521.681274
521.155151
520.173767
520.213867
521.142517
521.368774
520.250427
519.021301
519.165955
520.651978
521.995911
522.120667
521.641602
521.618347
522.026917
522.412231
522.816162
523.210510
523.251343
523.215942
523.889893
525.046326
525.490601
525.146667
525.382996
526.600159
527.416077
526.987549
526.461426
527.246460
528.847351
529.558411
529.010681
528.683289
529.568848
530.806396
531.236755
530.960632
530.776550
531.066040
531.730164
532.671753
533.734497
534.312622
533.937012
533.407837
534.062744
535.521973
535.939209
535.034363
534.668457
535.741638
536.810364
536.678833
536.196228
536.459045
537.055420
537.134827
536.958923
537.228149
537.694092
537.708862
537.544250
537.810425
538.065247
537.554810
536.798523
536.897095
537.845764
538.468628
537.851196
536.625366
536.304993
537.050659
537.382507
536.655334
535.920593
535.877808
535.930908
535.661865
535.528992
535.636414
535.217346
534.203430
533.836487
534.597839
535.018860
533.919617
532.481628
532.468933
533.391907
533.294434
531.879944
530.858459
531.137634
531.622498
531.242432
530.427551
529.997192
529.888672
529.636353
529.317566
529.289062
529.283936
528.684631
527.757385
527.382751
527.446167
526.954895
525.910217
525.499756
526.045715
526.214355
525.118958
523.867615
523.747314
524.118347
523.729248
522.842407
522.424744
522.437805
522.316589
522.177307
522.330566
522.313232
521.619995
520.827087
520.909302
521.794495
522.449768
522.168579
521.380066
521.174927
521.814392
522.263184
521.949402
521.715454
522.100891
522.488770
522.680115
523.262756
524.111755
524.422913
524.177124
524.221008
524.985352
525.791687
525.811584
525.452393
525.845154
526.952942
527.694641
527.937805
528.510742
529.400879
529.840149
529.959167
530.563110
531.503784
531.837036
531.404541
531.229431
532.157349
533.627991
534.403259
534.407166
534.710449
535.605774
536.197083
536.194763
536.545349
537.720520
538.733032
538.774048
538.644165
539.332825
540.354675
540.821289
541.035217
541.737244
542.680359
543.177673
543.398438
543.928284
544.579651
544.794434
544.858398
545.461792
546.379822
546.740173
546.385193
546.179077
546.860413
548.000183
548.569824
548.390137
548.270935
548.655396
549.085693
549.199707
549.373108
549.929199
550.286804
549.853271
549.383728
549.884155
550.681458
550.446045
549.542419
549.343994
549.869507
549.959106
549.439331
549.290344
549.720032
549.839966
549.455872
549.365356
549.712830
549.705627
549.156433
548.916504
549.517212
550.218811
550.035156
549.244507
548.891846
549.109558
549.103210
548.645813
548.425720
548.739563
548.777100
547.959473
547.135986
547.192505
547.368774
546.546692
545.261108
544.839355
545.255127
545.226074
544.281433
543.296265
542.750183
542.127197
541.333496
540.922607
540.732788
539.963928
538.607910
537.521484
537.260315
537.369080
536.879822
535.560242
534.371704
534.124817
534.203979
533.613342
532.552429
531.761658
531.133484
530.342529
529.863281
529.915771
529.544922
528.214233
527.040222
526.975586
527.120117
526.322083
525.135925
524.740295
524.995544
524.869324
524.122498
523.442505
523.135315
522.719604
521.910217
521.241150
521.286011
521.742493
521.813538
521.391357
521.146301
521.244080
521.052246
520.438049
520.155701
520.489563
520.638916
520.138489
519.829041
520.400024
520.993591
520.599121
519.884521
520.056152
520.768860
520.842407
520.391541
520.468872
521.068176
521.357361
521.366516
521.757385
522.418701
522.636230
522.276672
522.033081
522.551147
523.477356
523.875061
523.717529
523.940857
524.726318
525.131165
524.870972
524.944702
525.863892
526.664795
526.558777
526.344604
527.001099
527.898865
527.960022
527.681824
528.230652
529.260376
529.616577
529.498779
529.890442
530.650269
531.046387
531.332153
532.132751
533.042114
533.252930
532.955994
533.069397
533.960999
534.998840
535.261230
534.767273
534.578430
535.165283
535.673218
535.663269
535.910400
536.612427
536.881531
536.551331
536.576538
537.281250
537.789062
537.483459
536.981140
537.156311
537.665039
537.498901
536.876648
536.895935
537.377014
537.201050
536.595520
536.628296
537.006470
536.696716
535.842407
535.338623
535.494568
535.889648
535.788757
534.940918
534.221985
534.424072
534.842285
534.508850
533.801636
533.495239
533.318970
532.768799
532.248169
532.200806
532.029968
531.169312
530.367371
530.435425
530.642456
529.951477
528.874390
528.617371
529.083618
529.078735
528.218933
527.401672
527.204590
527.033325
526.442200
526.034668
526.292969
526.543701
525.950745
524.890686
524.451416
524.793762
524.920654
524.282715
523.614136
523.540771
523.407959
522.677734
522.194336
522.622742
523.094666
522.730957
522.050476
521.917908
522.198730
522.198669
521.921997
522.008667
522.380432
522.271179
521.784363
521.843079
522.464417
522.654846
522.125183
521.764404
522.234009
523.006897
523.188416
522.828247
522.773376
523.244080
523.472900
523.174377
523.228821
524.065674
524.705994
524.494141
524.335938
525.123413
526.148010
526.326355
526.013306
526.298462
527.172913
527.788208
528.093933
528.714294
529.510010
529.854309
529.985229
530.644897
531.665405
532.255249
532.477234
533.116516
534.187561
534.825073
534.677368
534.516968
535.228394
536.625000
537.630005
537.762207
537.921204
538.902832
540.021362
540.380798
540.513733
541.292358
542.233398
542.515625
542.597534
543.319214
544.309692
544.751221
544.928406
545.573120
546.419495
546.684143
546.571228
547.024841
548.076050
548.710571
548.588074
548.613464
549.297546
549.911011
549.829651
549.577515
549.994934
550.897827
551.239319
550.771240
550.561035
551.140503
551.619690
551.511902
551.630737
552.333984
552.678772
552.076904
551.388306
551.562439
552.133728
552.037781
551.346985
551.036255
551.304382
551.319397
550.796631
550.483337
550.594360
550.301086
549.462830
549.065857
549.319275
549.235596
548.468201
547.782166
547.774170
548.094482
547.871765
546.865112
545.969910
545.901184
545.975220
545.355286
544.457825
543.991272
543.641663
542.811462
541.832947
541.383911
541.246887
540.751648
540.087097
539.880066
539.718811
538.713196
537.453491
537.375000
538.019287
537.503357
535.873047
535.061523
535.469727
535.561646
534.742981
533.940186
533.717407
533.710510
533.459839
532.854919
532.229126
531.954529
531.707947
530.991333
530.152649
529.764954
529.525513
528.903870
528.220276
528.021484
527.963257
527.350098
526.442810
526.077942
526.111145
525.603210
524.550049
523.992615
524.194763
524.139709
523.340332
522.634155
522.559448
522.403137
521.587402
520.813599
520.967041
521.644043
521.701538
520.971375
520.429077
520.611023
520.917114
520.818726
520.711548
520.974854
521.068298
520.482544
519.883972
520.200317
521.151611
521.727112
521.710754
521.715271
521.865967
521.711182
521.541321
522.244324
523.526062
524.075134
523.820618
524.029358
524.933228
525.385498
525.099609
525.139038
525.999512
526.900146
527.087280
526.826538
526.983887
527.873230
528.716003
528.773743
528.584656
529.127991
530.246460
530.984863
531.150146
531.417053
531.984985
532.332275
532.454956
532.945862
533.634460
533.742920
533.537109
534.083923
535.241272
535.715942
535.232361
535.005066
535.729614
536.549561
536.575378
536.218506
536.318542
536.841492
537.090332
536.892639
536.906982
537.448059
537.746155
537.280396
536.914307
537.413818
537.987793
537.702454
537.124756
537.235413
537.671875
537.439941
536.746948
536.603394
536.937256
536.746399
536.023987
535.760193
536.068237
536.084412
535.639038
535.372009
535.320007
534.827332
533.869080
533.351868
533.874390
534.734741
534.659058
533.524231
532.604553
532.595337
532.579346
531.820374
531.145203
531.354126
531.613647
530.911011
529.929504
529.898743
530.400269
530.128601
529.174561
528.634521
528.525879
527.957092
527.041382
526.768066
527.030518
526.728149
525.859436
525.486511
525.638611
525.336243
524.495239
524.035583
524.377930
524.838867
524.485474
523.398682
522.713562
522.901123
522.931763
522.113647
521.394653
521.637512
522.123718
521.958008
521.505432
521.455505
521.604858
521.459412
521.214172
521.397522
521.834167
521.801453
521.382629
521.568665
522.500061
522.996033
522.597839
522.443298
523.181946
523.886841
523.925781
524.060059
524.834961
525.552795
525.602356
525.412415
525.713013
526.627930
527.526917
527.784912
527.807678
528.464355
529.505188
530.022949
530.179565
530.763489
531.566711
531.914551
532.165710
533.077515
534.221313
534.601562
534.480225
534.987610
536.142334
536.863831
536.878967
537.126526
538.037415
538.849060
539.080261
539.379028
540.356689
541.549622
542.068909
541.877258
541.904602
542.579651
543.056213
542.911926
543.248962
544.609375
545.683960
545.563721
545.225586
545.782166
546.858276
547.410950
547.419006
547.820374
548.753357
549.285278
549.193420
549.305298
549.802307
550.065674
550.073303
550.376099
550.931152
551.097412
550.812866
550.874146
551.620483
552.158203
551.658997
550.716370
550.598389
551.514771
552.314697
552.063843
551.432678
551.626282
552.265808
552.014282
551.033020
550.649170
550.906128
550.794983
550.368042
550.340393
550.430786
549.914001
549.013855
548.539612
548.602295
548.436218
547.665649
547.010864
546.981506
546.839905
546.060242
545.417542
545.385132
545.094788
544.002502
542.918579
542.735413
543.175720
543.204834
542.360962
541.312195
540.773865
540.470154
539.891663
539.163513
538.560425
537.939209
537.110840
536.402588
536.328613
536.491943
535.781372
534.259766
533.390869
533.655457
533.734070
532.832764
531.872009
531.649902
531.622742
531.189026
530.681274
530.453369
530.116760
529.343384
528.552307
528.322693
528.567383
528.630920
528.147644
527.489075
527.143372
526.929260
526.377075
525.720520
525.583557
525.661987
525.023987
523.955261
523.717651
524.185852
523.896240
522.621216
521.758972
522.015747
522.454590
522.229858
521.763611
521.546631
521.179199
520.524170
520.405884
521.057861
521.333191
520.524719
519.542114
519.590027
520.630798
521.521851
521.357971
520.572327
520.388550
521.042358
521.599792
521.654541
521.789368
522.276794
522.661682
522.749817
522.936646
523.328308
523.551270
523.719116
524.480835
525.639343
526.131226
525.920288
526.172363
527.194580
527.939026
527.836365
527.729126
528.459473
529.459717
529.721497
529.466736
529.690430
530.577698
531.400208
531.660095
531.626099
531.818176
532.259399
532.607727
532.926880
533.542114
534.233521
534.444702
534.377319
534.862061
535.757507
535.904114
535.256226
535.258118
536.389771
537.255615
536.962402
536.496399
536.813782
537.357727
537.388733
537.256042
537.463684
537.662903
537.413940
537.163574
537.631531
538.446533
538.368469
537.223145
536.478394
537.073853
537.863037
537.404175
536.290405
536.078613
536.665955
536.668701
535.913452
535.435974
535.417664
535.149353
534.676147
534.655762
534.951904
534.685486
533.666016
532.853943
532.909668
533.067871
532.521240
531.862671
531.757080
531.534363
530.669983
530.099121
530.662720
531.506775
531.142761
529.525085
528.181030
528.212097
528.827576
528.564941
527.469727
526.770752
526.804932
526.830200
526.553162
526.293030
525.972046
525.321777
524.704102
524.670288
524.967224
524.795105
524.065796
523.565308
523.573303
523.339417
522.626953
522.385742
522.965027
523.288025
522.703369
522.067932
522.274292
522.950745
523.132263
522.461975
521.638489
521.642151
