538.504272
538.504272
538.532288
538.604980
538.489075
537.850403
536.864197
535.672546
533.313171
529.119019
524.936218
523.544678
525.072998
527.278809
529.085022
531.714722
536.138977
541.139160
544.669128
545.840698
544.910828
542.542297
539.738342
537.702148
537.027161
536.817017
535.033936
530.815002
526.206665
523.998779
524.350098
525.634155
527.623596
531.199463
535.749268
539.554749
542.276672
544.700378
546.223938
544.999207
541.114624
537.520386
536.375427
536.047180
533.533936
528.802979
524.710632
523.296631
524.266541
526.716248
530.148254
533.775574
536.893372
540.014160
543.874084
547.521851
548.751343
546.459351
542.168945
538.866394
537.886108
537.368958
534.809326
530.405640
526.488464
524.505371
524.259888
525.519531
528.322754
532.054993
535.904053
539.701294
543.260437
545.647034
545.861755
543.894043
540.881592
538.321350
536.809937
535.405884
532.708191
528.621460
524.629883
522.665344
523.830688
527.343018
530.809937
532.780457
534.369873
537.273499
541.304932
544.742065
546.082092
544.974915
542.173828
539.078735
536.955933
535.807556
534.072571
530.425354
525.944336
523.351562
523.833557
525.964539
528.329651
531.495239
536.122375
540.871399
543.909790
545.096680
545.151733
543.984741
541.389832
538.337097
536.138672
534.920837
533.603333
531.108521
527.741821
525.119934
524.285461
524.843750
526.595520
530.121582
534.859192
538.875977
541.474792
543.789307
545.836853
545.579285
542.354431
538.711853
536.990784
535.971863
533.076172
528.606750
525.332397
524.509949
524.986023
526.046570
528.460266
532.433228
536.738953
540.398499
543.401367
545.421143
545.667664
544.153503
541.831665
539.742981
538.338745
536.953430
534.394653
530.694153
527.142944
524.677063
523.682983
524.709167
527.748901
531.499817
534.720459
537.788025
541.625916
545.389343
546.713562
544.686218
541.216125
538.678772
537.402649
536.075500
533.489563
529.535339
525.420654
523.068237
523.648621
526.534973
529.852417
532.224670
534.023438
536.602966
540.391663
544.121826
545.967651
545.165283
542.498779
539.531677
537.515747
536.498657
535.016541
531.525452
526.772766
523.536804
523.419495
525.356750
527.835815
530.929993
535.143738
539.593323
542.821045
544.603455
545.320251
544.403381
541.447815
538.108337
536.443787
535.695190
533.230530
528.670288
524.650452
523.220398
523.718201
524.764221
526.447632
529.556824
533.765381
537.783203
541.036621
543.916504
546.015198
545.626343
542.300293
538.556641
537.004456
536.627930
534.320007
529.652954
525.523560
524.088806
524.603149
525.761963
527.828125
531.317810
535.489258
539.393250
542.883484
545.500671
545.923401
543.773438
540.750183
538.908386
538.502930
537.926392
535.580627
531.625061
527.695190
525.075256
523.992004
524.559265
526.935425
530.463196
534.048645
537.479736
541.233032
544.789795
546.327759
544.855225
541.760010
539.266907
537.994873
536.706909
533.969482
529.705566
525.478516
523.320618
524.020020
526.502014
529.202942
531.833069
534.908203
538.325745
541.623413
544.442871
545.963257
545.300476
542.865356
540.129395
538.193359
537.055725
535.593872
532.422729
527.758179
523.964539
523.226196
525.190979
528.019897
530.979370
534.504028
538.417725
541.822510
544.307373
545.599426
544.773560
541.713623
538.476685
537.202454
536.897766
534.411499
529.039978
523.899780
522.036255
523.244446
525.272888
526.745300
528.456238
531.898071
536.711609
541.055420
544.111084
545.983948
545.949036
543.330750
539.630249
537.415588
536.890625
535.496338
531.622559
527.021790
524.326111
523.969299
525.090088
527.560364
531.306152
535.170654
538.354675
541.630493
545.189331
546.858398
544.775757
540.627380
537.880005
537.600586
537.909424
536.661987
533.331421
528.972107
525.276001
523.509094
524.049988
526.509033
529.880737
533.123779
536.233704
540.047485
544.225952
546.522705
545.350586
542.085938
539.336975
537.917358
536.715637
534.426208
530.722839
526.611572
523.884766
523.687439
525.628296
528.440674
531.406128
534.833557
538.880981
542.615234
544.948914
545.589661
544.820190
543.163330
541.108704
538.902283
536.828369
534.948975
532.386841
528.507996
524.729736
523.260498
524.474854
527.043640
530.023010
533.446411
537.262939
540.975037
544.059082
545.828369
545.356995
542.579041
539.220947
537.377075
536.778931
534.738403
530.017761
525.306885
523.764526
524.836609
525.800720
525.932068
527.076050
530.744080
536.006287
540.557739
543.293091
544.699402
544.940430
543.505493
540.917114
538.756775
537.396667
535.333313
531.650269
527.680664
525.124146
524.071960
524.220459
526.341980
530.613037
535.114319
538.166016
540.643127
543.814270
546.223877
545.333374
541.554504
538.136658
537.241516
537.886536
537.526123
534.577881
529.795471
525.552002
523.603882
524.022217
526.064514
528.933716
532.042908
535.486450
539.655090
543.814941
545.987610
545.046082
542.300293
539.970764
538.603149
537.155457
534.786072
531.424927
527.573547
524.408813
523.224487
524.422913
527.285339
530.722229
534.301697
538.216675
542.098755
544.866760
546.015808
545.837341
544.408997
541.739807
538.789185
536.945435
536.068970
534.123474
529.817322
524.976379
522.823669
524.096497
526.711548
529.235901
532.307678
536.380737
540.462585
543.573914
545.442017
545.601196
543.489624
539.927612
537.188171
536.257080
535.065552
531.479492
526.898193
524.370850
524.445496
525.298401
525.895020
527.172852
530.352905
534.950256
539.168030
542.208984
544.550476
545.831909
544.752197
541.518066
538.397400
536.881042
535.666809
532.734131
528.585754
525.553772
524.495605
524.639709
525.991394
529.206970
533.552734
537.465149
540.767395
544.041077
546.278625
545.621643
542.393982
539.212158
537.875000
537.771118
537.101135
534.555115
530.376709
526.266907
523.896545
523.716187
525.379517
528.302490
531.729492
535.235535
538.930359
542.633362
545.249878
545.619629
543.836914
541.161743
538.717041
536.746765
534.719360
532.004456
529.569641
529.690857
532.050537
532.844849
529.830811
525.423645
523.262451
524.198547
526.580261
529.139343
532.396606
536.800598
541.175171
544.199463
545.628052
545.370178
543.276123
540.164490
537.486572
535.827820
534.710205
533.178772
530.321716
526.624512
524.239197
524.315613
525.631104
527.391296
530.582886
535.205627
539.415710
542.262573
544.438965
545.889343
545.130066
541.843628
538.275452
536.509827
535.543396
532.871155
528.427490
524.837646
523.813232
524.617493
526.440735
529.632568
533.822937
537.607666
540.603760
543.340149
545.398010
545.812378
544.400940
541.749268
539.148621
537.767151
536.733521
533.997253
529.645752
525.843872
523.895325
523.708801
525.180298
528.233093
532.116333
535.871704
539.270569
542.577576
545.263672
545.825806
543.711548
540.550537
538.408875
537.301208
535.531494
532.169617
528.068115
524.768738
523.448181
524.612244
527.602722
530.610779
532.454102
534.018494
536.882019
540.975525
544.453247
545.572144
544.147705
541.456604
539.055725
537.513489
536.185608
533.942200
530.248596
526.058716
523.550720
524.069397
526.529663
529.092957
531.704041
535.411499
539.956238
543.628052
545.170593
544.657471
542.771606
540.250122
538.025696
536.613098
535.004089
531.956055
528.163818
525.340942
524.127869
524.162659
525.081482
526.914673
530.153259
534.771729
539.227417
542.113281
543.917297
545.311951
545.096680
542.126160
538.254822
536.433777
536.228638
534.356262
529.818970
525.433411
523.685425
524.150879
525.738586
528.628784
532.869202
537.089600
540.175415
542.743591
545.234131
546.121765
544.111084
540.568604
537.925293
536.956299
536.503967
534.921326
531.572144
527.487244
524.399292
523.353882
524.528870
527.575073
531.505981
535.084961
538.174072
541.650574
545.120422
546.351196
544.234924
540.779846
538.608459
537.729553
536.198242
532.984741
528.966309
525.662720
524.043213
524.333069
526.309448
529.463867
532.891418
535.779541
538.300842
541.108093
543.841125
545.188110
544.521606
542.465210
540.002991
537.801025
536.016602
534.133911
531.314087
527.535034
524.276917
523.418701
525.253540
528.356689
531.544617
534.863403
538.526428
542.102051
544.841858
545.925293
544.696777
541.533142
538.210266
536.422363
535.609436
533.406372
528.953613
524.366272
522.217163
522.999695
525.328430
527.648682
529.763367
532.691772
536.783020
540.980774
544.156799
545.744141
545.206482
542.509094
539.153442
537.223083
536.629944
534.862793
530.636047
526.009338
523.597778
523.684509
525.372620
528.454590
532.596252
536.436707
539.205566
541.902466
545.006897
546.484924
544.329102
539.885559
536.629822
536.288391
537.252808
536.457642
532.677246
527.878906
524.771545
523.944763
524.567322
526.489502
529.901978
534.020935
537.805664
541.264221
544.449707
545.962830
544.536743
541.396240
538.986389
537.902832
536.565002
533.608459
529.638306
526.324463
524.500244
524.120056
525.331116
528.179993
531.961182
535.877686
539.506348
542.538696
544.770752
545.861084
545.145264
542.635437
539.832458
538.203552
537.276123
535.379822
531.777466
527.454590
524.227539
523.385254
524.842529
527.482666
530.526978
534.144836
538.419800
542.385376
544.745422
545.169556
544.092957
541.849731
539.077454
536.986938
535.737305
533.656128
529.757080
525.768372
524.013000
524.650269
526.160828
527.341919
528.518616
531.238953
536.069031
541.087097
544.077820
545.060242
544.949585
543.522644
540.608704
537.658813
536.000366
534.555481
531.475159
527.364685
524.553162
523.982056
525.082703
527.592834
531.420715
535.622864
539.024780
541.582214
544.017883
545.769104
544.902405
541.304688
537.863098
536.887024
537.330078
536.453186
532.881836
528.003296
524.795776
524.630920
526.011719
527.483704
529.635681
532.980530
536.615784
540.057068
543.483154
545.648315
544.771423
541.871948
539.984009
539.497314
537.594360
533.266235
529.157776
527.061584
525.557922
523.694458
523.410156
526.582886
532.031738
536.920471
539.908569
541.691406
543.309570
544.993774
545.882202
544.631775
541.296082
537.942261
536.221069
535.381226
533.502686
529.681396
525.078003
522.378967
523.389771
527.075195
530.965942
534.129517
537.470215
541.342285
544.320435
544.737183
542.821716
540.758911
540.251953
540.274109
538.238159
533.658997
528.910889
525.953247
524.997437
525.334534
525.209167
524.084839
524.661194
529.131653
535.553528
540.846130
543.850403
544.698364
544.379211
543.586609
541.502136
538.127380
535.694946
535.009033
533.351746
529.018127
524.541809
522.924683
524.127563
526.874023
530.564514
534.517151
537.876770
540.831055
544.106995
546.720276
546.093201
541.897095
537.672607
536.572083
537.615479
537.508240
534.283264
529.046448
524.972229
523.999023
525.039246
526.461304
528.530762
532.049072
536.312073
539.736084
541.967041
544.028198
545.882629
545.736023
542.801086
538.595825
534.876709
532.374023
530.951843
529.310059
526.265564
523.257690
523.308838
527.139099
532.173767
535.597290
537.479248
540.060669
544.011414
547.181152
547.367065
544.610168
540.816284
538.142761
537.211304
536.341553
533.554688
529.221497
525.546753
524.097290
524.845581
526.802063
529.029236
531.698364
535.817139
541.001953
544.842773
545.632690
544.199219
542.306091
540.586975
538.725403
536.548279
534.061401
531.055298
527.602539
524.737305
523.844727
525.150024
527.375732
529.458984
531.846924
535.207947
538.948486
542.036743
544.206604
545.333313
544.647827
541.764832
538.156006
536.163757
535.797424
534.183044
529.720398
524.940918
523.249939
524.660217
526.951538
529.374756
532.768738
537.132507
541.284668
544.348267
545.927917
545.301086
542.166077
538.255859
536.242432
536.175537
535.101501
531.379272
526.923401
524.232910
523.700012
524.450928
525.897644
528.085938
531.253052
534.986511
538.576172
542.129150
545.504883
546.717529
544.155945
539.826782
537.354431
537.162537
536.266174
532.695312
528.017883
525.021667
524.462524
525.263306
526.901611
529.719910
533.404053
537.140747
540.797729
544.142639
545.848694
545.090515
542.897339
540.677185
538.864258
537.405334
535.995667
533.839905
530.515076
526.788269
524.054626
523.518799
525.572937
529.192322
532.628174
535.398804
538.623474
542.728149
546.001099
546.347900
543.788330
540.379578
538.010864
536.816345
535.400574
532.347473
527.897827
524.182434
523.266907
525.100098
528.029968
530.846924
533.368164
535.860779
538.726257
541.870361
544.287048
545.105591
544.435730
542.576782
539.825134
537.165283
535.382385
533.604797
530.419067
526.357910
523.664124
523.629578
525.632751
528.745239
532.683716
536.925842
540.424927
542.789185
544.499084
545.331543
543.968567
540.377563
537.073914
535.995178
535.383728
532.311279
527.206421
523.283447
522.328735
523.340637
524.928223
527.162537
530.623230
534.808655
538.644104
541.972656
544.976135
546.481140
544.866638
540.965332
537.954834
537.321838
536.784424
533.713257
528.933472
525.301636
524.038086
524.460266
526.077698
528.928040
532.544067
536.239746
539.974854
543.651489
545.953369
545.363342
542.340210
539.217896
537.776794
537.659790
537.105103
534.792786
531.035217
527.310303
524.845215
524.151184
525.431152
528.285950
531.521301
534.445068
537.726562
541.853882
545.443787
546.301636
543.972900
540.432922
538.008301
537.007385
535.726440
532.686768
528.382263
524.710266
523.309387
524.503357
527.200928
530.066406
532.971252
536.364746
539.800293
542.504578
544.332886
545.190979
544.697876
542.834229
540.251709
537.947083
536.287659
534.260803
530.776123
526.627502
523.950928
523.878479
525.674561
528.183411
531.292053
535.303284
539.435974
542.365051
543.939209
544.657104
544.003784
541.472717
538.504700
536.893616
535.806702
532.913879
528.231506
524.449036
523.366333
524.165649
525.417114
527.001038
529.721802
533.797607
538.127441
541.421753
543.602661
544.922546
544.525574
541.848511
538.595703
537.037292
536.617493
534.604431
530.281372
526.034424
523.935669
523.864502
525.334961
528.466919
532.658508
536.453796
539.359253
542.239380
545.087585
545.936401
543.511108
539.702881
537.519531
537.513428
537.641724
535.832275
531.957581
527.756958
525.009521
524.049011
524.549988
526.712952
530.494202
534.781067
538.495972
541.640137
544.323059
545.619995
544.584778
541.857727
539.070129
536.976807
535.094666
532.803040
529.960693
526.870911
524.400940
523.782166
525.569336
528.940857
532.634216
536.249878
539.970520
543.434204
545.767151
546.474121
545.564392
543.267578
540.319763
537.865723
536.296387
534.585205
531.443237
527.193420
524.030334
523.825928
525.973755
528.464355
530.753174
533.986816
538.441284
542.556946
544.871887
545.288269
544.174866
541.802734
539.017029
536.976013
535.494080
532.895996
528.615662
524.747925
523.601196
524.761108
526.092651
526.922302
528.739014
532.632996
537.333008
540.896606
543.248169
545.156067
545.741028
543.577698
539.771606
537.255005
536.697815
535.411255
531.332520
526.281616
523.561157
523.795227
525.351379
527.624023
531.186523
535.473022
539.097778
541.971313
544.653687
546.083984
544.539551
540.806458
537.801636
536.965027
536.975403
535.762512
532.592102
528.517029
525.292664
523.835022
524.123840
526.111023
529.554626
533.529968
537.226074
540.730957
544.019226
545.825623
544.910461
542.051392
539.370605
537.832520
536.479614
534.098328
530.679077
527.077087
524.246704
523.217285
524.722229
528.227539
532.221497
535.806396
539.189758
542.559509
545.321838
546.528809
545.756653
543.541870
540.876160
538.373962
536.173828
534.232361
532.088318
529.092285
525.664307
523.606812
524.294189
527.128540
530.567627
533.989502
537.624512
541.286560
544.166748
545.532227
544.998108
542.575867
539.188232
536.544434
535.275940
533.763428
530.400574
526.279480
523.969727
524.372986
526.125427
527.669678
529.221252
532.165466
536.541931
540.572937
543.104492
544.626465
545.248779
543.866882
540.469727
537.357971
536.196167
535.278259
532.101379
527.486328
524.484924
524.224731
525.476685
527.473267
530.615173
534.627136
538.246155
541.162109
544.069885
546.166687
545.298889
541.645447
538.354919
537.164917
536.218140
533.551331
529.947021
527.090576
525.356506
524.430847
524.454895
525.886047
528.846191
532.633301
536.311646
539.880554
543.579773
546.162109
545.730774
542.559509
539.284180
537.735962
536.921997
534.788086
530.948975
526.897461
524.227478
523.517578
524.792542
527.868774
531.773682
535.222107
538.245850
541.726990
545.123962
546.738831
545.943726
543.484924
540.522522
538.227600
537.123291
536.211914
533.727600
529.258789
524.733643
522.799438
524.203125
527.301270
530.235107
532.910278
536.432556
540.943359
544.758972
546.136963
545.030518
542.458984
539.421814
537.029846
535.896729
534.696289
531.428223
526.635010
523.289001
523.241882
525.566223
528.452148
530.985718
533.213013
535.830017
539.344543
543.046448
545.521484
545.893860
543.993469
540.583679
537.697083
536.728271
536.097900
533.161011
528.310852
524.681091
523.894714
524.767212
526.349854
529.336609
533.706299
537.725403
540.554810
543.306641
546.049316
546.369385
542.947083
538.476196
536.525391
536.588989
535.050537
530.666504
526.083862
523.884399
523.937561
524.945251
526.457520
528.735840
531.747925
535.114990
538.807007
542.768921
545.766174
546.001953
543.377502
540.077698
538.200439
537.401855
535.674927
532.151245
528.079590
525.037292
523.620239
524.091309
526.694702
530.717102
534.618896
537.802307
540.975525
544.188965
545.864990
544.723511
541.740112
539.063782
537.705017
537.101624
536.064270
533.643616
529.899719
526.143677
524.033508
524.291626
526.307556
528.987671
531.993469
535.693542
539.887146
543.384827
545.038391
544.665955
542.857361
540.342285
537.930542
536.312805
535.016235
532.440491
528.160706
524.310547
523.359009
525.289185
528.233582
531.058167
533.847412
536.713806
539.532715
542.188599
544.367126
545.395325
544.566223
541.858582
538.618164
536.633667
535.813293
533.968872
529.894104
525.514771
523.639526
524.561951
526.677124
529.380859
533.040771
537.050598
540.382690
543.202087
545.650574
546.115784
543.249878
538.969482
536.671814
536.555298
535.395142
531.424561
526.753113
524.148987
523.869568
524.565918
525.627625
527.682495
531.186035
535.228149
538.635315
541.650146
544.698181
546.296387
544.684753
540.914856
537.921509
536.784729
535.742004
532.962036
528.924927
525.465881
523.706726
523.972839
526.366943
530.144653
533.804382
536.867371
540.211792
543.853027
545.962158
545.075195
542.176392
539.566528
538.325928
537.699768
536.387817
533.761475
530.222168
526.833557
524.564270
523.945679
525.231506
528.154053
531.793213
535.475525
539.226929
542.769226
545.072876
545.391663
543.910889
541.374939
538.761169
536.875305
535.455078
533.096375
529.043518
524.843994
523.090454
524.514709
527.460083
530.402283
533.498413
537.102051
540.519043
543.009766
544.585266
545.296021
544.666565
542.339050
539.112366
536.775635
535.886047
534.422668
530.582886
525.923950
523.527832
524.116516
526.060974
528.361633
531.570374
535.865601
540.009521
542.923462
544.748230
545.325684
543.665344
540.330017
537.888428
537.287659
536.199402
532.607056
527.898376
524.837402
524.150269
524.583618
525.258911
526.807251
530.150391
534.645203
538.501282
541.224854
543.760010
545.666321
544.963867
541.647461
538.484924
537.215332
536.311157
533.648254
529.584900
526.143921
524.456787
524.405579
525.864136
528.796082
532.510620
536.128967
539.624634
543.158264
545.596252
545.321777
542.552368
539.403015
537.598755
537.141846
536.760742
534.999023
531.520020
527.618164
524.953125
524.152649
525.053589
527.328979
530.473145
534.029358
537.877258
541.704773
544.480652
545.149780
543.784729
541.484741
539.242981
537.416565
535.759949
533.392029
529.677368
525.704285
523.622864
524.282532
526.636108
529.462219
532.745911
536.882324
541.099976
543.888977
544.901245
545.080444
544.804077
543.268982
540.172363
537.020325
535.508484
534.758118
532.158691
527.501160
523.867859
523.588013
525.695007
528.300781
531.185730
534.861267
538.841553
542.155029
544.475220
545.525757
544.438477
541.221497
537.912292
536.458313
535.826904
533.242249
528.464050
524.530090
523.737366
525.161011
526.735535
527.948792
529.865662
533.192200
537.097778
540.572937
543.693298
546.025818
545.808716
542.677429
539.095276
537.316833
536.547363
534.493347
530.700623
526.979126
524.860107
524.276001
525.000427
527.493347
531.548035
535.724487
539.080383
542.109680
544.913879
545.896301
543.857666
540.328491
537.880920
536.949280
536.156006
534.542969
531.881714
528.351685
525.048340
523.544006
524.458191
527.114929
530.313599
533.327881
536.559387
540.594910
544.483887
546.180969
544.938049
542.113953
539.408020
537.455261
535.953857
534.009705
530.780151
526.730896
523.792175
523.539062
525.642395
528.589722
531.563599
534.998169
539.128906
542.962158
545.323120
546.040283
545.484619
543.688660
540.764954
537.769531
535.988281
535.049683
532.905945
528.739075
524.723450
523.483704
524.988953
527.470093
530.211914
533.693848
537.764587
541.453064
544.079224
545.336243
544.745056
542.184448
538.924500
536.864990
536.028564
534.128113
529.975891
525.747437
524.085083
524.838318
526.318542
527.827759
529.836304
532.809326
536.340271
539.650879
542.685425
545.364685
546.060242
543.453796
539.523193
537.554626
537.497864
536.120667
531.838501
526.958984
524.438538
524.464355
525.502930
527.209167
530.315369
534.522400
538.600037
542.058044
544.794067
545.716553
543.960205
540.922058
538.824951
537.748108
536.019409
533.091248
530.136475
527.945374
526.098572
524.504822
524.282410
526.332642
529.878540
533.281128
536.091370
539.402100
543.499512
546.264404
545.521790
542.157959
539.089294
537.741272
537.001282
535.047302
531.283813
526.968567
524.131042
523.744080
525.311890
527.920837
531.070923
534.760254
538.918701
542.679565
544.799866
544.974121
544.081299
542.859436
541.040161
538.455933
536.164856
534.995911
533.609375
530.187500
525.715759
523.285767
524.195374
526.877686
529.758545
532.944092
536.770142
540.656616
543.809326
545.643921
545.419739
542.769287
538.978821
536.509888
536.114807
535.381592
531.885132
526.914368
523.936707
524.157959
525.919373
528.017578
531.007629
534.977295
538.509766
540.707458
542.430847
544.526367
545.870239
544.507141
540.720581
537.464539
536.619873
536.237610
533.378052
528.535278
524.900879
523.999329
524.761658
526.460022
529.558533
533.631226
537.232788
540.188416
543.410889
546.052856
545.637451
541.950989
538.170166
536.782837
536.510620
534.570068
530.515137
526.453003
524.141357
523.465576
523.846008
525.534302
528.670227
532.260193
535.346863
538.373413
542.024414
545.270386
546.021606
543.774414
540.431091
538.101624
536.898254
535.368591
532.479004
528.644775
525.267029
523.795105
524.742615
527.256287
530.108948
533.128357
536.916138
541.253906
544.714050
545.953247
544.830078
542.247681
539.416443
537.345093
536.412903
535.928101
534.405579
530.962280
526.633728
523.830811
524.029541
526.440063
529.357300
532.225098
535.601135
539.496826
542.918091
545.045044
545.553711
543.965881
540.550049
537.457092
536.476196
536.012817
533.043579
527.843689
523.978577
523.685486
525.756348
528.107300
530.480042
533.820679
537.932617
541.242554
543.106812
544.520081
545.678711
544.977234
541.784058
538.301941
536.859497
536.465271
534.170044
529.556641
525.547241
524.372681
525.128357
526.301758
528.338013
532.077087
536.511963
540.067993
542.763794
545.050903
545.716125
543.474243
539.800293
537.468933
536.738464
535.285583
531.719971
527.408813
524.648682
524.080688
524.638672
525.697693
527.821777
531.108948
534.615479
537.943298
541.559387
544.917419
546.084045
544.190369
540.903320
538.516296
537.370422
536.000061
533.284546
529.563232
525.968384
523.732056
523.876404
526.345154
529.727234
532.829651
535.954102
539.809387
543.753662
545.947571
545.258301
542.507812
539.509888
537.417480
536.393616
535.903503
534.782776
532.007812
528.003723
524.645508
523.624573
525.082397
527.950684
531.254150
534.753784
538.431641
541.866394
544.392456
545.404480
544.348816
541.298584
537.835327
535.995911
535.572571
533.949097
529.764771
525.240479
523.453369
524.669678
526.993896
529.524292
532.888123
537.045959
540.546448
542.444641
543.539246
544.730164
545.143616
543.239136
539.613342
536.984131
536.387207
535.258362
531.267395
526.261719
523.847290
524.586792
526.331055
528.107056
530.872375
534.937134
539.115906
542.485291
544.910217
545.709167
543.994873
540.671753
538.047913
536.921387
535.607666
532.548828
528.602539
525.734741
524.470886
523.981140
524.218811
526.311035
530.383606
534.566528
537.380127
539.880798
543.432800
546.445984
546.029480
542.313416
538.593323
537.057251
536.407593
534.272278
530.389954
526.521301
524.236267
523.888855
525.265869
528.107788
531.847229
535.667053
539.199829
542.472717
544.921021
545.399414
543.569031
540.567688
537.976990
536.567688
536.019592
535.227173
532.926636
528.925537
524.930542
523.248108
524.509705
527.438416
530.654480
533.882141
537.491638
541.370178
544.499329
545.759155
544.803650
542.079224
538.788574
536.630127
535.973877
534.708130
530.856873
525.878662
523.323059
524.436829
527.085205
529.201782
531.385315
535.108948
539.867798
543.614624
545.294312
545.552368
545.039185
543.384827
540.481506
537.681396
536.273865
535.196533
532.263489
527.758301
524.475891
523.952942
525.211121
527.290955
530.416626
534.434082
538.266724
541.385193
544.145996
546.015137
545.221924
541.556702
537.869080
536.730469
536.692078
534.322510
529.393677
525.219666
524.039551
524.933655
526.193665
527.462708
529.458862
532.618652
536.393677
540.086487
543.542358
546.032410
545.958496
543.107117
539.736572
537.971436
537.133484
535.009155
531.082214
527.111206
524.761475
524.175903
525.069641
527.455200
530.855774
534.448608
538.107666
541.959412
545.096375
545.973145
544.164734
541.072327
538.590393
537.204468
535.851196
533.658386
530.925903
528.203003
525.658020
523.884705
524.114380
526.614990
529.955627
532.897278
535.979309
540.011169
544.026367
546.112976
545.389526
542.518433
539.249878
537.293823
536.604980
535.209473
531.491943
526.467651
523.235229
523.714478
526.451172
528.832275
530.706177
533.905884
538.741211
543.144043
545.335266
545.608215
545.021790
543.606018
541.007263
538.184998
536.629883
535.767395
533.279114
528.722778
524.702759
523.539001
524.769775
526.901123
529.631531
533.223083
537.222839
540.913818
544.005554
546.024780
545.736023
542.513794
538.356812
536.504089
536.941956
535.809082
531.047363
525.718872
523.581970
524.497009
526.361877
528.560486
531.294983
534.026184
536.441589
539.204956
542.717896
545.870605
546.529968
543.764587
539.583984
537.077087
536.647766
535.820068
532.767090
528.428589
525.026001
523.730835
524.463623
526.932007
530.505188
533.986084
536.958435
540.332214
544.232849
546.623596
545.573914
541.989746
538.635742
536.969482
536.024841
534.099609
530.812622
527.310059
524.739807
523.480896
523.886902
526.213684
529.532837
532.498169
535.218750
538.775940
542.974304
545.945496
546.114563
543.681091
540.263184
537.588135
536.210999
535.036011
532.414490
528.220154
524.476501
523.419250
525.182434
528.106445
531.032959
534.150330
537.719116
541.210144
543.938416
545.391174
544.949707
542.571045
539.424255
537.022644
536.108154
535.999695
534.594238
530.441467
525.313965
522.733337
523.825012
526.686646
529.579285
532.613708
536.161499
539.691528
542.797302
545.332153
546.071838
543.691284
539.629211
537.208984
537.013550
535.912720
531.836426
526.879883
524.250732
524.360413
525.618835
527.477844
530.694458
535.013672
538.596130
540.450684
541.855896
544.071289
545.805847
544.753418
541.154419
537.929199
536.866882
536.324646
533.830200
529.573059
525.762939
523.772888
523.752258
525.818787
529.595764
533.558533
536.625366
539.516296
543.055664
545.926575
545.854004
542.799561
539.274170
537.312378
536.460815
534.954285
531.873779
527.866760
524.346313
522.473450
522.809509
525.155029
528.433777
531.565430
534.633179
538.364990
542.468201
545.309631
545.528687
543.502075
540.822205
538.627319
536.923035
535.133850
532.614014
529.204346
525.875671
524.165100
524.674255
526.718811
529.530396
532.991699
536.990906
540.809937
543.580200
544.931152
544.796448
543.109131
540.279236
537.459778
535.805176
535.349609
534.538818
531.596497
527.035767
523.780029
523.749084
525.880188
528.454224
531.351379
535.041687
539.069641
542.575012
545.043823
545.787415
544.046082
540.550537
537.750977
536.998108
536.326477
533.019043
527.893127
524.522217
524.357544
525.574585
526.880493
529.314331
533.582336
538.157654
541.134155
542.553284
543.796997
545.097534
544.920593
542.377258
539.117310
537.280090
536.336426
534.078430
530.140991
526.381897
524.298889
524.015930
525.361877
528.281982
532.175110
535.874268
538.945801
542.154053
545.375610
546.369934
543.742554
539.689087
537.415405
537.053040
535.969604
532.415833
527.676880
524.384644
523.485596
524.065186
525.491943
527.766846
530.465881
533.353027
537.109253
541.728638
545.257202
545.731323
543.622070
541.029236
539.139099
537.658752
535.898132
533.365845
530.013794
526.628357
524.516479
524.454651
526.183350
528.905579
532.176270
536.005859
540.038818
543.340088
545.108276
545.003113
543.094849
540.225037
537.775940
536.489197
535.992310
535.093994
532.377380
527.847595
523.995667
523.410767
525.614807
528.169800
530.279358
533.218262
537.572937
541.997437
544.864746
545.609924
544.287354
541.360718
538.308960
536.789917
536.188110
533.823608
529.065979
524.995667
524.182800
525.374634
526.501770
528.189148
531.854980
536.663757
540.578125
542.935547
544.501038
545.716675
545.703979
543.444702
539.877625
537.358093
536.407104
534.947449
531.571472
527.513184
524.701355
523.758484
524.670044
527.587402
531.822754
535.595337
538.182556
540.914307
544.448120
546.577087
544.957642
540.857727
537.798035
537.010864
536.330444
533.502197
529.013306
525.224854
523.808960
524.731201
526.883972
529.103882
531.049194
533.244690
536.268982
540.098694
543.798035
545.679504
544.790161
542.142944
539.548096
537.810669
536.493408
534.585144
531.398865
527.441101
524.307556
523.486084
525.238525
528.446716
531.744263
534.921631
538.506470
542.213989
544.898499
545.670654
544.247681
541.071106
537.718079
535.939392
535.925598
535.986511
533.891663
529.180969
524.428406
522.922607
524.925537
527.915710
530.376038
533.146484
536.994324
540.985107
543.831177
545.190552
544.962463
542.805786
539.369263
536.687317
535.761902
534.663574
531.194763
526.589478
523.984436
524.184814
525.697205
527.928040
531.461060
535.770996
539.393616
542.050415
544.458069
546.424683
546.549500
543.852661
539.602112
536.868103
536.883728
536.764343
533.269470
527.572815
523.691833
523.421143
525.247986
527.428955
529.861267
533.014465
536.835999
541.006897
544.786255
546.491516
544.893250
541.330078
538.647766
537.710999
536.624451
533.659607
529.520386
526.124817
524.358398
524.149109
525.598633
528.486084
531.621765
534.033386
536.089355
538.798889
542.349609
545.431946
546.145996
544.022888
540.618591
537.794678
536.095215
534.680603
532.287537
528.585571
524.955750
523.483887
524.929443
528.022644
531.002136
533.615845
536.974854
541.327942
544.950928
545.894226
544.130981
541.285522
538.826599
537.131226
535.625671
533.359802
530.102356
526.819336
524.655396
524.022705
524.714050
526.308960
528.725159
532.319458
536.719116
540.509888
542.943237
544.481873
545.101990
543.758057
540.408936
537.175781
535.944702
535.426392
532.703735
527.787659
524.082397
523.849182
525.856201
528.193787
530.828064
534.339905
538.273132
541.829956
544.557312
545.711548
544.619324
541.886841
539.045898
537.463928
537.381653
536.971313
533.822021
528.612854
524.834656
524.124817
524.926453
526.064331
528.528137
532.876465
537.482971
540.754272
543.087158
545.022461
545.344055
543.004883
539.469055
537.173279
536.393921
535.124390
531.846741
527.378845
523.853088
522.802185
524.559326
528.309021
532.164429
534.392761
535.284668
537.080872
541.197754
545.834778
547.381409
544.601440
540.222473
537.603699
537.025269
536.110901
533.145386
528.989441
525.718079
524.363159
524.679688
526.297791
529.090210
532.812988
537.029358
541.064026
543.997253
545.264221
544.954895
543.183044
540.114929
536.891235
534.965271
533.959534
531.962524
528.385132
524.686096
522.619690
523.114624
525.801086
529.084045
531.863098
534.746704
538.440002
542.248901
544.888306
545.519165
543.967773
540.980713
538.257446
537.008850
536.047791
532.945740
527.930603
524.387817
524.336121
526.031860
527.379944
529.067932
532.639893
537.434814
541.340820
543.564575
544.795654
544.949219
542.948242
539.165466
536.045105
535.369873
535.907593
534.703796
530.710938
526.192749
523.855530
523.957336
525.517761
528.387573
532.302002
535.947327
538.755737
541.766052
545.079224
546.311462
543.697632
539.398254
537.176270
537.321960
536.445862
532.442932
527.308838
524.221558
523.848572
524.960571
527.064941
530.490845
534.623413
537.920288
539.857727
541.575073
543.880432
545.587219
544.979431
542.224792
539.126038
536.993958
535.580200
533.732605
530.707336
527.017944
524.137207
523.475464
525.422668
528.957642
532.575073
535.961731
539.825073
543.807861
546.140991
545.771057
543.445923
540.523743
537.925598
536.092285
534.681580
532.490112
528.937195
525.318542
523.397766
523.552063
525.159119
527.608704
530.490967
533.801636
537.771484
541.886719
544.905334
545.936218
544.774841
541.833008
538.501770
536.535950
535.855408
534.113159
529.975342
525.523132
523.729797
524.831360
526.937683
529.103394
532.016785
536.034790
540.115662
543.164673
545.061218
545.510193
543.586609
539.766663
536.642395
536.059143
536.696289
535.575073
531.613953
526.957764
524.516418
524.781494
526.221802
528.126099
531.061768
534.902283
538.538757
541.579041
544.301331
545.858276
544.696472
541.251038
538.232605
537.197205
536.392395
533.473999
529.051636
525.570679
524.095764
524.335693
526.274231
529.739319
533.597961
536.917847
539.980530
543.199280
545.923340
546.879578
545.392029
542.226379
539.264038
537.695251
536.653503
534.485779
530.878723
526.981323
524.212708
523.564392
525.287354
528.567627
531.992432
535.041931
538.521057
542.650574
545.689209
545.746765
543.175293
540.025635
537.879211
536.837097
535.752930
533.225708
529.144348
525.280457
523.695435
524.595093
526.491333
528.244751
530.073181
532.814087
536.800964
541.228943
544.540344
545.725891
544.846436
542.372009
539.159363
536.715942
535.764038
534.730164
531.487610
526.733337
523.633362
523.867737
526.065613
528.479980
531.192383
534.933655
539.267639
542.977844
545.352966
545.998474
544.286682
540.622559
537.268738
536.096436
536.372742
535.681030
532.431763
527.702698
524.440735
524.147217
525.512146
527.221985
529.821777
533.737976
537.874512
541.172241
543.735168
545.457520
545.112854
542.250793
538.821045
537.023865
536.169373
533.872986
529.912537
526.463135
524.779297
524.326050
525.131592
528.080566
532.530029
536.489868
539.565308
542.995728
546.672485
548.421936
546.498474
541.960693
538.261169
537.693787
538.401123
536.686829
531.952026
527.121216
524.560547
524.096985
524.984924
527.226135
530.561218
534.158020
537.667725
541.267273
544.495483
545.996338
544.896423
541.987305
539.003418
537.002869
535.617615
533.580811
530.078491
525.912354
523.151855
523.323975
526.034912
529.378601
531.800720
533.596558
536.172974
539.910583
543.492981
545.429932
545.252258
543.197937
540.064697
537.381775
536.126038
535.095276
532.174927
527.542358
523.983276
523.545654
525.388123
527.727417
530.392029
534.086121
538.364319
541.969971
544.433289
545.676147
544.754944
541.266968
537.470642
536.103088
536.302673
534.915710
531.106018
526.870239
524.328918
524.125000
525.371155
526.848694
528.815247
532.286560
536.741577
540.613098
543.341797
545.060974
545.095825
542.792847
539.469971
537.424011
536.687866
534.898315
531.025635
526.990479
524.802246
524.428650
525.287903
527.575134
531.149780
534.880493
538.113953
541.366211
544.552673
546.027832
544.705200
541.749084
539.128418
537.690125
536.888123
535.466858
532.584229
528.865173
525.789673
524.249634
524.517029
526.677734
530.115479
533.616028
536.800171
540.289734
543.814087
545.705444
544.911072
542.279175
539.494751
537.538635
536.160645
534.289490
531.148987
527.300171
524.431335
523.934204
525.706055
528.468567
531.039551
533.217712
535.810303
539.404846
543.062500
545.133301
545.098694
543.519897
540.974426
538.206787
536.218628
534.962891
532.828796
528.873169
524.908203
523.584473
525.029968
527.423340
530.024719
533.416504
537.436401
540.966187
543.465637
545.030151
545.124207
542.931641
539.304077
536.645874
535.804871
534.670898
531.226990
526.550049
523.379761
522.854248
523.977234
525.668030
528.171204
532.074341
536.540161
539.933167
542.172180
544.281189
545.460938
543.708801
539.773193
536.984741
536.494995
535.727417
532.414978
527.829712
524.751465
524.024353
524.888611
527.157471
530.852966
534.816650
537.913269
540.658691
543.730835
545.743164
544.686401
541.150146
538.005066
536.998413
537.178833
536.482666
533.862854
530.032837
526.585266
524.530701
524.113831
525.561035
528.726440
532.489685
535.911011
539.325195
542.927490
545.337463
545.140686
542.914307
540.390869
538.390625
536.543884
534.287903
531.431885
528.158936
525.059570
523.352295
524.232117
527.316223
531.057190
534.817261
538.687683
541.967957
543.718506
543.989441
543.603821
543.248596
542.597046
540.629333
537.522888
534.735107
532.538513
529.712463
526.224731
523.940979
524.133850
526.139832
528.903076
532.246338
536.182617
540.091003
543.141602
544.913391
545.073792
543.182007
539.881714
537.386292
536.708008
535.507568
531.502930
526.329956
523.206970
522.992126
524.632385
527.096191
529.559021
531.488464
533.299683
536.222717
540.973511
546.011169
547.900452
544.881042
539.620117
536.721191
537.246094
537.451172
533.950989
528.282410
524.536865
524.079041
525.097900
526.338562
528.588867
532.477356
537.070984
541.225037
544.313782
545.411133
544.108459
541.818848
540.235962
539.383484
538.283508
536.280273
533.437683
530.376404
527.523743
524.911865
523.322021
524.373352
528.354065
533.038330
536.091492
538.004333
540.885132
544.602295
546.296204
544.144775
539.849915
536.675415
535.932007
535.844849
533.710266
529.058777
524.455444
522.919861
524.887024
528.099915
530.317688
531.889282
535.075745
540.548767
545.844299
548.056519
546.822937
544.087524
541.845459
540.558105
539.179993
536.475647
532.454651
528.491638
526.107849
525.609863
526.059875
526.621643
527.752869
530.721924
535.570190
540.300354
543.063904
544.200684
544.713013
543.995117
541.133057
537.491821
535.561829
535.142212
533.250122
528.794922
524.662720
523.690613
525.069702
526.233398
526.665466
528.582825
533.656982
539.902588
543.790161
544.630676
544.191284
543.333008
541.763672
539.700684
537.851074
536.192871
533.747803
530.113831
526.566345
524.465454
523.824463
524.744507
527.918945
532.511353
536.354919
539.050537
542.073059
545.403809
546.640747
544.231506
539.931213
537.026123
536.783142
537.364380
535.994751
531.968628
527.259216
524.063416
523.049072
524.560303
528.778564
533.606140
535.943787
536.176819
537.942871
542.707642
547.303833
547.581787
543.172180
537.917603
535.585449
535.689636
534.649597
530.707153
525.843079
523.093079
523.704529
526.647400
529.865967
532.425903
535.344543
539.423035
543.402100
545.585205
545.897339
545.134460
543.300171
540.097717
536.719727
535.242126
535.390808
533.955383
529.139099
523.570862
521.326294
523.576233
528.119934
532.153870
534.930603
537.639954
541.003296
544.156128
545.768311
544.894592
541.538330
537.648132
535.794861
535.668091
534.142761
529.904114
525.524963
523.949829
525.072449
526.731384
527.791443
529.264526
532.456848
536.808716
540.543091
542.973267
544.536987
544.840759
542.968079
539.823059
537.669373
536.721436
534.710144
530.746826
526.950684
525.157043
524.762634
525.039246
526.893799
530.840027
535.400330
538.974548
541.730469
544.336914
545.840393
544.552551
540.981812
537.833862
536.551636
535.967224
534.634460
532.292297
529.189636
525.930115
523.859253
524.190063
526.775452
530.312500
533.678833
536.857605
540.409058
544.023254
545.967346
544.807983
541.593689
538.866211
537.631592
536.664856
534.432495
530.708557
526.638550
523.909424
523.633789
525.577026
528.488953
531.468628
534.719177
538.643188
542.681030
545.537476
546.373535
545.405640
543.343140
540.732300
538.155823
536.369995
535.115295
532.724854
528.513489
524.541565
523.371765
525.024902
527.602844
530.123413
533.242371
537.326111
541.277710
543.921997
545.139709
544.832031
542.578003
539.211914
536.885559
536.206543
534.818237
530.772095
525.828369
523.220703
523.688171
525.822021
528.659973
531.901794
535.065369
537.868042
540.432556
542.804321
544.647156
545.087341
543.293518
540.158936
537.969849
537.120667
535.330688
531.347839
527.098328
524.923767
524.685974
525.168396
526.659424
530.084167
534.581421
538.278442
540.999390
543.796326
546.010803
545.435364
541.858826
538.084473
536.396790
535.791077
533.954407
530.666992
527.531616
525.351868
523.968445
523.860291
525.743469
529.094299
532.668579
536.069458
539.603882
542.864807
544.720398
544.955566
544.332764
542.706421
539.337219
535.143555
532.224915
531.142456
530.215271
527.622986
524.116821
523.056274
526.369019
531.757385
535.839966
538.154541
540.370483
543.247803
545.721191
546.350586
544.660889
541.263367
537.681091
535.600769
535.135132
534.228882
531.060364
526.652283
523.876404
524.010071
525.825012
528.325562
532.062805
536.990295
541.349854
543.724670
544.542786
544.556030
543.301025
540.456360
537.518982
536.038574
534.857971
531.651428
526.974487
523.958984
523.947388
525.429260
527.371155
530.424988
534.539551
538.186829
540.509766
542.333008
544.399048
545.663086
544.419739
541.002075
538.062073
537.141235
536.323303
533.116333
528.393188
525.147156
524.431885
525.130615
526.665894
529.349854
532.897949
536.566345
540.224731
543.886536
546.369019
545.869751
542.529846
538.976807
537.260803
536.588745
534.881836
531.490234
527.732239
525.109741
523.802368
523.568542
524.940002
528.095703
531.852173
535.179993
538.469849
542.147156
545.121948
545.735962
543.759277
540.584900
537.819885
536.171021
535.058105
533.090820
529.586670
525.621826
523.276367
523.875977
526.838745
530.428833
533.787170
537.284119
540.917603
543.816040
545.238220
544.925781
542.880249
539.773865
537.012085
535.703491
535.518066
534.602661
531.354065
526.743591
523.787781
524.052979
526.211914
528.626465
531.444214
535.273621
539.418579
542.664673
544.697205
545.400696
543.992004
540.552917
537.258789
536.024109
535.548096
532.985718
528.358215
524.757202
524.022949
525.058655
526.765381
529.699646
534.053284
538.255920
540.754578
542.050476
543.643494
545.277405
544.936951
541.983215
538.615845
537.051392
536.409363
534.195801
530.091003
526.223511
524.178162
523.946838
525.493042
528.889771
533.036560
536.389771
539.066345
542.312012
545.577515
546.302368
543.514160
539.646118
537.451782
536.638306
534.914368
531.357361
527.452026
525.006287
524.155334
524.097473
524.888000
527.175659
530.702271
534.429871
537.886475
541.284241
544.270081
545.573669
544.414490
541.568481
538.623596
536.657837
535.522766
533.876099
530.504028
526.161133
523.312195
523.640015
526.440369
529.772766
532.715576
535.873779
539.702332
543.310181
545.381104
545.324463
543.235901
539.867432
536.809753
535.580200
535.990540
535.732666
532.601562
527.534241
524.044434
524.016296
525.957581
528.002625
530.360840
534.032898
538.434570
541.226013
541.801025
542.883362
545.276367
545.694702
542.644104
538.733154
535.519104
531.498352
526.560059
523.202454
523.176453
525.364929
527.863770
530.536987
533.876648
537.230591
539.834106
542.230408
544.978271
546.779236
545.817139
542.390442
538.812500
537.055542
536.637634
535.265320
531.769897
527.540161
524.633545
523.826233
525.065552
528.084412
531.980347
535.491699
538.369507
541.458923
544.639099
546.013855
544.221558
540.561218
537.652893
536.472839
535.595703
533.225830
529.378601
525.762756
523.944946
524.137573
525.648560
527.818970
530.318665
533.124634
536.491760
540.480957
544.108337
545.754700
544.830383
542.278931
539.420288
537.123901
535.660889
534.240723
531.447266
527.355042
524.209351
523.961243
526.108032
528.891785
531.699402
535.093140
539.056824
542.569946
544.772949
545.384399
544.143921
541.196594
537.861023
535.848083
535.569885
535.468079
533.390564
529.187500
525.339111
524.126526
525.222107
527.165955
529.742676
533.437866
537.661072
541.141052
543.583862
545.205750
545.136230
542.544800
538.964966
536.913269
536.179077
534.085999
529.786621
525.803223
524.423767
524.995789
526.139832
528.202515
531.827759
536.052002
539.504028
542.270996
544.984741
546.926819
546.531494
543.569214
540.046753
538.195251
537.331177
534.871521
530.625549
527.029480
525.491882
525.279602
525.863159
527.783752
530.989197
534.347351
537.292603
540.537903
543.956665
545.658997
544.444275
541.501587
538.979675
537.560974
536.124756
533.541138
529.877869
526.274597
524.175049
524.384888
526.501587
529.171814
531.312073
533.173828
535.856140
539.681213
543.449585
545.555420
545.342773
543.249939
540.290588
537.661011
536.055725
534.725708
532.019531
527.738281
524.195190
523.737976
525.916199
528.590576
531.012756
534.029480
537.897400
541.682434
544.427307
545.524109
544.431946
541.406555
538.264648
536.790405
536.353394
534.854858
531.536133
527.455017
524.352966
523.572998
524.882507
526.814758
529.033020
532.438904
536.724976
540.467346
543.258911
545.310852
545.608154
543.058899
539.148560
536.835327
536.494080
535.296082
531.417236
526.770264
524.289368
524.369080
525.698730
527.896606
531.161255
534.767212
538.027344
541.461243
545.020203
546.697510
545.040710
541.385803
538.216736
536.832642
536.797424
536.286316
533.533630
529.005432
525.100586
523.591248
524.501526
526.926147
529.872314
532.770081
535.894714
539.878967
544.119568
546.435547
545.348267
542.011108
538.899353
537.217712
536.248230
534.514343
531.216797
527.133057
524.187317
523.829285
525.836243
528.728333
531.153259
532.962524
535.131958
538.456299
542.344727
545.171448
545.757324
544.124146
541.150696
538.115967
536.185486
535.210693
533.312927
529.228821
524.767395
523.031799
524.590698
527.439819
530.212341
533.272583
536.930725
540.581482
543.674072
545.787292
545.782227
542.810547
538.474487
535.988220
536.034119
535.416992
531.462769
525.820312
522.157043
521.878296
523.662903
525.985413
528.754211
532.363464
536.136780
539.143188
541.796692
544.594299
546.073120
544.377197
540.440247
537.369263
536.401123
535.458618
532.435791
528.203491
525.053284
523.823975
524.278015
526.633484
530.755249
535.095886
538.287903
540.865295
543.791260
546.027283
545.382874
541.837708
538.095398
536.372498
536.299133
536.071350
534.248413
530.660889
526.584534
523.837952
523.513855
525.579529
529.047607
532.582886
535.765381
539.255066
542.988953
545.368835
545.119873
542.848022
540.094910
537.864624
536.279541
534.624634
531.898254
528.127869
524.747803
523.336182
524.381531
527.198547
530.705994
534.305298
537.772766
540.669617
542.733826
544.252747
545.251038
544.900085
542.450134
538.712830
535.932251
535.061890
533.931702
530.281677
525.591492
523.283691
524.204285
526.478760
528.927612
532.085083
536.169678
540.183655
543.287903
545.357666
545.783203
543.579102
539.546692
536.495483
535.799805
535.219238
532.065674
527.347656
524.380859
524.234009
525.120239
525.774109
527.182190
530.604919
535.266357
539.158203
541.731628
543.987610
545.709900
545.039124
541.682373
538.132202
536.382751
535.389465
533.091187
529.423828
526.050720
524.236755
524.268066
526.214417
529.736511
533.519287
536.553223
539.502747
543.074341
545.874146
545.769653
542.846924
539.447449
537.477966
536.815918
536.046692
534.028137
530.857544
527.550171
525.019226
523.939026
525.032837
528.194946
531.997864
535.336182
538.524170
541.890625
544.567261
545.384827
544.109497
541.491577
538.724121
536.682251
535.096741
532.746033
529.022644
525.175293
523.327087
524.317566
527.044922
530.098755
533.389099
537.280701
540.960815
543.262085
544.321411
544.873291
544.668152
542.953979
540.075623
537.519531
536.061401
534.425049
531.045654
526.811951
524.292419
524.446899
525.971619
527.951904
531.089050
535.629211
540.066162
543.022644
544.748962
545.395630
543.916504
540.513733
537.676575
536.784180
535.873962
532.760132
528.374268
525.313599
524.618530
525.349182
526.363342
527.529907
529.563354
533.047180
537.412231
541.401184
544.506165
546.395630
545.650208
541.901184
537.997437
536.584473
536.156250
533.814453
529.762817
526.315735
524.542480
524.176392
525.314453
528.210754
532.114685
535.886536
539.339905
542.713135
545.221924
545.466431
543.301758
540.178040
537.607483
536.120483
535.353210
534.316528
532.015381
528.515381
525.182495
523.674683
524.647400
527.295593
530.455078
533.937439
537.985168
541.948730
544.617493
545.387451
544.386780
541.988647
538.913696
536.332214
534.783936
533.185120
530.148254
526.280090
523.891846
524.306458
526.570312
529.173645
532.001892
535.665100
539.770752
543.136780
545.190552
546.127869
545.826172
543.614197
539.850830
536.751343
535.789062
535.071289
531.847168
526.951477
523.970825
524.425110
526.435486
528.153381
530.081421
533.307739
537.535278
541.941711
545.902771
547.857605
545.953613
541.055847
536.876465
535.834656
536.074707
533.924316
528.982117
524.750488
523.848511
525.237610
526.805359
528.163452
530.145813
533.067505
536.416992
539.883606
543.378296
545.707764
545.220215
542.315186
539.372070
537.872986
536.875916
534.631104
530.970154
527.396729
525.086426
524.044556
524.468872
527.028625
531.168091
535.148926
538.314514
541.481750
544.573669
545.817200
544.119507
540.794861
538.252380
537.423340
536.955627
535.094971
531.476929
526.933472
523.070557
521.948914
524.312378
528.139954
530.854187
532.615967
535.701599
540.686707
545.035278
546.267029
544.653076
541.939392
539.393555
537.657776
536.563416
534.778625
531.233643
527.000000
524.446045
524.474365
525.929871
527.890930
530.884033
535.138794
539.323669
542.158813
543.992859
545.658081
546.563843
545.083313
541.089355
537.174316
535.877563
535.906494
533.547302
528.219666
523.652344
522.882690
525.182129
528.503540
531.927246
535.110596
537.679504
539.905518
542.537598
545.081970
545.350952
542.305908
538.435425
536.860107
536.794495
534.854126
530.356384
526.139404
524.341675
524.496704
525.810486
528.450134
532.039490
535.178223
537.242188
539.212708
542.068420
545.004150
545.940857
543.872803
540.271606
537.554443
536.377502
535.279114
532.783447
529.096863
525.708313
524.064270
524.825684
527.399353
530.023682
532.141724
536.034729
542.790344
548.354309
547.982239
542.848267
538.422424
537.726624
538.731995
537.703369
533.676819
529.024170
526.126648
525.083679
524.871887
525.133484
526.200928
528.473938
532.154663
536.655273
540.483704
542.787231
544.214050
545.090332
544.196533
540.902588
537.180908
535.495850
535.157898
533.066040
528.459778
524.428528
523.740356
525.725342
528.391663
531.127869
534.223755
537.614319
541.046326
544.275635
546.230896
545.233337
541.273926
536.956177
535.070801
535.849121
536.684814
534.606995
529.746277
525.507080
524.370972
525.375488
526.790161
528.828247
532.309814
536.612976
540.483459
543.528992
545.514526
545.436096
542.940247
539.742554
537.866150
536.909851
534.781616
530.901611
526.932190
524.534729
524.077881
525.372253
528.131592
531.592712
534.575317
536.509277
538.315125
541.348999
544.978455
546.454041
544.316650
540.560242
538.059875
537.164612
536.011292
533.180359
529.205383
525.802917
524.246826
524.700012
526.663757
529.558105
532.953674
536.668884
540.531067
543.872314
545.572571
544.940735
542.465332
539.462524
537.222534
536.125916
534.955444
531.950256
527.306946
523.372620
522.005554
523.091980
525.470886
528.223389
531.241821
534.891357
538.971924
542.524902
544.765259
545.429443
544.337830
541.584351
538.414368
536.571777
535.729187
533.311096
528.578064
524.569580
523.930664
525.538696
527.225403
529.145935
532.531128
537.069214
541.210205
544.110840
545.686218
545.290344
542.340210
538.221375
535.701050
535.913391
536.797607
535.243591
530.836792
526.470154
524.622925
524.785339
525.641602
527.525146
531.103394
535.533508
539.520203
542.829285
545.349915
545.819580
543.390564
539.813110
537.782410
537.296387
535.951782
532.570007
528.424622
525.295654
524.064636
524.877075
527.317078
530.466064
533.613647
536.823914
540.243225
543.401855
545.524170
545.885071
544.275879
541.572510
539.169739
537.574036
535.977112
533.312500
529.707520
526.572021
525.083191
525.248962
526.397339
528.053955
530.664673
535.022400
540.327637
544.169800
545.219238
544.400146
542.941467
540.879822
538.177612
535.862671
534.517578
532.746216
529.279480
525.564087
523.930054
524.513428
526.022461
527.887451
530.307861
533.522339
537.378845
541.063660
543.744019
545.166626
544.906738
542.388428
538.734558
536.470947
535.962341
534.448608
530.191345
525.381165
523.227600
524.136475
526.421265
529.171448
532.591492
536.397095
539.783020
542.688293
545.203552
545.994202
543.616882
539.405212
536.572754
536.372437
536.947083
535.732422
532.113159
527.857971
525.057556
524.154663
524.678284
526.739807
530.396118
534.636353
538.357788
541.567078
544.443726
545.834167
544.328125
540.766602
537.774353
536.526062
535.582520
533.225525
529.613342
526.191895
524.168945
524.190735
526.396606
529.898682
533.218445
536.038513
539.360840
543.413452
546.714417
547.485901
545.329956
541.708618
538.764343
537.447876
537.020264
535.944763
532.821045
527.664734
522.951599
521.974792
525.286926
529.900085
532.891052
534.689331
537.515198
541.699646
545.198730
546.056885
544.086670
540.635681
537.620361
536.268860
535.745361
533.655151
529.229858
525.019470
523.871277
525.509888
527.523804
528.635010
529.815491
532.439331
536.295227
539.980530
542.693604
544.736816
546.005920
545.063232
541.089172
536.180542
533.475159
532.968811
531.778015
528.548157
525.033997
523.472290
524.662231
528.267151
532.890564
536.504883
538.594482
540.891052
544.371521
546.744141
545.128662
540.611389
537.276550
536.797363
537.053162
535.636719
532.042786
527.517395
524.318176
523.873840
525.436035
527.570312
529.940552
532.899170
536.571350
540.768372
544.766846
546.918213
545.660217
541.562805
537.477478
535.847595
536.136902
535.421082
531.793213
526.720947
523.374573
523.424377
526.076477
529.376831
532.094299
534.738647
538.433960
542.672241
545.403503
545.603760
544.171326
542.183167
539.995483
538.049988
536.821533
535.674377
533.080383
528.708862
524.733582
523.808533
525.857971
528.502625
530.570007
533.247070
537.389221
541.629333
544.143127
544.746887
544.108154
542.293884
539.482239
536.957153
535.659973
534.356812
531.161560
526.762939
524.030823
524.376160
526.516663
528.710999
530.661926
533.121460
536.348083
539.676636
542.574829
544.906067
545.742615
543.816223
539.978149
537.126831
536.466248
535.635010
532.166321
527.290588
524.243042
524.052551
525.367126
527.554199
531.110168
535.234436
538.158020
540.097900
542.763123
545.599060
545.737000
542.352295
538.314880
536.448547
535.929626
533.869873
529.629822
525.607117
523.818665
523.877014
524.745911
526.405334
529.088440
532.396790
535.906372
539.745422
543.678650
546.144287
545.579468
542.640198
539.669922
537.921753
536.608826
534.502563
531.345459
527.886658
525.255981
524.350281
525.376831
527.785583
530.833313
534.318542
538.305054
542.127136
544.524292
544.952148
544.127380
542.967346
541.435242
539.169128
536.794128
535.191406
533.644409
530.550903
526.230591
523.312378
523.735901
526.624573
529.946350
533.051208
536.402649
539.990417
543.184937
545.251892
545.328491
542.992981
539.409485
536.837158
536.084167
535.141113
531.778198
527.022339
524.144226
524.432861
526.208130
528.201782
531.176453
535.359436
538.980652
540.784180
541.925110
543.797974
545.372559
544.375671
540.806641
537.621887
536.872253
536.614990
533.734680
528.777710
525.218079
524.553040
525.307617
526.562256
529.131897
533.166809
537.370850
540.884338
543.790466
545.566711
544.990906
542.218689
539.363037
537.875732
536.639465
533.931763
530.089478
526.938171
525.407654
524.916687
524.836121
525.687866
528.273193
532.046570
535.672974
538.914185
542.281372
545.064758
545.501831
543.235596
540.090637
537.892944
536.650635
535.215637
532.741943
529.298279
525.947327
524.217651
524.845276
527.191040
530.201965
533.548828
537.333740
541.118347
543.972473
545.219971
544.632446
542.338379
539.155518
536.467163
535.163452
534.834839
533.999451
531.321960
527.239136
524.133728
523.931030
526.060852
528.851868
531.910034
535.668213
539.605042
542.669678
544.587952
545.207153
543.802979
540.614441
537.688232
536.517273
535.715393
532.782471
528.039246
524.653503
524.326416
525.578430
527.096313
529.716370
533.947815
538.214172
540.850037
542.226990
543.729919
545.232605
544.915833
542.080261
538.752014
537.124390
536.404175
534.072876
529.836609
526.113098
524.513489
524.378845
525.416321
528.637512
533.495789
537.454590
539.624329
541.664001
544.237122
545.442139
543.680908
540.113647
537.290894
536.144775
535.170959
532.593689
528.636902
525.113831
523.291870
523.180847
524.687805
527.816528
531.612854
534.766052
537.478821
540.901367
544.531128
546.148926
544.710876
541.579468
538.683777
536.794861
535.465942
533.575562
530.377991
526.632507
524.152954
524.128967
526.258667
529.385864
532.733582
536.296692
540.051331
543.332947
545.278992
545.325134
543.341553
540.054688
537.067871
535.673523
535.618591
535.177551
532.563477
528.005249
524.256836
523.715332
525.691040
528.097351
530.618774
534.196106
538.493347
542.079834
544.382080
545.468201
544.647522
541.505554
537.853577
536.138123
535.861389
534.022888
529.606567
525.320007
523.876038
524.827271
526.577576
529.159790
532.999329
537.018738
540.035461
542.346313
544.637817
546.464417
546.281006
543.143188
538.716003
536.188538
536.083557
535.350769
531.847839
527.282959
524.582397
524.453735
525.882202
528.233337
531.269470
534.518127
537.962158
541.961853
545.495789
546.279175
543.739502
540.160522
537.962219
537.113098
535.826355
532.962769
529.195740
526.068909
524.424988
524.101074
524.957092
527.231323
530.542053
533.820923
536.783386
540.111694
543.545166
545.430847
544.793335
542.431030
539.749573
537.586914
535.987549
534.147827
531.114685
527.336365
524.652222
524.127441
525.332458
528.067078
532.376038
536.936951
540.105530
541.891113
543.271423
544.491150
544.589905
542.263000
538.037170
534.900269
534.856628
536.028687
534.823120
530.259338
525.112915
522.844482
524.221985
527.456787
530.854004
534.115601
537.406128
540.526917
543.230225
545.180420
545.285522
542.561218
538.378357
535.757080
535.270081
534.269043
531.096191
527.230591
524.755554
524.059143
524.743164
527.229248
531.781799
536.729980
540.209229
542.829468
545.810974
548.092957
547.661865
544.172363
539.493225
536.407959
535.780701
535.219971
532.282410
527.980103
525.005249
524.150330
524.781677
526.884399
530.446411
534.425903
537.985291
541.364136
544.400574
545.680115
544.321411
541.459961
538.939087
537.285278
535.635193
533.157043
530.021912
527.081543
525.063110
524.529419
525.949829
528.857788
531.791809
533.968750
536.127380
539.164978
542.639221
544.995544
545.012329
542.873718
539.843140
537.373535
536.192993
535.260437
532.525391
527.888489
524.046692
523.365295
525.399902
528.144958
530.610718
533.534851
537.609253
541.832581
544.501953
545.114990
544.126892
541.838074
538.962036
536.842102
535.756531
534.496277
532.088684
528.752502
525.617798
524.165588
524.949036
526.917053
529.194458
532.266785
536.276917
540.060547
542.876709
544.977356
545.680298
543.600647
539.631775
536.837341
536.328552
535.566284
532.171143
527.559509
524.827637
524.606934
525.505493
527.244873
530.513123
534.735291
538.460449
541.430786
544.161621
545.861633
545.074219
542.077515
538.830688
536.991150
536.577332
535.908813
533.246216
529.143677
525.831543
524.448181
524.736328
526.511658
529.597839
533.114136
536.274719
539.419495
542.990845
545.707886
545.449524
542.321350
539.013794
537.422363
536.591797
534.591125
531.052185
527.295593
524.854492
524.486145
526.067017
528.725647
531.232300
533.073792
535.096191
538.278198
542.044250
544.662720
545.152771
543.857971
541.520508
538.875854
536.713257
535.128662
533.007874
529.492981
525.673157
523.730591
524.619141
527.326782
530.390076
533.443542
536.811890
540.311523
543.282715
545.157715
545.248047
542.987915
539.317017
536.666321
536.099182
535.404907
531.948669
526.586731
522.696899
522.181213
524.070190
526.445068
528.663147
531.474548
535.185608
538.857788
541.798828
544.144836
545.353027
544.078247
540.532166
537.305420
536.322510
535.936584
533.215088
528.527100
525.048645
524.244141
525.040344
526.874207
530.214661
534.467834
538.152954
540.975037
543.620056
545.514038
544.985291
542.062195
539.015076
537.632202
537.428223
536.664307
534.192932
530.468201
527.097839
525.149048
524.549561
525.343933
527.971375
531.887390
535.750732
539.240112
542.718201
545.295959
545.384521
543.078735
540.258362
538.344971
537.090698
535.344421
532.320740
528.480103
525.357605
524.244324
525.178772
527.307861
529.974731
533.185120
536.900757
540.492188
543.318604
545.014404
545.184692
543.786377
541.485046
539.077759
537.178223
535.876099
534.085632
530.640381
526.460999
524.076538
524.643066
526.838989
529.073425
531.450073
534.847046
539.006042
542.689453
545.040955
545.538940
543.592529
539.799072
536.703125
536.102844
536.061768
533.238403
527.963196
524.022766
523.563293
525.129700
526.629517
527.919189
530.160339
533.802002
537.868774
541.357178
544.144287
545.737610
544.829102
541.442200
538.032043
536.666138
536.140564
533.850891
529.781982
526.400330
525.062317
525.041931
525.999634
528.727966
532.950195
536.858398
539.659241
542.331116
544.968079
545.644043
543.210022
539.356567
536.679382
535.982056
536.036560
534.986694
531.997925
528.082886
525.067688
524.022156
525.122131
527.966797
531.428650
534.543213
537.677734
541.407959
544.675232
545.566772
543.775085
540.981689
538.784912
537.260315
535.512573
532.800842
529.236511
525.979065
524.488098
525.156555
527.077332
529.409302
532.405457
536.448425
540.646912
543.555359
544.796997
544.918457
544.234314
542.650940
540.321472
537.947815
536.161011
534.422363
531.408325
527.290588
524.360474
524.291748
526.178589
528.408203
530.948059
534.480652
538.608643
542.206665
544.598816
545.327087
543.750305
540.319458
537.389587
536.752991
536.666321
533.798584
528.341980
524.309509
524.153137
525.999573
527.079407
527.306396
528.620422
532.146423
536.861084
541.037170
543.980896
545.445557
544.641785
541.553284
538.200867
536.703064
536.461975
534.861633
530.900513
526.646851
524.509521
524.637146
525.973877
528.202209
531.314453
534.736816
538.208191
542.050537
545.460571
546.255310
543.630798
539.731445
537.221252
536.529297
536.266846
535.019287
532.260254
528.667480
525.696655
524.361755
524.856628
526.972046
530.072266
533.378967
536.802856
540.596802
544.040955
545.605469
544.646606
542.036804
539.117065
536.833130
535.387268
533.897217
531.105225
527.135864
523.965942
523.578186
525.908203
529.125916
532.008301
535.079224
538.913208
542.597412
544.825378
545.448853
544.985779
543.454834
540.776611
537.879272
536.053406
534.944885
532.612427
528.511475
524.946289
524.156738
525.562866
527.494690
529.928589
533.568848
537.752686
541.119263
543.330017
544.643860
544.489380
542.125549
538.669922
536.537354
536.002258
534.429565
530.385925
526.121033
524.268921
524.707275
526.178772
528.341858
531.127930
534.097351
536.851379
539.401245
542.117004
544.795044
545.707581
543.380615
539.363708
536.830017
536.376953
535.528076
532.468628
528.264160
525.056335
523.856750
524.641602
527.126770
530.689758
534.365051
537.683533
541.025024
544.243958
545.715637
544.184204
540.834595
538.071411
536.723694
535.669556
533.859253
531.465759
528.979004
526.476257
524.419556
524.041870
525.986755
529.385498
532.903076
536.166321
539.584412
542.955261
545.119629
545.095703
543.019287
540.006165
537.392212
535.816223
534.557068
532.184326
528.469543
525.139893
524.118408
525.496887
527.968994
530.758240
534.108826
538.039185
541.685547
544.094604
544.919861
544.369690
542.831909
540.514832
537.936462
536.282898
535.679810
533.991272
529.827209
525.445068
523.963440
525.230347
526.992676
528.784973
531.958313
536.518250
540.668640
543.406738
545.050720
545.194824
542.871277
539.144897
536.826233
536.496216
535.340698
531.464722
526.937683
524.670959
524.727783
525.822632
527.948425
531.279907
534.632385
536.939026
538.754456
541.256104
544.405640
546.229370
544.555725
540.298218
537.112122
536.549805
536.166992
533.422363
528.976501
525.337402
524.017212
524.858826
527.087708
529.993896
533.058594
536.342590
540.210938
543.987732
545.895081
545.023499
542.339783
539.478088
537.393616
535.928589
534.117615
531.460266
528.613892
526.220215
524.361572
523.666687
525.119934
528.422791
532.154541
535.537964
538.819397
542.072998
544.590088
545.456909
544.189697
541.091309
537.597778
535.528381
534.920593
533.470154
529.548096
525.023376
523.254822
524.865967
527.603638
530.002014
532.788147
536.588989
540.566040
543.634338
545.198486
544.798950
542.578918
539.659119
537.283569
536.180603
536.036438
534.895630
531.068970
526.254089
523.897888
524.622925
526.417175
528.430054
531.431274
535.434631
539.378601
542.569153
544.850281
545.516541
543.565552
539.818481
537.109680
536.604553
535.823975
532.482666
527.965149
524.966492
524.179871
524.942627
527.033997
530.409119
534.203186
537.082642
538.792053
540.630981
543.407959
545.504761
544.613708
541.214539
538.264221
537.247986
536.496094
533.941284
529.900574
526.336548
524.570923
524.693298
526.388245
529.166199
532.241577
535.314392
538.913269
542.949341
545.709167
545.504944
542.820801
539.779480
537.830688
536.717102
535.187622
532.207275
528.108459
524.492310
522.801514
523.354553
525.573120
528.409302
531.033569
533.732910
537.320190
541.449707
544.529053
545.365173
544.028198
541.299988
538.339478
536.431335
535.589905
533.989197
530.305054
525.984070
523.743042
524.397034
526.610291
529.266174
532.525452
536.408264
539.929016
542.443237
544.308350
545.263428
543.899414
540.052124
536.086670
534.530273
535.191528
535.204163
532.236633
527.471191
524.247314
523.963013
525.361938
527.533203
530.879578
535.087036
538.734497
541.407715
543.877441
545.640381
544.827209
541.416016
538.077209
536.668152
535.813354
533.276855
529.323425
526.134399
524.795105
524.805908
526.073303
529.136108
533.446594
537.398560
540.109314
542.039429
543.889832
545.309265
544.961548
542.329895
539.053589
537.148987
536.347961
534.684448
531.311157
527.406433
524.608032
523.830505
525.263855
528.270630
531.632324
534.800842
538.329163
542.338928
545.408691
545.816833
543.533081
540.352356
538.032837
536.765564
535.425415
532.885559
529.181274
525.679382
523.839111
523.948975
525.423584
527.540283
529.833923
532.626038
536.570923
541.031433
544.185852
545.132324
544.372131
542.354858
539.438232
536.909851
535.770935
534.646912
531.342651
526.602844
523.737915
524.299133
526.660889
529.038635
531.558044
534.853882
538.556519
541.912109
544.519897
545.699524
544.336121
540.679688
537.253845
536.342041
537.215332
536.828857
533.187866
527.844849
524.421448
524.349670
525.782959
527.284851
529.738281
533.720032
537.908630
541.086243
543.490479
545.241211
545.148926
542.501953
538.976929
536.865479
535.898132
533.880188
530.229248
526.645142
524.543457
524.100159
525.489990
528.794373
532.835388
536.160828
538.943542
542.113159
545.300903
546.996155
546.104065
543.046936
539.769226
537.985657
537.159790
535.331299
531.822632
527.929993
525.210938
524.226379
524.920837
527.175110
530.531616
534.179810
537.666016
541.023499
543.944885
545.353210
544.371887
541.531555
538.506287
536.654846
535.777710
534.232849
530.724487
526.268799
523.647461
524.376953
527.001953
529.022705
529.979553
531.718323
535.592285
540.442871
543.946960
545.171448
544.721191
543.041565
540.283081
537.486084
535.880249
534.760681
532.108398
527.878662
524.574768
523.939026
525.188477
527.191833
530.199219
534.421143
538.681030
541.794739
544.011780
545.551331
545.052673
541.677002
537.545227
535.624451
536.083679
536.264099
533.708069
528.929810
524.984070
523.951660
524.998474
526.670044
529.049622
532.516846
536.381409
539.930298
543.244568
545.796875
545.856812
542.928101
539.326660
537.410645
536.519409
534.414551
530.661133
527.011108
525.007141
524.726807
525.818359
528.209412
531.419067
534.634644
537.917053
541.661987
544.865051
545.950134
544.855652
542.654175
540.202942
538.178406
536.916687
535.577271
532.931458
529.118469
525.617065
523.912354
524.624268
527.209717
530.357300
533.317383
536.543945
540.403076
543.935547
545.623291
544.907776
542.486145
539.568787
537.249451
535.877563
534.407959
531.329956
527.002014
523.879883
523.742554
525.850830
528.194458
529.791443
531.533447
534.750244
539.058899
542.590576
544.331116
544.668335
543.695251
541.081482
537.878723
536.027649
535.240295
532.936768
528.476807
524.691467
523.872192
525.106506
526.856079
529.468445
533.582336
538.069214
541.412109
543.681763
545.248169
544.998779
542.121826
538.495972
536.748718
536.452576
534.711975
530.550415
526.297424
524.219604
524.089417
524.657410
525.748840
528.142700
531.970764
536.055603
539.421204
542.411072
545.041992
545.697693
543.339722
539.736389
537.488525
536.670166
535.117432
531.672180
527.620605
524.812073
523.844543
524.579163
526.934875
530.337524
533.801941
537.178101
540.925781
544.368469
545.709839
544.372253
541.900024
539.922913
538.590576
537.383179
535.933472
533.737671
530.456543
526.738892
524.088623
523.770142
525.790039
529.018250
532.449585
536.012756
539.811096
543.153320
545.019592
545.037659
543.408813
540.596313
537.669312
535.875122
534.898376
532.716614
528.476318
524.396667
523.324707
525.316345
528.289062
531.135498
534.106506
537.111511
539.679993
541.906677
544.033264
545.402283
544.719727
541.617432
537.881531
536.018433
535.872375
534.452698
530.302551
525.907654
524.186707
524.914185
526.549988
529.100403
532.915161
536.881226
539.911255
542.528870
545.113159
545.983154
543.445618
539.073547
536.384705
536.117065
535.356323
531.927002
527.274658
524.133545
523.314819
523.868713
525.226685
527.808044
531.549194
535.231445
538.177429
541.228027
544.593201
546.302307
544.653381
540.892517
537.781982
536.369446
535.339355
533.088318
529.571533
526.088318
523.984863
524.068481
526.475464
530.230408
533.708130
536.473999
539.655762
543.494141
545.983093
545.238525
542.039612
538.783508
536.913330
536.323303
536.072327
534.729553
531.343933
526.940918
524.014099
523.982910
526.033447
528.614441
531.202942
534.414185
538.584839
542.671326
545.090576
545.250427
543.624207
540.965637
538.239014
536.397644
535.134094
532.792175
528.767578
524.996338
523.720703
524.865723
527.021729
529.785095
533.520020
537.582764
540.537476
542.094910
543.378052
544.822449
545.028137
542.660095
538.880737
536.444885
535.912964
534.573425
530.583862
526.018127
523.905640
524.440491
526.046692
528.261658
531.586426
535.687012
539.464783
542.481201
544.837402
545.704834
543.893616
540.296204
537.643250
536.887573
535.780884
532.326904
527.838074
525.000427
524.428650
524.729492
525.171570
526.656616
529.884155
533.930359
537.529602
540.743286
543.948181
545.964844
545.122986
541.871887
538.592407
536.775391
535.646851
533.677490
530.449097
526.853638
524.244324
523.730774
525.613403
528.926270
532.250916
535.353699
538.987000
542.938049
545.571777
545.567444
543.212585
540.021606
537.618408
536.638184
536.329773
535.229919
532.304993
528.033081
524.614868
524.037292
525.796021
527.885254
529.798218
532.816589
537.452087
542.145264
544.911377
545.330139
544.165710
541.923157
539.041077
536.651794
535.325134
533.653137
530.183594
526.155823
524.150818
524.741272
526.594727
529.030273
532.321838
536.180847
539.665100
542.189697
543.924133
545.175415
545.385315
543.454773
539.874634
537.198608
536.585999
535.557556
531.703125
526.775024
524.230896
524.526611
525.819397
527.586365
530.632080
534.721985
538.528381
541.435303
543.725586
544.969788
543.999146
541.071655
538.354614
537.175171
536.207153
533.593811
529.583679
525.943604
523.989075
523.897217
525.109009
527.145569
529.928589
533.138550
536.243591
539.557068
543.375916
546.002563
545.298523
542.010254
539.061279
537.823059
537.019409
534.977173
531.517944
527.770325
524.973450
523.906250
524.957581
527.780823
531.274414
534.768860
538.459778
542.155212
544.822388
545.545349
544.086426
541.014343
537.777344
535.796570
535.233215
534.971985
533.401672
529.775085
525.618591
523.651367
524.629150
526.889404
529.292114
532.442810
536.668579
540.799316
543.604858
544.960754
544.919983
543.025269
539.607849
536.610901
535.411316
534.504028
531.503906
527.064148
524.279175
524.393982
526.027039
528.248657
531.379578
535.117249
538.451477
541.250977
544.030701
546.437073
547.037598
544.753906
540.603516
537.370789
536.475952
535.868042
532.835632
528.128967
524.894287
524.347290
525.174438
526.662048
529.561523
533.804321
537.877991
540.918640
543.364746
545.031311
544.641907
542.084656
539.176514
537.383667
536.147766
533.938293
530.392517
526.853455
524.727722
524.319946
525.588867
528.322937
531.467285
534.002319
536.244080
539.085754
542.380920
544.809204
545.058716
543.069946
540.152100
537.829529
536.525024
535.217712
532.629700
528.766785
525.077515
523.339905
524.391541
527.423035
530.842163
534.121765
537.763794
541.520447
544.142822
544.836365
543.797546
541.641418
539.106262
536.952820
535.508240
534.421448
532.854004
530.113342
526.709045
524.345764
524.115295
525.486145
527.840454
531.440125
536.098328
540.474426
543.370422
544.771118
544.943359
543.359436
539.912537
536.563843
535.465149
535.397888
533.074341
528.399353
524.865417
524.422791
525.697632
527.459717
530.174438
533.982788
537.980347
541.493164
544.263916
545.629761
545.030701
542.917603
540.214050
537.777222
536.354919
535.511841
533.385986
529.456665
525.903870
524.570007
524.938354
526.185913
528.646790
532.313477
536.186462
539.772522
543.154480
545.498840
545.397461
542.931030
539.959595
537.952332
536.464478
534.105774
530.539490
527.023560
524.927856
524.507080
525.567078
528.075439
531.256226
533.648193
535.105347
537.198853
540.771484
544.357727
545.695557
544.094788
540.924866
538.204468
536.861816
535.889771
533.430542
529.201843
525.124084
523.337463
524.404236
527.234741
530.229736
532.911682
536.155701
540.120422
543.294861
544.487366
543.974854
542.217407
539.560059
537.238220
536.270020
535.440613
532.640137
527.979065
523.788025
522.009521
522.830444
525.186218
527.984802
531.147522
535.129150
539.364990
542.565247
544.405701
545.098206
543.946411
540.621155
537.162964
535.993286
536.100098
534.028931
529.141907
524.905823
523.996216
525.235107
526.757202
529.057373
532.999878
537.480408
541.061157
543.763367
545.526611
545.143860
542.355591
538.979553
536.934082
536.475769
536.262939
534.519531
530.915955
527.259399
525.267761
524.784485
525.377197
527.643921
531.531189
535.500977
538.719482
541.925354
545.055908
546.168396
543.999756
540.153320
537.395081
536.393005
535.289490
532.441650
528.488831
525.350708
524.223694
525.139709
527.482788
530.386414
533.233398
535.899292
538.549744
541.412903
544.137390
545.483826
544.594666
542.113586
539.310059
537.024719
535.427429
533.721619
530.787048
527.010071
524.416748
524.409302
526.385010
528.950684
531.750366
535.416931
539.766968
543.225586
544.721130
544.727661
543.658875
541.255554
538.267822
536.289062
535.093201
532.615540
528.403870
524.708435
523.472717
524.288818
525.790894
527.564697
530.174133
533.921326
537.975647
541.182922
543.382935
544.799133
544.656738
542.211853
538.872375
537.070251
536.617798
534.617920
529.978577
525.471069
523.949768
524.965088
526.672241
528.839539
532.097229
535.961487
539.518799
542.734924
545.279480
545.533630
542.820007
539.254883
537.506958
537.720703
537.781921
535.792297
531.839539
527.757446
525.220886
524.468933
525.202209
527.434021
530.717285
534.096802
537.415833
541.187317
544.771912
546.176880
544.414062
540.978455
538.228027
536.933594
535.874451
533.548340
529.934753
526.397339
524.302124
524.341064
526.493286
529.767395
532.935059
535.886597
539.069092
542.173340
544.458618
545.470459
544.889832
542.614563
539.412354
536.760681
535.497864
534.617981
532.168884
528.001648
524.493530
523.795898
525.598389
528.288635
531.108032
534.325378
538.089905
541.855286
544.682739
545.732788
544.529663
541.378052
537.847290
535.832458
535.216614
533.611633
529.732971
525.700500
524.372864
525.660095
527.238831
528.006165
529.233582
532.389404
536.868469
540.737549
543.245667
544.863403
545.167053
543.109314
539.542297
537.044861
536.330505
534.957397
531.154419
526.893555
524.896057
524.898987
525.583496
527.450317
531.131653
535.380859
538.788452
541.610474
544.398438
545.953857
544.466858
540.627808
537.476440
536.701782
536.991394
536.070679
533.010803
528.832153
525.442566
523.967468
524.506104
526.845459
530.286865
533.728821
536.855103
540.237854
543.718201
545.681824
544.787537
541.838745
538.989258
537.397400
536.279724
534.174011
530.732666
527.013000
524.426880
523.921509
525.638184
528.653687
531.812500
535.075500
538.880493
542.568115
544.907898
545.577576
544.955750
543.221375
540.627869
538.042786
536.346313
535.192383
533.020508
529.132812
525.221436
523.709412
525.011108
527.521606
530.111328
533.273865
537.406128
541.450073
544.159607
545.267334
544.623047
541.995422
538.507141
536.312866
535.737610
534.357361
530.472717
526.008667
524.050537
524.972412
526.767456
528.024170
529.254822
531.718933
535.575378
539.622620
542.897461
545.243042
545.914368
543.745911
539.651978
536.763733
536.363647
535.754517
532.337463
527.637146
524.849487
524.585327
525.519897
527.288086
530.347717
534.229187
537.792725
540.764893
543.555786
545.487793
544.907959
541.799561
538.540527
536.853149
535.733032
533.673828
530.947205
528.474426
526.429626
524.881775
524.529602
526.068481
529.206116
532.769714
536.059692
539.455322
542.983337
545.329590
545.159058
542.795349
539.987610
538.055298
536.645020
534.526611
531.243347
527.634094
525.065369
524.414856
525.574707
527.830383
530.668945
534.103821
538.149109
542.043213
544.508911
545.073425
544.484253
543.383423
541.512878
538.901733
536.672546
535.393494
533.670654
530.086426
525.838928
523.677734
524.543030
526.961914
529.595276
532.651855
536.489868
540.350464
543.209961
544.752136
544.854309
543.142517
540.011292
537.245728
536.114868
535.196594
532.139343
527.582336
524.649109
524.471069
525.577881
527.408691
530.592163
534.433716
537.420715
539.353516
541.191895
543.489685
545.288391
544.601868
541.126099
537.585999
536.391113
536.143677
533.814880
529.360596
525.615601
524.322510
524.921936
526.743042
529.735352
533.331238
536.730042
540.024597
543.407532
545.684448
545.197876
542.211365
539.043030
537.436096
536.629456
534.699097
531.342712
528.122925
526.154541
525.100586
524.656006
525.517273
528.144043
531.686401
535.080994
538.402283
542.017883
544.949829
545.477051
543.358887
540.303040
538.002075
536.592224
535.140076
532.762390
529.321716
525.868530
524.137329
524.968262
527.530884
530.429199
533.268799
536.622681
540.575745
544.054199
545.697510
545.000549
542.690002
540.075195
537.980530
536.658020
535.966003
534.684509
531.246765
526.548035
523.844299
524.613281
526.958618
528.961182
531.184875
534.896667
539.509827
543.145325
544.940186
545.175598
543.689819
540.470581
537.297974
536.001099
535.369019
532.669006
528.071655
524.706238
524.315125
525.586548
527.235413
529.944641
534.075439
537.999878
540.238220
541.505066
543.217407
544.971191
544.851501
542.135681
538.673889
536.702454
535.846863
533.844055
530.067383
526.508728
524.887878
524.919617
526.117432
528.799011
532.493896
535.922363
538.972839
542.363586
545.367249
545.924316
543.360718
539.735901
537.632202
537.028381
535.565002
531.950989
527.710999
525.049988
524.279358
524.388428
525.247192
527.512451
530.828064
534.139954
537.402954
541.054077
544.267029
545.478027
544.257690
541.605896
538.876343
536.962646
535.686523
533.742310
530.213806
526.209778
524.033691
524.681580
527.054199
529.603210
532.061218
535.318420
539.666565
543.730835
545.674622
544.994324
542.531921
539.480957
537.034912
536.105835
536.369385
535.802368
532.436646
527.254700
523.928284
524.429138
526.766296
528.483704
530.113525
533.475769
538.335632
542.609558
544.923340
545.281616
543.796936
540.753784
537.890930
537.011719
536.817200
534.200623
529.103394
524.985596
524.144470
525.483093
527.190796
529.227051
532.445740
536.562622
540.143555
542.442993
544.122925
545.517029
545.275757
542.345093
538.620544
537.051270
537.197388
535.625549
531.088867
526.368042
524.274414
524.596863
525.967285
528.282349
531.696350
535.182678
538.055237
541.214050
544.821045
546.573120
544.640503
540.700073
537.805969
536.669189
535.597229
533.055115
529.279602
525.810608
523.913391
523.648010
524.603210
526.720337
529.831665
533.301697
536.746033
540.319153
543.702026
545.547974
544.753540
541.987671
539.219971
537.605835
536.466125
534.464844
531.136353
527.260193
524.441101
524.094543
526.069641
528.762695
531.356323
534.669189
538.998474
542.896057
544.933350
544.953003
543.273987
540.488708
537.860413
536.476685
536.200195
535.682129
533.291321
528.889832
524.761658
523.456177
524.945190
527.489319
530.351562
533.710938
537.193970
540.271851
543.064148
545.339478
545.653931
542.885986
538.516785
535.893372
535.940125
535.437439
531.683472
526.621704
523.905212
524.189819
525.885193
528.399536
532.001587
535.987793
539.164612
541.360046
543.303101
545.245300
545.987732
543.959900
539.871094
536.852112
536.366272
535.852600
532.604980
527.955017
525.047119
524.479797
525.079346
526.868103
530.219788
534.038635
537.281006
540.506958
544.005859
546.080139
544.970398
541.463440
538.160522
536.556396
535.786560
534.064148
530.756470
526.939514
524.388489
524.213684
526.065308
528.654114
531.048584
533.212219
535.635681
538.744629
542.306213
545.042053
545.400208
543.216492
540.072388
537.627197
536.140991
534.710876
532.236755
528.509644
525.019897
523.800476
525.190308
527.763367
530.447266
533.632141
537.827209
542.098694
544.746094
545.112915
543.778748
541.418823
538.649597
536.401001
535.309570
534.904785
533.692078
530.517883
526.383545
524.007935
524.619141
526.776733
529.185364
532.211426
536.038330
539.768982
542.730591
544.793335
545.295044
543.300049
539.568542
536.804199
536.322693
535.694641
532.165710
527.154419
524.349731
524.703491
526.286560
527.958801
530.528748
534.513428
538.812927
542.120605
544.207458
545.269104
544.969299
542.954590
540.063721
538.077454
537.514038
536.465332
533.189453
528.888489
526.062988
525.181763
525.155518
526.169373
529.227905
533.528381
537.150330
539.875977
542.759888
545.326416
545.517395
542.709778
539.079590
536.984192
536.137939
534.528809
531.368774
527.866699
525.384705
524.370300
525.129578
527.853699
531.447693
534.292725
536.239990
538.453247
541.460754
544.276855
545.349060
544.067017
541.282227
538.426392
536.434448
535.134521
533.302917
529.998474
526.072205
523.715454
524.297668
527.074707
530.178406
532.724915
535.742920
540.404907
545.247498
546.784729
543.896667
539.822693
538.205383
538.707703
538.243408
535.098755
530.387207
526.241028
524.080139
524.213257
525.625305
526.786133
527.790344
530.459839
535.204346
539.781616
542.390503
543.777527
544.874207
544.471802
541.377380
537.372742
535.270752
534.845459
533.295166
529.560547
525.924927
524.676147
525.363464
526.852295
529.691772
534.039185
538.051147
540.684570
542.947937
544.973328
545.382751
543.714478
540.836792
538.034668
536.599670
536.239380
534.560974
530.478333
526.225464
524.203613
524.374695
525.963989
528.974426
532.734863
535.700928
538.103333
541.841675
546.295105
547.495483
543.400513
537.624146
535.533081
537.300476
537.606079
533.057068
526.774231
523.586670
524.146729
526.100403
528.002014
530.076782
532.684937
535.681885
538.960632
542.279236
544.626648
544.978027
543.645874
541.697021
539.614563
537.489258
535.388367
532.968018
529.886902
526.831604
525.257019
525.874268
527.664856
529.098083
530.716675
534.730042
540.771851
545.153442
545.722717
543.977234
541.800781
539.663757
537.827942
536.423157
534.668274
531.678101
527.835754
524.672058
523.500549
524.341980
526.069519
527.835938
530.263611
534.165649
538.392029
541.179077
543.026062
545.221863
546.367065
543.714478
537.950256
533.661743
533.689514
534.965149
532.614990
526.879028
522.700623
523.196716
526.761108
530.387390
533.070679
535.592773
538.877930
542.949036
546.173218
546.050110
542.266418
537.837646
535.996765
536.939758
537.954895
536.002563
530.678955
525.180176
523.074585
524.519897
527.421265
530.490295
533.056702
534.447144
535.814697
539.604309
545.099182
547.736450
544.912842
539.740417
536.933289
537.000488
536.643555
533.529297
528.753235
525.056458
523.933899
524.945190
527.094604
529.916931
533.200317
536.365723
538.972473
541.457703
544.118591
545.660767
544.353882
540.846924
537.983154
537.447998
538.081543
537.051208
532.307800
525.326660
521.100586
523.000793
528.359436
531.908630
532.426758
533.365295
537.450684
542.905457
545.926208
545.210266
542.508728
539.858154
537.993713
536.791199
535.464172
532.851624
528.998291
525.771729
524.766052
525.543457
526.662415
527.439636
528.727112
532.094788
537.541565
542.798218
545.591003
545.431946
543.067261
539.943359
537.987366
538.007507
538.088074
535.227539
529.523193
524.910461
524.180420
525.606995
526.509094
527.551208
530.828491
535.739685
539.807556
542.346252
544.388672
545.600769
544.248230
540.497375
537.121643
536.003113
535.853027
534.404968
531.315857
528.189453
526.762512
526.919678
526.983215
526.709717
528.036987
531.910522
537.052856
542.028992
545.679993
546.555237
544.446289
541.283447
539.060364
537.751953
535.872559
532.632202
528.936707
526.105957
524.513733
524.233582
525.848999
529.242310
532.912598
535.956055
539.093811
542.719543
545.681335
546.627869
545.295837
542.513977
539.541382
537.169556
535.458496
534.025269
532.119385
529.310181
526.392883
524.782715
525.238159
527.551453
530.925171
534.655518
538.407837
541.596191
543.474182
544.099304
543.747620
542.030701
539.212341
536.942017
535.855896
534.075562
530.083679
525.595642
523.542175
524.333191
526.060852
527.530029
529.346436
532.445435
536.597656
540.536133
543.325928
544.899170
544.944336
542.798157
539.259827
536.743042
536.225159
535.426819
531.944702
527.150391
524.461243
524.666077
525.962036
527.727966
530.924072
535.343384
539.187561
541.419861
543.025085
544.755859
544.779724
541.696960
538.266968
537.835876
538.846741
537.352417
532.932190
528.290833
525.391113
524.463623
525.061462
526.766357
529.543945
533.363281
537.332581
540.536682
543.203735
545.296875
545.347778
542.638489
539.012207
536.759521
535.812134
534.361023
531.440002
527.845154
525.086182
524.266968
525.598816
528.399597
531.716980
535.112671
538.653137
542.213745
545.131775
546.481201
545.689392
543.185425
540.280457
538.111328
536.779541
535.410950
532.841431
528.812622
524.900208
523.507019
525.373657
528.711853
531.393860
533.398682
536.173279
540.115601
543.849670
545.693604
544.970703
542.233643
539.031494
537.026611
536.290466
534.786255
530.862488
526.030945
523.515686
524.312988
526.578735
528.479248
530.068909
532.467224
536.002075
539.570007
542.049683
