538.515015
538.515015
538.563293
538.699951
538.499084
537.122864
534.813843
533.516479
534.523804
536.364624
536.606384
535.065735
533.779785
534.205811
535.558228
536.049866
535.105408
533.928223
534.343628
536.760315
538.660828
536.873108
532.419128
530.563232
533.909607
538.284790
538.342041
534.770935
532.618408
534.060181
536.436401
536.802917
535.250305
533.621582
533.167542
533.942749
535.256165
536.130127
535.816895
534.587219
533.919922
534.945618
536.537354
536.457214
534.700745
533.620667
534.426086
535.742981
535.933533
535.194153
534.866943
535.334229
535.606506
535.062744
534.419067
534.397095
534.772705
535.312805
536.020813
536.238708
535.284668
534.045959
534.087769
535.272705
536.086609
535.775330
534.820251
534.157959
534.417358
535.200989
535.557556
535.463989
535.540894
535.584717
535.114075
534.626038
534.714905
534.933777
534.703674
534.553406
535.371521
536.620361
536.680847
535.327759
534.201660
534.201782
534.423523
534.356018
534.798157
535.952942
536.588989
535.831116
534.579834
534.346252
535.298096
536.161560
535.997437
535.329529
535.023071
534.975098
534.804932
534.853699
535.318298
535.480957
534.964417
534.619812
535.162842
535.830017
535.458374
534.532410
534.635620
535.762573
536.146667
535.213684
534.404053
534.609558
535.071777
535.113464
535.069336
535.334351
535.615723
535.454102
535.045715
534.958374
535.061340
534.684509
534.061951
534.285400
535.408752
536.024170
535.362244
534.508240
534.661865
535.349182
535.429382
534.990906
535.019958
535.591187
535.685181
535.031860
534.672974
535.071106
535.303894
534.891113
534.686279
535.093628
535.203064
534.818604
535.179871
536.399963
536.520874
534.550903
532.706177
533.535461
535.997314
536.947205
535.692383
534.397949
534.505432
535.273438
535.485352
535.021301
534.716736
534.973999
535.203064
535.034119
534.921387
535.094543
535.154419
535.039062
535.160889
535.420532
535.257568
534.803772
534.862000
535.527161
535.785217
535.027222
534.238342
534.668396
535.777344
535.950134
535.081360
534.613220
535.007629
535.278259
535.026306
534.914551
535.214050
535.381836
535.105591
534.848938
535.088013
535.404663
535.101868
534.604309
534.910034
535.701538
535.681641
534.786316
534.399231
535.102417
535.754883
535.405029
534.753784
534.831726
535.327393
535.361145
535.023376
534.953003
535.109375
535.059204
534.928345
535.078064
535.250427
534.963440
534.412476
534.337524
535.050110
535.813110
535.659851
534.878052
534.721802
535.396179
535.704224
535.140137
534.724609
535.102966
535.383728
534.898560
534.555786
535.108337
535.672363
535.336426
534.703735
534.718567
535.224487
535.463867
535.299561
535.211365
535.234253
534.934082
534.645203
535.154968
535.911682
535.592957
534.460327
534.020081
534.773132
535.850830
536.185486
535.464905
534.535217
534.502625
535.188232
535.548157
535.357849
535.113525
534.896240
534.625061
534.687988
535.256042
535.608215
535.162537
534.626709
534.935486
535.562927
535.323547
534.511963
534.528503
535.411560
535.745361
535.103455
534.624329
534.956238
535.388000
535.257019
534.795715
534.537048
534.712036
535.085144
535.268799
535.334839
535.522827
535.456116
534.837830
534.495667
535.084106
535.667664
535.269714
534.565186
534.616028
535.185791
535.469238
535.401855
535.403076
535.472046
535.189026
534.661011
534.721680
535.459595
535.688965
534.945679
534.391907
534.794800
535.382263
535.323975
534.882507
534.779663
535.161865
535.470398
535.333923
535.191284
535.395508
535.402527
534.853394
534.578247
535.233398
535.886719
535.448425
534.559509
534.544617
535.264648
535.514709
535.092407
534.976135
535.348633
535.166321
534.389954
534.399902
535.371033
535.874329
535.462585
535.139099
535.286194
535.320068
534.998657
534.805054
535.189880
535.775940
535.701904
534.953247
534.631226
535.250671
535.732117
535.178284
534.489685
534.825256
535.587769
535.510193
534.855042
534.858337
535.495667
535.497742
534.717773
534.542908
535.283875
535.560303
534.893982
534.454834
534.860718
535.377563
535.378113
535.110107
535.030518
535.040710
534.838989
534.757507
535.340515
536.177124
536.178955
535.195496
534.473999
534.920349
535.655029
535.391724
534.599548
534.615051
535.259216
535.392761
535.010925
534.922119
535.219971
535.313416
535.023193
534.913208
535.359802
535.628235
535.075989
534.612366
535.073486
535.546326
535.201721
534.836731
535.105530
535.317078
534.991760
534.751892
535.084045
535.551270
535.546997
535.097961
534.690002
534.597839
534.738586
534.908936
535.026733
535.299316
535.750488
535.808105
535.286011
535.130920
535.640930
535.588989
534.660034
534.331421
535.129211
535.657715
535.171021
534.639343
534.802856
535.172913
535.165894
535.044067
535.332214
535.749573
535.518311
534.772034
534.588257
535.225220
535.585388
535.003967
534.355774
534.661865
535.348206
535.255188
534.762817
534.989807
535.559082
535.326172
534.588745
534.575073
535.363220
535.820801
535.315613
534.618713
534.713745
535.268311
535.345764
535.047119
535.102234
535.390686
535.237976
534.859680
535.099426
535.717590
535.610718
534.908630
534.816284
535.268982
534.958374
533.908020
533.715393
534.891663
535.874146
535.443665
534.533752
534.554321
535.280518
535.582214
535.225708
534.951904
535.178589
535.394836
535.095154
534.764465
535.069336
535.470642
535.082397
534.582520
535.085999
535.793274
535.394714
534.593628
534.708374
535.276062
535.325500
535.114746
535.191345
535.303833
535.050598
534.621460
534.540344
535.035156
535.555786
535.264587
534.459167
534.456482
535.427429
535.892822
535.150879
534.497498
535.025085
535.776733
535.421204
534.636658
534.873169
535.658020
535.580872
534.849365
534.614990
534.943665
535.252075
535.427795
535.476318
535.190430
534.663818
534.514954
535.101685
535.731140
535.383301
534.177429
533.431580
534.073486
535.371826
535.807678
535.168091
534.756409
535.218201
535.589600
535.110229
534.557373
534.854187
535.352539
534.835205
533.787231
534.013977
535.830811
537.169983
536.264038
534.253906
533.721130
534.939758
535.728516
535.198120
534.838440
535.397888
535.645996
534.958374
534.501953
535.021118
535.560486
535.182800
534.379028
534.183960
534.865540
535.738037
535.912598
535.392029
535.096924
535.363586
535.399841
534.867554
534.591614
534.969421
535.291870
535.282288
535.495667
535.779663
535.397644
534.756165
534.892334
535.448181
535.233643
534.511963
534.704773
535.849487
536.254761
535.175903
534.151306
534.627075
535.757935
535.908630
535.031677
534.348755
534.581665
535.253906
535.456177
535.095886
534.942444
535.245605
535.412781
535.245361
535.147766
535.166016
535.049927
534.978455
535.249268
535.509827
535.245911
534.999390
535.706360
536.541260
535.510559
533.009155
532.186584
534.460083
537.213501
537.474609
535.726501
534.468994
534.648438
535.162720
535.024536
534.594727
534.647156
535.068237
535.124512
534.793518
534.877441
535.583374
536.064148
535.760681
535.126160
534.678711
534.470886
534.714050
535.567566
536.182739
535.495667
534.143677
533.982544
535.319214
536.348267
535.870911
534.913757
534.912720
535.484802
535.170227
533.989441
533.741211
535.301575
537.267273
538.051636
537.663818
536.643738
534.935242
532.861694
532.046021
533.636047
536.111145
536.835693
535.564880
534.560669
535.261169
536.450928
536.264893
534.874695
534.060974
534.553650
535.295044
535.344238
535.035950
534.971375
535.087769
535.250244
535.567505
535.684143
535.189880
534.671997
534.702820
534.658020
534.255371
534.566650
536.197510
538.106018
538.668152
537.082092
534.478271
533.355347
534.531250
535.772949
535.149902
534.047424
534.691223
536.369507
536.651428
535.210876
533.976074
534.139465
534.993835
535.382996
535.112732
534.804260
534.914978
535.347717
535.765442
535.760132
535.088440
534.356445
534.634216
535.685791
535.984680
535.133057
534.544922
535.114258
535.830200
535.450500
534.434631
534.257874
535.430847
536.963135
537.410522
536.125488
533.908813
532.609436
533.428467
535.628845
537.159546
536.606934
534.723022
533.771057
534.857605
536.350037
536.051941
534.457520
533.997681
535.259521
536.189758
535.393433
534.137634
534.195129
535.313232
535.989624
535.672913
535.050354
534.770996
534.825256
535.051880
535.403198
535.424561
534.643494
533.860291
534.669250
537.098572
538.566895
536.576538
532.607300
531.223206
534.064819
537.402405
537.453857
535.183716
534.022095
535.026306
536.191772
535.788025
534.523315
534.062317
534.770081
535.592102
535.490479
534.650452
534.276855
535.110352
536.521729
537.192932
536.305481
534.429993
533.449768
534.645508
536.534790
536.306458
534.072327
533.127197
535.229553
538.198059
538.707642
535.915344
532.154663
530.980164
533.721375
537.629822
538.506653
535.585144
532.623657
533.129700
535.920349
537.117126
535.443848
533.567688
534.077698
535.967041
536.473938
535.196289
534.275085
535.000549
536.252563
536.348999
535.266968
534.554138
535.030518
535.612854
535.407959
535.153137
535.427185
535.654358
535.441528
535.063110
534.663696
534.297791
534.351929
535.176880
536.286072
536.493042
535.393921
533.976501
533.567200
534.526978
535.791992
536.230530
536.137634
536.191406
535.871338
534.817566
534.105774
534.532288
535.294067
535.318481
534.780884
534.633850
535.074036
535.349731
535.237915
535.456177
535.985229
535.608887
534.208313
533.595825
534.836487
536.568848
536.963562
536.015747
534.900269
534.196594
533.855591
534.107300
535.108521
536.066406
535.959961
535.044495
534.679382
535.408813
536.036865
535.497559
534.580444
534.493713
534.974915
535.123901
534.995850
535.221558
535.682617
535.620056
534.984375
534.676086
535.068481
535.332153
534.869873
534.444641
534.956543
535.710205
535.392944
534.472961
534.603088
535.880371
536.564331
535.604187
534.217896
534.176880
535.343445
536.127930
535.818054
534.951782
534.184753
534.127930
535.035767
536.059021
536.066650
535.073547
534.128113
534.190125
535.191895
535.911926
535.404419
534.547913
534.743042
535.537659
535.490906
534.747192
534.704041
535.504517
535.845764
535.279358
534.831421
535.058044
535.226562
534.879822
534.588806
534.673645
534.803894
535.225830
536.347778
537.071472
535.960266
533.908020
533.244019
534.456665
535.826782
535.897095
534.931763
534.247253
534.735168
535.848450
536.223328
535.514587
534.776611
534.700500
534.802551
534.722717
534.845154
535.245911
535.358765
535.118958
535.149414
535.421387
535.211853
534.679382
534.795288
535.512939
535.689026
535.039307
534.635681
535.105591
535.620850
535.277466
534.546448
534.523193
535.204041
535.518005
534.976685
534.372620
534.571533
535.262146
535.550232
535.328064
535.181213
535.198669
534.963379
534.645630
534.910034
535.635437
535.829590
535.234741
534.861267
535.197144
535.322937
534.745605
534.421814
534.975098
535.525940
535.273865
534.832397
535.041809
535.511719
535.369812
534.743591
534.504456
535.028748
535.838196
536.206543
535.908630
535.286560
534.604797
534.001526
534.178772
535.517822
536.536255
535.541382
533.645142
533.533569
535.450623
536.826721
536.006165
534.400879
534.186829
535.228333
535.700134
535.028015
534.406128
534.626282
535.158447
535.405640
535.444336
535.336304
534.952637
534.651306
534.949341
535.481018
535.365234
534.584167
534.102905
534.587891
535.418823
535.354919
534.437439
534.201416
535.222839
536.102844
535.748718
534.965698
534.918396
535.343140
535.265930
534.764282
534.719543
535.063904
535.005859
534.754578
535.065002
535.580811
535.489563
535.074707
535.085632
535.341614
535.192139
534.817261
534.961914
535.502258
535.472351
534.798218
534.619019
535.408630
536.180786
535.967773
535.045898
534.426086
534.648132
535.198914
535.281372
534.997498
535.024536
535.259338
535.036255
534.613281
534.856018
535.507629
535.494629
534.878662
534.788208
535.399841
535.651367
535.123718
534.740417
535.102417
535.457336
535.164429
534.878723
535.195984
535.472900
535.124817
534.753052
535.032593
535.606079
535.642090
534.994446
534.514648
534.939453
535.650085
535.560730
534.925293
534.819336
535.261108
535.363220
534.988708
534.862732
535.144226
535.202393
534.921265
534.983765
535.465332
535.498657
534.902649
534.638977
535.121460
535.521851
535.272888
534.976929
535.212341
535.512268
535.232483
534.742188
534.896301
535.646606
536.034668
535.557373
534.889526
534.852783
535.222107
535.269226
535.039429
535.103149
535.349915
535.181824
534.770752
534.898621
535.489868
535.541504
534.864868
534.631836
535.396118
535.928711
535.257507
534.449951
534.754944
535.462830
535.380615
534.881470
534.897278
535.265076
535.313354
535.092285
535.103455
535.372986
535.444946
535.135925
534.908630
535.213135
535.643799
535.442749
534.837463
534.809509
535.374756
535.460083
534.851013
534.716003
535.502502
535.956299
535.261658
534.489807
534.682068
535.205261
535.220703
535.101013
535.316162
535.414978
535.055237
534.824829
535.216003
535.645813
535.370239
534.766785
534.804993
535.599731
536.216064
535.862549
534.976929
534.708801
535.211182
535.433289
535.043152
534.997375
535.498047
535.414124
534.531555
534.254395
535.261230
536.222656
535.819641
534.730225
534.513367
535.293213
535.770081
535.345886
534.819214
534.830811
535.051025
535.150024
535.266846
535.298157
535.004272
534.776123
535.153137
535.813721
535.882751
535.161743
534.580994
535.014771
535.835938
535.679932
534.704285
534.498779
535.468079
536.071106
535.276917
534.287109
534.637268
535.711365
535.792358
534.835449
534.354858
534.916626
535.509827
535.444458
535.219482
535.246277
535.211426
535.006165
535.011963
535.223999
535.212341
535.002625
535.053894
535.433716
535.655823
535.321899
534.748535
534.757263
535.452759
535.721741
534.943542
534.318787
534.993469
535.978210
535.713928
534.656128
534.422424
535.153992
535.563477
535.202332
534.911560
535.112244
535.279297
535.189453
535.265686
535.496582
535.329346
534.853882
534.827393
535.272095
535.309875
534.821167
534.795410
535.505676
535.921143
535.355957
534.448425
534.287109
535.084534
535.823608
535.528625
534.775696
534.804932
535.422913
535.459351
534.909180
534.794983
535.237366
535.367920
535.011230
534.919128
535.303772
535.450439
535.054932
534.816162
535.140320
535.387146
535.121338
534.915283
535.152527
535.259583
534.938965
534.861572
535.391357
535.863525
535.602783
534.871216
534.541077
534.999268
535.534363
535.295837
534.730103
534.897949
535.570557
535.581787
534.907166
534.695801
535.233093
535.532043
535.169617
534.949097
535.309998
535.509644
535.063110
534.727173
535.096985
535.432007
535.088074
534.811768
535.264038
535.624512
535.111450
534.559082
534.973328
535.718140
535.584656
534.720703
534.237854
534.596436
535.212708
535.324707
534.953186
534.856628
535.291199
535.497803
535.079590
534.819275
535.193054
535.374023
534.861084
534.612976
535.250854
535.736389
535.257141
534.739624
535.056580
535.492310
535.239258
534.867981
535.150269
535.581787
535.322815
534.779968
534.900391
535.480225
535.525269
534.910278
534.511963
534.883362
535.475037
535.395691
534.798767
534.748657
535.420166
535.700439
535.118469
534.667419
535.027100
535.458740
535.251038
534.926270
535.106079
535.341553
535.078125
534.795654
535.099854
535.521423
535.361633
535.007996
535.164673
535.465393
535.168213
534.634460
534.764832
535.431030
535.630249
534.977600
534.253479
534.362244
535.122986
535.540710
535.261169
534.991699
535.170105
535.246277
534.910339
534.821045
535.293396
535.531189
535.072754
534.729980
535.132141
535.583801
535.281860
534.739075
534.945984
535.641968
535.706604
535.072815
534.839722
535.346741
535.616699
535.148499
534.774048
535.130005
535.550354
535.278564
534.770874
534.811035
535.125183
534.979919
534.622803
534.928650
535.748596
535.888306
535.006897
534.333984
534.830872
535.657471
535.553589
534.888367
534.884155
535.444092
535.420410
534.764221
534.635193
535.299988
535.659424
535.235596
534.933044
535.263123
535.473572
535.124146
534.916260
535.216125
535.345581
534.982117
534.781799
535.191711
535.754211
535.755615
535.126282
534.646179
534.951355
535.484802
535.334473
534.811707
534.900024
535.482056
535.533936
534.949890
534.747620
535.256958
535.582825
535.269043
534.977722
535.130127
535.246765
535.083679
535.137085
535.474304
535.351685
534.662231
534.449158
535.167053
535.728699
535.222900
534.316101
534.195251
535.010681
535.780029
535.621460
534.920593
534.790344
535.302185
535.443848
534.998779
534.863403
535.290894
535.473511
535.151062
535.043945
535.365723
535.389221
534.913147
534.738586
535.144226
535.301941
534.885315
534.778992
535.342896
535.542358
534.841370
534.355164
535.000610
535.876770
535.678345
534.750183
534.464294
535.209290
536.016113
535.906067
535.093201
534.668701
535.058350
535.431091
535.203003
534.943481
535.074402
535.136719
534.955444
535.073914
535.495300
535.407410
534.746582
534.603760
535.344666
535.781372
535.162292
534.539978
534.989441
535.770325
535.609802
534.823120
534.662170
535.207947
535.477844
535.196106
535.007935
535.205200
535.370300
535.177856
534.933838
535.126221
535.485657
535.223206
534.559143
534.679993
535.603333
535.869385
535.030334
534.463928
534.992432
535.558838
535.186035
534.597229
534.804199
535.439392
535.570496
535.174866
534.907593
534.981018
535.025146
534.945374
535.108398
535.414307
535.247314
534.728333
534.794556
535.661926
536.308411
535.878540
534.895508
534.558105
535.091797
535.540588
535.335510
535.059998
535.220703
535.314026
534.857422
534.471863
534.899231
535.575317
535.469238
534.859070
534.833008
535.389160
535.555420
535.140381
534.903381
535.089050
535.143188
534.994141
535.256714
535.791992
535.553894
534.494080
534.070923
535.084656
536.389893
536.492676
535.462769
534.634033
534.842224
535.497009
535.601685
535.206848
535.054626
535.167236
535.014526
534.770203
534.988708
535.385864
535.304810
534.993347
535.156433
535.562317
535.364563
534.701050
534.652832
535.322144
535.502075
534.861450
534.624512
535.320618
535.788696
535.253479
534.605042
534.766968
535.315552
535.412659
535.050232
534.862488
535.152771
535.472412
535.319031
535.009644
535.121216
535.318909
534.940918
534.451294
534.803101
535.595337
535.581787
534.899475
534.858826
535.522705
535.590942
534.811584
534.457703
535.104004
535.705322
535.429260
534.915955
534.922485
535.042969
534.799500
534.707947
535.175476
535.582642
535.313354
534.716797
534.583923
535.158020
535.765503
535.531433
534.690674
534.442810
535.080933
535.511780
535.198914
534.983032
535.257751
535.250366
534.865051
535.052307
535.741760
535.631897
534.575195
534.092041
534.919373
535.833130
535.631287
534.893188
534.806152
535.279114
535.405762
535.110413
535.053894
535.251343
535.031616
534.364136
534.194824
535.028992
535.892090
535.628296
534.711365
534.491760
535.033997
535.259827
534.914612
534.815796
535.240356
535.447510
535.068665
534.799194
535.099609
535.324951
534.977173
534.689514
535.008240
535.365417
535.204285
535.014648
535.258972
535.327271
534.698059
534.221741
534.868347
535.895447
535.838684
534.728149
533.914978
534.223083
535.162109
535.684692
535.400024
534.944214
534.931335
535.101501
535.120239
535.292603
535.662842
535.560486
534.915466
534.698730
535.183044
535.308167
534.679077
534.453796
535.268188
535.955139
535.416565
534.464111
534.543640
535.444092
535.691284
534.938354
534.449646
534.990479
535.705566
535.620850
535.027039
534.735229
534.809326
534.765137
534.638428
534.957947
535.575928
535.566040
534.796326
534.440186
535.076172
535.586731
535.057556
534.404297
534.760498
535.545227
535.557373
534.983459
534.901855
535.385071
535.483704
534.962891
534.704651
535.092896
535.364807
535.105164
534.926514
535.131470
535.131958
534.656555
534.392822
534.899048
535.587219
535.475037
534.721375
534.516602
535.236816
535.806030
535.390564
534.679749
534.724915
535.299316
535.404175
534.949585
534.753357
535.010315
535.095581
534.939697
535.127014
535.506287
535.320312
534.754333
534.706543
535.136658
535.213928
534.877258
534.886292
535.357544
535.478271
534.913574
534.428223
534.761963
535.573120
535.817749
535.134338
534.448853
534.666931
535.287048
535.338684
534.981506
534.928162
535.108521
535.028259
534.856506
535.123840
535.559692
535.332764
534.573853
534.445374
535.230652
535.788879
535.486877
535.067749
535.065186
534.999329
534.677368
534.723267
535.230530
535.335266
534.730103
534.292542
534.730835
535.669556
536.204712
535.795532
534.884583
534.554138
535.001282
535.239075
534.912659
534.849976
535.265808
535.292114
534.823914
534.846008
535.458313
535.568970
534.943054
534.638977
535.029053
535.209229
534.826355
534.757080
535.352112
535.634155
535.066223
534.611084
535.040039
535.582581
535.241394
534.314819
533.917969
534.593933
535.629517
535.791809
534.937683
534.331177
534.698242
535.244324
535.462402
535.802368
536.014282
535.312561
534.340088
534.407959
535.175293
535.261536
534.535461
534.290222
535.179138
536.067810
535.774292
534.982910
534.969360
535.372498
535.099548
534.457397
534.505249
535.129822
535.399658
535.185608
535.103455
535.335754
535.460022
535.252136
535.063660
535.221130
535.357788
534.916931
534.294373
534.505188
535.459473
535.822021
535.151245
534.704651
535.240234
535.651001
535.000671
534.248352
534.587646
535.355347
535.133911
534.295898
534.427979
535.534973
536.163940
535.867004
535.413879
535.050171
534.571533
534.351807
534.818115
535.603516
535.883362
535.329346
534.530762
534.470703
535.261658
535.732361
535.170044
534.535156
534.726562
535.091431
534.985840
535.060913
535.677429
535.830200
534.906616
534.044678
534.492676
535.605835
535.790527
534.951294
534.489990
534.966370
535.421936
535.191284
534.807129
534.800964
534.944641
534.999878
535.179810
535.550964
535.629333
535.083618
534.536133
534.875610
535.729065
535.731323
534.732910
534.235779
534.963074
535.681152
535.339233
534.712402
534.857727
535.418518
535.244446
534.079407
533.399841
534.511230
536.247375
536.807129
536.298706
535.554688
534.624390
533.923401
534.139587
534.779785
534.957458
534.855164
535.300293
536.345947
536.882446
536.033997
534.674377
534.516785
535.518188
535.739258
534.450195
533.510376
534.473633
536.030457
536.062439
534.917175
534.539734
535.267090
535.677551
535.140381
534.565674
534.685791
535.091492
535.267029
535.359619
535.402527
535.007324
534.450745
534.664001
535.471191
535.439392
534.292725
533.711121
534.940369
537.082092
538.149170
537.049011
534.762939
533.550598
534.370178
535.803833
536.134033
535.234802
534.103333
533.795959
534.728271
536.076965
536.309326
535.080139
533.966675
534.404114
535.579041
535.667603
534.693787
534.368652
535.148376
535.594788
535.021362
534.584412
535.101379
535.697205
535.428284
534.789062
534.713379
535.057434
535.035095
534.612305
534.513184
534.972595
535.284790
534.954651
534.646606
534.998901
535.244751
534.622681
534.108398
534.957031
536.521606
536.970276
535.789307
534.383118
534.054688
534.485046
534.897583
535.257385
535.451172
535.057129
534.504272
534.796326
535.786011
536.125427
535.255005
534.287903
534.403870
535.207153
535.447266
534.811462
534.245972
534.580750
535.326294
535.418335
534.907471
534.795349
535.236755
535.413574
535.149780
535.091187
535.383484
535.404602
534.957153
534.761536
535.132751
535.265076
534.793762
534.655090
535.336975
535.855164
535.415466
534.586548
534.216858
534.350281
534.657166
535.386047
536.767883
537.595581
536.371765
533.713379
531.844482
532.080261
533.911621
535.709595
536.103577
535.387390
534.848511
534.919250
535.222412
535.579407
535.729858
535.150452
534.182495
534.072937
535.002075
535.597229
535.189453
534.800415
535.225891
535.732178
535.392761
534.671814
534.729248
535.458191
535.575989
534.859497
534.567444
535.171692
535.332581
533.976624
532.347168
532.670105
535.123596
537.436462
537.474670
535.358704
533.126038
532.764954
534.423462
536.383301
536.829163
535.592896
534.237610
534.299927
535.449280
535.949890
535.059998
534.100281
534.475098
535.513245
535.590332
534.728821
534.430969
535.126953
535.567017
535.109863
534.743408
535.164856
535.648560
535.506653
535.005127
534.510803
534.126526
534.118835
535.013184
536.754822
537.591736
535.626038
532.369080
532.054321
535.643005
538.663269
537.279724
533.703125
532.746338
534.989014
536.734680
535.783997
533.929016
533.672058
534.932983
535.866821
535.545288
534.644592
534.254150
534.909302
536.113892
536.492554
535.361389
533.944946
533.938721
535.337524
536.420837
535.630615
533.714539
533.615662
536.564575
539.108643
537.334167
533.011841
531.394775
533.858887
536.695007
536.725586
534.882690
533.985779
535.002136
536.381470
536.389160
535.014709
533.674683
533.796814
535.326843
536.402771
535.522278
533.912170
534.018433
535.816345
536.793152
535.591125
533.594666
532.866516
533.986206
535.816895
536.593994
535.466187
533.454773
532.624878
534.261169
537.471680
538.947083
536.019531
531.263977
530.848083
536.141785
540.701355
538.675476
532.951111
531.037476
534.525269
537.637817
536.463074
533.718445
533.126099
534.501160
535.570312
535.167175
534.003906
533.692627
534.840088
536.333435
536.954407
536.565186
535.395569
533.821655
533.259399
534.909058
537.221680
537.492493
535.687134
533.984436
533.459473
533.636902
534.238586
535.394653
536.552856
536.580994
535.461304
534.666626
534.952759
535.283325
534.894836
534.576721
534.896423
535.070679
534.660400
534.583496
535.324768
535.743042
535.004150
534.272339
535.021179
536.672119
537.164856
535.734558
534.195190
534.427063
535.572998
535.648926
534.764771
534.549866
535.461121
536.249329
535.782227
534.734680
534.613342
535.278442
535.371704
534.802612
534.471008
534.432983
534.411621
534.813293
535.649475
535.935120
535.214294
534.234497
533.843628
534.456055
535.938232
537.159485
536.911987
535.388550
533.572998
532.409180
533.162476
535.977051
538.026001
536.496338
533.134094
532.247131
534.591431
536.734497
536.340759
534.888428
534.660217
535.543762
535.871826
535.114929
534.372620
534.425293
534.787537
535.002747
535.229736
535.326904
535.136292
535.238525
535.771240
535.741150
534.749756
533.946411
534.474304
535.969177
536.844910
536.058777
534.638672
534.385071
535.351318
535.995178
535.490356
534.648987
534.412781
534.632996
534.825378
534.979431
535.207764
535.522461
535.876282
536.003357
535.753357
535.225159
534.529907
534.220947
534.872009
535.619751
535.226257
534.454285
534.830444
535.767334
535.550781
534.498901
534.463501
535.619019
536.327942
535.746826
534.631592
534.107605
534.575378
535.354675
535.488525
535.074463
534.856750
534.865540
534.775146
534.822876
535.203247
535.396790
535.025391
534.688843
535.042725
535.579102
535.434265
534.996643
535.195984
535.598755
535.168701
534.443420
534.728271
535.609009
535.525085
534.519897
534.163330
534.959412
535.834839
535.920044
535.446594
535.063782
534.976135
534.860352
534.633728
534.843689
535.591370
535.859985
535.026184
534.188721
534.630676
535.710083
535.927673
535.366577
535.129456
535.128113
534.623657
534.194153
534.844666
535.837830
535.520203
533.997314
533.380737
534.944702
537.090149
537.313416
535.567078
533.968445
533.725342
534.304260
535.088562
535.839966
535.956604
535.066467
534.157715
534.558167
535.792664
536.033630
534.872925
534.059814
534.800537
535.783386
535.284851
534.084717
534.282471
535.800537
536.433716
535.344055
534.162903
534.321716
535.266541
535.794434
535.634155
535.143677
534.637939
534.497620
535.014282
535.707520
535.591675
534.501770
533.542236
533.846008
535.107910
535.831604
535.288025
534.589600
534.990112
535.849304
535.673828
534.651978
534.376953
535.187195
535.757507
535.457336
534.989746
534.743469
534.606384
534.862244
535.537659
535.729919
534.919800
534.096680
534.547913
535.906433
536.356384
535.234070
534.194458
534.642883
535.622498
535.609924
534.780640
534.471680
535.130737
535.592957
535.065918
534.489929
534.726318
535.245911
535.280579
534.901794
534.680908
534.980347
535.396484
535.341431
535.119324
535.150452
535.163574
535.008972
535.069397
535.427673
535.435120
534.817688
534.499451
535.085815
535.577759
535.084656
534.523926
534.903259
535.466309
535.149170
534.372437
534.223022
534.897217
535.567932
535.515015
535.109375
535.098511
535.143250
534.650757
534.402405
535.166565
535.929382
535.573792
534.827148
534.867920
535.364075
535.198181
534.520874
534.517639
535.243774
535.428894
534.807251
534.624634
535.345703
535.796326
535.187256
534.443298
534.635071
535.334656
535.509460
535.038513
534.635986
534.787598
535.163025
535.191956
535.042908
535.294312
535.630432
535.166565
534.274841
534.299011
535.211975
535.578369
535.107666
535.017456
535.555542
535.611145
535.005615
534.730835
534.960876
535.004639
534.789673
534.799866
535.104065
535.292297
535.089600
534.814209
534.886597
535.091431
534.987061
534.807861
534.909912
535.215088
535.799622
536.151917
535.201965
533.945679
534.432922
535.913513
535.913696
534.743042
534.819580
535.819153
535.589844
534.414978
534.435669
535.421021
535.328918
534.447144
534.522034
535.321106
535.475952
535.203918
535.472534
535.873718
535.565430
534.891296
534.701965
534.893677
534.937927
534.705627
534.296875
534.048523
534.666260
535.809937
535.908447
534.950439
534.447266
534.557983
534.446472
534.465393
535.180481
535.761353
535.425049
534.932983
535.238708
535.695007
535.322266
534.649658
534.686829
535.193115
535.298462
535.102112
535.236511
535.466736
535.152405
534.627380
534.729187
535.228516
535.210266
534.707336
534.614075
535.263428
535.947083
535.805603
534.992554
534.612061
535.060547
535.349243
534.954956
534.763977
535.271179
535.639465
535.271362
534.870239
535.101196
535.373657
534.998108
534.510254
534.682007
535.123169
535.113403
534.949036
535.252075
535.660339
535.382874
534.717407
534.676636
535.228943
535.403198
535.063171
535.033936
535.505432
535.681702
535.117065
534.520325
534.797668
535.639160
535.802307
534.985229
534.358337
534.704590
535.236816
535.082031
534.744995
535.006714
535.477539
535.402771
535.041687
535.109924
535.412354
535.235596
534.792908
534.936401
535.501343
535.437988
534.727600
534.526489
535.158081
535.577881
535.234985
534.911560
535.214111
535.571716
535.286865
534.722229
534.740845
535.316650
535.531982
535.122742
534.984497
535.536743
535.841675
535.212402
534.458984
534.566284
535.158447
535.291260
535.011230
535.029907
535.337891
535.287476
534.922791
534.981628
535.408691
535.259949
534.574646
534.677124
535.804993
536.375854
535.569336
534.586365
534.534119
534.982666
535.120544
534.901123
534.748779
534.853882
534.999634
535.039856
535.252502
535.706787
535.737122
534.960754
534.281860
534.652588
535.391968
535.312561
534.847168
535.127930
535.765930
535.618774
534.918640
534.743408
535.104614
535.186646
534.928223
534.955383
535.220947
535.074219
534.665894
534.823120
535.435852
535.456360
534.579712
533.782104
534.095581
535.317749
536.131104
535.703003
534.844360
534.774231
535.302856
535.395691
534.936707
534.709778
534.957458
535.134827
535.072693
535.193848
535.436340
535.219116
534.740967
534.853882
535.402161
535.379456
534.876343
535.000000
535.756714
535.933044
535.191528
534.589539
534.829407
535.275269
535.096985
534.526672
534.379517
534.814087
535.196838
535.109314
534.926514
535.078979
535.229248
534.937805
534.688171
535.107178
535.674133
535.522888
535.046509
535.230591
535.773132
535.489746
534.534058
534.419250
535.400269
535.835510
534.949280
534.179138
534.716858
535.578857
535.415710
534.632629
534.393555
534.852417
535.393921
535.672668
535.674866
535.375061
534.853943
534.604187
535.213562
536.299316
536.429382
535.056213
533.715942
534.039490
535.325745
535.676025
534.972900
534.769531
535.478027
535.817200
535.164917
534.479431
534.590515
535.106323
535.366211
535.416443
535.514954
535.425476
535.010681
534.845032
535.238647
535.443970
534.937805
534.464600
534.828735
535.620056
535.806946
535.184753
534.712646
535.160217
535.796875
535.434570
534.491089
534.463196
535.428833
535.825256
535.074951
534.560303
535.167480
535.843506
535.604431
535.022644
534.801514
534.724670
534.618042
534.846497
535.421509
535.674561
535.262573
534.823181
535.008972
535.398315
535.231750
534.676453
534.504150
534.959839
535.487732
535.519470
535.258850
535.259155
535.389648
535.141113
534.777893
534.947815
535.389404
535.292419
534.768433
534.747681
535.336182
535.550537
535.013306
534.594177
534.880188
535.258789
535.180237
535.133484
535.517639
535.689026
535.162476
534.722778
535.104248
535.551575
535.147644
534.552246
534.921082
535.971741
536.404297
535.724426
534.798340
534.627075
535.068237
535.234680
534.987305
535.051147
535.461182
535.375183
534.764954
534.683594
535.411621
535.866150
535.408630
534.788818
534.769592
535.035156
535.084412
535.147583
535.406799
535.369995
534.849243
534.588074
535.083679
535.595520
535.268311
534.561646
534.520752
535.224731
535.831421
535.748779
535.262024
535.058899
535.254883
535.310303
535.112427
535.138428
535.295532
534.984985
534.466003
534.712830
535.609009
535.787781
534.844910
534.193176
534.830811
535.679504
535.466003
534.805603
534.923401
535.534302
535.546265
535.061462
534.994934
535.315002
535.251404
534.859863
534.874878
535.306885
535.475281
535.124023
534.746765
534.866638
535.281128
535.358704
535.119812
535.214966
535.609436
535.471924
534.822632
534.773376
535.541382
535.846375
535.075439
534.437134
534.921997
535.642334
535.361145
534.575928
534.625916
535.364075
535.502869
534.958862
534.885376
535.510315
535.886780
535.593933
535.030151
534.484863
534.075867
534.071594
534.613770
535.458069
536.008728
535.671204
534.754150
534.478760
535.168335
535.547607
534.928528
534.460083
535.043518
535.759705
535.561462
534.962036
534.903625
535.202087
535.175110
534.956299
535.097717
535.449951
535.472534
535.212219
535.128967
535.219727
535.110046
534.926941
535.158325
535.563538
535.311157
534.404297
533.937622
534.576904
535.539246
535.631836
534.929199
534.605774
535.043213
535.365967
535.135864
535.032654
535.390747
535.471680
534.939453
534.722290
535.412476
536.018555
535.521790
534.688110
534.816956
535.555542
535.584534
534.864624
534.538086
534.900513
535.126099
534.923706
534.907959
535.287048
535.500977
535.217407
534.852722
535.000732
535.532776
535.619995
535.050476
534.740173
535.143860
535.399048
534.959106
534.645874
535.130920
535.691162
535.467163
534.922241
534.951233
535.322449
535.265015
534.973450
535.142151
535.527344
535.384644
534.969910
535.116699
535.591492
535.404907
534.658020
534.512085
535.218811
535.725037
535.361267
534.700195
534.623901
535.148010
535.449402
535.097229
534.738037
534.939880
535.235474
535.196350
535.245911
535.576538
535.588745
535.092468
534.864014
535.311279
535.602600
535.014893
534.336975
534.729858
535.702026
535.761536
534.855896
534.417236
534.952454
535.380371
535.078918
534.812805
535.138977
535.471741
535.233948
534.789490
534.788696
535.176819
535.311096
535.031677
534.961487
535.342041
535.461304
534.967529
534.671448
535.102417
535.453308
535.014954
534.526184
534.874878
535.499023
535.405090
534.928406
535.062500
535.610535
535.534241
534.845520
534.598877
535.061829
535.368652
535.138855
535.037781
535.398804
535.537781
534.964233
534.304993
534.364136
534.899231
535.089355
534.873962
534.949341
535.420410
535.515442
535.019836
534.815430
535.334534
535.651184
535.051453
534.420410
534.853882
535.770569
535.785889
534.982178
534.703674
535.249756
535.529541
535.112488
534.833191
535.090637
535.247498
534.989746
534.871094
535.207825
535.509033
535.329529
534.933777
534.872192
535.236206
535.581787
535.680969
535.802429
535.849243
535.207092
534.133545
533.991394
535.146240
536.005066
535.280884
534.092285
534.372864
535.868408
536.535767
535.696289
534.783081
534.812744
535.094055
534.950012
534.861816
535.173950
535.290222
534.946045
534.848572
535.293213
535.531921
535.182739
534.900635
535.154907
535.504517
535.392456
534.971802
534.881470
535.319397
535.628723
535.234863
534.692078
534.865601
535.394775
535.283325
534.787781
534.981934
535.606934
535.482361
534.846863
534.994324
535.780029
535.634644
534.134155
532.934448
533.607544
535.762817
537.870911
538.593140
537.205017
534.279236
531.957886
532.204102
534.744751
537.425354
538.239075
536.979614
535.298767
534.871582
535.516113
535.794678
535.250488
534.716309
534.615540
534.594543
534.644165
535.080078
535.574524
535.436951
534.944153
535.065125
535.649658
535.586243
534.917908
534.852661
535.561035
535.865112
535.136230
534.047302
533.622375
534.175598
535.230408
536.506348
538.053894
538.835999
537.121216
533.807922
532.590820
534.900635
537.448669
536.780640
534.006348
532.861084
534.469177
536.329346
536.304504
535.258911
534.911987
535.253967
535.380554
535.156738
534.892212
534.702820
534.805725
535.312988
535.629089
535.165161
534.547668
534.920593
535.984131
536.128235
534.977051
534.159119
534.811035
536.037598
536.445068
535.810486
534.971924
534.730530
534.839478
534.447327
533.856812
534.580505
536.904419
538.743408
537.870483
534.508484
531.374268
531.319946
534.494141
537.785706
537.952820
535.347778
533.449646
534.491394
536.678284
536.762268
534.616394
533.253601
534.313110
535.878601
535.693054
534.474548
534.410828
535.813232
536.975220
536.627380
535.317322
534.489929
534.753906
535.402527
535.631653
535.474426
535.208374
534.789856
534.457581
534.872131
535.883850
536.308472
535.681091
534.920593
534.766907
534.943726
535.069763
535.212830
535.360657
535.185181
534.714905
534.598022
535.056946
535.373657
535.240295
535.378723
536.006042
536.209900
535.415771
534.326355
534.122498
535.052490
535.902466
535.437073
534.347290
534.328857
535.393555
535.974854
535.519897
535.063477
535.183594
535.231018
534.903809
534.847229
535.275696
535.548157
535.450134
535.465088
535.593201
535.266235
534.637939
534.653137
535.370117
535.584595
534.797791
534.116272
534.504211
535.566833
536.488647
536.893127
536.619385
535.605713
534.211243
533.368530
533.953064
535.592896
536.605347
535.960876
534.805054
534.862366
535.820557
535.920410
534.884216
534.256165
534.765991
535.374268
535.268311
535.032532
535.243652
535.385620
535.007935
534.740723
535.108215
535.525452
535.464294
535.366028
535.561890
535.523804
534.847351
534.109314
534.205078
535.104248
535.711121
535.289429
534.598450
534.817749
535.671997
535.839722
535.123840
534.602783
534.601379
534.438843
534.237244
535.077942
536.951538
538.084351
537.134949
534.955994
533.329407
532.991516
533.737000
535.110168
536.196106
536.125183
535.295166
535.018982
535.662170
536.091431
535.412354
534.240051
533.758667
534.300293
535.114807
535.277649
534.888306
534.898438
535.457642
535.656921
535.244263
535.018005
535.287720
535.421143
535.123108
534.936218
535.119690
535.175720
535.024292
535.228027
535.481873
534.766968
533.425110
533.362976
535.702942
538.778198
539.374390
536.428894
532.536377
531.056885
532.859375
536.277588
538.823853
538.810303
536.503723
534.121582
533.962158
535.799622
536.891052
535.566467
533.653137
533.767822
535.388062
535.854614
534.638245
533.948914
535.043762
536.439819
536.407288
535.325500
534.647949
534.728149
534.703369
534.196838
533.964539
534.643677
536.118591
537.844971
538.524719
536.707214
533.224182
531.144043
532.119812
534.734619
536.794312
537.338501
536.748230
536.086670
535.953918
535.888062
535.431213
534.931946
534.653992
534.387512
534.271057
534.675110
535.285889
535.438232
535.258850
535.469727
536.034058
535.960083
534.760559
533.579102
534.103210
536.091187
537.242249
536.222717
534.298462
533.408630
534.198669
536.019714
537.595337
537.675110
535.923279
533.725525
533.435181
535.578308
537.458740
536.391785
533.666016
533.000427
535.236938
537.165161
536.311768
534.229492
533.656128
534.809814
535.985535
536.108948
535.422363
534.685852
534.583008
535.321411
536.096680
535.586670
534.003113
533.585571
535.419495
537.242371
536.578003
534.479980
533.786987
535.100586
536.492371
536.338684
535.120239
534.395813
534.768555
535.502930
535.814636
535.668701
535.388611
535.249084
535.376221
535.619507
535.526245
534.820129
534.130127
534.524658
535.774475
536.211548
535.196106
534.288452
534.757690
535.624268
535.561829
535.084961
535.292236
535.827026
535.714172
535.104065
534.826538
534.994202
535.064270
534.903259
534.958740
535.395813
535.655823
535.257812
534.735352
534.943604
535.549866
535.383606
534.558899
534.578369
535.700378
536.353516
535.736877
534.928955
534.854919
535.077576
535.042542
535.006042
535.286133
535.554993
535.423767
535.172119
535.214844
535.292358
534.979675
534.653870
535.009277
535.804810
536.052734
535.417908
534.742737
534.916992
535.599060
535.723022
535.202576
535.003601
535.402405
535.492676
534.948059
534.747681
535.352661
535.699646
535.056274
534.446655
534.932678
535.749451
535.609375
534.825867
534.652832
535.187561
535.505127
535.412598
535.425903
535.430725
535.019958
534.743164
535.294983
535.959045
535.564941
534.407166
533.852295
534.506165
535.597107
535.923462
535.170532
534.378723
534.617981
535.410706
535.622253
535.302612
535.112976
534.998840
534.932922
535.378784
535.950012
535.564758
534.521912
534.420776
535.539978
536.228577
535.510742
534.588013
534.796936
535.546265
535.530579
534.903870
534.838501
535.480164
535.783875
535.248413
534.605713
534.718933
535.421509
535.789185
535.497559
535.227722
535.347046
535.323425
535.047974
535.184570
535.622375
535.393005
534.569031
534.443726
535.357971
535.968933
535.381958
534.591675
534.822815
535.592590
535.675842
535.158020
535.074524
535.510010
535.520508
534.929199
534.710449
535.250061
535.658142
535.346375
534.938965
535.070984
535.314026
535.043030
534.713318
535.157532
535.904663
535.708435
534.719421
534.412903
535.221924
535.895752
535.557800
535.027893
535.292358
535.808228
535.551819
534.892029
534.917725
535.481323
535.527466
534.984924
534.784607
535.182434
535.477051
535.389526
535.380676
535.522339
535.252686
534.448120
533.918091
534.445862
535.584839
536.015503
535.374756
534.824951
535.139954
535.536560
535.315552
535.084900
535.325989
535.398376
534.982361
534.859192
535.378723
535.672180
535.177124
534.679016
535.000183
535.617676
535.554199
535.048523
535.118530
535.662659
535.585388
534.877991
534.803589
535.618347
536.014343
535.415771
534.876038
535.131226
535.513184
535.333130
535.018738
535.254150
535.762512
535.651489
534.861389
534.419006
534.909363
535.583313
535.573486
535.199036
535.231079
535.504211
535.390442
535.144104
535.391235
535.712524
535.322632
534.687073
534.840210
535.512329
535.616821
535.167969
535.095947
535.449768
535.436035
535.033447
534.989441
535.452454
535.797363
535.605957
535.158386
535.057007
535.423889
535.588074
535.154724
534.895630
535.415405
535.832764
535.273193
534.604126
535.006592
535.855835
535.807068
535.024353
534.675964
534.968689
535.199219
535.212708
535.394653
535.587830
535.304993
534.863647
535.072693
535.724854
535.742065
534.997742
534.661377
535.399353
536.363831
536.391663
535.528564
534.892029
535.110291
535.470520
535.163696
534.705383
535.015015
535.726685
535.747620
535.129700
534.934448
535.395508
535.672302
535.434204
535.254822
535.277405
535.022766
534.680115
534.992615
535.716553
535.789612
535.207031
535.024536
535.374268
535.297424
534.690552
534.661804
535.658386
536.673645
536.588257
535.560974
534.785034
534.957703
535.440735
535.384338
535.024841
535.006165
535.183350
535.140747
535.168884
535.579163
535.770813
535.188904
534.580688
534.969910
535.827332
535.814880
535.045166
534.859131
535.405334
535.496948
534.958435
534.861389
535.396545
535.553223
534.989075
534.610413
535.127930
536.091797
536.445801
535.791565
534.983765
534.987366
535.449341
535.446045
535.094482
535.048828
535.204102
535.205017
535.340271
535.833618
536.030945
535.385132
534.655701
534.832031
535.465576
535.519897
535.120117
535.135193
535.534546
535.409790
534.712402
534.615417
535.475037
535.923645
535.149780
534.366760
534.771545
535.724304
535.943665
535.343018
535.011658
535.621094
536.385071
536.109009
534.944763
534.153259
534.295044
534.863098
535.462036
536.005127
536.044434
535.287598
534.559814
534.849854
535.646912
535.659851
534.950806
534.779419
535.391785
535.733826
535.400696
535.112915
535.201904
535.157166
534.928101
535.186829
535.885925
535.942810
534.895691
533.803955
533.953430
535.160645
535.856201
535.182190
534.311829
534.641113
535.622864
535.911072
535.517151
535.299622
535.340881
535.145203
534.860474
535.107483
535.655579
535.495789
534.669617
534.576111
535.569580
536.125916
535.426514
534.658020
534.861938
535.414062
535.448792
535.229370
535.316650
535.521606
535.394409
535.044922
534.946472
535.220642
535.436157
535.223206
534.937988
535.136414
535.519409
535.446472
535.147400
535.228943
535.379822
534.924866
534.406189
534.938049
536.034668
536.041443
534.953186
534.575867
535.446106
535.978149
535.256165
534.500244
534.917297
535.825562
535.942322
535.288269
534.832153
534.994751
535.358154
535.555054
535.662109
535.686340
535.302429
534.630737
534.595520
535.571777
536.336243
535.680298
534.507629
534.584229
535.701111
536.069580
535.244751
534.659485
535.068237
535.458923
535.056213
534.610229
534.896179
535.393555
535.376953
535.132874
535.167114
535.218994
535.019714
535.044800
535.449707
535.490662
534.897400
534.484741
534.927612
535.882751
536.308716
535.550781
534.428833
534.447693
535.521973
535.955139
535.110718
534.364136
534.773132
535.539490
535.585938
535.152588
534.940430
535.005005
535.139832
535.298584
535.332397
535.083008
534.877869
535.201904
535.706482
535.480652
534.634216
534.472229
535.489014
536.302612
535.587463
534.258667
534.254822
535.707825
536.902344
536.631836
535.406677
534.552124
534.707703
535.298706
535.536987
535.391174
535.158508
534.950867
535.003296
535.519287
535.935303
535.452820
534.530029
534.506042
535.459290
535.936096
535.202515
534.410095
534.816162
535.808655
535.854126
534.934753
534.446533
534.892029
535.475708
535.707031
535.797180
535.773132
535.372925
534.802612
