516.883179
516.883179
517.008362
516.940674
515.739075
514.239868
516.130493
525.262512
540.278564
549.953064
542.982971
525.634277
517.005859
525.973206
542.869019
550.245605
539.798462
522.806763
517.393433
527.463257
544.095703
556.804626
555.477295
538.689880
520.861267
517.716125
530.514893
546.457214
549.131775
534.751770
519.098389
519.090271
533.732971
547.773560
546.909302
531.795654
518.663025
520.877319
535.755859
548.801331
546.102478
529.447815
517.076599
522.203735
538.979004
550.082458
543.541077
526.223450
517.046570
524.282776
540.239929
553.690552
555.119751
541.331238
523.172363
516.554382
526.507935
543.481140
550.489990
539.176086
521.819214
517.489319
529.702942
545.395996
548.721497
535.746521
520.237366
518.509827
531.882446
547.283081
548.956665
534.054749
518.640259
519.231079
534.365479
548.244690
546.366943
530.543640
518.200684
521.424011
536.067139
551.578735
557.529602
547.217896
527.943909
516.789856
522.811707
539.498657
550.080872
542.663696
525.208984
517.172180
526.205444
542.346436
549.448120
539.705811
523.233459
517.607056
528.112854
544.278870
549.882202
538.011780
521.302185
518.153381
531.222107
546.596252
548.306702
534.206482
519.763306
520.052979
533.389282
546.988220
550.003479
539.846191
524.541992
516.341064
521.382874
536.611328
549.275879
545.701843
528.834595
517.334961
522.891113
538.907532
549.341125
543.301819
526.820679
517.522217
524.695862
541.113403
550.381104
541.742493
523.948059
516.617065
526.769470
543.262268
549.301025
538.290894
522.248596
518.447937
529.357117
544.298279
552.533325
547.686707
532.152710
518.586792
518.533386
532.200256
547.333801
548.257874
533.210571
518.946960
520.557251
535.264099
548.078796
545.906921
530.395447
518.031128
521.643860
537.450684
549.756714
545.144653
527.788696
516.707397
523.188660
539.806641
549.688110
542.430603
525.838928
517.851074
526.072388
542.293518
550.470825
539.578857
518.149475
506.765991
513.115601
529.581604
545.842957
550.079041
537.198425
520.755432
518.414734
531.314392
546.010071
547.913879
534.447144
519.756653
519.403198
533.596069
548.286316
547.990906
532.008240
517.780823
520.476624
536.502930
549.373596
545.731934
529.226013
517.663513
522.540344
538.348145
549.790100
544.930054
527.221985
513.011169
512.994385
525.291992
542.197571
550.761841
541.529297
523.995544
517.215027
527.055237
542.919373
549.210571
538.873596
522.576538
517.879089
529.448425
545.667847
549.721558
536.194275
519.708557
518.174133
532.257751
547.277344
548.058289
533.562012
519.471069
520.320312
534.606140
548.710815
547.698792
528.910828
509.230103
506.488983
520.229797
539.045410
550.366150
544.873901
527.839783
517.467590
523.780579
539.571716
549.341064
542.621887
525.857544
517.091797
525.395447
542.358337
550.537170
540.152710
522.178101
516.507690
528.275146
544.874695
549.722656
537.458374
521.096497
517.976318
530.690369
546.892700
549.885620
532.735962
510.213562
503.659851
515.929932
535.308472
549.307068
547.587769
531.388245
517.876648
520.723938
535.934814
548.513916
545.613525
529.535034
517.567993
522.320374
538.684021
549.887146
543.415344
525.805176
516.517090
524.667236
541.181824
549.664368
541.184875
524.595703
517.615601
526.835022
542.877502
549.665771
539.257507
522.477417
515.517639
520.769348
532.717834
545.835388
548.921692
536.020569
520.428955
518.761597
531.750793
546.556885
548.458313
534.589111
519.610535
519.499756
534.003052
548.128479
546.572083
530.482971
517.963013
522.133118
537.767700
549.225342
544.768494
528.594604
517.762329
522.968872
538.724121
549.644592
543.612061
525.318665
512.345215
514.192444
526.936401
542.567261
549.492065
539.756714
523.046082
517.299194
527.757874
543.924805
549.833191
538.373901
521.430176
517.409607
530.028809
545.973328
548.475769
534.341553
519.316711
519.534485
533.842773
547.807983
547.393677
532.247070
518.142334
519.618774
534.954834
548.985168
546.737366
530.450500
518.663025
520.836914
530.438049
541.793152
549.310913
543.167419
526.354736
516.748413
524.206055
541.049805
550.842957
542.655762
524.460632
516.025146
525.899719
543.523193
550.553162
538.929749
521.447998
517.245056
529.728821
545.783142
549.252441
535.805481
519.622681
518.007690
532.241150
548.013794
548.902893
533.531677
519.359253
519.117004
527.773987
538.748596
547.892273
545.382507
529.969727
517.787231
521.716919
537.404846
549.553284
545.154724
527.935791
516.645020
523.111389
540.198364
550.389160
542.667847
525.381226
517.449097
526.151489
541.940247
549.234314
539.971008
523.510559
517.469238
527.875549
544.365051
550.021301
538.035767
521.639404
516.783447
523.183838
534.298523
545.810608
547.861938
535.122986
520.473938
519.478943
532.496826
546.712158
547.418701
532.751648
518.557739
520.131287
535.378723
548.705750
546.080444
530.034058
518.180115
522.339172
537.466248
548.812927
544.468201
528.173767
517.478516
523.715210
540.500549
550.531555
542.391907
524.883301
516.361938
521.137451
532.193115
544.441467
549.356934
538.989624
522.517212
517.606323
528.930908
545.246277
549.976685
536.910278
519.967712
517.753235
531.932068
547.535339
548.325867
533.075684
518.513367
519.843689
534.746216
548.351868
546.788269
530.867065
517.607971
520.966858
537.055969
549.417175
544.709595
528.212830
518.736145
522.921448
532.425476
542.375854
548.643311
542.366211
526.442932
517.552307
524.842773
540.905579
549.710510
541.130432
524.028198
517.325989
527.555176
543.764343
549.441101
538.194092
522.093323
518.195374
529.703369
545.168213
549.065369
536.195862
520.145386
518.408142
532.422791
547.581543
547.861877
532.959595
519.430298
518.049011
525.030334
536.443604
547.381042
545.786194
530.410767
518.190857
522.219421
538.157898
550.095398
544.678162
526.885254
516.427917
524.025940
541.086975
550.252563
541.733337
524.581360
517.317749
526.716919
543.006409
550.013550
539.748901
523.147034
516.796936
521.881287
530.960388
542.576782
553.782227
553.945862
538.942810
521.269226
516.735413
528.189270
544.449402
549.660767
537.775574
521.184265
517.529297
530.219849
546.496399
549.399109
534.700928
518.454163
518.509460
533.989075
548.713501
547.668274
531.749023
518.109802
520.473633
535.439209
548.246277
545.698914
529.646667
517.555725
522.378052
538.650330
549.984497
544.717651
527.177979
513.708191
514.242126
525.830200
540.988770
549.020935
541.402954
525.226196
517.810974
526.635925
542.680908
549.226562
538.518433
522.755981
519.288818
530.155823
544.014709
547.568970
536.276123
521.780334
519.420410
530.737549
544.673096
547.600464
535.310913
520.670837
519.827759
533.193848
547.385925
549.828796
538.353149
522.791077
515.540649
521.219666
536.199036
548.763184
545.808655
529.264343
517.010803
521.959839
538.893982
550.515808
543.805786
525.665161
516.398865
525.224915
542.257080
550.416199
541.020813
523.747009
516.841980
526.817505
543.343018
549.105103
536.934448
520.648010
518.809082
531.892151
546.493225
551.742615
543.811157
528.094543
517.310547
519.641479
533.011963
546.721680
547.464294
533.288696
519.348999
520.618835
535.414185
548.636963
546.105774
529.724609
517.318604
521.752380
537.938660
549.763733
544.789612
527.674622
516.668945
522.887695
539.883362
550.560547
542.830017
524.646790
516.479492
526.614380
544.052124
550.769531
537.544556
515.738037
506.117523
514.123779
530.451599
545.521484
549.321045
537.022156
520.995972
518.559570
531.628906
546.612122
547.880371
533.469543
519.360168
520.634888
534.933472
547.823914
546.424255
531.447388
518.511780
520.977661
536.124390
548.716187
544.975037
528.351318
517.510071
523.601135
539.391418
549.224976
542.880493
525.555969
513.496948
515.179382
526.713074
541.468994
549.326233
541.177490
524.310852
517.006714
526.541504
542.818970
549.128662
538.261658
522.174316
518.414978
529.950867
544.958923
548.563965
536.059448
520.465576
518.783386
532.536011
547.451782
547.731201
532.433899
518.464661
520.657349
535.754395
548.776184
546.372437
528.183350
510.413605
508.371338
521.001953
538.607910
549.830505
544.665833
527.415100
516.815979
523.923096
540.726685
549.867859
541.333191
524.258667
517.215271
526.511597
542.318481
549.449280
540.012878
523.347290
517.270996
527.885559
544.377625
549.629700
537.110657
520.473267
517.854919
530.993408
546.758911
549.316528
532.744812
511.250061
504.805511
516.004089
534.479065
548.896118
548.017029
531.590942
517.453857
520.859253
537.038513
549.000305
544.469543
528.309937
518.049011
523.688538
539.079407
549.551697
543.826599
526.785034
516.807251
524.407654
541.495483
550.493042
541.387695
523.955139
517.257568
527.386902
543.820190
550.231750
537.610168
516.462769
506.813080
514.145691
530.203735
545.772766
549.622620
536.407288
519.857849
518.174255
532.324280
547.524536
548.234314
533.287964
518.820312
519.847839
534.568542
548.268921
546.571655
530.311035
517.199280
521.241394
537.777954
549.869385
544.560852
527.308655
517.181213
524.176270
540.289307
549.773193
542.574829
524.534851
512.281982
514.241211
526.810913
542.796143
550.271179
540.279785
522.834961
517.198669
528.418823
544.422791
549.165588
537.292603
521.329468
518.165894
530.479309
546.052124
549.090881
535.347473
519.532349
518.830322
533.431702
548.207764
547.729248
532.131897
518.578247
520.981140
535.847961
548.832092
546.470215
527.996887
509.901886
507.943451
521.255676
539.589966
550.436096
544.084534
526.617859
516.983032
524.598572
540.841553
549.466003
541.241394
524.566345
517.230652
526.328186
542.699524
549.931458
539.404419
522.200195
517.339783
529.232056
545.150757
548.864746
536.105286
520.702271
518.932007
531.715149
546.299866
547.966919
534.381348
520.674866
519.305237
526.884460
537.973816
548.147400
546.327026
530.521667
517.745300
521.647705
537.198853
548.971252
545.035522
528.927795
517.731201
522.947205
539.204041
550.158325
543.485657
525.835327
516.820007
525.418762
541.991577
549.743774
540.387939
523.874695
517.832581
527.768188
543.724915
549.929871
539.139404
522.620789
516.060486
521.227295
532.929626
545.877686
548.445557
534.922485
519.556335
518.952148
532.674438
546.993774
547.697571
533.319275
519.031860
519.912048
534.827271
548.721924
546.585327
529.981750
517.429810
522.132751
538.324341
549.502869
544.041687
527.452698
517.435059
523.782654
539.859436
549.836426
542.622437
525.670288
516.916687
521.452698
532.463562
544.651733
549.553040
539.057068
522.323059
517.342224
528.430481
544.104248
548.957703
537.304138
521.305969
518.233398
531.054565
546.687439
548.637939
533.940674
518.746521
519.236877
533.826843
547.735596
547.086853
532.030884
518.494507
520.550293
535.925293
549.316528
546.188965
529.475708
517.854187
520.426636
530.533569
542.289734
549.568909
542.839783
526.157959
517.390625
525.240356
541.498291
550.327087
541.660461
523.911804
516.438354
526.762939
543.882263
550.163696
538.425598
521.452698
517.636841
529.895508
545.476379
549.018616
536.309326
520.606079
518.505310
531.864441
547.315308
548.618713
533.802795
519.221924
517.367676
524.976562
536.907532
547.784424
545.924316
530.218567
517.832520
521.836182
537.546204
549.613831
545.203308
528.028015
516.741455
523.256409
540.442017
550.553833
542.512573
524.985596
517.135315
526.056824
541.994324
549.396545
540.119690
523.467712
517.373047
527.953247
544.428101
549.869202
537.915405
521.682251
516.700012
522.944946
534.322021
546.129517
547.824219
534.310547
519.447021
519.214966
533.234863
547.656921
547.598083
532.100830
518.027283
520.575684
536.476196
549.287537
545.483276
528.813599
517.481873
522.765930
538.510498
549.280212
543.718994
526.968750
517.045532
524.140869
540.785339
549.986816
541.255371
524.104370
517.466614
524.869324
536.764404
547.136047
549.734131
538.616821
522.390930
517.675354
528.963684
545.032776
549.589050
536.830750
520.464478
518.435059
532.140442
547.105408
547.835632
533.156982
518.994690
519.998230
534.392151
548.102356
547.096436
531.396667
517.803650
520.796997
536.904114
549.528931
544.973083
528.218933
517.821472
520.808411
530.109192
541.251648
548.650085
542.273010
525.840759
517.151001
525.142273
541.591064
550.028748
540.631714
523.165649
517.018066
528.035950
544.421021
549.736145
538.157898
522.080078
518.477783
530.141602
545.317810
548.727112
535.694153
519.987244
518.732544
532.870239
547.775452
547.793518
532.836914
519.439209
518.203796
525.057495
536.103699
546.954895
545.670044
530.410522
517.882690
521.696472
537.831665
550.120361
544.960571
527.332275
516.893250
524.106445
540.466980
549.411438
541.568665
525.093201
517.595520
526.324219
542.475281
549.954346
539.891907
522.575134
517.027954
528.666809
545.141602
549.426697
536.601196
520.896240
518.659973
529.458069
543.342529
552.645752
549.888245
534.239258
519.075928
518.876648
533.530884
548.440491
547.701172
531.418579
517.680176
520.938599
536.821716
549.241638
545.505432
529.166138
517.695496
522.673157
538.705566
549.770264
543.601990
526.144653
516.604370
524.605896
541.290649
549.772156
540.995789
524.709351
518.370117
525.020630
536.350525
546.972717
549.907043
538.633240
522.002319
517.331848
529.327881
545.695923
549.393982
535.880066
520.127502
519.099792
532.804199
547.189697
547.778809
533.216614
518.795410
519.603271
534.553345
548.686035
546.843689
530.181213
517.209534
521.649536
538.025757
549.605469
544.314087
527.503540
517.234863
522.986206
538.879089
554.208801
557.956482
544.514526
524.439941
515.914185
525.411377
542.965881
550.988159
540.564819
523.106506
517.534424
528.462219
544.361755
549.559021
537.906738
521.301758
517.464111
530.090637
546.354126
549.206970
534.692505
518.758179
518.567810
533.300415
547.776367
547.388916
532.267822
518.776184
520.413147
534.575500
550.707031
557.917542
548.484924
528.752014
516.630737
522.279053
538.980225
549.963135
543.566223
526.587341
517.494141
524.933228
540.779968
549.498535
541.566406
524.862549
517.464539
526.882751
543.452698
550.123291
538.833740
521.652344
517.404663
529.584717
545.328491
549.023621
536.513855
521.022217
518.499329
530.388550
547.272888
557.925659
552.498413
533.425415
518.013855
519.762573
535.203796
548.791931
546.587646
530.524353
517.905762
521.450623
536.843567
548.956909
545.032410
528.350830
517.048096
523.191040
540.218933
550.528748
542.612366
524.813843
516.683228
525.869934
542.358826
549.906860
540.345947
523.435547
517.017151
526.635925
544.272949
558.292969
556.879883
538.553650
519.782898
517.612610
531.640137
547.108398
548.548950
534.148376
519.368286
519.494995
533.565369
547.745361
547.670288
532.469727
518.519958
520.766602
536.253235
548.936829
545.368286
529.039673
517.812256
522.823303
538.119141
548.804016
543.880981
527.931824
517.978516
523.541809
539.080200
553.534180
555.960510
542.196899
523.673340
517.091919
526.909790
543.107422
549.938232
539.759216
523.084045
517.563843
528.297607
544.599976
550.103943
537.935974
520.941650
517.854675
531.508972
547.405396
548.791931
533.773010
518.780151
519.515015
534.463684
548.640991
547.340759
531.163208
517.612732
520.359680
535.825806
552.280701
558.248962
547.083679
527.114502
516.388977
523.114990
539.490601
549.804260
543.458313
526.723633
517.263733
524.333862
540.621460
549.843201
541.521240
524.231323
517.205750
527.663086
544.552979
550.388916
538.319458
521.291382
517.517883
530.024536
546.033569
549.474792
536.007202
519.860046
518.195435
531.714050
547.072754
551.382202
540.997742
524.504639
515.600891
520.649475
535.492920
547.788208
545.252014
529.739746
517.956360
522.654480
539.485840
551.717529
545.790161
527.307251
516.393127
523.753357
540.824829
550.226440
541.928467
524.713196
516.984680
525.779846
542.070251
550.075073
540.681580
523.425171
517.370667
528.013367
544.398193
553.728455
548.860291
532.703186
518.766357
518.626282
531.698730
546.344666
548.341003
534.780823
519.938416
519.536621
533.707886
548.093445
547.276978
531.375671
518.066711
521.249573
536.494751
548.375244
544.850159
529.303833
518.366943
523.070557
538.474365
549.461853
543.831787
526.673523
516.796692
523.807312
540.258240
553.871399
554.697693
540.450134
522.843933
517.185669
527.115784
543.150818
550.040405
539.830933
522.922852
517.632629
529.294250
545.888672
550.004395
536.349792
519.718811
517.920166
531.824951
547.006470
548.022217
533.434937
519.078796
520.084473
535.037415
548.905945
546.710999
529.834167
516.865479
521.392883
537.780823
549.840149
545.939514
529.236206
515.129700
514.264465
524.990112
540.479187
549.648132
542.584656
525.525757
516.930237
525.666626
542.564148
550.244263
539.962646
522.846008
517.539307
528.515625
544.247070
549.372314
538.078064
521.971985
518.099304
530.168823
546.197998
549.508850
535.361633
519.094604
518.521484
533.047119
547.916931
550.822571
539.923340
524.243042
516.008606
520.910767
535.991272
549.099487
546.273987
529.312378
517.030701
522.592163
539.568054
550.324524
543.265747
525.861023
517.096069
525.187012
541.211792
549.587158
541.315552
524.545837
517.241821
526.706116
543.199890
549.882080
538.897034
522.034851
517.768188
529.746521
545.832825
549.865601
534.759583
513.508179
506.097229
515.704224
532.604004
547.111206
548.298218
533.203613
518.261230
520.575439
536.539368
548.923645
545.755249
530.559998
518.327881
520.567017
535.671570
549.473389
546.271179
528.350220
516.258423
522.919312
540.368408
550.620422
542.784485
525.008972
516.606445
525.860596
543.139587
551.065369
539.380554
517.901428
507.199341
513.849792
529.553345
545.073242
549.891357
537.916321
521.086548
517.936157
531.180664
546.713135
548.543823
534.462158
519.742432
519.602051
533.251953
547.339111
547.764160
533.007812
518.538025
519.746826
535.092224
548.776611
546.055908
529.476135
517.490662
522.385864
538.374084
549.885193
544.883423
526.525940
511.719238
511.773987
524.085754
540.816772
550.221008
542.304565
524.671509
516.822510
526.448181
543.022278
549.808838
539.369690
522.701965
517.470886
528.423889
544.754639
550.129456
537.660034
520.338623
517.185730
531.126709
547.466309
548.980225
533.546387
518.236633
519.268555
534.537231
549.001648
547.883423
529.077454
509.129700
505.775238
519.126038
538.251404
550.550354
545.779419
528.303589
517.117188
523.558777
539.997925
549.735046
542.492554
525.737915
517.418762
525.469116
541.591919
549.994995
541.084106
523.768372
517.024963
527.571228
544.197815
549.786316
537.934692
521.591553
518.342102
530.503967
545.622314
548.613281
535.920715
521.510681
518.544678
525.035156
536.089844
547.654419
547.983826
532.785034
518.339844
520.429565
535.811096
548.800964
546.232056
530.322449
517.836243
521.399719
537.248718
549.804993
545.350647
527.820679
516.561646
523.313354
540.507629
550.527893
542.522095
524.902466
516.699097
525.709595
542.462158
550.292969
540.439270
522.732910
513.903503
518.306641
531.197571
546.037537
550.182373
536.741272
519.780273
517.936279
532.145264
547.620667
548.746521
533.798462
518.597046
519.089539
534.389099
549.135254
547.729614
530.880127
517.198364
521.191467
537.798279
549.937134
544.984314
527.968811
517.215881
523.251221
539.483154
550.460266
544.426514
525.405457
510.949677
512.075500
525.579895
542.554077
550.391235
540.661499
523.373291
517.387451
527.961243
543.842407
549.289795
538.002808
521.553650
517.419739
529.513062
545.798279
549.616638
536.013123
519.877808
518.811096
532.962769
547.514282
547.669373
532.900146
519.020508
520.304443
534.914978
548.544189
546.802734
530.919128
518.646606
520.165161
529.593323
541.318054
549.816101
544.570923
527.607666
517.173950
523.922546
540.273376
550.065491
542.664062
525.146179
516.289185
525.228638
542.869629
551.143982
540.464417
522.272034
516.480347
528.249695
545.059021
549.981689
537.438110
520.796082
517.722229
530.816406
546.987427
549.578369
535.146851
519.307312
515.965454
523.343384
536.201294
548.424866
547.336121
530.991333
517.260681
520.674255
536.845520
549.815552
546.073486
528.693115
516.463440
522.344604
540.009033
551.326538
543.778442
525.167358
516.004395
525.168396
542.431152
550.559387
540.947876
523.558716
516.890015
527.227478
544.025513
550.315369
538.750305
521.802673
516.113708
522.607910
534.475403
546.473572
548.410217
535.035522
519.889282
519.235291
532.919678
547.346985
547.923401
532.945190
518.317505
519.862915
535.630920
549.284973
546.256592
529.467407
517.498657
522.509277
538.400879
549.348755
544.037476
527.523926
517.370239
523.726501
539.961487
549.900330
542.480408
525.580933
517.367554
522.392212
533.035889
544.308350
549.055969
539.468079
523.353882
517.794189
528.074890
544.024780
549.755554
538.106995
521.194336
517.540649
530.559998
546.629883
549.036987
534.787476
519.592285
519.499878
533.627136
547.775024
547.625488
532.497864
518.354492
520.087524
535.774475
549.531189
546.321167
529.319824
517.368225
519.276245
528.697205
540.723999
549.339539
543.722534
526.859253
517.120667
524.523743
541.195068
550.351990
541.380493
523.321899
516.168274
527.101379
544.371948
550.264893
538.181091
521.250732
517.650330
530.021240
545.553284
548.846252
535.755676
519.956482
518.360474
532.379333
547.802063
548.365295
533.081116
518.940735
517.886658
525.693481
537.035217
547.357849
545.681335
530.408875
517.935181
521.718506
537.709717
549.994141
545.166626
527.667664
516.794495
523.713135
540.475342
549.930298
541.954407
524.930664
517.194519
525.914001
541.891174
549.464294
540.037354
523.068176
517.033875
528.050415
544.707336
549.825623
537.318359
520.972534
518.143799
528.915344
542.736938
551.921265
549.545288
534.511230
519.517578
518.910400
533.034607
548.061462
548.109741
532.129639
517.696106
520.297241
536.369812
549.368164
545.875610
529.276306
517.316528
521.945801
538.104004
549.924316
544.532166
526.777954
516.122375
523.816284
541.591187
551.133057
541.831726
523.989075
517.064697
524.557373
536.745361
547.516174
550.367981
538.842468
521.652527
516.605164
528.846741
545.966248
550.201599
536.201904
519.357666
518.060730
532.546204
547.515442
547.818848
532.721558
518.303772
519.584656
534.800537
548.955994
547.298950
530.583618
516.977539
520.989746
537.730469
549.854919
544.565247
527.383240
517.024353
523.098083
539.196411
554.291077
557.761230
544.439758
524.812866
516.518433
525.524780
542.294983
550.105835
540.041992
522.931335
517.596985
528.654663
544.322571
549.190247
537.770203
521.820618
518.166321
530.184875
545.976990
549.309998
535.509277
519.458130
518.635132
533.171143
547.996277
547.859863
532.522156
518.670288
520.074097
533.819580
549.422729
556.936707
548.733521
529.667358
516.737671
521.226868
538.073608
550.392212
544.720947
526.917664
516.752197
524.252136
540.857178
549.985596
541.780518
524.368103
516.398865
525.882629
543.247803
550.962280
539.901245
521.688904
516.503052
529.156006
545.935486
549.604858
536.045410
520.038757
518.086426
529.711609
544.482910
553.882324
550.053223
533.075073
517.875793
519.100586
534.842651
549.107544
546.961426
530.363708
517.550537
521.564331
537.254883
549.070984
544.927307
528.488464
517.372009
523.160950
539.760132
550.372314
543.128601
525.329651
516.698364
525.698120
542.226135
549.701050
540.253479
523.823364
517.732727
526.846802
543.326050
556.799622
556.368958
539.557800
521.044495
517.608093
530.328491
545.926575
548.708740
535.281006
520.229980
519.422546
532.709290
546.846863
547.797791
533.659363
519.170532
519.748352
534.738831
548.962036
547.064270
530.403748
517.411316
521.467102
537.440613
549.351196
544.858704
528.155823
517.154419
522.531921
538.777466
554.162170
557.380432
543.596375
523.710144
515.614624
525.422607
542.858276
550.566162
540.214600
522.980042
517.270691
528.110107
544.437073
549.932312
537.751221
520.521057
517.116333
530.739380
547.119385
549.252625
534.476257
519.092224
519.416992
534.028625
548.033936
547.276367
531.828369
518.015747
519.858337
534.895630
551.612915
558.391113
548.096558
528.073730
516.455261
522.648193
539.174927
549.625793
543.224548
526.640869
517.560181
524.698059
540.662109
549.878540
541.950500
524.550659
516.710083
526.430481
543.396851
550.267334
539.408813
522.647705
518.026001
529.251587
544.685303
549.058228
537.004517
520.913025
517.614258
529.642212
547.427612
558.966980
553.835999
534.301147
518.069885
519.154968
534.331604
548.297180
546.969421
531.325317
518.082275
520.784363
536.275452
549.297363
545.838257
528.579651
516.531921
522.573120
539.934937
550.782288
543.425049
525.510864
516.511414
525.151917
542.151794
550.643066
541.187378
523.269226
516.300171
526.659119
543.932129
555.018311
551.503601
534.718689
518.682983
517.292664
530.716064
546.152466
548.489502
534.820129
519.728455
519.101318
533.061707
547.776611
548.034119
532.473755
518.004456
520.273682
536.099243
549.075195
545.853882
529.647522
517.931824
522.323914
537.683960
549.082336
544.492065
527.842163
517.094971
522.840210
538.972107
553.547302
555.906799
542.241821
523.807129
517.183655
526.731689
542.621765
549.603882
539.841553
523.107056
517.175659
527.849792
544.454834
550.072876
537.750000
520.774170
517.841003
531.173462
546.632263
548.480713
534.359558
519.349304
519.066345
533.223633
548.023743
548.257324
532.377686
517.349487
519.508728
535.931824
549.930115
548.529419
533.272461
517.950989
514.302734
523.409058
539.237427
549.707031
543.689697
526.366943
516.378906
524.065186
541.442261
550.838562
541.705017
523.782043
516.884888
527.361816
543.689209
549.468994
538.443787
522.414368
518.484009
529.966614
545.360962
549.200806
536.222046
520.006714
518.230103
531.535889
546.438293
551.229248
542.594116
527.331421
517.899658
521.306152
534.817566
547.255920
545.989380
531.191895
518.662476
521.645264
537.003906
549.374084
545.247864
528.403625
517.484680
523.460205
539.255554
549.155090
542.824097
526.547058
517.727478
525.169495
541.392029
550.182007
541.167175
523.386963
516.575073
526.972656
543.819641
554.327515
550.835327
534.938843
519.697449
517.877747
530.317932
545.834717
549.107666
535.511597
519.461609
518.580383
533.566711
548.877197
548.303833
531.897949
517.671143
520.328491
535.928589
548.739868
545.854004
529.887451
517.958618
522.269958
537.960327
549.220154
543.643066
526.488708
516.769226
524.534363
541.259888
550.322693
541.712646
522.787415
511.361389
514.800598
527.507507
542.245422
549.036194
539.805786
523.289673
517.671631
528.627625
544.739075
549.387817
536.942688
520.757324
517.994995
530.436707
545.499451
548.358032
535.352539
520.206055
519.146118
533.037476
547.781677
547.601807
531.797913
517.872070
520.717712
536.268921
549.052246
547.697205
533.485168
518.797729
514.646667
522.860291
538.676025
549.977600
544.288025
526.377808
516.069946
524.314148
542.078979
550.909241
541.086853
523.223938
516.726196
527.415222
544.062866
550.365662
539.209778
521.985474
517.175415
529.445557
546.079285
549.617981
535.479065
519.272034
518.509644
532.766907
547.775391
548.561157
531.082703
510.393585
505.475708
517.585205
535.766174
548.838196
546.855774
530.843201
517.943115
521.957642
537.995483
549.540100
544.442749
527.828125
517.517578
523.480652
539.227722
549.541748
543.290283
526.387146
517.270752
525.273376
541.781555
549.837402
540.283447
523.306458
517.563477
528.318909
544.602356
550.231201
536.732544
515.321045
506.219238
514.467651
531.177063
546.540771
549.449402
535.633789
519.542419
518.787720
533.272095
547.813843
547.525085
532.244019
518.250061
519.927673
535.091858
548.852478
546.747681
530.064331
517.019653
521.515991
538.366882
550.203735
544.277710
526.693787
516.687500
524.021912
540.591309
550.194580
542.127075
522.808655
510.294586
513.342041
527.317078
543.794983
550.425781
539.141663
521.491760
517.065796
529.563049
545.505249
548.939087
536.005249
520.423767
518.581787
531.740784
546.907715
548.695312
534.074341
518.705200
519.272949
534.424683
548.337952
546.673279
530.994629
518.366699
521.556885
536.447266
548.799133
545.730896
527.313843
510.087677
508.869141
522.209595
540.048401
550.109131
543.130066
525.893005
517.186279
525.374756
541.316956
549.271606
540.712708
524.303711
517.539734
526.994141
543.227966
549.957703
539.036194
521.962952
517.569214
529.688110
545.403320
548.845215
536.122009
520.942505
519.247498
532.078918
546.836731
548.383301
534.282593
520.309448
519.131409
526.900696
538.023254
548.217651
546.397583
530.522217
517.645447
521.555359
537.266785
549.088257
544.916748
528.610657
517.554565
523.063110
539.393738
550.057190
542.999573
525.293579
516.555908
525.407410
542.028564
549.709229
540.274292
523.702332
517.617432
527.542969
543.506470
549.698975
538.884460
522.328979
515.738464
521.086304
533.229736
546.457336
548.880371
535.119873
519.727478
519.158081
532.778748
546.862915
547.269653
532.708679
518.614624
520.064331
535.447083
549.165039
546.418091
529.556763
517.237854
522.079102
538.171936
549.404480
544.145447
527.577942
517.420776
523.692749
539.873535
550.307922
543.424438
524.780884
512.102844
514.326233
527.384338
543.317139
550.037415
539.547485
522.465881
517.196045
528.311707
544.467834
549.686707
537.708191
521.086548
517.957458
531.310730
547.208618
548.808716
533.753235
518.685913
519.573975
534.392151
548.109375
546.970154
531.664978
518.435791
520.912537
536.280151
549.263000
545.690002
528.892212
517.831299
521.270142
531.661865
542.926086
549.768799
543.016357
526.131226
516.883850
524.602112
541.127441
550.219727
541.834778
524.373901
516.906860
527.056030
544.085266
550.278870
538.410645
521.424316
517.674438
529.956848
545.563049
549.038574
536.032898
520.165283
518.437683
532.241333
547.478149
548.073669
532.984253
519.499451
519.827087
528.612549
539.360046
548.273926
545.693237
530.136597
517.668945
521.491089
537.372375
549.819214
545.588257
528.256165
516.702637
523.010925
540.050842
550.236938
542.528503
525.141418
517.066956
525.941956
542.286316
549.990356
540.358887
523.007324
516.688049
527.707581
544.622803
550.027649
537.770874
521.340515
516.497009
523.154358
534.774109
546.467285
548.102905
534.710754
519.753845
519.220886
533.207703
547.945251
548.129883
532.498840
518.041077
520.286621
536.155090
549.229370
545.841309
529.350586
517.752136
522.661926
538.383118
549.471497
544.031555
526.811279
516.344543
523.549866
540.772339
550.408569
541.845337
524.613281
517.213684
523.067993
533.811462
544.702393
548.984070
538.972534
522.635437
517.432373
528.668762
545.133789
549.971741
536.993958
520.204712
518.013062
531.838745
547.115295
548.267334
533.684509
519.109375
519.762024
534.237061
548.213684
547.369446
531.588928
517.818054
520.868958
537.209045
549.910889
545.191956
528.307556
518.451660
522.570557
532.127319
542.182434
548.821228
542.748596
526.376160
517.091125
524.803955
541.559509
550.389221
541.179688
523.634277
517.214478
527.896484
544.010986
549.353577
538.108643
522.164185
518.231812
529.626404
545.143127
549.161438
536.197021
519.970154
518.310791
532.483154
547.725830
548.218933
533.450317
519.652771
517.888245
524.610107
535.926270
547.317810
546.432007
530.912964
517.792725
521.363037
537.571838
549.972900
544.969788
527.417847
516.836853
523.886169
540.331604
549.658264
542.170349
525.531738
517.448730
525.813721
542.166077
550.185547
540.524292
523.116394
517.050415
528.190308
544.757629
549.770752
537.721069
521.836121
516.696411
522.061768
532.952698
545.457886
548.355469
535.195251
519.530823
518.654602
533.121765
548.053711
547.612976
531.724609
517.992310
520.721130
536.082581
548.706238
545.784790
529.818481
517.687805
521.717224
537.622925
549.527710
544.205750
526.715881
516.590332
524.287415
541.142090
549.946289
541.242371
524.602173
517.793152
524.127319
535.296326
546.195618
549.934753
539.148193
522.204651
517.123535
529.050110
545.457642
549.309937
536.051147
520.226807
518.734131
532.126465
546.807617
548.143066
534.090332
519.449463
519.542786
533.950012
548.314636
547.338379
531.130310
517.649902
521.292236
537.401672
549.452332
544.920288
528.688904
518.090698
520.049500
528.676208
540.319885
548.900513
543.033142
525.929504
516.647034
525.148682
542.226196
550.375061
540.582886
523.465820
517.557373
527.841003
543.493408
549.277893
538.489197
522.011963
517.528625
529.534546
545.838318
549.440308
535.646484
519.614868
518.762573
533.059509
547.702332
547.835266
533.270996
519.570068
517.386047
523.831421
535.696350
547.821899
546.647644
530.007263
516.558044
521.241394
538.451538
550.380859
544.458984
527.024109
517.040100
524.092529
540.391602
549.882690
542.115112
524.634705
516.450806
525.997314
543.320435
550.647095
539.525024
521.980713
517.276428
529.325195
545.293579
549.346741
536.883911
521.115417
518.334229
529.090759
543.606323
553.404846
550.291809
533.701233
518.251404
518.847229
534.013000
548.305481
547.021545
531.251404
518.115601
521.017761
536.292297
548.880737
545.478149
528.682678
516.726318
522.285767
539.262329
550.330505
543.462280
525.809021
516.794495
525.104553
541.574524
550.048950
541.433716
524.330261
516.918091
525.879456
543.400330
557.737000
557.251465
539.725586
520.466431
516.745117
529.645264
545.600464
548.777527
535.674316
520.503296
519.062012
532.009277
546.693237
548.234802
533.815002
518.850708
519.605225
534.852661
548.770691
546.547974
530.133179
517.525757
521.457336
537.008362
548.886414
544.811646
528.380920
517.171570
522.266296
539.034607
555.711182
559.388550
544.608337
523.959229
516.180969
525.942078
542.436157
549.652039
539.820557
523.247925
517.609619
528.055725
544.112732
549.828430
538.196960
521.369812
517.727539
530.449707
546.055176
548.406128
534.604492
519.685791
519.259705
532.894226
547.104004
547.479492
532.597900
518.235291
519.276001
534.139587
551.301331
558.614319
548.647339
528.717590
516.795288
522.282227
538.379822
549.336731
543.805969
527.215820
517.161438
523.645508
540.112732
550.257385
542.557251
524.671082
516.418701
526.137390
543.223572
550.148315
539.319580
522.464722
517.633728
528.913635
544.771912
549.415649
537.130371
520.787415
517.779968
530.295349
547.933594
558.609680
552.768250
533.436523
518.046631
519.627258
534.489502
547.978516
546.735107
531.417908
518.141052
520.674194
536.280823
549.481934
546.073669
528.982605
517.094238
522.776794
539.421448
550.046570
543.312561
526.134277
517.024719
524.819519
541.379639
550.450073
541.860291
524.151062
516.498291
525.952881
543.893799
557.787354
556.429504
538.828491
520.532349
517.631409
530.349609
545.772766
548.894409
535.708862
519.847412
518.052673
531.914246
547.607178
548.678284
533.074707
518.031555
519.739258
535.415894
548.800171
546.148865
529.972595
517.612183
521.488953
537.244019
549.527710
545.141724
527.753906
516.371887
522.382202
539.146545
553.889893
556.022949
542.157227
523.468323
516.480530
526.050598
542.637146
550.333923
540.438843
522.897217
516.523132
527.564331
544.632324
550.130127
537.382324
520.252380
517.426636
530.850403
546.453979
548.588684
534.600647
519.375061
518.859863
533.075317
547.976074
548.090515
532.203247
517.579407
519.577515
535.195129
551.776123
557.903931
547.519043
528.151245
516.768921
522.195007
538.365723
549.938721
544.448914
526.768066
516.014038
523.387268
541.029785
550.836365
541.891785
523.874451
516.770874
527.195374
543.850830
550.218323
539.345947
522.485840
517.461853
528.934143
545.409790
550.054138
536.862000
520.006165
517.905090
531.377136
546.720093
551.797791
542.890991
526.863586
516.816833
520.446960
535.048462
548.591492
547.305786
531.153198
517.357483
520.686401
537.352234
550.124390
545.177795
527.516541
516.629333
523.369080
539.980713
549.984741
542.983154
525.994141
517.106628
525.151245
541.927979
550.425171
540.627991
522.805359
516.795715
527.595886
543.884155
553.662048
550.037292
534.637024
520.086792
518.577942
530.760437
545.859863
548.989197
535.562561
519.733215
518.732666
533.169556
548.014832
547.645630
531.978455
518.216675
520.571533
535.600647
548.351135
545.906250
530.200989
517.952515
521.780457
537.557068
549.511230
544.477905
527.188049
516.851685
523.440735
539.511536
553.180115
554.907227
541.482300
523.501038
516.763672
526.150940
542.629517
550.232300
539.993347
522.382874
516.751160
528.669128
545.496521
549.810425
536.650452
520.477417
518.483337
531.661682
546.745911
548.768433
534.731140
519.295105
518.851318
533.512817
548.286987
547.371216
531.019958
517.400574
520.960876
536.848145
549.238708
546.952820
532.084595
517.672791
514.326599
523.156250
539.131226
550.051453
543.799316
525.951294
516.267395
524.733765
542.091125
550.630737
541.027039
523.490723
516.926819
527.292480
543.849609
550.272705
539.102173
521.751587
516.917297
529.355164
546.237610
549.812805
535.390869
518.930725
518.358337
532.639709
547.382751
551.222168
541.596130
525.795471
516.227783
520.120361
535.136902
548.966858
547.111511
530.292725
517.004150
521.431030
538.226257
549.998291
544.267090
526.989746
516.941589
523.924988
540.335266
550.112244
542.666321
525.238708
516.692688
525.728210
542.809692
550.311340
539.524658
522.060791
517.083618
528.888794
545.405090
550.133057
535.285583
513.392517
505.165924
514.803772
532.430176
547.748352
549.730225
534.919800
518.678223
518.624084
533.869629
548.401001
547.265747
531.431213
518.098816
520.929504
536.389526
549.274902
546.037903
529.044922
516.588562
521.849915
539.080444
550.635986
543.965759
526.094971
516.725464
524.909119
541.683289
550.603821
541.354675
521.443237
509.545441
513.567139
527.917236
544.275085
550.723816
539.302490
521.534851
517.045105
529.730042
545.990967
549.343323
535.980408
520.224426
518.517090
531.764160
546.775940
548.273743
533.632874
518.534607
519.311646
534.794373
549.059387
546.891968
530.101013
517.220215
521.392883
537.276672
549.393982
545.165100
526.290527
509.806213
509.251831
522.712830
540.818604
550.995422
543.313965
525.144958
516.313965
525.476685
542.513550
550.232849
540.325989
523.320740
517.393677
527.878662
544.114136
549.880005
538.068787
520.957214
517.269592
530.442749
546.659546
549.079712
534.669678
519.182739
518.893616
533.123779
548.118713
548.588501
530.398987
509.382324
504.709351
517.508667
536.732239
549.946045
546.432617
528.988037
516.508118
522.001099
538.881897
550.075317
544.025391
526.861938
516.882019
523.881226
540.563965
550.352905
542.151672
524.169922
516.319641
526.551880
543.866150
550.621826
539.322998
522.047424
517.258789
528.965088
545.534241
550.386353
535.196289
512.598755
503.966766
514.013611
532.622253
548.308289
549.466736
533.904175
518.137512
519.045593
534.623230
548.868469
547.351013
531.284302
517.816284
520.665588
536.438293
549.491638
545.759155
528.249329
516.202637
522.317261
539.609009
550.419434
543.309753
525.698303
516.563171
524.665161
541.335327
550.169250
541.516968
523.512024
513.157654
516.661316
529.612488
545.050049
550.477600
538.081543
520.550720
517.097534
530.255188
546.221802
549.235352
535.780945
519.995605
518.564331
532.593384
547.887451
548.240967
532.241455
517.456116
519.869873
536.217407
549.697876
546.417786
529.516724
517.149231
521.627380
537.655640
549.483521
544.576477
527.705078
517.213135
520.758606
531.493286
543.759399
550.363708
541.588318
523.694458
516.141418
526.271118
543.234192
550.473877
540.107727
522.773865
517.054932
528.319824
544.915405
549.837402
536.844055
519.827698
517.670288
532.117615
547.922119
548.854126
533.580994
518.467529
519.055054
533.895569
548.352600
547.622559
532.100403
519.370911
520.462280
529.453674
540.408386
549.006409
545.016602
528.660767
517.503845
523.131104
538.800720
549.101990
543.386169
526.946655
517.137207
524.018555
540.846313
550.774902
542.425903
524.441650
516.825012
526.928223
543.687256
550.120117
539.012024
521.993286
517.137390
528.759705
545.189880
549.884277
537.206787
520.832520
516.059631
522.742981
535.267944
547.976074
548.601746
533.046143
517.973572
519.736084
535.436096
549.112854
546.774292
530.163208
517.046204
521.212891
538.061462
550.432129
544.806213
526.691406
516.205750
523.963257
540.926575
549.925476
541.661987
524.816895
517.436768
526.498901
542.686401
550.106201
540.320679
523.352173
516.289978
522.046448
533.671448
545.845215
549.261597
537.241211
521.243103
518.412354
530.661377
545.568542
548.440369
535.431641
520.098022
518.865662
532.846497
548.061462
548.498169
532.715942
517.931702
519.743286
535.244934
548.615601
546.205017
530.144836
517.712158
521.779724
538.035156
550.337219
545.136108
527.317627
516.047546
519.494080
530.834900
543.870300
550.801025
542.009033
524.054993
516.342773
526.332397
543.284241
550.317810
539.405701
521.663635
516.338257
528.826111
546.253052
550.482605
536.246155
519.175903
517.805603
532.356140
547.558167
548.301270
533.536865
519.013184
519.886292
534.676636
548.608032
547.136414
531.310059
518.301025
518.520386
527.199219
539.279236
548.991333
544.985535
528.364746
517.235901
522.963867
539.016052
549.759338
543.739075
526.529419
516.739380
524.591064
541.829651
550.635864
540.898865
523.008606
516.634460
527.580566
544.200378
549.986572
538.379517
521.398865
517.076965
529.328430
545.723633
549.304260
535.483826
519.272461
515.600647
523.183105
535.947021
548.100525
547.755249
531.966064
517.666931
520.161499
535.975525
549.394531
546.677979
529.936279
517.237915
521.910706
538.589661
550.229614
544.284546
526.721680
516.807678
524.289185
540.642151
549.680115
541.996948
525.257874
517.108276
525.571228
542.270264
550.472534
540.409729
522.742798
516.923828
526.292908
540.450134
551.183960
551.012573
536.624329
519.938782
517.372314
530.837463
546.963623
549.484558
534.864014
518.732666
518.593811
534.135803
549.080933
547.430969
530.479675
517.090271
521.223633
537.531616
549.577515
545.092041
528.282715
517.083862
522.878418
539.402466
550.122131
543.269775
525.903625
517.024353
522.583069
534.062866
545.242188
549.814331
540.353760
523.808411
517.483032
527.391968
543.465515
549.842651
538.940186
521.895386
517.249084
529.602417
546.187439
549.647827
535.453369
519.179504
518.401917
532.907532
547.895569
548.416626
533.239502
518.332520
519.365417
534.947388
549.280334
546.880005
529.879578
517.214355
519.016174
528.914734
540.929260
549.326843
543.836609
526.964294
516.876160
523.789856
540.092896
549.803101
542.344849
524.938110
516.512573
525.716064
542.852112
550.454346
539.978333
522.574890
516.978577
528.015686
544.258606
549.782898
538.127991
521.210144
517.177795
530.063965
546.876221
549.983215
534.988464
518.406006
518.071045
532.576416
549.099792
556.992859
549.514587
530.832581
517.238342
520.491943
536.486389
549.626648
545.976257
528.496033
516.313599
522.337585
539.664978
550.455688
543.210449
525.589905
516.856750
525.294678
541.544006
549.678894
541.039185
524.254639
517.262695
526.980103
543.467041
549.947937
538.696838
521.971924
517.968445
527.877625
541.090881
550.508423
549.683044
535.923096
520.510498
518.413086
531.369751
546.847168
548.852112
533.953674
518.147644
518.732605
534.708191
549.503540
547.436646
530.303589
517.014038
521.282959
537.861389
550.236877
545.487732
527.843628
516.337952
522.948364
540.422791
550.852539
542.857361
524.962097
516.853210
525.645386
542.625610
556.356445
556.753296
541.177673
522.642029
517.336731
527.892273
543.781067
549.673218
538.358582
521.523315
517.626831
530.295837
546.164368
548.836304
535.062195
519.848145
519.198547
532.863831
547.169678
547.640320
532.869507
518.534180
519.915649
535.350952
549.139954
546.375122
529.287231
516.704895
521.146973
537.348389
553.350220
558.232056
546.315674
526.591858
516.476562
523.668762
540.558838
550.572021
542.402039
524.430420
516.624512
526.669373
543.431885
549.680054
538.507751
521.981689
517.849182
529.478638
545.078308
549.365173
537.017578
520.777344
518.214050
531.735107
547.387939
548.686707
533.497437
518.466553
519.155334
533.323486
549.403137
557.197083
549.712708
531.275696
517.767700
520.469788
535.960510
549.193542
545.899109
528.807861
516.864197
522.736084
539.733887
550.345764
543.106628
525.527405
516.655090
525.113708
542.050354
550.768127
541.446289
523.371765
516.261719
527.360535
544.880554
550.427795
537.356567
520.052307
517.175537
529.931641
546.999146
557.773071
553.667419
535.531982
518.984924
518.480530
532.767822
547.704590
548.029236
532.565186
518.231995
520.406555
535.949951
548.860046
545.880798
529.826599
517.970398
522.238708
537.760620
549.417419
544.781555
527.709045
516.679382
523.383362
540.606262
550.588562
542.233154
524.347351
516.540833
525.544983
541.925293
554.154114
553.593445
538.574951
521.050537
516.552490
528.564453
545.780090
550.805298
537.169922
519.570190
517.309387
531.798035
547.593018
548.632751
533.552246
518.565918
519.302795
534.307800
548.650391
547.589417
531.384033
517.608887
520.984009
537.394775
549.909546
545.199463
527.917053
517.026550
522.922180
538.628296
552.491516
555.342224
543.158691
524.961304
516.685303
524.858276
541.608948
550.608765
541.481445
523.631592
516.679260
527.060608
543.402649
549.330933
538.371460
522.098938
517.872498
529.500305
545.372253
549.454407
536.321411
519.855713
518.076294
532.317810
547.639709
548.092773
532.824829
518.556396
519.713379
533.742615
549.792358
557.646423
549.692383
530.607544
517.258972
521.027527
537.376526
550.135376
545.480469
527.854675
516.785645
523.567871
540.297485
549.986572
542.400269
525.298096
516.911621
525.334167
541.942932
550.269226
540.723022
523.085022
516.815796
528.049744
544.799500
549.969482
537.734741
521.299194
518.115112
529.874451
545.128906
552.864502
547.115295
531.122375
517.918945
518.673584
532.950012
547.940857
547.968079
532.051392
517.801208
520.318970
535.978943
548.900391
546.020996
529.905518
517.638611
521.766968
537.922913
549.990173
544.598755
526.727661
516.194458
523.944153
541.281921
550.467529
541.606812
524.055176
516.714600
525.676697
541.835876
554.135071
553.758789
538.760132
521.210205
516.842896
528.901184
545.642151
550.114380
536.901550
520.464172
518.477844
531.913818
546.914307
548.536133
534.404358
519.228394
518.848816
533.319763
548.220642
547.812988
531.634583
517.555603
520.686401
536.983032
549.624695
545.371948
528.481995
517.277832
522.892151
538.937256
549.970398
544.719971
527.002136
512.971069
513.154419
525.571716
542.344421
550.538330
540.942383
523.310181
516.930603
527.540527
543.885315
549.840149
538.552673
521.517578
517.021484
529.495605
546.304810
550.063843
535.854675
519.174316
518.245972
533.094360
548.125854
548.080444
532.666504
518.367554
519.894836
534.624878
548.462036
549.634277
536.837097
520.677368
514.221985
522.024475
538.634277
550.055786
544.143005
526.684814
516.785522
524.047424
540.374634
549.850464
542.430420
525.296021
516.808777
525.592102
542.602539
550.498901
540.056641
522.324768
516.853882
528.539490
544.805054
549.346436
537.152771
521.212097
518.329773
530.755066
546.595642
549.707214
532.886719
510.422180
503.825317
516.116943
535.301331
549.014587
547.374207
531.439453
517.955444
520.771057
536.199402
549.008423
545.925598
529.309753
517.030762
522.043823
538.967834
550.634521
544.231995
526.189758
516.480103
524.705688
541.488586
550.035217
541.395142
524.358398
516.854553
526.089966
543.117554
550.971375
538.724854
516.391052
505.587036
513.310242
530.518738
546.250366
549.469238
536.325500
520.406799
518.504028
531.678406
546.768799
548.548035
534.049988
518.588501
518.851379
534.202332
548.780518
547.085022
530.447998
517.262146
521.179871
537.214844
549.328308
545.161804
528.671387
517.507324
522.931519
539.044556
550.045349
544.032837
525.528503
511.912445
513.390076
526.492065
542.725830
550.110474
540.560486
523.513000
517.061096
527.001465
543.268738
549.893066
539.104187
522.119202
517.624023
530.025696
546.259705
549.231079
535.019958
519.148132
518.587769
532.965210
547.788452
548.386108
533.540588
518.827148
519.543518
534.597717
549.273743
547.739502
528.221252
508.715881
506.827423
521.171448
539.701416
550.116577
544.153503
527.373230
517.153992
523.423157
539.691589
550.022217
542.862854
525.196472
516.531860
525.757263
542.906372
550.349487
539.825684
522.832764
517.828918
528.970947
544.554565
549.077820
537.002686
520.764832
517.782166
530.908875
546.938843
549.157776
534.732788
520.189453
519.104797
527.326843
538.055969
547.425171
545.952393
531.237610
518.461792
521.296082
536.566406
549.363098
546.017090
528.920105
516.627380
522.183228
539.248108
550.133545
543.071655
525.539429
516.779724
525.266174
541.803772
550.090210
541.016174
523.578613
516.538879
527.035645
544.368347
550.931763
539.272766
521.811279
515.221680
521.085754
533.097839
545.796875
548.544495
535.579712
520.024902
518.658997
532.435669
547.788940
548.875854
533.289001
517.824829
519.272034
535.388123
549.419189
546.914856
530.448975
517.942688
521.888672
537.437134
549.291138
544.861633
527.780212
516.511108
523.033752
540.432739
551.224976
543.630310
524.147461
511.177551
513.704468
526.937866
542.644836
549.708679
540.275574
523.523682
517.464478
527.983154
544.436157
550.020935
537.722656
520.596985
517.450745
530.884888
546.725952
548.814636
534.680725
519.704224
519.474426
533.205017
547.192749
547.232849
532.256226
518.223450
520.275696
536.114197
549.610168
546.250732
529.622253
518.724487
521.958557
531.381348
541.567993
548.675598
543.346375
527.165405
517.322998
524.410339
541.066223
550.336670
541.439270
523.396790
516.144165
526.677795
543.509766
549.764038
538.831787
522.466370
518.030457
529.201233
544.748718
549.266357
536.983948
520.692749
518.181946
531.690552
547.100586
548.135681
533.586243
520.430664
520.561646
528.496338
538.329163
547.475586
546.260681
531.465210
518.234375
520.926880
536.576294
549.442749
545.489685
528.262817
516.910950
523.065186
539.379456
549.452087
542.995178
526.639343
517.676086
524.741760
540.700623
549.860046
541.669739
524.289429
517.006531
527.271362
544.108765
550.074829
538.502747
522.052307
516.317261
521.812927
532.767639
545.116638
548.592529
536.399902
520.709106
518.637146
531.997131
547.226868
548.236938
533.098999
518.531250
520.118774
535.341492
548.745178
546.663086
530.714233
517.744019
520.984253
536.999939
550.003235
545.762451
527.975159
516.492065
523.556396
541.198181
551.047058
542.343140
524.604065
516.394836
521.674194
532.717102
544.866028
550.477844
540.422546
522.570007
516.288757
528.123413
545.649902
550.500244
536.812134
519.733887
517.912292
532.139404
547.500122
548.636719
533.872070
518.706421
518.896301
533.808105
548.730469
548.156616
531.779785
517.563416
520.743164
537.127258
549.654846
545.149902
528.526184
517.734924
519.909729
528.631836
540.215271
549.226929
543.944641
526.577087
516.339294
524.209045
541.522705
550.433960
540.988464
523.314148
516.867798
527.618835
544.191345
550.298828
539.195312
522.245117
517.239380
528.766357
545.248718
549.757202
536.478394
519.967224
518.477600
532.647827
547.475464
547.809021
533.285400
519.468506
517.263611
523.692261
535.316772
547.515015
547.096558
530.971191
516.928162
520.535767
537.482666
550.244873
545.143921
527.465515
516.649475
523.345581
539.915344
549.995667
542.863953
525.482971
516.614136
525.346619
542.648132
550.877075
540.537842
522.604065
516.779968
528.203430
544.519165
549.487549
538.057739
522.587097
517.094666
521.831055
532.470642
545.406128
548.982666
535.901978
519.804138
518.711548
533.147461
548.024597
547.775574
532.112305
518.102844
520.324280
535.683777
548.960083
546.559631
530.166016
517.266846
521.345947
537.850586
549.933228
544.395264
526.817627
516.716309
524.234619
540.886047
549.992615
541.810425
524.981384
517.416931
523.366089
534.782410
546.291321
550.630371
539.865479
522.379761
516.883789
528.737183
545.262024
549.436462
536.419312
520.309692
518.222107
531.419250
546.664124
548.704651
534.438782
518.880798
518.789734
534.022766
548.999084
547.820984
531.167786
517.432861
520.857544
536.833435
549.280518
545.485535
529.373352
518.014832
519.109619
527.497437
539.723389
549.288635
543.772034
526.068787
516.289429
525.011047
542.483093
550.811890
540.952942
523.281921
516.674805
527.130798
543.886536
550.408386
539.093994
521.559082
516.795471
529.360168
546.083313
549.518555
535.406860
519.283936
518.360229
532.462646
547.348633
548.353149
533.764282
518.944641
519.049377
532.865845
549.336609
557.356934
549.135376
529.822571
516.844604
521.442810
537.977356
549.938599
544.781982
527.641174
516.882446
523.139709
539.730591
550.320435
543.268005
525.417908
516.393005
525.516663
542.895142
550.541260
539.917725
522.504456
517.068909
528.203735
544.329773
549.544556
537.621948
520.979919
517.227051
528.059814
543.195679
553.516724
550.764648
534.117615
518.196899
518.437866
533.564331
548.177551
547.599670
532.170471
518.371033
520.473389
536.018860
549.684875
546.859497
529.433044
516.376892
521.521423
538.863586
550.487976
543.947510
526.032288
516.288879
524.280396
541.361694
550.719666
542.183716
524.480286
516.478882
523.275940
536.275085
548.340454
551.362000
538.951233
521.412781
517.036011
529.432373
545.575500
549.378967
536.335571
520.108093
517.861755
531.473755
547.455505
549.388000
534.108154
518.093994
518.726624
534.606995
549.115295
547.138733
530.558044
517.484375
521.183838
537.074219
549.497559
545.460022
528.323242
516.445129
521.685852
538.981323
555.932251
559.844727
545.223328
524.212219
515.887817
525.573120
542.505066
550.332520
540.728821
523.565125
517.163513
527.737610
544.618591
550.668396
538.374817
520.685120
517.004150
530.471008
546.923401
549.708191
535.494385
519.494690
518.487244
532.697571
547.822205
548.325439
532.696167
517.767700
519.244873
534.863525
552.064514
558.906738
548.602234
528.509277
516.504272
522.092041
538.564758
549.955566
544.359009
527.072510
516.598022
523.668457
541.023926
551.189514
542.642578
524.127075
516.123718
526.392395
543.633484
550.458191
539.499084
522.311523
517.117432
528.530029
545.006775
549.959229
537.111877
520.031250
517.173828
530.466370
548.499451
559.052246
553.031799
533.560181
518.018982
519.569702
534.638672
548.429504
547.090881
531.109863
517.416504
520.520325
536.978333
550.050903
545.609009
527.861206
516.435181
523.044434
540.001953
550.236938
543.146179
525.925720
516.846497
524.758606
541.649292
550.859192
541.818726
523.558533
516.043091
526.208130
544.701355
558.681519
557.075317
538.962219
520.076294
516.937317
529.999695
546.074097
549.513123
535.929688
519.492371
517.852783
532.467407
548.428284
548.893127
532.611450
517.546570
519.712708
535.824524
549.429199
546.722961
530.141907
517.396912
521.548523
538.009827
550.353210
545.156555
527.178162
516.174377
522.927795
539.782471
553.769287
555.098389
541.179932
523.016479
516.507568
526.422974
543.316528
550.922424
540.375549
522.333801
516.380310
528.348755
545.612671
550.311401
536.885803
519.968689
517.786865
531.592712
547.127502
548.857971
534.362549
518.892090
518.760376
533.794495
548.948792
548.216125
531.429810
517.043457
519.949097
535.920288
552.043640
557.470276
546.575073
527.115845
516.237000
522.499084
539.074097
550.164795
543.769287
525.712158
515.606750
524.117676
542.219238
551.347595
541.509216
523.414795
516.832214
527.580383
544.165100
550.220825
538.797974
521.527954
516.989197
529.651794
546.638489
550.405579
536.002930
518.972473
517.792786
532.246155
547.688782
551.979126
542.214111
525.895203
516.044800
520.114319
535.279968
549.062256
547.188293
530.122986
516.288269
520.716492
538.443359
551.086609
545.141541
526.838562
516.169739
523.496582
540.548218
550.541687
542.832581
524.953979
516.228638
525.668152
543.491394
551.412170
540.191040
521.748596
516.395996
528.176208
544.660400
553.729675
549.303406
533.659668
519.341797
518.384216
531.380005
546.881958
549.285950
534.677063
518.647156
518.624084
533.988220
548.754333
547.619324
531.435059
517.841431
520.829346
536.518982
549.422119
546.274719
529.514893
517.071106
522.054688
539.067017
550.668823
544.029541
525.860596
516.224854
524.626221
541.734009
550.642517
541.260193
521.230652
509.147217
513.202209
527.831604
544.242798
550.539429
539.134521
521.412964
516.922729
529.859741
546.475464
549.708801
535.745056
519.628601
518.262695
532.097717
547.318665
548.644714
533.685242
518.306030
519.124634
534.919983
549.379211
547.201416
530.280518
517.227722
521.496704
537.597656
549.806152
546.990723
531.498901
516.994873
514.236023
523.875244
540.317749
550.821350
543.406494
524.918518
516.000000
525.657959
543.049805
550.432678
539.900208
522.591003
516.911865
527.930237
544.430664
550.032715
537.980042
520.824524
517.263794
530.577026
546.847717
549.146912
534.421387
518.774231
518.771545
533.304871
548.159729
548.391296
530.266174
509.412811
504.805786
517.599609
536.728271
549.906311
546.591431
529.359009
516.845520
522.217102
539.128601
550.386292
544.204407
526.819763
516.870056
524.146240
540.997864
550.762817
542.448547
524.194580
516.085388
526.478210
544.203552
550.916138
538.986938
521.282104
516.902405
529.330505
545.993835
550.423950
535.103088
512.782288
504.422302
514.576477
532.985718
548.074463
548.722290
533.335938
518.280090
519.724487
535.230286
549.038452
547.232788
531.164124
517.845032
520.951843
536.962524
550.022156
546.100769
528.419983
516.339661
522.555725
539.940735
550.612671
543.144897
525.355591
516.595520
525.378784
542.535278
551.297302
541.141235
520.167908
508.053223
513.140381
529.004822
545.629089
550.668823
537.975037
520.648499
517.502197
530.766846
546.491089
548.953430
535.068604
519.405701
518.424072
532.696533
548.042053
548.595215
532.799805
517.854187
519.823059
535.746704
549.007812
545.793030
529.172852
517.130310
521.923706
538.192688
550.316345
545.342773
525.460327
508.656982
508.792511
523.363708
541.808472
550.932434
541.960938
523.977051
516.616821
526.739258
543.375732
550.150330
539.615845
522.406433
516.842834
528.405273
545.484131
550.621704
537.393433
520.087830
517.675049
531.674500
547.176331
548.443848
533.821106
519.025940
519.471252
533.933960
548.559692
548.174255
529.094177
507.894684
504.213379
518.560120
538.357239
550.523132
545.786499
528.559998
517.082397
522.728821
538.879089
549.521851
543.425476
526.404846
516.807312
524.551758
541.658936
550.741211
541.344849
523.180603
516.247864
527.110046
543.975708
549.901123
538.509338
521.940430
517.757507
529.617004
545.712219
549.676270
536.413879
520.288818
516.531494
524.040710
536.367859
548.061584
547.932800
532.564270
518.021301
519.734070
534.924744
548.379150
546.357544
530.260681
517.407532
521.403381
537.864685
550.042358
544.573059
526.706360
516.230347
523.805359
540.820190
550.276062
542.361389
525.171936
517.024231
525.806824
542.489197
550.575684
540.831421
522.439941
512.780090
517.337219
530.806641
545.614563
549.694031
536.850403
520.241089
517.585815
530.689819
546.467407
549.267578
535.273193
519.242981
518.449646
533.268372
548.296021
547.573425
531.291199
517.450439
520.636902
536.696716
549.518372
546.036743
529.305359
517.059021
521.803833
538.449829
550.369568
544.555664
527.107056
517.288513
521.805298
532.610474
543.911987
549.480164
540.875916
524.075745
516.841919
526.245178
542.734253
550.202637
540.077271
522.687744
517.080261
528.800537
545.336060
549.258667
535.722595
519.676086
518.567810
532.601685
547.375732
548.226013
533.654419
518.825378
519.198730
534.041382
548.358521
546.750427
530.577637
518.453247
520.844116
530.749207
541.542358
548.900757
543.832947
527.613708
517.136353
523.326111
539.712952
550.330261
543.557251
525.705139
516.132202
524.639771
542.027039
550.419556
540.456116
522.894775
517.021606
528.120056
544.498474
550.052307
538.349548
521.169617
516.811279
529.664795
546.754761
550.235840
535.893066
519.909302
517.273499
525.323486
537.157227
548.055542
547.551270
532.377258
518.240234
520.290955
535.843628
549.497314
546.904236
529.682007
516.494812
521.417480
538.607788
550.251465
544.147339
526.789551
517.057251
524.421204
540.842834
550.211060
542.346924
524.799255
516.443970
525.901489
543.382019
550.906433
539.919067
522.436646
516.093872
522.510254
534.038635
545.664001
548.575806
536.444153
520.584167
518.097595
531.329407
547.148376
549.223938
534.260986
518.496704
519.067383
534.529297
548.746521
547.103699
531.066162
518.028687
521.269531
536.633179
548.864990
545.126282
528.393494
516.758911
522.715454
539.979980
550.898193
543.447449
525.654297
516.951538
522.514099
533.369019
544.079712
549.089172
540.391968
523.977539
517.385559
527.504761
544.079407
550.219055
538.344421
520.900635
517.004639
530.068115
546.330566
549.356812
535.667908
519.954224
518.627502
532.188049
547.112793
548.221252
533.301575
518.354248
519.667053
535.543518
549.527771
546.695374
530.072205
517.893433
518.993347
527.408081
538.881165
548.401062
544.479309
527.960754
517.003052
523.416809
540.340393
550.614258
542.758057
524.876404
516.709839
526.132080
542.742859
549.840576
539.682861
522.898010
517.392944
528.150513
544.281189
549.713806
537.709412
520.722656
517.370728
530.757751
546.796265
548.845947
534.757935
520.093872
517.304504
523.756958
534.885681
546.527283
546.972595
532.326477
518.259766
520.204224
535.902832
549.520447
546.410522
529.267883
517.076599
522.472290
538.925110
549.652771
543.450134
526.634827
517.226685
524.431335
540.694824
549.922485
541.657104
524.087585
516.647522
527.039429
544.142212
550.283203
538.584351
521.987549
518.022278
527.457092
540.282959
549.864197
549.382385
535.542114
519.813416
518.049316
531.894104
547.450928
548.515991
533.373962
518.767151
520.180481
535.034729
548.195801
546.348938
530.769104
517.900269
521.049377
536.816589
549.558289
545.416504
527.920471
516.435303
523.165710
540.493958
550.535095
542.509583
525.271362
517.387390
523.118347
533.986511
545.043030
550.012817
540.474854
523.275513
516.923157
528.072083
545.023499
550.182373
537.390564
520.630981
518.133606
531.353821
546.440369
548.504883
534.865417
519.607300
518.607849
532.575012
547.671082
548.053650
532.281006
517.715698
520.179382
536.323425
549.502136
546.179810
529.600281
517.541138
521.559326
537.084656
553.114624
558.508057
546.660950
526.391357
516.105225
524.004944
541.374084
550.752808
541.799622
524.041931
516.824646
526.722961
543.124512
549.935913
539.555298
522.469971
517.024292
528.599854
545.293396
549.828125
536.548035
519.895935
518.002686
531.916321
547.110474
548.263550
533.825439
519.354736
519.437378
532.202820
547.362427
555.623108
549.190796
531.005127
517.398193
520.850159
537.108215
549.712585
545.222595
528.109985
517.072876
523.072632
539.224365
549.664917
543.338135
526.100098
516.385559
524.229614
541.576721
550.820007
541.453125
523.405579
516.739075
527.707642
544.319946
549.898132
538.334595
521.718079
517.317566
528.351013
545.816467
558.547668
555.660950
536.854980
518.847534
517.798584
532.533875
547.781250
548.065735
532.800659
518.596008
520.101318
534.852356
548.242859
546.561829
530.601257
517.388000
520.961731
537.470947
550.198303
545.318176
527.548340
516.571655
523.479919
540.257812
550.130371
542.800964
525.656921
516.932922
524.644348
541.890869
557.128662
558.482117
542.147156
521.996399
516.254211
528.021545
544.654480
549.486267
537.098877
520.922729
518.143433
530.645081
545.843506
548.667908
535.179443
519.489807
518.677429
533.384827
548.425842
547.963928
532.062561
518.270752
520.930603
536.281738
548.909363
545.967468
529.920532
517.746399
521.397705
537.074585
553.544312
558.860962
546.503845
526.089722
516.151245
524.189148
541.149475
550.243286
541.803589
524.756470
517.333618
526.420959
542.721802
550.200256
540.077332
522.531921
516.710571
528.325317
545.085876
549.693176
536.817810
520.594482
518.455200
531.625977
546.598267
548.362122
534.318726
519.194641
518.611816
532.501709
550.102844
559.321838
551.258057
531.044922
517.000244
520.834167
536.899170
549.034851
544.789795
528.351501
517.301208
522.727783
538.929138
550.013245
543.731873
525.896729
516.146057
524.712646
542.300415
550.849915
541.007141
523.357239
517.012146
527.562134
543.820068
549.761169
538.570984
521.655518
516.963562
528.536682
546.752747
559.337708
555.582214
536.343323
518.799866
518.371582
533.061096
547.822571
547.970764
532.913696
518.645264
519.958496
535.059265
549.029358
547.140198
530.341370
516.963745
521.295532
538.122803
550.051819
544.503235
527.236877
517.037109
523.871460
540.122009
549.809509
542.499207
525.213867
516.562927
524.758362
541.620972
554.798584
554.436890
538.985535
521.315552
517.044739
528.619446
544.640381
549.488098
537.418762
520.975342
517.679504
530.553772
546.699890
549.468628
534.843811
518.714844
518.805298
534.252747
548.817932
547.533691
531.576843
518.291199
521.261963
536.638000
549.194519
545.837952
529.124207
516.999207
521.698669
537.872864
553.038391
556.431885
543.666260
524.757874
516.576843
524.987122
541.139832
549.719788
541.626465
524.943176
517.427795
526.510132
543.046082
550.334290
539.618225
522.094116
517.057617
529.093994
545.486877
549.777161
537.028198
520.704773
517.958435
530.883545
546.553101
549.027893
534.675842
518.913513
518.644470
533.377625
550.861450
558.871643
549.903687
530.004333
516.845642
521.127808
537.254456
549.636353
545.633423
528.907837
517.422119
523.029602
539.638245
550.282349
543.084900
525.433228
516.935425
525.961060
542.513916
550.037354
540.565674
524.000671
517.804077
527.456848
543.170471
549.456116
538.726624
522.006287
517.656372
529.220642
544.964905
552.761597
546.801514
531.037415
518.411987
519.190186
532.585144
547.134766
548.359863
533.792603
518.837769
519.483276
534.907532
549.490051
547.503845
530.271484
516.853271
521.280396
537.941711
549.826416
544.718018
527.773743
517.106323
523.427368
540.185364
550.589294
542.809753
524.644897
516.318115
525.567017
542.469116
554.386658
552.866089
537.558228
521.030090
517.663635
529.239746
544.779663
549.324707
537.260681
520.986023
517.993958
531.078308
546.796082
548.742065
534.173096
519.142212
519.650391
534.028625
547.637695
546.905884
531.973511
518.486389
520.400085
535.601257
549.139771
546.527344
529.634521
517.033447
522.029480
538.682373
550.184021
544.835938
527.286316
513.951416
514.339050
525.646362
541.216675
550.026123
541.996338
524.247498
516.280701
526.502625
544.121277
550.838867
538.896667
521.282654
517.211609
529.956604
546.177429
549.772217
536.385864
519.921631
517.824402
531.844543
547.759705
548.935669
533.193848
517.721863
519.162598
534.669495
548.591736
549.234497
536.532227
521.272217
515.319824
522.184937
537.410828
549.256897
545.345642
528.536499
517.084595
523.032837
539.769348
550.198975
543.082764
525.862122
517.275879
525.513367
541.734985
550.064392
541.339111
524.124878
516.776489
526.694153
543.849854
550.612427
538.797974
521.125366
517.070007
530.018616
546.664673
550.077087
533.657349
511.654419
504.700989
515.620667
533.735229
548.355835
548.822144
533.259766
517.911133
519.480347
535.719116
549.625183
546.402222
529.152710
516.852661
522.045593
538.620605
550.205200
544.758240
527.284302
516.523926
523.651123
541.039734
550.758911
541.862305
523.766846
516.473083
526.840759
543.830200
550.642151
538.422363
517.325195
507.160126
514.034851
529.951843
545.722778
550.362488
537.795715
520.601379
517.586243
531.153381
546.771057
548.302429
533.871704
519.197510
519.507019
533.617126
547.702698
547.549927
532.234192
517.886230
519.767456
535.748169
549.584656
546.431824
529.247131
517.087463
522.377136
538.783997
550.116699
544.514954
525.923584
511.354553
511.687286
524.488037
541.937317
551.310242
542.193359
523.448608
515.905823
526.932495
544.381592
550.514648
538.773438
521.837524
517.766174
529.906250
545.879395
549.634644
536.213440
519.633240
517.860962
532.373474
548.086426
548.525452
532.854187
518.486267
520.443970
535.476807
548.863647
547.088501
528.874023
510.224792
507.536530
520.443115
538.661133
550.262634
545.228333
527.754150
516.596863
523.214417
540.060974
550.032715
542.630920
525.626343
517.170288
525.299683
541.758240
550.311462
540.954712
523.063599
516.372986
527.620239
544.885132
550.384277
537.726501
520.583008
517.337830
530.362488
546.281677
549.122253
535.603149
520.580200
517.604370
524.642273
536.545044
548.520203
548.203125
531.854248
517.047241
520.093384
536.811584
549.972107
546.031311
528.774048
516.721924
522.118713
539.054016
550.746216
544.581543
526.361084
515.954407
524.017578
541.568481
550.643005
541.534302
524.086060
517.193237
527.037964
543.194092
549.885864
539.736511
522.682373
514.442566
518.738953
531.185547
545.821289
550.101318
536.881836
519.968872
517.880859
531.690613
547.011780
548.481567
534.011047
518.804504
518.775818
533.686462
548.753479
548.131042
531.535950
517.068909
520.177307
537.007935
550.154358
545.599731
527.886597
516.301819
522.400146
539.385010
550.757385
544.281067
524.496094
509.626129
511.024841
525.518127
543.585327
551.518005
540.591248
522.063660
516.296997
528.341858
545.167969
550.037537
537.640991
520.992004
517.691589
530.586243
546.698486
549.483582
534.898315
518.624634
518.382751
533.620178
548.430359
547.735107
532.058044
518.354797
520.636536
535.750732
548.816528
546.277588
530.229675
518.290161
520.154602
529.841492
541.700745
549.993774
544.257019
527.034607
516.939758
524.243408
540.728394
550.184509
542.471497
525.078369
516.643799
525.753540
543.121338
551.031311
540.091553
521.758850
516.217224
528.573303
545.643799
550.225281
537.261658
520.654724
517.970093
531.260437
547.163208
549.279358
534.636292
519.469666
517.698608
526.080078
538.192444
548.958374
547.219971
530.917236
517.297058
520.785217
536.814026
549.403259
545.629944
528.805298
517.007141
522.571716
539.545837
550.616943
543.464050
525.358154
516.328491
525.212280
542.041504
549.975220
540.611877
523.643799
517.069336
526.992249
543.366089
549.919617
539.086609
522.318604
516.012634
521.953125
533.967651
546.589905
548.999756
535.458923
519.635742
518.463501
532.217651
547.196899
548.490662
533.876953
518.702698
519.089172
534.442261
549.192932
547.473389
530.372009
516.846069
521.074707
537.754700
550.017212
545.182373
527.873230
516.585388
522.820496
540.100098
551.048767
543.391357
525.045776
515.528809
520.642334
532.668396
545.448364
550.520752
539.680298
522.096069
516.611084
528.231262
544.997559
550.310425
537.834534
520.551453
517.167053
530.818237
547.312744
549.326477
533.948547
518.067261
518.721802
534.214966
548.771240
547.916687
532.067139
517.892700
520.001709
535.825989
549.384888
546.015564
529.163147
518.101257
521.648376
531.936768
542.793579
549.423096
542.881165
526.207642
516.903442
524.453125
540.991211
550.380615
542.203796
524.453064
516.434937
526.265930
543.468201
550.316345
539.044495
521.867920
517.391052
529.381653
545.507080
549.778442
536.980591
520.399963
517.790833
531.627197
547.912537
549.496765
534.119263
518.791992
517.000305
525.384705
537.847839
548.834595
546.893982
530.555054
517.147034
520.859802
537.389282
550.372192
545.857178
527.581177
515.472778
522.438049
540.704895
551.345337
542.965454
524.542053
516.038086
525.470032
542.792847
550.876709
540.635071
522.383301
515.883057
527.612183
545.406433
551.000305
537.690674
520.026184
517.077332
529.151733
544.057556
553.169617
550.058899
534.167542
518.734375
518.476746
533.136597
548.283875
548.282471
532.191040
517.358398
519.629883
535.911682
549.365601
546.024231
529.294189
517.399536
522.206177
538.131287
549.657532
544.561401
527.189270
516.253174
523.325439
540.959717
551.129150
542.585571
524.666260
516.868408
523.553467
535.434082
546.471619
550.185059
539.462341
522.228455
516.475586
528.142578
545.507446
550.748596
537.289612
519.603943
517.228943
531.975220
548.101013
548.895447
533.159485
517.859802
518.857300
534.295715
548.794250
547.430969
530.662415
516.581238
520.344360
537.570190
550.462341
545.349792
527.923340
517.252319
520.459106
530.109497
541.504883
549.235718
542.935120
525.907043
516.692749
525.005798
542.077515
550.612427
540.816101
522.928101
516.726074
528.010925
544.604004
549.933472
538.163879
521.594727
517.647217
529.748474
545.863770
549.682983
535.994202
519.279297
517.805420
532.573730
548.170349
548.381897
532.493103
517.807617
519.216797
533.791931
549.900574
557.262390
548.862488
529.685486
516.496704
520.701721
537.609985
550.429016
545.081665
526.826477
516.091003
523.849121
541.115234
550.449768
542.113953
524.604126
516.536560
525.783936
542.907471
550.770081
540.142090
521.944153
516.274048
528.582642
545.543823
549.737244
536.490540
520.271423
517.963806
529.319336
543.685120
553.003052
550.030579
533.964172
518.440674
518.472961
533.724548
548.946106
548.066895
531.371216
517.275024
520.540955
536.681580
549.328003
545.618774
528.931213
517.003723
522.084351
538.836548
550.561951
544.364014
526.160522
515.981628
524.186829
541.528809
550.298096
541.154785
523.783508
516.622253
525.681824
542.986511
557.339050
557.452942
540.543518
521.025574
516.371399
528.986389
545.901733
549.955383
536.190125
519.683044
518.150940
532.075928
547.220032
548.514221
533.837708
518.555786
518.925903
534.420898
549.436157
547.982483
530.744507
516.652039
520.618591
537.649292
550.240051
545.267395
527.703247
516.395020
522.053589
538.915405
555.254089
559.283691
545.247681
524.167175
515.133057
524.844849
542.703369
550.728577
540.147034
522.534119
517.008118
528.245056
544.468445
549.740479
537.788635
520.734070
516.893433
529.980530
546.588318
549.495056
534.831726
518.622375
518.386658
533.403381
548.190552
547.903137
532.382019
518.081665
519.358582
533.903442
550.519653
558.225769
549.249390
529.056091
515.688721
520.831421
538.374146
550.505554
544.293030
526.325928
516.249878
523.913879
540.967407
550.732849
542.703613
524.672607
516.057251
525.661133
543.424683
551.062561
539.796875
521.820496
516.855042
529.070496
545.360840
549.411743
536.503174
520.127136
517.377136
530.025330
547.803406
559.070007
553.897461
534.133240
517.309143
518.262329
534.123291
548.711792
547.176758
530.936890
517.678345
521.028198
536.924011
549.661255
545.805481
528.439148
516.333679
522.267395
539.693420
550.713623
543.270020
525.075439
516.158386
525.187439
542.199768
550.421631
541.172302
523.810974
516.798340
526.313538
543.006287
554.693909
552.374573
535.960632
519.151367
516.913330
530.275879
546.226807
548.998535
535.363770
519.991760
518.923706
532.457092
547.159729
548.006409
532.909424
517.983521
519.467896
535.444580
549.453918
546.733704
529.755188
517.097229
521.668518
537.865540
549.524414
544.501709
527.376221
516.462524
522.471436
539.189514
554.204224
556.519775
542.303040
523.080322
516.209290
526.522461
543.319336
550.181458
539.589233
522.529053
517.006226
528.021301
544.525879
550.015503
537.632141
520.392273
517.358826
531.262695
547.399353
549.089355
534.211731
518.956970
519.239807
533.817322
548.170776
547.806091
532.184021
517.854492
519.576172
534.977051
551.972107
558.563293
547.850220
527.663940
516.201782
522.523010
539.121643
549.841064
543.604797
526.582214
516.931213
524.296753
541.082947
550.560364
541.979126
523.995605
516.491150
527.019348
544.173950
550.278625
538.523560
521.639954
517.673401
529.752075
545.649414
549.660278
536.604858
520.014526
517.836121
531.361450
547.068848
552.352539
543.242371
526.765381
516.439026
520.288879
535.094299
548.098755
546.203857
530.557617
517.785156
521.146362
537.095459
549.806152
545.429871
527.838562
516.550537
523.394531
540.498230
550.329407
542.442688
525.039307
516.799377
525.563721
542.185547
550.346924
540.829712
523.133362
516.523132
527.032776
543.979126
554.398743
550.489807
534.140808
518.966187
517.898254
531.037048
546.377563
549.042603
535.421509
519.708496
518.572571
532.945435
548.339539
548.437866
532.153687
517.386475
519.942566
536.186584
549.370239
546.025696
529.462280
517.453491
521.997131
538.030396
549.943665
544.897522
527.229248
516.332458
523.818726
541.436035
551.064880
541.697510
521.359070
509.251434
513.570435
528.067993
543.802612
550.009644
539.545959
522.257568
516.606384
528.224060
545.269775
550.104736
536.702576
519.685425
517.663696
531.747009
547.196472
548.574097
534.021423
518.945496
519.187500
534.110474
548.780029
547.742798
531.091980
516.957703
520.504395
537.154785
550.097168
547.261169
531.246765
516.463379
514.087341
524.022766
539.806946
549.742004
543.190308
525.761597
516.257812
524.586121
542.054199
550.831360
541.007141
523.041504
516.683777
527.694946
544.247375
549.970093
538.540222
521.750427
517.347839
529.398193
545.789917
549.623230
535.618713
518.858459
517.807739
532.270325
547.533691
551.578369
541.764893
525.660828
516.116699
520.364746
535.352112
548.668274
546.731873
530.498291
517.581421
521.771484
538.302979
550.166077
544.477539
526.870667
516.610474
523.826172
540.351685
549.921204
542.577759
525.624878
517.145081
525.620239
542.335083
550.210571
539.886353
522.216370
516.818298
528.755798
545.737061
550.689819
535.770447
513.617676
505.077271
514.504272
531.856262
546.840759
548.981934
534.844727
518.981567
518.790466
533.967773
548.657471
547.498535
531.312073
517.653870
520.473877
536.079651
549.153931
546.314941
529.761169
517.291138
522.005188
538.656067
550.093811
543.580811
525.602661
516.061523
524.531982
541.743713
550.808655
541.695496
521.979126
509.947144
513.571655
527.573914
543.799194
550.571472
539.744202
522.060913
516.993896
529.143616
545.390808
549.084534
535.983154
520.178772
518.256409
531.319153
546.431702
548.537231
534.455994
519.009338
518.841797
533.912048
548.781921
547.611328
531.125610
517.680542
521.341980
537.255188
549.555603
545.403198
526.475098
509.778809
509.015259
522.302246
540.229248
550.613098
543.540588
525.640625
516.547241
525.426025
542.383911
550.130981
540.254517
523.218994
517.343445
527.968201
544.212097
549.990601
538.307739
521.114685
517.120544
530.086609
546.367188
549.076050
534.856506
519.289001
518.988159
533.355286
548.353516
548.789978
530.587646
509.352356
504.471710
517.248169
536.420410
549.895203
547.156433
530.072937
517.005981
521.713440
538.276733
549.597961
543.851807
526.785889
516.627380
523.486023
540.275574
550.507263
542.818359
524.712708
516.061279
525.654785
543.086487
550.538879
539.882812
522.675354
517.515930
528.774902
544.682312
549.452209
537.626587
521.535889
515.982849
521.750610
533.823425
547.030212
549.226501
534.729797
518.846741
518.975769
533.850525
548.020142
547.108093
531.570984
517.938599
520.429749
536.267029
549.727661
546.374756
528.840820
516.321594
521.987244
539.215149
550.249146
543.393677
525.867554
516.710754
524.806946
541.497986
550.517639
541.938049
523.085388
511.378387
514.570557
528.419128
544.822449
550.908142
538.976440
521.321228
517.096313
529.563721
545.599976
549.248352
536.145508
520.010620
517.955383
531.778259
547.751526
549.321411
533.801758
518.111267
519.176636
534.914307
548.932007
546.848511
530.559326
517.654297
521.367371
537.324219
550.019226
545.904968
526.226440
508.725250
508.114319
522.505188
541.174744
550.902832
542.747131
524.932800
516.676392
525.674072
542.150391
549.937988
540.549316
523.473877
517.049255
527.673950
544.572754
550.425781
537.928833
520.340637
516.917419
530.334961
546.324280
548.767334
534.858337
519.566711
519.000854
533.153015
547.945251
547.990051
532.492432
518.641052
518.720581
527.923706
539.879150
549.527710
546.153809
529.355103
516.904602
521.789062
538.090393
549.593079
544.268799
527.055115
516.467163
523.532227
540.842224
550.695129
541.996521
523.886353
516.375000
526.608887
543.473083
550.196655
539.530151
522.609436
517.436340
528.807861
545.246277
550.000977
537.161316
520.325989
515.274231
522.109436
534.606628
547.144897
548.425049
534.040649
519.010681
519.273010
533.569946
547.744507
547.459534
532.078186
518.038391
520.435913
536.548889
549.837036
545.936279
528.537964
516.823608
522.632751
539.056580
549.722351
543.619995
526.798340
517.221802
524.437317
540.922668
550.062622
541.418518
524.082031
516.365601
522.202026
533.769836
545.587585
549.640442
538.613220
521.961121
517.340210
528.900696
544.877380
549.208374
536.431091
520.041077
517.902771
531.875671
547.421631
548.173035
532.731384
518.106995
519.744873
534.971313
548.572388
547.051636
531.450928
518.198059
521.068359
536.992432
549.776611
545.088196
527.618225
517.070740
521.313782
532.107056
543.456970
549.945435
542.536987
525.435913
516.688843
525.171326
542.053894
550.592468
541.144836
523.375427
516.766663
527.813232
544.681946
549.960815
537.565918
520.861816
517.614319
530.188782
545.888245
549.192505
535.836182
519.818298
518.312988
532.504272
547.877563
548.246704
532.902710
518.804749
517.698792
525.589966
537.339172
547.831665
545.728577
530.032776
517.626343
521.638855
537.644470
549.768799
544.696533
526.975586
516.157043
523.566040
540.925171
550.466614
541.970520
524.433228
516.747314
526.059509
542.566956
549.997131
539.949219
522.665405
516.971252
528.574646
545.275818
549.573059
536.498291
520.584106
516.759827
523.747803
535.286438
546.985657
548.371582
534.331848
518.902710
518.683105
533.581726
548.681030
548.047852
531.479675
517.219421
520.506470
537.038452
549.710815
545.296265
528.191101
516.835571
522.538635
539.054504
550.237488
544.024292
526.185913
516.205444
524.484253
542.047119
550.852234
541.132629
523.491516
517.004944
524.953552
537.517090
548.167297
550.337158
538.311890
521.276672
516.619873
529.029541
546.101929
550.250000
536.185486
519.270081
517.987488
532.725586
547.983093
548.243713
532.859802
518.228149
519.430542
534.651245
548.875549
547.312805
530.669922
517.037720
520.988831
537.807007
550.021973
544.586426
527.578430
517.572571
520.964355
530.487793
541.881287
549.441711
542.602295
525.142273
516.061890
525.061646
542.714233
550.997070
540.442871
522.308044
516.531067
528.262085
544.874756
549.753906
537.425110
520.818848
517.516052
530.384583
546.566895
549.550476
535.117737
518.790222
518.364563
533.495422
548.300903
547.557922
532.253052
519.123596
518.411255
525.811462
537.240173
547.988647
545.838806
529.367859
516.560730
521.540283
538.803223
550.647644
544.149231
526.012329
516.223816
524.279846
541.039917
549.942505
541.656250
524.562866
516.998596
526.548279
543.489441
550.583862
539.312805
521.505432
516.749268
529.286072
545.756592
549.553650
536.389038
520.444458
518.182373
529.487244
544.022644
553.349915
549.857483
533.341431
518.087341
518.842529
534.413391
549.025879
547.257568
530.543701
517.183411
520.842773
536.775513
549.123291
545.273254
528.661621
517.047241
522.461304
539.164368
550.252014
543.349365
525.348694
516.293457
525.362061
542.495544
550.467896
540.887878
524.036255
517.559387
524.607178
536.617676
547.578796
550.120972
538.024170
521.070679
517.128967
530.067871
546.430786
549.295715
535.081665
519.219727
518.471741
532.512451
547.157959
547.879456
533.164001
518.501038
519.570374
535.102661
549.238708
546.815369
529.857849
517.088562
521.612549
537.724304
549.253784
544.345337
527.613525
516.804626
522.361938
539.071045
555.332275
558.979248
544.579102
523.906006
515.813477
525.917419
543.151733
550.331848
539.636475
522.503540
517.290283
528.522278
544.664062
549.746216
537.587341
520.657166
517.272095
530.688477
546.997620
549.157349
534.301086
518.821472
519.178711
533.766968
547.610596
546.947266
531.983887
518.491333
520.081299
534.559204
550.986389
558.073669
548.383606
528.515320
516.388306
522.073914
538.698242
549.658875
543.502197
526.554321
516.909607
523.939026
540.371643
550.215088
542.510498
524.653870
516.167542
525.891846
543.502502
550.775146
539.518860
521.955200
517.061951
528.965576
545.286560
549.710999
536.790771
519.890259
516.825623
530.004395
548.735840
560.211731
554.218811
533.718811
517.167297
518.965637
535.168091
549.213501
546.855835
530.252014
517.179077
520.961792
537.247681
549.976746
545.639343
527.993408
516.391846
523.063049
540.322754
550.278381
542.334106
524.982666
516.990112
525.707886
541.762146
549.649536
540.818542
523.919495
516.813416
525.959595
543.499756
557.641235
556.926392
539.500366
520.631226
517.131226
529.897339
545.818176
549.298645
536.057251
519.855225
517.772644
531.687683
547.853577
549.404419
533.519653
517.527893
518.947571
535.612854
549.959839
546.809204
529.194824
516.379578
521.489563
538.547974
550.553894
544.874146
526.890564
516.106384
523.127991
540.989868
556.818115
558.919128
543.363892
523.094482
516.369263
526.914856
543.200623
549.598022
539.240601
522.740479
517.580872
528.558105
544.581726
549.510925
537.217468
520.715210
518.007446
531.174805
546.432129
548.383911
534.569885
519.635559
519.086121
532.973633
547.727661
548.113525
532.481079
517.559753
519.077393
534.830750
552.105103
558.679199
547.916748
527.646118
515.936218
522.151489
539.197693
550.616455
544.403137
526.458984
516.049011
523.891174
541.718567
551.275818
541.679199
522.982971
515.917297
527.204468
544.443665
550.259460
538.463562
521.624146
517.541931
529.500488
545.277832
549.131592
536.211121
520.195435
518.193604
531.222168
548.280273
557.966370
551.816284
533.103394
518.469666
520.138550
534.572815
547.878540
546.852112
531.596191
518.040100
520.470886
536.360168
549.649475
545.817932
528.296631
516.395569
522.343323
539.297607
550.204224
543.547607
526.002808
516.419800
524.491516
542.014221
551.316284
541.532593
522.607300
515.501404
526.627380
544.167480
554.519104
550.384827
534.010071
518.735840
517.424561
530.581543
546.332397
549.192078
535.141602
519.110962
518.483215
533.411560
548.439148
547.925964
531.950867
518.038269
520.637512
535.835144
548.224487
545.346375
529.640442
517.702454
521.887878
537.838440
549.756348
544.744446
527.490723
516.983337
523.415833
539.493835
553.129578
554.947327
541.970032
524.319214
517.236755
525.800293
541.830078
550.011658
540.798645
523.275208
516.592590
527.675049
544.941833
550.416748
537.636475
520.520325
517.435364
530.519775
546.336792
549.130066
535.204346
519.116089
518.119446
533.078491
548.697449
548.342285
531.659790
517.105591
519.793823
535.791016
552.103271
557.695129
546.940125
527.428467
516.193604
522.202148
538.941467
550.308716
544.023193
526.130798
516.355774
524.834839
542.147827
550.483643
540.847717
523.567261
517.215149
527.356812
543.301392
549.432556
538.744690
522.103149
517.456482
529.357117
545.573120
549.360718
535.952087
519.986877
518.810059
532.154358
546.633789
551.372314
543.168091
527.824951
517.344849
519.994019
534.318481
548.337952
547.408936
531.249756
517.461182
520.829468
537.326538
549.938477
545.227783
527.903748
516.794006
522.946777
539.577698
550.324158
543.496948
525.497498
515.963806
525.049866
543.162598
551.408691
540.301025
521.766785
516.091370
528.259888
545.594849
550.832397
536.104980
513.799683
504.817596
514.291382
532.447937
547.944885
549.395447
534.180908
518.275818
518.918823
534.364380
548.449890
547.018799
531.407898
518.303467
520.925293
535.841980
548.479675
545.822266
529.689514
517.363831
521.965271
538.491211
550.056519
544.174133
526.891113
517.113953
524.365845
540.667908
550.161621
542.356934
523.461365
511.016174
513.655457
527.199951
543.709290
550.886963
540.066650
522.051636
516.682129
528.821533
545.359070
549.440491
536.517395
520.475098
518.139587
531.217285
546.887756
549.153320
534.198242
518.022583
518.488281
534.592712
549.476746
547.626404
530.673584
517.065063
520.787292
536.841980
549.478394
547.382935
532.288513
517.286743
513.894226
523.717346
540.554749
550.829895
543.098572
524.891541
516.361145
525.743347
542.502747
549.908813
540.133667
523.251831
517.182434
527.633545
544.053833
550.040649
538.323120
521.094116
517.139099
529.871277
545.783081
548.682190
535.203064
519.933594
518.859863
532.112976
547.001831
548.580933
531.616821
510.697632
505.386078
517.584473
536.183716
549.215027
546.596558
530.151062
517.352844
521.528992
537.660522
549.560913
544.852478
527.878845
516.579773
522.435852
539.478821
550.525879
543.010010
524.615234
516.045532
525.969055
543.465088
550.867432
540.188782
522.586731
516.728271
527.850769
544.870300
550.768127
