44374172
44337119
44304585
44336112
44361959
44368022
44337085
44316146
44328764
44352702
44354913
44348687
44314390
44337550
44332587
44406545
44380469
44300420
44263499
44318486
44408217
44395593
44317631
44292477
44335324
44368011
44364368
44338646
44320321
44323257
44323257
44347700
44352619
44353517
44338508
44317239
44331030
44366381
44371885
44325202
44315119
44332779
44361871
44344164
44350413
44319841
44350325
44356634
44333884
44333453
44330761
44343639
44340290
44341669
44367730
44345656
44319675
44323573
44349771
44357606
44343063
44343063
44327165
44326057
44349597
44353505
44333103
44345247
44354480
44340566
44328823
44337249
44346826
44335863
44333896
44332579
44362598
44373301
44333235
44323499
44333954
44345016
44329108
44326182
44357794
44359602
44354217
44328610
44324332
44348173
44355331
44355331
44335297
44337385
44347611
44337897
44328993
44347445
44352023
44338737
44327194
44342578
44350227
44358892
44322910
44325595
44354620
44366753
44333221
44326931
44336508
44350621
44334895
44340680
44343104
44345153
44352653
44333705
44335381
44346882
44342306
44325004
44325004
44346231
44361754
44345060
44322388
44337045
44347906
44351106
44333205
44335711
44346668
44358634
44335852
44326367
44344591
44353335
44333848
44329774
44343302
44350515
44341964
44312143
44375813
44361749
44338844
44308581
44296616
44378076
44372613
44332134
44332134
44332414
44343638
44355696
44333645
44333407
44339779
44349695
44336855
44335630
44341528
44349552
44332286
44340933
44347701
44346510
44334896
44332209
44346731
44356223
44343308
44322253
44330426
44354862
44361683
44332449
44326710
44345360
44353071
44329299
44341312
44341312
44346856
44343758
44332927
44337176
44351987
44344312
44330506
44329292
44357310
44354580
44331447
44327328
44339062
44359496
44345343
44328034
44336283
44350467
44345085
44337091
44334986
44347734
44340791
44335624
44338922
44347416
44342498
44329363
44333901
44333901
44354801
44356381
44328590
44331974
44346033
44357464
44339056
44327587
44340992
44355838
44338541
44322518
44343155
44356696
44344208
44327586
44339809
44341520
44349436
44342628
44335259
44346215
44348957
44323644
44336858
44359356
44354736
44324470
44323746
44344135
44344135
44359111
44349913
44325898
44328400
44351781
44346346
44340977
44338734
44344785
44334574
44331636
44342311
44353580
44344162
44328634
44331950
44358484
44345740
44332227
44321404
44352850
44358962
44332387
44332068
44339629
44350216
44341937
44335843
44335807
44335807
44338376
44353530
44331912
44346008
44353723
44337707
44325150
44337755
44361748
44341076
44327875
44334052
44348380
44344378
44342612
44342596
44344899
44347331
44336100
44326211
44345859
44364882
44329316
44327082
44340138
44350202
44340761
44342226
44328550
44346416
44346416
44346030
44335167
44342162
44354989
44336532
44326852
44339341
44361874
44346009
44328536
44327948
44350707
44350205
44338426
44330533
44347780
44352363
44333689
44306385
44370236
44345549
44342253
44336528
44346218
44345931
44339074
44336554
44336413
44352877
44352877
44338102
44326647
44341480
44359606
44344643
44320619
44338372
44352777
44351200
44332747
44327779
44355198
44349734
44339320
44314397
44354250
44359770
44325217
44333648
44338931
44348466
44342390
44343229
44332277
44348610
44340057
44329842
44341805
44356157
44356157
44345862
44321292
44336527
44358697
44347510
44328154
44328672
44349371
44357285
44318572
44352784
44334652
44348615
44342343
44333425
44336300
44363014
44340967
44319287
44344826
44358001
44337718
44330054
44342686
44353138
44334598
44333833
44341059
44349294
44344659
44344659
44330226
44337447
44343521
44325990
44359735
44322898
44355754
44353797
44343758
44324937
44353925
44359554
44330386
44316724
44351966
44354675
44338764
44328098
44341953
44343854
44342092
44340942
44334183
44355180
44352796
44328229
44335148
44336115
44363763
44332305
44332305
44327570
44353314
44351680
44325001
44331447
44364079
44339998
44332054
44331057
44343827
44357218
44343853
44330016
44330972
44351704
44347218
44332892
44339369
44348418
44346977
44332768
44336166
44347234
44367413
44316227
44340935
44344440
44353382
44319476
44319476
44335930
44366842
44342462
44327149
44330520
44351438
44345850
44344577
44331837
44343272
44347589
44345502
44328812
44337590
44353879
44345163
44329871
44319311
44385274
44327352
44336314
44325929
44360771
44336691
44338245
44342147
44346838
44340466
44334954
44334927
44334927
44351219
44350472
44330372
44319831
44353665
44357292
44341873
44323284
44336234
44361994
44345957
44331830
44319152
44373227
44341494
44331060
44335828
44343692
44340906
44343065
44346586
44344441
44335777
44331624
44336032
44355080
44350792
44325990
44322376
44322376
44350002
44360037
44335550
44327738
44346108
44352636
44342669
44328343
44332165
44354469

44346711
44318265
44319590
44349408
44374208
44363235
44320491
44311170
44347412
44365174
44333176
44325485
44351152
44356285
44336528
44324885
44340033
44357696
44339425
44330565
44330565
44335386
44350409
44356756
44340316
44333089
44346457
44352194
44336888
44325488
44344755
44349986
44337792
44336783
44358595
44348773
44327085
44333792
44354351
44347999
44329068
44325383
44354434
44365132
44341597
44318419
44330889
44360612
44352935
44333990
44333990
44329920
44346289
44351644
44338120
44330414
44349588
44347071
44338158
44339879
44345819
44340777
44335851
44342201
44346879
44350523
44330527
44335900
44368687
44362551
44310858
44288508
44335268
44380853
44373734
44336680
44325444
44339993
44346308
44342889
44331832
44331832
44345401
44346323
44334633
44332361
44347101
44358563
44346002
44336595
44339866
44336024
44332206
44340237
44363589
44350751
44324811
44317124
44345486
44369988
44344737
44333298
44332929
44350351
44353102
44328019
44307053
44350736
44367482
44374297
44359784
44359784
44344132
44321353
44295856
44316225
44368636
44369729
44337520
44328157
44334016
44367917
44361489
44330159
44323074
44336288
44351076
44343484
44335789
44339414
44344580
44341670
44336920
44360127
44341212
44328320
44333094
44357511
44318391
44330366
44352107
44375423
44375423
44379156
44323017
44305563
44339088
44363069
44349752
44312397
44324144
44373204
44363174
44337346
44320453
44332196
44342485
44349247
44339319
44334297
44340381
44343209
44346541
44351365
44344254
44331306
44321896
44356421
44361880
44334466
44326459
44342553
44353111
44353111
44328782
44318644
44357031
44347116
44382192
44349078
44329828
44306357
44318212
44350077
44369626
44363955
44333330
44314687
44332102
44369640
44360907
44324504
44314614
44348197
44365944
44345798
44319850
44325775
44350978
44354472
44345285
44337540
44337938
44337938
44342335
44338995
44347937
44351847
44307436
44335926
44356530
44385553
44386413
44294741
44272898
44334548
44389471
44372504
44330473
44315656
44341125
44367463
44349132
44328007
44326027
44338468
44349142
44352085
44333692
44325256
44338592
44360533
44362015
44362015
44334434
44308837
44330556
44365900
44371660
44331991
44276452
44371258
44356428
44405758
44348168
44304699
44280955
44321469
44375960
44404490
44341122
44293263
44308559
44364053
44377541
44347291
44304894
44321852
44364479
44366488
44336734
44318726
44341516
44358828
44358828
44344276
44322296
44337383
44362899
44343744
44319311
44366800
44337376
44344337
44345717
44331125
44338429
44329171
44335788
44357143
44363847
44344698
44317846
44338566
44307397
44378625
44344730
44343498
44351963
44362562
44331775
44322819
44336429
44347822
44347822
44333913
44331490
44340857
44353580
44337268
44334916
44357291
44354920
44335349
44299892
44350522
44355983
44369250
44346254
44331812
44338313
44329946
44320752
44344847
44353536
44356405
44337581
44327789
44340618
44365477
44346387
44323447
44335190
44346453
44340367
44340367
44334985
44351042
44354277
44334144
44331715
44340972
44351078
44340462
44326009
44334658
44355404
44355675
44322851
44322240
44365339
44349996
44363404
44316499
44319294
44359217
44351825
44345401
44342720
44331021
44326002
44335570
44360246
44355259
44334640
44334640
44322755
44340792
44360670
44348617
44323876
44329767
44358243
44350343
44329682
44329862
44348220
44360256
44337599
44329879
44343601
44350789
44333340
44334342
44335589
44347588
44331849
44342597
44383911
44351908
44318752
44312917
44337529
44355357
44354938
44333164
44333164
44326984
44354363
44363357
44339551
44330873
44340089
44342362
44335002
44334626
44343225
44352012
44335826
44334769
44350967
44349375
44327552
44333662
44348738
44355953
44336938
44328428
44340385
44355516
44343379
44332229
44328202
44344330
44356166
44333751
44333751
44328756
44347438
44352849
44335911
44340459
44345665
44342821
44331834
44335576
44346241
44360044
44338287
44329043
44343434
44356614
44330991
44327396
44339664
44354294
44344067
44329850
44338931
44350902
44347835
44333272
44330479
44343809
44343331
44362447
44343597
44343597
44335433
44337443
44317411
44340418
44373232
44355855
44309446
44313362
44350263
44371464
44356678
44319926
44322040
44353244
44353182
44339932
44323046
44340394
44345145
44342581
44342679
44345465
44344121
44329088
44336802
44350216
44349445
44331084
44329717
44329717
44349370
44353189
44333892
44311766
44351949
44360456
44344353
44337846
44330922
44350361
44350165
44330118
44329964
44351161
44342916
44329425
44336780
44355426
44346939
44332732
44340583
44347650
44344169
44336485
44331204
44350469
44353678
44333886
44323973
44352010
44352010
44356023
44336448
44331208
44332827
44347737
44346413
44336417
44333895
44349572
44346113
44328132
44331814
44355148
44348507
44335673
44327928
44349681
44354431
44338290
44330458
44340292
44353104
44344286
44325520
44345874
44352470
44340383
44329218
44344041
44344041
44353427
44340406
44328456
44333505
44356926
44350140
44331973
44331934
44351049
44344359
44340497
44330252
44345933
44348447
44334245
44334679
44346763
44354799
44335098
44325937
44347916
44348207
44344659
44332765
44340543
44352577
44343240
44334140
44331972
44352188
44352188
44350575
44330614
44335620
44348362
44345164
44335895
44338435
44346826
44347540
44332736
44331291
44352182
44350244
44338968
44324666
44342357
44365241
44343049
44320168
44336643
44355608
44345929
44329867
44338398
44348107
44343085
44340049
44337038
44346559
44346559
44342077
44335738
44337940
44351873
44350551
44332794
44329603
44350930
44350680
44337670
44324323
44347402
44362733
44342171
44321799
44338259
44351543
44339464
44336811
44341719
44353223
44337394
44333466
44340364
44353082
44347107
44332476
44332195
44349672
44354058
44354058
44338089
44324268
44349070
44353751
44333854
44332834
44347086
44359479
44326828
44322033
44345246
44359561
44356059
44326818
44328943
44346542
44356150
44342513
44329032
44343213
44341729
44341242
44338015
44349285
44342257
44330126
44340020
44353935
44348213
44348213
44326361
44332398
44360489
44352611
44332181
44322684
44348806
44361233
44347186
44318988
44330518
44357341
44357328
44330162
44326667
44340973
44352435
44345048
44332343
44349376
44343828
44336677
44338188
44344464
44345778
44337100
44336340
44348376
44346278
44346278
44338362
44326804
44346589
44359086
44340225
44319227
44337491
44360956
44355288
44325227
44327483
44347801
44352068
44340104
44330866
44345497
44347941
44336715
44340697
44346778
44350384
44332529
44333470
44345351
44352331
44333970
44327361
44350226
44358225
44338058
44338058
44324060
44338742
44358479
44349720
44328465
44332460
44350797
44353641
44329654
44333472
44347892
44348006
44337618
44332880
44345550
44351261
44338783
44331518
44341123
44353732
44337520
44333301
44343398
44348613
44339817
44327486
44349136
44353153
44343647
44343647
44325800
44338733
44353591
44346654
44330099
44332757
44351791
44355620
44330842
44330375
44346503
44352267
44339679
44332173
44343296
44355155
44338382
44329668
44339697
44354843
44341759
44325486
44344795
44355861
44342925
44324056
44338188
44354680
44352113
44329918
44329918
44336909
44341672
44350148
44338282
44329495
44346126
44353325
44337836
44331618
44340653
44355241
44339241
44319927
44348322
44356749
44343035
44325716
44340688
44355896
44340519
44332354
44339555
44351486
44350212
44327276
44335705
44351253
44350069
44334448
44334448
44333357
44350432
44350581
44333718
44327497
44349777
44355351
44339424
44327265
44341150
44352926
44342661
44331601
44341278
44349480
44343172
44329115
44340987
44350744
44348016
44330815
44340307
44351323
44345777
44328714
44333746
44349217
44350132
44341211
44328107
44328107
44344861
44352213
44340538
44334056
44342223
44349491
44339475
44326149
44349524
44350075
44342500
44326322
44343041
44352824
44344729
44332436
44332120
44352798
44356333
44332623
44333767
44343655
44356413
44339491
44328827
44342378
44352427
44344046
44332857
44332857
44349631
44342632
44330376
44334392
44350059
44359164
44338848
44322257
44337188
44354199
44353100
44328744
44333261
44351242
44351995
44331622
44328386
44346173
44356444
44339782
44328853
44347458
44351148
44339786
44330842
44344780
44352106
44335464
44331810
44346059
44346059
44351222
44346287
44324743
44339159
44352422
44346268
44332824
44332937
44349242
44355000
44332181
44332448
44342781
44356821
44337095
44335423
44342849
44347959
44338120
44336580
44344936
44355899
44329604
44327237
44342087
44356894
44345413
44322746
44334571
44334571
44355245
44352226
44332981
44329751
44349434
44351895
44334148
44333403
44344518
44354313
44335603
44334802
44347318
44350463
44335976
44330714
44342177
44354210
44334515
44328095
44347034
44355458
44338190
44320558
44341404
44354840
44354900
44329790
44326803
44348239
44348239
44358421
44337231
44328359
44341167
44354744
44338792
44332096
44345283
44345510
44336527
44335519
44347077
44354140
44332968
44325133
44347422
44357621
44342456
44324441
44336255
44358536
44350509
44331052
44330197
44347646
44350790
44337128
44336955
44344690
44344690
44342936
44338931
44334075
44349392
44353409
44325136
44329337
44350591
44361590
44335342
44323977
44340268
44357260
44342209
44326830
44336290
44351021
44347386
44339468
44336508
44340533
44343454
44339849
44332438
44350975
44348998
44330027
44333023
44348948
44356262
44356262
44331510
44329770
44343290
44352087
44342670
44334922
44340604
44352050
44338004
44328702
44334184
44354422
44350313
44331046
44331804
44351015
44350177
44337352
44335172
44342344
44347768
44336574
44333574
44355012
44354868
44330635
44319404
44341371
44360903
44360903
44341330
44330786
44334899
44350538
44351891
44335704
44336779
44347383
44343375
44331611
44335946
44352587
44343273
44336510
44335782
44352303
44348852
44333352
44326721
44347199
44358003
44332879
44323822
44349588
44355332
44343333
44327198
44335611
44351775
44341794
44341794
44335670
44338012
44350976
44346394
44332546
44339607
44349613
44343423
44327732
44329812
44355716
44354292
44329908
44330089
44352448
44355529
44332399
44326038
44342156
44356663
44344210
44331904
44337337
44350063
44336468
44328603
44343852
44353482
44339450
44339450
44329989
44339947
44352631
44351569
44333414
44324388
44343827
44356378
44337552
44331173
44346239
44353711
44329768
44331284
44356885
44354619
44331819
44319512
44339726
44359200
44348640
44331275
44333729
44348466
44348587
44336438
44336428
44346359
44346665
44329128
44329128
44332605
44362276
44350551
44328925
44327901
44347853
44346912
44336792
44331361
44345175
44350486
44341079
44328677
44343304
44349968
44340874
44326948
44342293
44350281
44341543
44334208
44340790
44353288
44338049
44322472
44333465
44358858
44356693
44328438
44328438
44328749
44342327
44354663
44343993
44332152
44340804
44344784
44341260
44336411
44348324
44355903
44334013
44327169
44346794
44352913
44334088
44322770
44344144
44360414
44346880
44326298
44328026
44350659
44356788
44335931
44324315
44341403
44354068
44347998
44335664
44335664
44339467
44342548
44332831
44333455
44350516
44352896
44337217
44321925
44342577
44357024
44343002
44320877
44337047
44352970
44350102
44334527
44332299
44348486
44352134
44336108
44329970
44342592
44351787
44339386
44329533
44348657
44344288
44334728
44332101
44332101
44354386
44350348
44332600
44327119
44344312
44355500
44347300
44328186
44333440
44349256
44347930
44337654
44329906
44344832
44346898
44334208
44334269
44354791
44345695
44333203
44329388
44350148
44344347
44336011
44333504
44345547
44351896
44339567
44324376
44341910
44341910
44356656
44346028
44320267
44337758
44349757
44345580
44334692
44337023
44345671
44342226
44335466
44335161
44352850
44348000
44333518
44323689
44344742
44360610
44339001
44334274
44345385
44342835
44336499
44329120
44344819
44353806
44333556
44324399
44342612
44342612
44356764
44354175
44333380
44328590
44341777
44353702
44333498
44329608
44349274
44350916
44331795
44330257
44350531
44354546
44334692
44327042
44345613
44349442
44335433
44328679
44345964
44356087
44340473
44324202
44341936
44353781
44344274
44329204
44328346
44328346
44352926
44357363
44333504
44330339
44327046
44365238
44330238
44340408
44367624
44343011
44323070
44329845
44349712
44347846
44333878
44324430
44336801
44366100
44349073
44330477
44333657
44354967
44345577
44324258
44333170
44345860
44348762
44337330
44338613
44345690
44345690
44344153
44336825
44340086
44347869
44345417
44325652
44328851
44347233
44360331
44338860
44324716
44342875
44360552
44339105
44321787
44333648
44351095
44348527
44332319
44306689
44374681
44344007
44347077
44345324
44337790
44345259
44320385
44340756
44349645
44348462
44348462
44332553
44325923
44343623
44359189
44341782
44323625
44337432
44352325
44337520
44328735
44352789
44356163
44340307
44321086
44328372
44354667
44357815
44332515
44326802
44342352
44352311
44339611
44333901
44337972
44344873
44335895
44340946
44345928
44348035
44348035
44325146
44334819
44351457
44358818
44333498
44318950
44342225
44358285
44344185
44326230
44339855
44346048
44350363
44328209
44329571
44291466
44412827
44326712
44355098
44355954
44331472
44325548
44327487
44345283
44342642
44333682
44338100
44355359
44362123
44362123
44324142
44324807
44351422
44362425
44332440
44310692
44328025
44365954
44360873
44325374
44328699
44347910
44355050
44339120
44329548
44335976
44347496
44340607
44340055
44345877
44349028
44325850
44330187
44348595
44358816
44328621
44313249
44339819
44364548
44374183
44374183
44329153
44310715
44336172
44356467
44353999
44341571
44330558
44323500
44330746
44357591
44362017
44342095
44317338
44328095
44355442
44357976
44328682
44322302
44346033
44359437
44334985
44326421
44342300
44354691
44346526
44331451
44333592
44345697
44344773
44332058
44332058
44339498
44348013
44344486
44325092
44337931
44354838
44342329
44308120
44350122
44348004
44376478
44347928
44319710
44331593
44342635
44335275
44338663
44351043
44345127
44327582
44332229
44350826
44362012
44340742
44326160
44329064
44347283
44352644
44332750
44332750
44326814
44350858
44352602
44330988
44332038
44348631
44348651
44336655
44337950
44346142
44347214
44342491
44326864
44341816
44357031
44331245
44326526
44349128
44352963
44347333
44329059
44331462
44338351
44331807
44349645
44335516
44392595
44359386
44312047
44312047
44302822
44326867
44357784
44358901
44333249
44337724
44341630
44342469
44341495
44350641
44350239
44325817
44320371
44343116
44360861
44334223
44332561
44341505
44353778
44347736
44332972
44325944
44352426
44356342
44331860
44325487
44347128
44348843
44341351
44301246
44301246
44349731
44371011
44370605
44349989
44305978
44314223
44332906
44359270
44368369
44345209
44323484
44327536
44346212
44362754
44340524
44320159
44328811
44355003
44354811
44329590
44326676
44342132
44358715
44338495
44325046
44346916
44352276
44342594
44338092
44338092
44333293
44321656
44350649
44331754
44396083
44359410
44297424
44282171
44349111
44406670
44380597
44298765
44296811
44353422
44374250
44350574
44315670
44318907
44345311
44358178
44342060
44336261
44330332
44332963
44352066
44367287
44345116
44320752
44319721
44351911
44351911
44365706
44320940
44301056
44347713
44412571
44386886
44290941
44281058
44337798
44372671
44367079
44328431
44317968
44341038
44362086
44359439
44337787
44325150
44317716
44341316
44369865
44353373
44314865
44316479
44356538
44372118
44347411
44314723
44319982
44319982
44355716
44364546
44346098
44326623
44299086
44334702
44354331
44400451
44384141
44270834
44259149
44356996
44436421
44403879
44290009
44256255
44350213
44406193
44355014
44292768
44334322
44329604
44353284
44351920
44320596
44320312
44337846
44359928
44362072
44350681
44350681
44331497
44312184
44317136
44393551
44369734
44334365
44329913
44322699
44330591
44329743
44338126
44360499
44366634
44340203
44325414
44340181
44356236
44334913
44326635
44341488
44351307
44332034
44328510
44341098
44362178
44341245
44319270
44335259
44365064
44365064
44361986
44308073
44326324
44366730
44348769
44326275
44337833
44336578
44362752
44357699
44324186
44327259
44355076
44349608
44328053
44333568
44343229
44330361
44330263
44350555
44358591
44339225
44326819
44334489
44326109
44344429
44374414
44364184
44333342
44333342
44316572
44299275
44347730
44396312
44369008
44302768
44287265
44347648
44376294
44354429
44325778
44331833
44349432
44358851
44339023
44324511
44335836
44345513
44334643
44339217
44351118
44343800
44325309
44357928
44357076
44329666
44329815
44325063
44354052
44363412
44363412
44320419
44325252
44355771
44347523
44353288
44328964
44325296
44353431
44327725
44338864
44351114
44336301
44346723
44364703
44332163
44348974
44343718
44316831
44335574
44361849
44344694
44323926
44328791
44361342
44355558
44324162
44320836
44358454
44359501
44341810
44341810
44322106
44333049
44351138
44348915
44335158
44334833
44346181
44337415
44329965
44347497
44345933
44342558
44331979
44334027
44355204
44350422
44327873
44339621
44354167
44349846
44321574
44330567
44356321
44354742
44327792
44320418
44347453
44351047
44348020
44348020
44332936
44342842
44342309
44335366
44331159
44346435
44359251
44342593
44320060
44331029
44356708
44357642
44333071
44336304
44352058
44339774
44320515
44332158
44362067
44349644
44330923
44308195
44332648
44374846
44377245
44334140
44323668
44328228
44337097
44337097
44346159
44360367
44341374
44324084
44326202
44355381
44363754
44333857
44319722
44332500
44363077
44351417
44317643
44320577
44357083
44368169
44340601
44319067
44334337
44346156
44352292
44342283
44343684
44337668
44330233
44337324
44350783
44353525
44333241
44321280
44321280
44344258
44357926
44345913
44323693
44335674
44357638
44355306
44329599
44322393
44347496
44357765
44340391
44330334
44351349
44329864
44331223
44351667
44351275
44342847
44323744
44326276
44354465
44366214
44343576
44315692
44332792
44363065
44343461
44334656
44334656
44329856
44361186
44355531
44290704
44376757
44324337
44342006
44359271
44309129
44353125
44345519
44343305
44336741
44343300
44343633
44342069
44331011
44351713
44343683
44347610
44316495
44343951
44357954
44342300
44320169
44341976
44352149
44345512
44324660
44334172
44334172
44352682
44349229
44334877
44335235
44350568
44346971
44306663
44354811
44352508
44354042
44319971
44349202
44332033
44367123
44315954
44331596
44348856
44352401
44334204
44326095
44345392
44359614
44340938
44326130
44332756
44352057
44345261
44340047
44334362
44334362
44344703
44349270
44330418
44342815
44349088
44352138
44324806
44320198
44353253
44354384
44334352
44330568
44352355
44355425
44333998
44325367
44356210
44333440
44338907
44334256
44347410
44332478
44362035
44313764
44352652
44336776
44345247
44332030
44339481
44345597
44345597
44336344
44391043
44290928
44299290
44436646
44265006
44420170
44246608
44404237
44361046
44291568
44346685
44352151
44347284
44333032
44313312
44366144
44346164
44333300
44328033
44393580
44293503
44391270
44286950
44369604
44338182
44320086
44354396
44322337
44322337
44353734
44381226
44299884
44347529
44344438
44322436
44346878
44316541
44380045
44331258
44335660
44337328
44358981
44344886
44327112
44336445
44344412
44350834
44332439
44338002
44356069
44339107
44334561
44330457
44347133
44352533
44325893
44335251
44345370
44345370
44360522
44336690
44321992
44349135
44349093
44339932
44324856
44349115
44351422
44343278
44332294
44336873
44355320
44340265
44325971
44337645
44345533
44345877
44330274
44342738
44350158
44350554
44331365
44327624
44351415
44348467
44336042
44334124
44350744
44347385
44347385
44326255
44333767
44350758
44356052
44339575
44322078
44338339
44350271
44343490
44328007
44339424
44351564
44345598
44335838
44337340
44348299
44350129
44328556
44335746
44349214
44354061
44330619
44327182
44345407
44353480
44342108
44328531
44347084
44347278
44347278
44333400
44330544
44347321
44352446
44339214
44330644
44346721
44358250
44342845
44324716
44336018
44344209
44350092
44332980
44337508
44347178
44348085
44334539
44334200
44347421
44353212
44330881
44321826
44354898
44367149
44341727
44326173
44337410
44343734
44340672
44340672
44333891
44339012
44342488
44341190
44336966
44347104
44355796
44340830
44323858
44331060
44355019
44349446
44326638
44334998
44361798
44346311
44334067
44332688
44345529
44347330
44334551
44334023
44349039
44344647
44331841
44331300
44349542
44353941
44329218
44329218
44322247
44344438
44361350
44350050
44328413
44334836
44348277
44349235
44335117
44333455
44340212
44348767
44335005
44338790
44348589
44347762
44332471
44329624
44352515
44352080
44329181
44333663
44353504
44357184
44338510
44329252
44337849
44348232
44344684
44330523
44330523
44340206
44344211
44344390
44333024
44340033
44347203
44344015
44326002
44341011
44353283
44349509
44333597
44334901
44356524
44352668
44329994
44320962
44348863
44363610
44336317
44318048
44338581
44352972
44352700
44323037
44335397
44341022
44342865
44347705
44347705
44342877
44342493
44331283
44335683
44355554
44366878
44341551
44314533
44323512
44352842
44358316
44331115
44327106
44351244
44357071
44338752
44328214
44335995
44345024
44344286
44342418
44341753
44352154
44339442
44329263
44345018
44351548
44341901
44321787
44343809
44343809
44355705
44343491
44326796
44339324
44356226
44351890
44326446
44325228
44349411
44359810
44340296
44318970
44346305
44358377
44345183
44331280
44343208
44339405
44333448
44335870
44344393
44352745
44343773
44331548
44337172
44351275
44345481
44330144
44336433
44336433
44347692
44351767
44334910
44340251
44350450
44342783
44333191
44335001
44349823
44348178
44332927
44330863
44346232
44354659
44337230
44328188
44340678
44347960
44343215
44332928
44345360
44356691
44340339
44329414
44337468
44357214
44344554
44324404
44336045
44356105
44356105
44351482
44331811
44329100
44349637
44342781
44340421
44332264
44346606
44358574
44324554
44333984
44345486
44356008
44345671
44328927
44338193
44345740
44341280
44334041
44348347
44347824
44338776
44327992
44340080
44353076
44347954
44326747
44332096
44346956
44346956
44353534
44339393
44334489
44346829
44346714
44339160
44333736
44351523
44343871
44327496
44333051
44345182
44365075
44331793
44322270
44335941
44358311
44350778
44322595
44341988
44346253
44356136
44330762
44335072
44351668
44344088
44335548
44332118
44350764
44343728
44343728
44333798
44336517
44342811
44353925
44331513
44340700
44348055
44352938
44335526
44323848
44353314
44356619
44341916
44320351
44340587
44354124
44349367
44328546
44326128
44353244
44354222
44329546
44334431
44348225
44356422
44339380
44341798
44337564
44328383
44328383
44337953
44342017
44352139
44355517
44333052
44324109
44343842
44359209
44337129
44320905
44343848
44354854
44349034
44330706
44337920
44347041
44344205
44335416
44336571
44351796
44344365
44340005
44339695
44343275
44345401
44336441
44333644
44354030
44348729
44328273
44328273
44327647
44355480
44351405
44335406
44328109
44342942
44352471
44337673
44333396
44347059
44350598
44341859
44322759
44347820
44357196
44351615
44324991
44332505
44355208
44351126
44333865
44328178
44342987
44348287
44334949
44333446
44347735
44347323
44340551
44340551
44331701
44348475
44354707
44338625
44326165
44346276
44351100
44339544
44326977
44341324
44354717
44347540
44331565
44336625
44348660
44348522
44330286
44340115
44350811
44348013
44334006
44334146
44354196
44350268
44330770
44327485
44344992
44356667
44338707
44338707
44329465
44342398
44351977
44342052
44327582
44341702
44348691
44340478
44334976
44350191
44351430
44338310
44333094
44340986
44356057
44342980
44323517
44331722
44354347
44358119
44331445
44325025
44343027
44353013
44338622
44329442
44344697
44349438
44342140
44335524
44335524
44341210
44350996
44337818
44331888
44347397
44349738
44341499
44325283
44342849
44353517
44341556
44325245
44337303
44352520
44348614
44331863
44334833
44352972
44352693
44331504
44330819
44342998
44350802
44339284
44333098
44346225
44352286
44338916
44329273
44329273
44343419
44346668
44333940
44335501
44345568
44353221
44338559
44327845
44346321
44354120
44344103
44322409
44335804
44354351
44356601
44333771
44326318
44349622
44352326
44337730
44330927
44344745
44348194
44336548
44335326
44341863
44350063
44343709
44336092
44339079
44339079
44351365
44347678
44337931
44357002
44348476
44325721
44320287
44341374
44363141
44349113
44317314
44324879
44355702
44368837
44341981
44328130
44338920
44349948
44337483
44330921
44345392
44348942
44337912
44330095
44345692
44353683
44338583
44332234
44345601
44345601
44345547
44341970
44329295
44346868
44350055
44345855
44330923
44332152
44351842
44350908
44327744
44332231
44357382
44351047
44329340
44331108
44356494
44355515
44330534
44311477
44314935
44359635
44364929
44375612
44382123
44320708
44305650
44302098
44336764
44375625
44375625
44364231
44333542
44329264
44352140
44357800
44334132
44335980
44337247
44341065
44329544
44340436
44348929
44350329
44335576
44328890
44356379
44356032
44326504
44335425
44348472
44355074
44343105
44323571
44331042
44319072
44359086
44342447
44366453
44385347
44385347
44313464
44287981
44343413
44384444
44372815
44314785
44300448
44337963
44369833
44356900
44329770
44336165
44350615
44343806
44336907
44343448
44336775
44333359
44342398
44352666
44345463
44329151
44329656
44356651
44363062
44338240
44315581
44341071
44357624
44352947
44352947
44334824
44330808
44344565
44344869
44317681
44328792
44353014
44395230
44374802
44335516
44297124
44283713
44334566
44386121
44382657
44338971
44305596
44325458
44372761
44376076
44326274
44304623
44332758
44363289
44357376
44320006
44325105
44355573
44362654
44362654
44340169
44325249
44339438
44349393
44345200
44343963
44341584
44341877
44333948
44327003
44354772
44363958
44340966
44333886
44340870
44339191
44341869
44339830
44343400
44347794
44335848
44328017
44343174
44351285
44340954
44331940
44356657
44359920
44338407
44338407
44319383
44339261
44360041
44351385
44322967
44324083
44350963
44359672
44340038
44334122
44343256
44351014
44334573
44331538
44347845
44349744
44341082
44339445
44352227
44345066
44335722
44325223
44348231
44357499
44335159
44320819
44338438
44346377
44354995
44359035
44359035
44346429
44334170
44318793
44321220
44349211
44366029
44355345
44325795
44330392
44356139
44361654
44331844
44321515
44342668
44349675
44344037
44331701
44343782
44350027
44342624
44325381
44344711
44351737
44343148
44336756
44349142
44348865
44340164
44327264
44327264
44340696
44356401
44345237
44328415
44331816
44352649
44357195
44337566
44324523
44346127
44340222
44321698
44339158
44353080
44387627
44366234
44327372
44323593
44321552
44322131
44340983
44358454
44356593
44337905
44333193
44345141
44363043
44344141
44325727
44328428
44328428
44344816
44351803
44332861
44330693
44350992
44353084
44337667
44334848
44346063
44348294
44340855
44333224
44342278
44350079
44334685
44334247
44352834
44353089
44305317
44328240
44328305
44385636
44413041
44345436
44306809
44293051
44311198
44359465
44384584
44384584
44359526
44319357
44314516
44354748
44373608
44354994
44306321
44316501
44357338
44362879
44330602
44313198
44342123
44365597
44358339
44336523
44331281
44340700
44340032
44339051
44311840
44347732
44345872
44361083
44385771
44377993
44303423
44294656
44302209
44353181
44353181
44370384
44358974
44339518
44350946
44357095
44340217
44334922
44341981
44334572
44329060
44333610
44348281
44347588
44339005
44338806
44352825
44359063
44335734
44326010
44311034
44358720
44379972
44349978
44323271
44327529
44322498
44351631
44374428
44363529
44363529
44318338
44304678
44347360
44383242
44365956
44316682
44292256
44350697
44383562
44357210
44315185
44322382
44340557
44357752
44349410
44345335
44335949
44331146
44340550
44354972
44357066
44332191
44298973
44346194
44383199
44362479
44322014
44315309
44347087
44360594
44360594
44336675
44323850
44342731
44346257
44349909
44344982
44345634
44339133
44344243
44345622
44348220
44342301
44328301
44321136
44357171
44361878
44343268
44317683
44334970
44361459
44345018
44332845
44339139
44356194
44351327
44333529
44337463
44342454
44341515
44341515
44331284
44347962
44348502
44347144
44331860
44330766
44356132
44347184
44338846
44310528
44364419
44358571
44345917
44331437
44339545
44344801
44342528
44332315
44346452
44346821
44346367
44338586
44337835
44350806
44340220
44332416
44333798
44355856
44350489
44350489
44326320
44339474
44345215
44361178
44330467
44338919
44342367
44356132
44337084
44325499
44346627
44358699
44338377
44326891
44332744
44360150
44350485
44329637
44332435
44345455
44351837
44338112
44339782
44353464
44341459
44328365
44338954
44360467
44350404
44326673
44326673
44330681
44351013
44354457
44343794
44327155
44327453
44355348
44351894
44330832
44344499
44347241
44332679
44335126
44362693
44348680
44332656
44319255
44350916
44365085
44344661
44324580
44335165
44353467
44351494
44332019
44332466
44347160
44357952
44336570
44336570
44331358
44345078
44356800
44343071
44332915
44349162
44348254
44336293
44334390
44351935
44354898
44326148
44327697
44345107
44359311
44347977
44322525
44336536
44352765
44353635
44332529
44339312
44343887
44357973
44332183
44330302
44343978
44356596
44338586
44337421
44337421
44348323
44346299
44328118
44335023
44359733
44352590
44333188
44322165
44347438
44355948
44348304
44330697
44338735
44358349
44349171
44330891
44333930
44351052
44352086
44333809
44333041
44344379
44350587
44340412
44338916
44349733
44346567
44333024
44326880
44326880
44350248
44360630
44341149
44328070
44341886
44355669
44341372
44332022
44345484
44353403
44335775
44329804
44348140
44352704
44342653
44329966
44334791
44356628
44346587
44338193
44330792
44354634
44354740
44331887
44328117
44350826
44360979
44341525
44327067
44347286
44347286
44346422
44334201
44340072
44349980
44354731
44335311
44326507
44339165
44352588
44347299
44338915
44334580
44355509
44343653
44337633
44335958
44361150
44341477
44333934
44328098
44356259
44350516
44334730
44337212
44347642
44352734
44332035
44337099
44348481
44348481
44347090
44343140
44332587
44346541
44351479
44344192
44327855
44341790
44363011
44341609
44327039
44333941
44359960
44353096
44332426
44332700
44344104
44345228
44338683
44339592
44353300
44343869
44336337
44331420
44354829
44354953
44335587
44328833
44344000
44358468
44358468
44345195
44329123
44342612
44348956
44349245
44324314
44339092
44352890
44353098
44337742
44330104
44349714
44352357
44340410
44338054
44346291
44347184
44328432
44335083
44353326
44354945
44337769
44328814
44354441
44346610
44334883
44326073
44350257
44360308
44360308
44345793
44328542
44338816
44351017
44347255
44332225
44340891
44345109
44343558
44335577
44342545
44359984
44339645
44331093
44330991
44358334
44355916
44333215
44328726
44351010
44355762
44330324
44330733
44353600
44345909
44343746
44325670
44341834
44354019
44355698
44355698
44329161
44333871
44356053
44345877
44332389
44343126
44344498
44342322
44339542
44344627
44360728
44345490
44327575
44332772
44356256
44346033
44335079
44341508
44341595
44358820
44330804
44324259
44348236
44363460
44338144
44324596
44333322
44358766
44347345
44347345
44331763
44339833
44366429
44353346
44335802
44327045
44331280
44346602
44337730
44348742
44360746
44341677
44328610
44333803
44351950
44357175
44331303
44329259
44349137
44357368
44333849
44343578
44338513
44349812
44337490
44328743
44359109
44354742
44338102
44323857
44323857
44338373
44366985
44339118
44322952
44332325
44354308
44355984
44335362
44342542
44348433
44340718
44339133
44332488
44350864
44357096
44329842
44323102
44349592
44367219
44337635
44328988
44338194
44350731
44346345
44336002
44342478
44350437
44343073
44339199
44339199
44337838
44352166
44341181
44337460
44334679
44353744
44347624
44332442
44343305
44347108
44346164
44326459
44327239
44362952
44361276
44331110
44322883
44349885
44361779
44341823
44323395
44337253
44356216
44354341
44335827
44339926
44333947
44352922
44339846
44347208
44347208
44347173
44337412
44324599
44344520
44366087
44351614
44325174
44323492
44359516
44357387
44340979
44324149
44342711
44356185
44338086
44327735
44340601
44347567
44348272
44332720
44342881
44347394
44340867
44330292
44348876
44354278
44333445
44329604
44342689
44342689
44362175
44352782
44323847
44324177
44354809
44355540
44345679
44316129
44340909
44353743
44346420
44335536
44341468
44340697
44340255
44342436
44345620
44342574
44336209
44335250
44354022
44351482
44332820
44323582
44346427
44361844
44355057
44321689
44318515
44359667
44359667
44361038
44343639
44326549
44336103
44350482
44343777
44341974
44344197
44338705
44338726
44339499
44356806
44351788
44327774
44324342
44352426
44356154
44343832
44325564
44330188
44358130
44357577
44332006
44326086
44344373
44349400
44340796
44350926
44347064
44347064
44337679
44330296
44343274
44362680
44341104
44325677
