538.504211
538.578247
538.777527
538.909912
538.835022
538.591614
538.002075
536.354431
532.951111
528.272705
524.142578
522.335388
523.083008
525.316895
528.137024
531.721008
536.556213
541.962402
546.171570
547.682495
546.321716
543.177368
539.939331
538.027710
537.578247
537.100159
534.796021
530.444336
525.731140
522.657776
522.084229
523.675964
526.794189
530.903320
535.506470
540.034180
544.007324
546.821289
547.552490
545.612732
541.934326
538.627563
536.883301
535.633301
532.927612
528.361450
523.750549
521.404968
522.241516
525.401123
529.353271
533.197083
536.923218
541.038513
545.565308
549.226868
550.103333
547.505005
543.145142
539.683105
538.119080
537.030701
534.512939
530.249573
525.677856
522.717834
522.246460
523.969910
527.209656
531.372009
536.049866
540.759338
544.810547
547.244507
547.273499
544.965637
541.680176
538.952271
537.197083
535.432068
532.339600
527.719910
523.214050
521.137390
522.484619
526.081787
529.779968
532.442200
534.731140
537.893066
542.129578
546.011230
547.654907
546.315857
543.041565
539.712769
537.529785
536.022278
533.630676
529.605225
525.106079
522.157532
521.837341
523.784912
527.138428
531.480896
536.529297
541.507507
545.289062
547.084167
546.780273
544.824585
541.818909
538.708374
536.427979
534.974854
533.346008
530.661682
527.201782
524.120483
522.481445
522.884827
525.448364
529.683105
534.518250
539.091003
542.980774
545.930664
547.273010
546.272156
543.343140
540.060852
537.586853
535.423645
532.345032
528.263062
524.576660
522.692322
522.865234
524.676392
527.754639
531.919678
536.770569
541.393738
544.956299
546.896362
546.891846
545.122131
542.572327
540.368103
538.799011
537.095337
534.343201
530.444519
526.210327
522.955444
521.895325
523.322876
526.551208
530.475281
534.506165
538.775513
543.256226
546.842346
547.921753
545.968994
542.406738
539.360596
537.638000
536.159973
533.302612
528.787354
524.141235
521.561646
522.170654
525.222900
528.845886
531.718750
534.115845
537.181763
541.300049
545.320068
547.386597
546.510925
543.456848
540.193481
538.128235
536.873291
534.776245
530.825317
525.977478
522.377930
521.481873
523.170471
526.493225
530.702820
535.408325
540.130676
544.122375
546.604370
546.970764
545.141235
542.017944
539.096741
537.167908
535.466248
532.574707
528.276184
524.081421
521.732117
521.620972
523.076172
525.572266
529.075745
533.404907
538.020996
542.417664
545.963135
547.581604
546.423584
543.151611
539.801453
537.751038
536.283569
533.625732
529.339966
524.983398
522.473145
522.402405
524.142761
526.987549
530.757019
535.346375
540.285156
544.584167
547.097351
547.011353
544.624695
541.529236
539.495361
538.818298
538.087158
535.739624
531.642212
527.024048
523.499512
522.075684
522.979248
525.698425
529.457092
533.682922
538.219360
542.761047
546.327881
547.582214
546.053711
542.932739
540.136658
538.433838
536.805847
533.718018
528.990417
524.333862
521.860046
522.274963
524.851624
528.222290
531.574829
534.988220
538.768677
542.719727
545.947388
547.331360
546.405334
543.744263
540.766846
538.740051
537.529053
535.599487
531.810364
526.827698
522.798828
521.506836
523.121094
526.525757
530.554565
534.677002
538.921875
543.025635
546.136536
547.139771
545.542480
542.385315
539.624634
538.158508
536.893005
533.792725
528.506897
523.244873
520.681030
521.257385
523.346924
525.557739
528.075195
531.770874
536.709412
541.901855
546.064697
547.964905
547.059448
544.013184
540.584534
538.289429
536.956177
534.970337
531.226624
526.543030
522.914001
521.794983
523.325439
526.608765
530.593506
534.761780
539.107483
543.520935
546.960571
547.847107
545.547363
541.526428
538.442078
537.670593
538.002136
537.018188
533.534668
528.489563
523.960327
521.706787
522.306274
525.087646
528.750854
532.587585
536.802917
541.525269
545.746094
547.755676
546.638977
543.411743
540.205994
538.245972
536.821716
534.329407
530.180237
525.578796
522.454712
521.979797
523.853088
527.087891
530.908386
535.107971
539.572754
543.645142
546.324890
547.089294
546.107605
544.029053
541.575867
539.340210
537.398193
535.144348
531.789001
527.489014
523.616089
521.746826
522.552429
525.437439
529.252808
533.357544
537.695862
542.103394
545.778137
547.460144
546.423401
543.367615
540.246094
538.310791
536.787109
533.956543
529.440369
525.045227
522.845093
522.939331
523.852722
524.755127
526.546875
530.373291
535.840881
541.209717
544.992432
546.610962
546.177673
544.281738
541.873291
539.696045
537.667664
535.031860
531.355957
527.171814
523.631409
521.855774
522.481567
525.446533
529.866272
534.485291
538.673950
542.475525
545.725830
547.283386
545.958069
542.304321
538.796448
537.559814
538.073608
537.762024
534.746155
529.567810
524.552979
521.854980
522.099609
524.458679
527.745422
531.489014
535.923035
540.929749
545.244568
547.272339
546.398499
543.643372
540.827637
538.934204
537.382263
534.948120
531.091675
526.561096
522.921570
521.515808
522.667236
525.770508
529.874023
534.373169
538.920715
543.078491
546.209106
547.734497
547.337036
545.169006
542.087158
539.367676
537.683289
536.282227
533.517273
528.922302
524.130432
521.495667
521.975647
524.721313
528.365967
532.316223
536.672241
541.241089
545.194763
547.364624
546.909119
544.188904
540.736938
538.143188
536.483765
534.400208
530.842163
526.634705
523.642639
522.785889
523.378479
524.542114
526.518127
529.927429
534.618164
539.567383
543.781433
546.567078
547.233826
545.576965
542.468689
539.455322
537.269836
535.218628
532.203918
528.246277
524.597046
522.524109
522.634888
524.783813
528.411682
532.903503
537.698608
542.298767
545.963013
547.605408
546.507812
543.245728
539.858582
538.164490
537.972046
537.367737
534.690430
530.117188
525.333374
522.250793
521.815552
523.758545
527.130859
531.087463
535.405823
539.920227
544.044373
546.715027
547.048767
545.128845
542.059082
539.195190
536.619873
533.759033
530.885254
529.397400
530.242188
532.174988
532.485901
529.732239
525.381409
522.320190
522.223816
524.606567
528.169434
532.403381
537.205383
542.032166
545.824341
547.518555
546.753418
544.113159
540.680725
537.712219
535.960571
534.834839
532.935486
529.665344
525.966431
523.278137
522.474182
523.596252
526.356689
530.355408
535.033081
539.729187
543.786804
546.555420
547.384644
545.893005
542.688904
539.396057
537.088989
535.120056
532.109802
527.916077
523.947571
521.905945
522.486938
525.166138
529.060730
533.441406
537.820923
541.720642
544.833496
546.825317
547.050781
545.270752
542.415161
539.969971
538.373108
536.675354
533.673645
529.330383
524.915222
522.044250
521.713440
523.694641
527.222473
531.490112
535.944092
540.325806
544.250000
546.799316
546.945801
544.763733
541.663208
539.170654
537.478088
535.406006
531.885376
527.255127
523.317017
521.884705
523.369629
526.545166
529.677307
532.000549
534.248047
537.525269
541.850830
545.602661
546.939697
545.452332
542.445435
539.704102
537.957703
536.432129
533.735352
529.455505
524.979248
522.290771
522.373108
524.587402
527.797607
531.541870
535.954346
540.789490
544.870178
546.843079
546.187683
543.688110
540.870972
538.669006
536.937744
534.818604
531.619629
527.766113
524.440063
522.634094
522.397278
523.442383
525.855896
529.815857
534.747742
539.518982
543.401367
546.083069
547.013306
545.708069
542.608582
539.371887
537.328247
535.979309
533.607971
529.449463
524.852112
521.946472
521.801514
524.135681
527.991882
532.508118
537.014160
541.162903
544.636292
546.910217
547.114075
544.889954
541.330933
538.395386
537.131714
536.619995
534.987488
531.401245
526.764526
522.919006
521.432861
522.870728
526.380493
530.648438
534.888794
539.152527
543.407654
546.620117
547.367859
545.362854
542.074524
539.414124
537.831299
536.070068
532.848877
528.450684
524.435852
522.290894
522.636963
525.096802
528.708496
532.446167
535.847046
539.066162
542.260071
545.004944
546.378235
545.747253
543.440308
540.602478
538.245056
536.369812
534.108582
530.662659
526.431641
522.981201
521.870422
523.488953
526.912903
530.951538
535.048889
539.251343
543.381653
546.556152
547.499451
545.729065
542.278381
539.056824
537.093201
535.598999
532.853760
528.290100
523.491821
520.849854
521.245850
523.623840
526.453247
529.306885
532.729248
537.112793
541.896545
545.844727
547.530518
546.347473
543.233582
540.066345
538.064026
536.709045
534.324585
530.155029
525.332336
521.952759
521.418152
523.712646
527.710999
532.127686
536.254761
540.117126
543.860657
546.822815
547.463440
544.912231
540.490662
537.150085
536.532959
537.243652
536.426575
532.799072
527.718811
523.560181
521.810547
522.599915
525.291504
529.123535
533.597961
538.381531
542.891235
546.167480
547.148682
545.567261
542.585999
539.927490
538.179077
536.420227
533.470825
529.345825
525.316101
522.737793
522.271790
523.850830
527.102539
531.394653
535.979431
540.245728
543.841370
546.411072
547.259094
546.022461
543.350342
540.622375
538.803589
537.493958
535.327820
531.419861
526.602783
522.851501
521.622131
522.950928
525.931335
529.838074
534.375916
539.190186
543.511841
546.317932
546.893005
545.285706
542.450989
539.710815
537.706787
535.845886
533.055603
529.074707
525.127075
522.991394
523.178955
524.537720
525.952576
527.806335
531.203247
536.247620
541.571045
545.519470
547.193909
546.533997
544.181641
541.197998
538.534302
536.394348
534.076355
530.778198
526.713257
523.292542
521.969971
523.233276
526.571228
530.974182
535.459961
539.550903
543.173828
545.974792
547.000793
545.420654
541.889038
538.631897
537.364380
537.419006
536.319214
532.618042
527.643494
523.933411
522.841614
523.988403
526.319336
529.147949
532.515991
536.695251
541.338135
545.137878
546.641846
545.668396
543.484863
541.436401
539.634888
537.152222
533.512207
529.427795
525.879578
523.213196
521.681824
522.204468
525.604370
531.220093
536.863708
540.721802
542.975891
544.794861
546.454346
546.937134
545.274780
541.945129
538.658752
536.668579
535.431885
533.121765
528.767639
523.778015
520.888306
521.617249
525.223267
529.845947
534.335571
538.654602
542.700989
545.398926
545.614746
543.878784
542.059509
541.312988
540.593872
538.350281
533.816528
528.613281
525.160583
524.043823
523.854614
523.213562
522.560974
523.889526
528.450623
535.281555
541.645813
545.570679
546.736450
546.276611
544.435791
541.566711
538.750122
536.744324
535.037292
532.398621
528.218506
523.728516
521.168579
521.952026
525.437866
529.940857
534.203735
538.232483
542.400879
546.237732
548.107117
546.680481
542.523682
538.462097
537.003784
537.658875
537.472961
534.248535
528.879395
524.244141
522.250549
522.791260
524.889282
528.008179
531.906250
536.149475
540.073425
543.375732
545.981079
547.462524
546.925781
543.856018
539.210388
534.949402
532.264954
530.486145
528.018921
524.567749
521.893555
522.205078
525.862854
530.901917
535.145203
538.243042
541.485413
545.387329
548.462158
548.666687
545.719666
541.622375
538.737061
537.424622
536.103394
533.183289
528.746277
524.575867
522.587646
523.078308
525.040955
527.759033
531.482544
536.522217
541.978760
545.984741
547.237488
545.914246
543.436401
541.076843
539.080750
536.960754
534.133728
530.471252
526.528198
523.558167
522.589417
523.656982
525.949585
528.691040
531.753113
535.329651
539.313232
543.135681
545.989319
546.952026
545.493652
542.258545
538.993958
537.051819
535.785156
533.309326
528.961853
524.348816
521.845825
522.375427
525.050049
528.631165
532.739868
537.449097
542.350525
546.272095
547.831055
546.344055
542.703308
539.046143
536.960510
536.110413
534.599609
531.169006
526.658508
523.159058
521.948975
522.712402
524.637878
527.330933
530.715271
534.717285
539.296143
544.004822
547.360474
547.741211
544.987549
541.080261
538.347778
537.161499
535.713562
532.373535
527.751648
523.958069
522.497314
523.354248
525.712219
528.963806
532.939514
537.526917
542.081543
545.594238
547.132263
546.384155
543.964539
541.172852
539.102478
537.776733
536.321045
533.816162
529.998413
525.660889
522.452332
521.908630
524.141846
527.887939
531.814880
535.648560
539.849365
544.225464
547.369751
547.668030
545.057251
541.368164
538.623474
537.097412
535.286987
531.769836
526.983154
522.995300
521.690552
523.409424
526.818604
530.293030
533.252502
536.137268
539.397888
542.767761
545.444641
546.571289
545.749878
543.317139
540.351318
537.839722
535.729614
533.183838
529.548462
525.387878
522.291321
521.660339
523.755249
527.760925
532.549622
537.190369
541.207703
544.416687
546.467407
546.597778
544.468079
541.086365
538.219482
536.577026
534.948730
531.659119
526.831726
522.487976
520.539307
521.162170
523.374756
526.439270
530.215393
534.585144
539.241638
543.696594
546.959595
547.727783
545.601135
541.991455
539.098877
537.672058
536.340210
533.343628
528.731750
524.366394
522.123291
522.470276
524.704712
527.992981
531.957397
536.496033
541.284363
545.367126
547.368958
546.405212
543.190796
539.816040
538.063110
537.796021
537.286377
535.003418
530.943665
526.453918
523.261536
522.455994
524.025208
527.034790
530.556458
534.356384
538.721741
543.378113
546.893799
547.578186
545.199585
541.542175
538.745789
537.224731
535.589355
532.331848
527.651672
523.470764
521.722900
522.765869
525.681824
529.290771
532.989075
536.716125
540.364075
543.554504
545.777466
546.562805
545.723694
543.573730
540.944031
538.645325
536.632812
533.933655
530.017151
525.701599
522.667725
522.053589
523.746582
526.966248
531.075317
535.599915
539.967163
543.549622
545.774597
546.178528
544.710571
542.118652
539.601135
537.676575
535.592468
532.251160
527.752136
523.734253
521.863342
522.203674
523.785339
526.090637
529.378723
533.703430
538.409790
542.588318
545.516235
546.537720
545.273376
542.445129
539.633484
537.853577
536.531189
534.121338
530.000916
525.341431
522.155884
521.668091
523.822449
527.664001
532.083679
536.394226
540.449524
544.143311
546.663513
546.768494
544.164551
540.471680
538.056885
537.676575
537.725098
536.013611
532.062561
527.293762
523.561890
521.959961
522.725037
525.548950
529.745911
534.503601
539.161499
543.187134
546.008606
546.969788
545.748413
542.927979
539.759216
537.173096
535.071838
532.649658
529.358765
525.672241
522.886658
522.213623
524.013672
527.628540
532.049194
536.575195
540.871643
544.648804
547.294495
548.086243
546.786804
543.976868
540.851501
538.419312
536.617981
534.327820
530.638794
526.196899
522.942749
522.310486
524.026184
526.913391
530.303101
534.327881
539.026123
543.541321
546.509644
547.052185
545.345215
542.498169
539.793945
537.693237
535.483398
532.161621
527.842468
524.111206
522.507812
522.968384
524.310303
525.964050
528.482727
532.389587
537.159363
541.702148
545.219482
547.087769
546.694031
544.140930
540.813477
538.377991
536.894165
534.730774
530.710510
525.807800
522.266602
521.503174
523.329285
526.723145
530.856201
535.259827
539.677307
543.731995
546.580994
547.225464
545.210938
541.549316
538.405090
537.149353
536.992676
535.870544
532.663391
528.133850
524.091919
521.954407
522.268188
524.766052
528.618835
533.079285
537.737305
542.195984
545.690979
547.137573
546.031494
543.198975
540.254639
538.169617
536.512390
534.103149
530.352661
525.976074
522.538147
521.454834
523.150574
526.905212
531.486389
535.954468
540.084412
543.839783
546.748779
547.972595
547.100525
544.580383
541.417908
538.567444
536.362854
534.355408
531.690063
528.064941
524.386780
522.223389
522.661072
525.483215
529.585693
533.976807
538.306396
542.410583
545.719910
547.255615
546.298584
543.322083
539.849976
537.225098
535.399048
533.145142
529.602112
525.613159
523.064331
522.884949
524.357605
526.361755
528.777344
532.189819
536.566772
541.043396
544.645081
546.661255
546.562622
544.393860
541.194946
538.434082
536.619141
534.666199
531.363770
527.031189
523.474426
522.227661
523.469971
526.419128
530.192932
534.288940
538.530151
542.696228
546.068970
547.420288
546.036743
542.787659
539.505981
537.327454
535.723694
533.377686
529.953369
526.458557
523.957581
522.784485
523.005493
524.738403
527.889160
531.959229
536.487366
541.237488
545.401001
547.572876
546.786072
543.723999
540.388000
538.246887
536.857727
534.585938
530.684570
526.070984
522.563171
521.555542
523.250305
526.772644
530.918640
535.053772
539.086243
543.076233
546.480835
548.160156
547.306335
544.344910
540.943970
538.676025
537.633301
536.374695
533.331055
528.428528
523.603516
521.312195
522.338379
525.480652
529.126526
532.874878
537.203247
542.023865
546.104431
547.844788
546.605164
543.302612
539.863892
537.641541
536.345337
534.368652
530.599243
525.805786
522.165344
521.582581
523.915649
527.356323
530.413025
533.068420
536.154663
540.087585
544.229004
547.115540
547.349426
544.836426
541.246338
538.599121
537.242554
535.715210
532.530457
527.971985
523.867798
521.901794
522.489014
525.085449
528.906555
533.262512
537.654358
541.850525
545.557739
547.714539
547.037781
543.693176
539.793945
537.388000
536.278564
534.360474
530.435791
525.758667
522.627563
522.043396
523.339355
525.450684
527.983765
531.122131
535.094421
539.786438
544.378540
547.249451
547.175171
544.521484
541.198730
538.876221
537.460388
535.513916
532.024780
527.500427
523.518188
521.599792
522.405823
525.495361
529.792053
534.273987
538.556885
542.560974
545.747437
547.033691
545.748779
542.626404
539.547791
537.885498
537.329773
536.334473
533.636963
529.389160
525.135620
522.603821
522.569153
524.602478
527.796936
531.669983
536.153870
540.816589
544.676880
546.632446
546.177673
543.830078
540.866943
538.492188
536.898743
535.024231
531.711182
527.177795
523.259644
521.854614
523.479980
526.921997
530.610718
533.892700
536.970093
540.146057
543.311584
545.832764
546.765808
545.471191
542.476562
539.375427
537.370117
535.848938
533.292297
529.155212
524.774658
522.188721
522.399841
524.947266
528.711975
532.850281
537.081299
541.352051
545.210083
547.484009
546.985901
543.884705
540.102722
537.621094
536.459717
534.757019
531.142456
526.546570
523.135071
522.015381
522.686462
524.410889
527.078430
530.682861
534.877136
539.233765
543.399658
546.546936
547.448059
545.576355
542.048523
538.870667
536.977295
535.425171
532.681458
528.470276
524.225159
521.822876
522.248962
525.083435
529.091614
533.292236
537.483765
541.705200
545.346191
547.113464
546.149475
543.201904
540.218506
538.556458
537.852478
536.629028
533.903320
529.926147
525.829407
522.951477
522.199524
523.698425
526.911316
531.096375
535.684265
540.222168
544.121094
546.577759
546.889282
545.056091
542.082703
539.366333
537.470886
535.606262
532.514160
528.035217
523.732178
521.666504
522.609863
525.757446
529.700867
533.658997
537.511047
541.141235
544.173462
546.192078
546.769714
545.540283
542.786987
539.748840
537.609314
536.121155
533.785278
529.809021
525.282776
522.300537
522.024353
524.041748
527.379089
531.452576
536.017212
540.634033
544.509155
546.698181
546.512451
544.224915
541.229370
538.992126
537.615479
535.756348
532.253967
527.701538
524.040588
522.455750
522.592224
523.769104
526.086304
529.741394
534.247009
538.784668
542.788513
545.781250
546.926575
545.659973
542.682251
539.646606
537.618530
535.975708
533.309509
529.294189
525.211670
522.700134
522.528809
524.475708
527.795105
531.860229
536.317749
540.888611
544.852478
547.003906
546.407288
543.449158
539.953003
537.819641
537.321045
536.983521
535.119690
531.414856
527.008789
523.619019
522.375183
523.381714
526.014893
529.644836
533.961731
538.663330
542.992859
545.899414
546.580505
545.072205
542.379639
539.831909
537.938904
536.020874
533.027649
528.811035
524.616089
522.216125
522.411133
524.783386
528.414551
532.747375
537.430237
541.777832
544.913330
546.531616
546.828125
545.865112
543.561096
540.476685
537.804871
536.109863
534.367615
531.181763
526.728943
522.977295
521.844360
523.564148
526.951416
530.891479
535.028564
539.359924
543.455017
546.358459
547.064941
545.235229
541.919495
538.943787
537.138489
535.493164
532.433411
527.922668
523.935425
522.423828
523.332275
525.230469
527.216003
529.546814
532.812317
537.035400
541.642883
545.608459
547.592163
546.733582
543.666992
540.229065
537.870789
536.304565
534.085388
530.483459
526.361389
523.269592
522.203247
523.412109
526.541016
530.832581
535.491272
539.997559
543.957886
546.601807
546.926819
544.750916
541.246216
538.291870
536.878723
536.258789
534.830688
531.745117
527.551697
523.805298
522.037109
522.871460
525.667908
529.251038
533.021118
537.267212
541.918701
545.861084
547.581299
546.399658
543.262512
540.024353
537.805847
536.204529
533.856812
530.072937
525.671021
522.488281
521.896912
523.813843
527.168457
531.073486
535.320862
539.814392
543.934326
546.809326
547.830933
546.892456
544.326904
541.059143
538.287781
536.546021
534.963501
532.138977
527.899841
523.866943
521.983459
522.915588
525.828979
529.604248
533.765503
538.216125
542.526123
545.797424
547.030823
545.816162
542.854736
539.781738
537.672424
536.022217
533.402649
529.366516
525.212769
522.914490
523.071350
524.769165
526.947754
529.420166
532.485046
536.217590
540.406372
544.460754
547.059387
546.909424
544.158386
540.784424
538.612061
537.498108
535.514038
531.510193
526.644897
523.170593
522.263855
523.526672
526.152588
529.777039
534.246155
539.198364
543.692322
546.524231
546.881226
544.966980
542.076965
539.545532
537.668091
535.774109
533.214600
530.136841
527.110779
524.576599
523.003418
523.119690
525.241394
528.706177
532.546265
536.519104
540.894653
545.091003
547.421570
546.634949
543.423889
540.072876
538.166504
537.063171
534.917969
530.896851
526.149109
522.729309
521.893738
523.472778
526.562744
530.488892
535.008362
539.748596
543.742188
546.054016
546.500671
545.513977
543.585266
541.121460
538.718262
536.907410
535.411072
533.055725
529.193176
524.848572
522.088440
522.267883
524.965515
528.799072
532.889954
537.183960
541.635803
545.502197
547.478333
546.613464
543.369629
539.670593
537.355286
536.356934
534.781921
531.201416
526.479065
522.931824
522.113892
523.861145
527.079895
530.951599
534.956970
538.551575
541.506348
544.094910
546.205627
546.797058
544.963013
541.532654
538.594116
537.088135
535.720947
532.791687
528.283691
524.059143
522.000977
522.615906
525.263306
528.977112
533.078125
537.342957
541.674194
545.472778
547.416870
546.392639
542.962891
539.361389
537.292358
536.222778
534.238403
530.462280
526.041565
522.753784
521.504578
522.257568
524.565735
527.859070
531.550171
535.377136
539.458557
543.610168
546.662354
547.192871
544.974487
541.530884
538.732239
537.032837
535.267761
532.167175
527.881348
524.028687
522.277222
523.064270
525.635132
529.058167
533.012634
537.597961
542.380310
546.163269
547.577759
546.208435
542.993347
539.623291
537.467346
536.740540
536.251404
534.339294
530.413574
525.736633
522.575256
522.328064
524.601868
528.117432
531.960632
535.984009
540.218445
544.218506
546.871338
547.050293
544.654480
541.160522
538.494385
537.117859
535.569519
532.179199
527.244019
523.137024
521.936279
523.581421
526.656860
530.200623
534.079468
538.097351
541.704468
544.540649
546.450439
546.928223
545.403076
542.358276
539.376038
537.564453
536.141663
533.444641
529.194580
525.032471
522.770142
522.852722
524.694153
527.745178
531.746094
536.327148
540.885986
544.690308
546.869324
546.680054
544.229309
540.906006
538.360352
536.803650
534.844604
531.361572
527.054504
523.692688
522.348022
522.838623
524.547119
527.114685
530.384949
534.297852
538.730042
543.163635
546.439453
547.252869
545.341431
542.048157
539.236633
537.542786
535.982361
533.199158
528.976501
524.672058
522.113953
522.295349
524.814331
528.452759
532.364014
536.534241
541.060425
545.176086
547.371460
546.628723
543.519165
539.867798
537.391602
536.528198
536.250671
534.938354
531.722717
527.274658
523.444214
521.964600
523.275452
526.530457
530.616333
534.889343
539.147766
543.135925
546.116211
547.018433
545.307556
541.848267
538.570007
536.716797
535.534424
533.204590
529.038269
524.568481
522.082947
522.531128
525.173828
528.900574
533.097229
537.325500
540.924866
543.500916
545.276917
546.278320
545.821899
543.547302
540.463562
538.130798
536.642212
534.452820
530.496582
525.853088
522.772339
522.452332
524.287231
527.140198
530.610840
534.843811
539.637695
544.037476
546.787231
547.018433
544.862061
541.645325
538.933472
537.120361
535.251160
532.278748
528.459595
524.998596
522.761597
521.994202
522.901855
525.633423
529.635864
533.848694
537.728088
541.579529
545.330933
547.593689
546.891296
543.544983
539.793762
537.461487
536.112976
533.943787
530.106689
525.715637
522.622375
521.945007
523.661194
527.026550
531.245483
535.758728
540.183411
544.040527
546.486938
546.680664
544.541321
541.131165
538.145081
536.699646
536.359436
535.485291
532.698242
528.197388
523.839294
521.726379
522.662476
525.797974
529.763367
533.894409
538.214172
542.555542
546.042114
547.422913
546.050903
542.737305
539.377747
537.390259
536.258972
534.085510
529.935486
525.168640
522.315796
522.569092
524.967651
527.991028
531.332947
535.511108
540.306946
544.497925
546.944092
547.427246
546.235168
543.781738
540.859070
538.467529
536.793701
534.824890
531.516479
527.179504
523.496643
522.049561
523.145508
526.076782
529.949463
534.202454
538.597168
542.837280
546.195068
547.478088
545.880249
542.333862
539.099365
537.421997
536.261353
533.630432
529.132263
524.751892
522.658936
523.066589
524.703491
526.604004
528.916992
532.151489
536.365356
541.086365
545.310852
547.591187
546.998474
544.164551
540.899841
538.631592
537.032654
534.657837
530.830688
526.450134
523.224487
522.252075
523.486328
526.271790
529.977600
534.279663
538.969177
543.477844
546.643494
547.316772
545.341858
542.049255
539.124756
537.215942
535.733643
533.766479
530.887573
527.404968
524.211548
522.450684
522.867859
525.230469
528.658691
532.477905
536.620422
541.213196
545.447754
547.657288
546.743958
543.463867
539.995728
537.970581
536.922913
534.881287
530.691589
525.581482
522.207397
522.072510
524.318787
527.277344
530.421936
534.353699
539.217896
543.861511
546.818726
547.551941
546.435425
544.068787
541.249573
538.905701
537.350647
535.661682
532.562134
528.073303
523.867676
521.861328
522.635925
525.347717
528.955017
533.020935
537.476135
542.048157
545.958252
547.833008
546.635803
543.015991
539.370972
537.565796
536.886902
534.941711
530.590088
525.430847
522.216858
522.321045
524.827393
527.987488
530.899780
533.589661
536.517212
540.152893
544.272400
547.369019
547.576965
544.656921
540.603882
537.818604
536.669678
535.463684
532.528198
528.011963
523.795593
521.825317
522.718506
525.725708
529.574036
533.462830
537.499939
541.896057
545.909546
547.898071
546.743103
543.183228
539.494629
537.199829
535.846008
533.938538
530.687073
526.688477
523.315918
521.783508
522.534912
525.081909
528.409058
531.867981
535.585999
539.872253
544.342529
547.426941
547.603882
544.886780
541.062256
538.131409
536.511536
534.895630
531.778259
527.317566
523.362915
521.882019
523.320557
526.596924
530.437195
534.284180
538.232178
542.229858
545.482056
546.971436
546.107300
543.222290
539.697327
537.295227
536.634033
536.361206
534.277649
529.721863
524.534485
521.448792
521.759033
524.751099
528.705505
532.557129
536.352112
540.447754
544.502014
547.182739
547.090149
544.327271
540.755554
538.338440
537.086731
535.202454
531.368469
526.556091
523.047607
522.155640
523.604858
526.614624
530.626709
534.926514
538.557495
541.240723
543.538879
545.677307
546.627502
545.254272
542.062256
539.001099
537.271729
536.020325
533.532166
529.308044
524.716370
521.828613
521.854248
524.539307
528.626465
532.886047
536.921997
540.963318
544.804138
547.236572
546.895691
543.933350
540.260681
537.765442
536.500549
534.940979
531.783936
527.285156
523.043945
520.764099
521.170044
523.724304
527.259949
530.989197
534.967224
539.418884
543.789795
546.685059
546.967651
544.838501
541.721924
539.070190
537.170654
535.210571
532.277405
528.414795
524.779358
522.722290
522.907410
525.093750
528.602539
532.859741
537.425720
541.730408
545.038208
546.630310
546.177307
543.861267
540.546631
537.653137
536.207581
535.706787
534.353943
530.956848
526.346619
522.794067
521.983154
523.825317
527.176819
531.023438
535.194397
539.720276
544.034485
546.904602
547.158508
544.789551
541.368042
538.831360
537.503418
535.809204
532.308594
527.579712
523.771851
522.371643
523.247192
525.589539
529.091553
533.578308
538.169312
541.734253
544.033325
545.560547
546.262024
545.429688
543.031677
540.172485
537.969482
536.187012
533.655823
529.795105
525.562866
522.618835
522.038940
523.872986
527.357239
531.504089
535.714905
539.957458
544.090698
547.021729
547.281372
544.637024
540.909180
538.314514
537.142273
535.602417
532.150513
527.387878
523.390930
521.708374
522.344788
524.325195
526.765625
529.568115
533.261963
538.045959
543.024902
546.501282
547.146606
545.119873
542.062256
539.566956
537.886536
536.087646
533.235352
529.379089
525.548157
523.088745
522.773682
524.524658
527.727051
531.794922
536.368286
540.960938
544.776672
546.770081
546.366638
543.918152
540.610901
537.938660
536.749146
536.447815
535.249634
531.845581
527.011414
523.110107
521.996521
523.567200
526.459595
529.704041
533.464172
538.117920
543.017883
546.562256
547.384583
545.372681
541.990112
539.163269
537.558044
536.006165
532.973572
528.563538
524.559143
522.643616
522.988586
524.821411
527.687317
531.708130
536.538208
541.006165
544.280701
546.369995
547.287659
546.524719
543.960571
540.693237
538.138428
536.461609
534.503357
531.216736
526.913574
523.186829
521.698792
523.072266
526.666260
531.058899
535.175903
538.952026
542.787964
546.178101
547.527954
545.796997
542.102966
538.869019
537.252686
535.979248
533.131958
528.550781
524.252869
522.338867
523.196716
525.627930
528.239990
530.523193
533.055603
536.619263
541.079346
545.103333
547.008850
546.085815
543.267029
540.268738
538.205200
536.738647
534.569397
530.909424
526.424316
522.872559
521.847595
523.564514
527.031921
531.057739
535.170654
539.380981
543.482056
546.534729
547.269714
545.252319
541.444153
537.859436
536.205139
536.333923
536.178894
533.533875
528.494263
523.609131
521.557495
522.842468
526.065002
529.707886
533.387390
537.453674
541.763245
545.347229
547.063965
546.252258
543.390198
540.016846
537.571106
536.031555
534.009766
530.450134
526.097412
522.833679
522.032715
523.716797
527.044617
531.171692
535.583740
539.734070
543.352844
546.346619
548.113953
547.482849
544.258423
540.269043
537.869629
537.271118
536.212219
532.657227
527.261169
522.784363
521.467285
523.105042
526.061584
529.194641
532.744995
537.272827
542.402405
546.514587
547.832825
546.000732
542.563904
539.643677
537.949463
536.364319
533.486877
529.270081
525.102600
522.610901
522.516418
524.519043
527.702026
530.964844
533.725769
536.358948
539.661133
543.596191
546.765259
547.439697
545.242126
541.570007
538.322998
536.307312
534.581787
531.740601
527.612671
523.739624
522.099182
523.329834
526.416138
529.969482
533.639282
537.890259
542.563965
546.249939
547.349609
545.570007
542.293518
539.360474
537.381287
535.654236
533.178406
529.713379
526.088074
523.476318
522.500793
523.061584
524.912109
528.004883
532.212463
536.898621
541.192505
544.530579
546.449585
546.427002
544.291565
540.982117
538.177551
536.563782
534.967407
531.766052
527.155823
523.273193
522.075256
523.705078
526.856445
530.446228
534.341614
538.750732
543.084229
546.208801
547.159119
545.611084
542.402893
539.395325
538.076355
537.946960
536.878845
533.427734
528.437622
524.168945
522.141296
522.510254
524.638672
528.085876
532.560547
537.423462
541.817810
545.098450
546.752136
546.247498
543.707214
540.405334
537.943359
536.585754
534.895874
531.449097
526.541321
522.318726
521.001587
523.213501
527.529114
531.558167
533.909302
535.391602
538.033752
542.542358
546.984741
548.397583
545.863770
541.559570
538.350037
536.971313
535.747375
532.924683
528.665466
524.704651
522.614502
522.782166
524.774780
528.117188
532.524170
537.474854
542.087952
545.503357
547.093994
546.529419
543.988525
540.485962
537.399170
535.352783
533.814697
531.482727
527.712097
523.578857
521.140869
521.580139
524.309509
527.905518
531.477356
535.158997
539.249023
543.411499
546.460876
547.011230
544.950867
541.757202
539.216736
537.664307
535.703125
532.058838
527.361755
523.749023
522.658813
523.734070
525.867188
528.727844
532.660828
537.464355
542.080261
545.408020
546.855042
546.124023
543.254578
539.393066
536.550293
535.779846
535.836670
534.388245
530.539856
525.738586
522.352356
521.782898
523.912354
527.628418
531.732727
535.709167
539.721191
543.754211
546.746338
547.079529
544.431274
540.702576
538.290283
537.379211
535.878845
532.145874
527.028687
522.970642
521.631653
522.957581
526.117249
530.260071
534.477783
537.977478
540.643494
543.001404
545.264709
546.590515
545.879272
543.178528
539.878662
537.363953
535.642944
533.541992
530.146423
525.937378
522.625183
521.823608
523.792419
527.521179
531.885498
536.448059
541.113098
545.238159
547.624756
547.346130
544.682739
541.124390
538.242981
536.414612
534.715271
532.082092
528.321655
524.456238
522.018250
521.856812
523.628967
526.429749
529.807190
533.815125
538.451721
543.086487
546.561157
547.683350
545.965088
542.481934
539.201233
537.243347
535.867249
533.385681
529.228210
524.864746
522.451172
522.794617
525.090515
528.252869
531.929565
536.206421
540.748169
544.747620
547.072327
546.841980
544.040283
540.077698
537.182251
536.471802
536.665833
535.299805
531.414368
526.607422
523.347717
522.756775
524.342041
527.194641
530.690125
534.665649
538.934753
543.063843
546.169312
547.115906
545.449829
542.244751
539.363953
537.606445
536.013367
533.107727
528.754456
524.492798
522.122986
522.450256
525.030457
528.852661
533.046021
537.113037
540.978455
544.643677
547.460815
548.214050
546.404602
543.058044
539.959534
538.049133
536.647827
534.350220
530.510681
525.973694
522.602539
521.851807
523.764404
527.228577
531.148743
535.260132
539.750244
544.152649
547.044067
547.067871
544.383423
540.829529
538.322510
537.138550
535.821045
532.880127
528.508423
524.437805
522.468811
523.013550
524.986938
527.168335
529.484375
532.707458
537.199036
542.148804
546.034424
547.539307
546.276550
543.047607
539.619141
537.397217
536.147522
534.283081
530.645447
526.018494
522.626587
522.031738
523.975464
527.177429
530.893799
535.126892
539.874573
544.392456
547.346008
547.573547
545.035400
541.006836
537.671082
536.443848
536.504272
535.528198
532.118408
527.327332
523.562744
522.300720
523.377380
525.943481
529.433105
533.542175
538.055115
542.360413
545.663452
547.049744
545.980347
543.080444
539.923889
537.642822
535.858398
533.359619
529.714966
525.782654
522.946838
522.207031
523.798401
527.198364
531.594116
536.131958
540.539124
544.914001
548.562073
549.710571
547.273010
542.710205
539.151978
538.161621
538.143799
536.414001
532.077881
526.753601
522.961975
521.930237
523.294983
526.114990
529.741089
533.866333
538.312988
542.668884
546.081665
547.440430
546.146118
543.003235
539.715027
537.434204
535.766968
533.303955
529.303040
524.736389
521.765991
521.883240
524.666870
528.263672
531.233765
533.713013
536.702576
540.622620
544.597717
547.002075
546.723938
544.065918
540.655212
538.106567
536.609253
534.806641
531.393494
526.798767
523.037354
521.821411
523.258362
526.259033
529.988098
534.191406
538.762817
543.199219
546.480774
547.398376
545.438110
541.744324
538.334229
536.650208
536.082275
534.555115
530.941101
526.410156
523.251831
522.488281
523.506042
525.451355
528.265930
532.149536
536.782837
541.468750
545.148804
546.856934
546.114441
543.499084
540.481934
538.274353
536.667542
534.383728
530.710938
526.473145
523.328247
522.393188
523.720520
526.632263
530.401855
534.537292
538.825256
542.912537
546.073730
547.218079
545.789917
542.657959
539.645386
537.948425
537.059570
535.508179
532.466614
528.362427
524.568848
522.487549
522.893433
525.408936
529.077332
533.140930
537.383118
541.649414
545.260925
547.035278
546.206909
543.376282
540.214111
537.949341
536.342773
534.140625
530.567444
526.350830
523.170715
522.478882
524.307434
527.322815
530.285034
533.054993
536.265991
540.191711
544.060608
546.532166
546.689941
544.639160
541.495972
538.719360
536.824829
535.007874
532.085571
527.945068
524.040955
522.182068
522.996643
525.766602
529.449768
533.485962
537.724731
541.837158
545.173218
546.864197
546.234192
543.510376
540.090576
537.543335
536.058228
534.204895
530.692688
526.081360
522.373596
521.015747
521.889404
524.238159
527.694519
531.986511
536.485168
540.620483
544.058533
546.273376
546.405457
544.170654
540.776672
538.105835
536.671509
535.156738
532.014038
527.506409
523.547974
521.921204
523.028381
526.170044
530.236816
534.403320
538.430420
542.306274
545.502930
546.853577
545.411804
541.922974
538.597412
537.178467
537.202026
536.643860
534.088257
529.903442
525.616150
522.791565
522.317322
524.176025
527.603943
531.754883
536.170898
540.596191
544.412231
546.611145
546.449402
544.243835
541.306030
538.772827
536.697693
534.380005
531.129883
527.116577
523.529236
521.765259
522.578796
525.754028
530.285522
535.151245
539.584045
542.921387
544.730103
545.176636
544.885986
544.296753
543.128723
541.026062
538.255005
535.271790
532.083008
528.576355
525.100952
522.707214
522.426025
524.372620
527.825073
532.017212
536.512268
540.947937
544.661377
546.728760
546.338135
543.804504
540.710999
538.526489
537.119324
534.981750
530.932678
525.811707
521.955017
521.148438
523.151550
526.240967
528.848816
530.740540
532.953735
536.870911
542.557983
547.682434
549.026794
545.854736
540.936035
537.883850
537.358765
536.753418
533.552551
528.313232
523.814392
522.031555
522.757996
524.892517
527.919800
532.126953
537.400574
542.526855
545.897400
546.676453
545.200745
542.799255
540.813293
539.615051
538.520325
536.647034
533.729126
530.144409
526.301758
522.991699
521.631287
523.253845
527.324158
532.035950
535.927490
539.214233
542.747681
546.074646
547.259888
545.058289
540.834534
537.462952
536.270203
535.670654
533.157166
528.317139
523.537231
521.651733
523.192078
526.247009
528.992859
531.651978
535.707703
541.465210
546.944763
549.561890
548.536011
545.504150
542.748779
541.044739
539.363953
536.396545
532.132751
527.861816
525.090393
524.158203
524.301025
525.039001
526.850159
530.487000
535.570374
540.660522
544.417664
546.352722
546.419617
544.587341
541.441833
538.376465
536.393066
534.889221
532.294250
528.219360
524.360840
522.683472
523.056641
524.100403
525.497742
528.498352
533.840637
540.142151
544.866760
546.651367
546.003174
544.206543
542.211060
540.352966
538.538452
536.409485
533.477844
529.694580
525.719666
522.696838
521.727905
523.359436
527.086365
531.664734
536.103821
540.206360
544.090332
547.062683
547.611694
544.957214
540.648560
537.574707
537.025452
537.381287
536.064453
532.066040
526.609009
522.147156
520.878662
523.416382
528.273193
532.770874
535.282837
536.735229
539.477234
544.205200
548.399414
548.593750
544.438354
539.227112
536.198425
535.319580
533.916382
530.094482
525.029358
521.731628
521.959595
524.862122
528.547058
532.123535
535.923340
540.179321
544.232483
547.010315
547.834290
546.604919
543.668579
540.017395
537.216675
536.087891
535.530579
533.196228
528.135498
522.481018
519.755981
521.575745
526.367737
531.366882
535.267883
538.610107
542.238586
545.711914
547.353821
545.897034
542.154053
538.508423
536.518188
535.447510
533.316833
529.355652
525.137756
522.951782
523.348206
525.006958
526.777283
528.970276
532.342651
536.747131
541.198120
544.655090
546.329773
545.847229
543.631775
540.892578
538.628845
536.690186
534.109436
530.470947
526.555359
523.656189
522.554565
523.388733
526.052429
530.187134
534.986755
539.588013
543.500244
546.266541
547.036682
545.312927
541.831177
538.430298
536.518677
535.811646
534.835510
532.373169
528.532349
524.664856
522.374695
522.648499
525.308594
529.217896
533.310547
537.494873
541.860168
545.588928
547.195862
545.898987
542.741272
539.737000
537.981506
536.731140
534.368408
530.265808
525.615784
522.445190
521.948975
523.866455
527.123718
530.823425
534.903992
539.391357
543.769531
546.944885
548.014832
546.865112
544.161499
541.036194
538.579468
536.942322
535.140137
531.991150
527.580566
523.596313
521.944153
523.030029
525.900146
529.466553
533.406982
537.768311
542.136536
545.534912
546.994751
545.981323
543.104736
539.986511
537.873474
536.461548
534.185120
530.057068
525.174133
521.836182
521.625488
524.140198
527.866943
531.640198
535.118469
538.305115
541.338074
544.168762
546.066772
546.018066
543.978760
541.191467
539.005493
537.251953
534.765076
530.969604
526.745972
523.638428
522.506531
523.306458
525.774231
529.561157
534.043152
538.517883
542.602905
545.875122
547.386169
546.208191
542.798279
539.097595
536.689758
535.356873
533.673584
530.740601
527.090698
523.938416
522.250610
522.468079
524.535156
527.992859
532.184753
536.549194
540.588257
543.881653
546.064758
546.826538
545.957581
543.362183
539.420044
535.319885
532.437805
530.840759
529.030273
525.937683
522.725098
522.014771
525.075134
530.408936
535.430664
538.987183
541.690063
544.538025
547.094177
547.757019
545.670288
541.731506
537.996704
535.993896
535.222961
533.753479
530.421265
526.074463
522.736450
521.930420
523.642456
527.249268
532.094116
537.376038
542.088440
545.287048
546.562744
545.967651
543.828003
540.992126
538.517334
536.619934
534.341431
530.769104
526.400146
522.996948
521.949890
523.349609
526.381653
530.276550
534.436340
538.241638
541.354370
543.958374
546.005005
546.589233
544.956177
541.904846
539.224121
537.589478
535.815857
532.578247
528.110779
524.222900
522.520386
523.184387
525.432312
528.551331
532.313354
536.725830
541.525635
545.734131
547.870056
546.937683
543.586487
539.951599
537.678894
536.437866
534.660645
531.450195
527.408569
523.901611
521.937927
521.920959
523.799316
527.077087
531.048462
535.266968
539.578491
543.663513
546.587952
547.127319
544.959839
541.390991
538.279907
536.462891
535.131409
532.767517
528.792664
524.429871
521.793213
522.150085
525.142334
529.374023
533.766907
538.000061
541.969055
545.237671
546.893555
546.269897
543.569763
539.999695
537.202698
536.082031
535.802551
534.379089
530.768799
526.104004
522.768982
522.228333
524.157776
527.428772
531.261597
535.491821
539.976074
544.044189
546.668030
546.921204
544.671143
541.156860
538.220215
536.570862
535.092163
532.233704
527.963013
524.008789
522.143982
522.801575
525.460205
529.455078
534.068481
538.283386
541.393188
543.589294
545.375793
546.314941
545.395630
542.710510
539.714844
537.685059
536.192261
533.775940
529.819946
525.384155
522.338379
521.923340
524.163208
528.031128
532.297485
536.346497
540.314392
544.217773
547.014709
547.222717
544.619812
540.926880
538.160156
536.493408
534.491211
531.154419
527.164185
523.984680
522.411621
522.385681
523.706177
526.300842
529.946289
534.199890
538.611694
542.726074
545.842041
546.976562
545.600708
542.440674
539.208923
537.114746
535.752197
533.577515
529.681824
525.074829
521.990723
521.966248
524.650940
528.514465
532.457153
536.442810
540.672791
544.640503
547.063843
546.849365
544.030518
540.007751
536.914856
535.995605
536.342896
535.561462
532.144043
527.138000
523.239014
522.225220
523.783508
526.629211
530.290649
534.572937
538.398193
541.316467
543.233154
544.999390
546.384521
546.394775
544.340515
540.442993
535.457336
530.099854
525.223816
521.899780
521.293396
523.367126
526.690125
530.407166
533.840820
537.132446
540.406189
543.701233
546.636047
547.990356
546.653503
543.175171
539.558411
537.499878
536.606812
534.974670
531.520874
526.904907
523.143250
521.844543
523.456970
527.024292
531.246521
535.333496
539.263672
543.151672
546.237427
547.150269
545.202209
541.576355
538.417175
536.682007
535.409546
532.921936
528.970398
524.944153
522.568298
522.523010
524.257996
526.781982
529.580505
532.873474
536.989441
541.597046
545.490540
547.253784
546.297729
543.289612
539.927246
537.524414
535.993408
534.036377
530.645874
526.388489
523.126831
522.378418
524.213928
527.524536
531.336121
535.409363
539.722351
543.764954
546.512939
547.024048
545.099182
541.534790
538.026794
536.136963
535.853821
535.411072
533.023804
528.780090
524.650330
522.594543
523.113220
525.574524
529.169983
533.373169
537.867920
542.138367
545.464783
546.964111
546.043823
543.228821
540.072632
537.781982
535.973206
533.287292
529.320129
525.282898
522.906128
522.802979
524.545532
527.536987
531.412292
535.717773
539.945557
543.726807
546.796692
548.358582
547.410034
544.468262
541.216431
538.845093
537.019470
534.279724
530.399902
526.481201
523.910400
523.350403
524.566650
526.970764
530.162415
533.877502
537.872864
541.994629
545.400330
546.771240
545.611389
542.693176
539.819702
537.883118
536.128113
533.343811
529.274170
525.158569
522.793518
523.018433
525.281860
528.134155
530.642700
533.058960
536.240356
540.423218
544.574890
547.070679
546.864136
544.303772
540.923828
538.229614
536.502625
534.548035
531.171387
526.756470
523.209961
522.265564
523.983154
527.107910
530.553406
534.215881
538.402588
542.777100
546.128784
547.110596
545.356628
542.049988
538.951172
537.223755
536.395874
534.773438
531.285339
526.773682
523.268799
522.053528
522.979980
525.260986
528.442932
532.363220
536.763062
541.302795
545.160217
547.205139
546.593079
543.663147
540.155884
537.787598
536.519897
534.627747
530.943176
526.363770
523.007080
522.274658
523.956177
526.993530
530.523560
534.353699
538.662720
543.115845
546.697632
547.954041
546.107666
542.164795
538.557739
537.046265
537.055969
536.375122
533.386230
528.586975
524.075256
521.899902
522.717041
525.478271
528.814697
532.291809
536.386719
541.216492
545.655945
547.810852
546.678467
543.206360
539.658691
537.525696
536.326660
534.371765
530.688416
526.197449
522.915771
522.392334
524.489136
527.671631
530.472290
532.735107
535.380127
539.097839
543.349854
546.573425
547.326721
545.335999
541.811646
538.662842
536.779785
535.308777
532.597961
528.253296
523.866394
521.680664
522.587463
525.684998
529.499451
533.283386
537.244324
541.528381
545.484314
547.679321
546.837219
543.325012
539.331665
536.997009
536.262512
534.875488
530.967834
525.407043
521.037415
519.810608
521.507935
524.707947
528.406738
532.240601
536.064148
539.846497
543.548157
546.411987
547.135559
545.130859
541.530029
538.394653
536.567139
534.948792
532.056885
527.822998
523.794434
521.707886
522.415039
525.564636
530.055664
534.658936
538.789917
542.531555
545.708374
547.307800
546.175293
542.587524
538.628784
536.455505
536.282104
536.271362
534.441040
530.416199
525.648438
522.275085
521.743164
523.999268
527.795471
531.966797
536.192932
540.509705
544.398804
546.711121
546.507507
544.052246
540.846069
538.311646
536.578186
534.615051
531.451172
527.265625
523.455078
521.678772
522.622070
525.797852
530.067993
534.406555
538.247864
541.381409
543.896057
545.844971
546.745422
545.771179
542.864563
539.350464
536.784180
535.227539
533.101379
529.351562
524.967590
522.124878
522.131226
524.507751
528.019043
531.979736
536.347778
540.930847
544.997986
547.389954
547.085327
544.176208
540.287659
537.447205
536.037354
534.533691
531.421326
527.170776
523.800476
522.574158
523.037476
524.365173
526.640747
530.274902
534.895203
539.470032
543.314270
546.074585
547.083252
545.768860
542.601196
539.162964
536.748962
535.026123
532.638977
528.989624
525.023438
522.478821
522.518250
524.981323
528.784119
532.853882
536.816650
540.887207
544.750183
547.159912
546.832397
543.877625
540.164429
537.710266
536.795593
536.085754
534.170471
530.751160
526.686157
523.429443
522.257996
523.634277
526.959106
531.162231
535.436768
539.511597
543.217957
545.975220
546.801941
545.324707
542.357056
539.382812
537.178101
535.160828
532.225525
528.085510
524.014648
521.882202
522.498169
525.311340
529.256287
533.562561
537.825256
541.566711
544.313782
545.907715
546.352417
545.521362
543.434326
540.722595
538.328857
536.384277
533.928467
530.244873
526.123169
523.185303
522.483643
523.890503
526.825623
530.910339
535.712280
540.584717
544.596558
546.841553
546.731873
544.470032
541.300110
538.717651
537.106140
535.389709
532.277649
528.078857
524.574158
523.228821
523.736206
524.965698
526.517090
528.981934
532.722046
537.506531
542.566711
546.632996
548.143433
546.485168
542.771118
539.185669
537.010986
535.600830
533.375610
529.671509
525.540039
522.755432
522.252991
523.922241
527.184143
531.396851
535.971313
540.478210
544.355164
546.738770
546.756409
544.360718
540.768799
537.722412
536.158020
535.528381
534.438599
531.790405
527.824646
524.058533
522.190552
522.900757
525.666809
529.568481
534.033875
538.741089
543.095154
546.182556
547.145752
545.736755
542.706970
539.396301
536.837830
534.953064
532.674011
529.228699
525.344360
522.763672
522.643311
524.745300
528.009399
531.773682
535.944763
540.271729
544.142090
546.913147
548.022278
547.004028
544.010498
540.337463
537.626892
536.140137
534.357605
530.904419
526.441223
523.204346
522.683716
524.385376
526.885376
529.550720
532.960144
537.772827
543.460327
548.121033
549.537964
546.895325
541.969543
537.907959
536.221130
535.452393
533.090942
528.638489
524.326355
522.499329
523.342407
525.415405
527.539124
529.718750
532.597290
536.489197
540.980530
544.985535
547.033142
546.261597
543.459167
540.416626
538.338318
536.787415
534.444946
530.839478
526.739441
523.450378
522.031677
522.960632
525.995605
530.256592
534.834656
539.232971
543.215088
546.151917
546.918701
545.019653
541.681824
538.909302
537.728638
537.204224
535.391479
531.247803
525.782593
521.499146
520.507568
522.805725
526.442627
529.743774
532.787964
536.673523
541.685059
546.125793
547.853577
546.280579
542.900818
539.881287
538.146118
536.845947
534.492737
530.618164
526.307373
523.296692
522.565735
523.928040
526.766602
530.645508
535.139099
539.483704
543.048767
545.764282
547.600281
547.792236
545.520935
541.581543
538.196228
536.586182
535.443604
532.526917
527.519409
522.741882
521.018372
523.075928
527.340515
531.698853
535.135620
537.991699
541.030945
544.265625
546.398315
545.952881
543.071838
539.774658
537.731995
536.479980
534.220093
530.154297
525.599792
522.657654
522.420044
524.510620
527.911865
531.620789
534.846558
537.501770
540.216919
543.450195
546.265259
546.953491
544.843262
541.238586
538.208557
536.494751
535.072510
532.469177
528.466431
524.536011
522.668091
523.414734
525.555664
528.145203
531.807434
537.635254
544.670837
549.460388
549.110718
544.531067
539.804382
538.040344
538.367737
537.531616
533.972290
529.115601
525.269775
523.503967
523.263123
523.720276
524.982605
527.708557
531.949585
536.776794
541.072937
544.292725
546.264648
546.560486
544.724060
541.360596
538.145081
536.209534
534.762268
532.052063
527.732056
523.666199
522.148926
523.695068
527.020569
530.634583
534.140076
538.006348
542.362122
546.197815
547.841614
546.123901
541.689209
537.222717
535.342529
536.011230
536.542725
534.366516
529.701355
525.104675
522.794739
523.106018
525.164307
528.163513
531.996643
536.631348
541.436096
545.332031
547.196960
546.485168
543.855713
540.831787
538.591553
536.882690
534.427002
530.554565
526.152222
522.970764
522.230896
524.000122
527.409241
531.163696
534.199158
536.533142
539.210938
542.807373
546.193481
547.326477
545.380920
541.789062
538.832520
537.256958
535.808716
532.947449
528.708130
524.717102
522.599365
522.916321
525.164490
528.563416
532.603577
537.121887
541.696228
545.402832
547.143921
546.264038
543.346375
540.036194
537.803467
536.584778
534.921631
531.506897
526.653748
522.288269
520.319641
521.195007
523.886292
527.266418
530.985901
535.185730
539.675293
543.742615
546.502563
547.089172
545.316162
542.168701
539.287598
537.385254
535.530090
532.333313
527.882019
523.983093
522.393066
523.270142
525.582092
528.601257
532.442505
537.196350
542.173218
546.057922
547.680542
546.381409
542.644836
538.434082
536.113892
536.191345
536.670471
535.043457
530.907410
526.225647
523.178467
522.531982
523.870544
526.625488
530.535034
535.322815
540.370361
544.712708
547.154785
546.861084
544.221619
540.894653
538.562439
537.329773
535.707458
532.421997
527.884033
523.954651
522.308838
523.266663
525.996094
529.583435
533.376465
537.213867
541.134949
544.701294
546.998108
547.184021
545.275085
542.390076
539.821045
537.885559
535.884277
532.970154
529.171570
525.715881
523.795471
523.596680
524.631104
526.704834
530.270264
535.441223
541.071594
545.319275
547.030518
546.291382
543.974609
541.106873
538.511108
536.504578
534.637634
532.076477
528.537476
524.930969
522.779114
522.824829
524.496765
526.898193
529.797791
533.449829
537.729797
541.994446
545.413757
546.979980
545.970337
542.930542
539.623108
537.456238
536.031921
533.666260
529.466431
524.720154
521.796570
521.960632
524.630432
528.412354
532.415161
536.458252
540.604980
544.511108
547.071289
547.026306
544.133179
539.962646
537.048523
536.499084
536.891174
535.784912
532.245667
527.550293
523.750977
522.093933
522.826599
525.584900
529.650208
534.299744
539.000122
543.265442
546.314697
547.106628
545.229858
541.761536
538.597351
536.712585
535.340942
532.992126
529.184875
525.062012
522.492004
522.599487
525.084106
528.732300
532.513123
536.258423
540.408142
544.852173
548.247559
548.914551
546.470886
542.418640
539.068787
537.678162
537.463379
536.233398
532.301208
526.377197
521.519226
520.507507
523.517212
528.217712
532.221436
535.247864
538.616089
542.832581
546.517517
547.550476
545.284546
541.379822
538.262451
536.786682
535.627991
532.927063
528.534668
524.441040
522.835327
523.881287
526.005859
527.823120
529.566223
532.273926
536.106567
540.293396
544.089783
546.898132
547.795227
545.881165
541.577515
536.900696
533.834473
532.359192
530.777710
527.715027
523.909973
521.783875
523.075806
527.260193
532.192810
536.200867
539.434814
542.834167
546.144104
547.550842
545.742249
541.649170
538.086121
536.890015
536.979858
535.716309
531.885620
526.876465
523.194519
522.223755
523.600037
526.202637
529.181885
532.548218
536.912964
542.093628
546.668884
548.593750
546.764160
542.323486
538.151917
536.309937
536.144653
535.068176
531.313843
526.000916
522.095642
521.667664
524.291199
527.990234
531.530640
535.172607
539.389404
543.649597
546.595886
547.177856
545.524780
542.765259
540.180664
538.502136
537.455078
535.797058
532.441772
527.770935
523.800903
522.488464
523.910278
526.737732
529.955811
533.598938
537.931091
542.341919
545.540039
546.589966
545.447998
542.832581
539.944214
537.727539
536.075073
533.874634
530.286194
526.004578
523.075073
522.847839
524.850525
527.624878
530.303223
533.070923
536.375244
540.223145
544.052246
546.698120
546.888977
544.441406
540.907349
538.211609
536.750183
535.006226
531.536621
526.896179
523.129089
521.879578
523.375244
526.758850
530.884827
534.822388
538.279541
541.560486
544.748779
546.845947
546.386475
543.343445
539.631714
537.127808
535.579773
533.241699
529.341370
525.125793
522.439575
521.986023
523.232727
525.431274
528.264221
531.808350
536.154602
540.998596
545.306824
547.538635
546.838623
543.910461
540.604309
538.241943
536.578125
534.398254
531.002625
527.028503
523.912109
522.758728
523.746948
526.369934
530.055542
534.420410
539.073608
543.145630
545.693054
546.369812
545.553406
543.845032
541.666504
539.403931
537.465454
535.730896
533.318665
529.524841
525.120911
522.088989
522.025269
524.768921
528.820190
532.927307
536.888672
540.946167
544.709167
546.961060
546.567505
543.718323
540.169250
537.683350
536.363708
534.566833
531.002686
526.500427
523.180908
522.433472
524.109009
527.300110
531.293884
535.439880
538.967407
541.524414
543.586304
545.411804
546.145264
544.693665
541.603394
538.861572
537.434998
536.077576
533.109192
528.618774
524.536682
522.607117
523.080750
525.245361
528.527588
532.734253
537.537170
542.167358
545.640503
547.003296
545.957336
543.279663
540.456360
538.339294
536.402466
533.603455
529.913635
526.432983
524.149719
523.180054
523.341736
524.713440
527.467041
531.279236
535.594177
540.000061
543.961487
546.498840
546.634949
544.357056
541.039062
538.352417
536.762024
535.216736
532.497925
528.575684
524.794006
522.757996
523.145996
525.597900
529.254089
533.466064
537.914856
542.181152
545.500610
546.918213
545.953796
543.018433
539.363403
536.526611
535.320496
535.052124
533.924561
530.804077
526.478943
523.097900
522.287231
524.100403
527.574585
531.691406
535.983215
540.255310
544.042786
546.436462
546.604614
544.493286
541.303650
538.681641
537.069397
535.279968
532.004456
527.590027
523.897705
522.446655
523.320740
525.849304
529.542786
533.946472
538.204163
541.460815
543.736816
545.457886
546.313538
545.401062
542.776978
539.861145
537.814514
536.140869
533.520264
529.592224
525.427979
522.579346
522.087891
524.140991
528.159607
532.938171
537.287781
540.745361
543.581238
545.745728
546.308533
544.479919
541.091125
538.079102
536.382690
534.956421
532.324219
528.310547
524.176147
521.531555
521.317200
523.418884
526.956482
530.828674
534.565247
538.383301
542.420898
545.909363
547.403870
546.035339
542.668457
539.267822
537.057861
535.530151
533.305237
529.696960
525.607300
522.761475
522.432251
524.578064
528.206421
532.384827
536.723206
541.032471
544.784668
546.982544
546.764832
544.140625
540.336487
537.178833
535.906372
535.936646
535.184692
532.101807
527.379456
523.423218
522.128784
523.539185
526.557495
530.259277
534.392456
538.883362
543.213989
546.342834
547.214600
545.461121
542.020508
538.772156
536.899475
535.636108
533.224121
529.098633
524.761169
522.293213
522.560608
525.021790
528.650269
532.793823
536.921143
540.567078
543.737732
546.484985
548.043640
547.100281
543.603088
539.500244
536.956238
535.990906
534.641541
531.410706
526.911377
523.382751
522.523560
524.185425
527.140808
530.489502
534.299744
538.860535
543.622192
546.993896
547.439148
544.936462
541.291260
538.566650
537.140198
535.672852
532.852905
528.926514
525.211670
522.859436
522.367737
523.674011
526.333862
529.728821
533.439453
537.355530
541.383850
544.878662
546.720276
546.143005
543.539490
540.429443
538.043335
536.231384
533.921509
530.478271
526.529297
523.296936
522.076782
523.499512
527.199341
532.152527
537.017517
540.750366
543.248474
545.036438
546.073303
545.386902
542.333008
538.146667
535.458801
535.301086
535.943115
534.475586
529.870850
524.387329
521.332947
522.128235
525.713135
530.133484
534.201172
537.888672
541.537598
544.943604
546.957703
546.286987
543.136780
539.242981
536.472839
535.107117
533.639832
530.774475
526.862793
523.377441
521.823853
522.898499
526.304077
531.167542
536.284302
540.774475
544.611511
547.876282
549.731384
548.805481
544.917542
540.123779
536.948853
535.694519
534.545410
531.839050
527.716675
523.906067
522.131958
522.952454
525.744690
529.645935
534.082336
538.683777
542.930115
545.983521
546.937378
545.498291
542.564636
539.639587
537.461731
535.540405
532.991760
529.586670
526.028625
523.571655
523.156311
524.901184
527.915955
531.041443
533.778870
536.593872
540.051331
543.758728
546.306152
546.323486
543.841187
540.488770
538.017822
536.713196
535.122925
531.798340
527.056213
523.067444
521.821045
523.427734
526.524536
529.974365
533.814453
538.282776
542.756897
545.986084
546.887207
545.353882
542.412109
539.385437
537.211426
535.881897
534.434875
531.813782
528.089233
524.629822
522.896545
523.272339
525.269836
528.370056
532.171875
536.351013
540.699158
544.583435
546.965088
546.810181
544.133789
540.531616
537.872375
536.479065
534.868652
531.651733
527.314636
523.780090
522.496216
523.532715
526.253052
530.020752
534.349060
538.855103
542.928589
545.978027
547.225891
546.013855
542.782837
539.338989
537.375793
536.758911
535.789551
533.056396
528.873596
524.882446
522.671082
522.957703
525.295715
528.719238
532.487427
536.470276
540.733521
544.711731
547.006470
546.440308
543.483948
540.111084
537.868530
536.458862
534.351318
530.695618
526.447815
523.469666
523.021484
524.894531
527.789001
530.482056
532.774414
535.406433
538.934631
542.886780
545.876892
546.683899
545.144043
542.258362
539.412170
537.243835
535.274719
532.489014
528.543335
524.561951
522.351868
522.906494
525.711304
529.492859
533.374634
537.263367
541.217407
544.797668
546.905029
546.451477
543.575256
540.026917
537.638428
536.559692
535.029602
531.322083
526.018799
521.700073
520.436462
522.053528
524.978699
528.114563
531.451660
535.230286
539.323914
543.233765
546.056580
546.680237
544.705383
541.288940
538.399536
536.826538
535.426208
532.571899
528.252808
524.185303
522.214111
522.915100
525.721375
529.698547
534.098083
538.470276
542.429138
545.452209
546.779846
545.738953
542.789795
539.653198
537.940674
537.534424
536.765808
534.292908
530.372009
526.347961
523.505981
522.630737
523.900085
526.920349
531.065918
535.729492
540.413391
544.397766
546.686890
546.551086
544.246643
541.203735
538.875732
537.302124
535.301208
531.955505
527.733643
524.199951
522.702209
523.445557
525.868225
529.210632
533.048584
537.214661
541.322205
544.647583
546.499695
546.490723
544.761841
542.066772
539.498108
537.701843
536.207153
533.720581
529.802063
525.592163
522.980713
522.973145
524.999512
527.904297
531.175598
535.048950
539.602539
544.060608
546.972900
547.023743
544.231873
540.377502
537.703125
536.669312
535.583862
532.502075
527.651428
523.479309
522.052124
523.144409
525.159424
527.243469
529.842285
533.535522
538.072815
542.624634
546.101501
547.260559
545.648132
542.267456
539.068359
537.135193
535.712280
533.317139
529.600891
525.762024
523.291992
522.955994
524.712769
528.089417
532.337463
536.707031
540.767273
544.268188
546.563171
546.592957
543.959900
539.971252
536.941101
536.017883
536.085083
535.066040
531.934753
527.529358
523.749939
522.298340
523.575745
526.710999
530.503479
534.445435
538.641357
542.842529
545.973145
546.799683
545.088989
542.082458
539.393616
537.504944
535.519287
532.462402
528.479492
524.913818
523.126160
523.459595
525.407959
528.434753
532.302612
536.826050
541.281921
544.654236
546.342590
546.409912
545.245972
543.203064
540.777344
538.583191
536.651367
534.184021
530.538696
526.374878
523.343506
522.667847
524.235168
527.098511
530.580994
534.608398
539.150208
543.534058
546.465393
546.782471
544.403931
540.938354
538.462891
537.475464
536.261658
532.958984
528.004028
523.977051
522.885376
524.084839
525.548889
526.548218
528.190430
531.707214
536.822754
542.101440
545.936035
547.194336
545.582581
542.219910
539.064270
537.341858
536.384705
534.385742
530.558777
526.138428
523.141052
522.668518
524.376831
527.227722
530.591736
534.495850
539.087769
543.799988
547.076111
547.411621
544.657959
540.540710
537.457764
536.428894
536.305603
535.191284
532.244507
528.175659
524.558289
522.743835
523.247131
525.637512
529.059631
533.019226
537.404236
541.869446
545.487366
547.095886
546.049927
543.021240
539.641357
537.210205
535.652649
533.717957
530.352417
526.064514
522.750427
522.079773
524.144348
527.681702
531.553772
535.527832
539.629822
543.445312
546.155701
547.164062
546.357483
544.080505
541.100403
538.480225
536.624023
534.764587
531.785522
527.754089
524.182251
522.634583
523.476013
526.013977
529.497681
533.597778
537.991150
542.085083
545.123291
546.383484
545.397644
542.634460
539.572144
537.455200
535.982544
533.691040
529.892639
525.627808
522.922913
522.815369
524.750732
527.622070
530.750610
533.860596
536.940735
540.214966
543.704529
546.357727
546.599731
544.064087
540.401123
537.674866
536.407532
535.130615
532.225952
527.834534
523.804810
521.968445
522.882629
525.881531
529.854858
534.081909
538.401489
542.616577
545.881409
546.928955
545.226257
541.860901
538.651001
536.638794
535.439270
533.969666
531.574219
528.419006
525.204163
522.965088
522.685181
524.638489
528.198181
532.390137
536.595764
540.716736
544.375427
546.605225
546.476685
544.048889
540.662720
537.873962
536.114502
534.407410
531.562134
527.639343
524.126404
522.654358
523.672241
526.458740
530.124817
534.232300
538.621582
542.649841
545.434875
546.466125
545.714111
543.514404
540.678528
538.357910
537.057556
535.855896
533.276428
529.101013
524.959656
522.733643
523.029114
525.088440
528.108643
531.938904
536.570740
541.368103
545.228699
547.058716
546.253418
543.359985
540.053101
537.825439
536.539307
534.623047
531.032654
526.624512
523.375488
522.631775
524.286560
527.360962
530.933167
534.248352
536.939575
539.529175
542.740479
545.936157
547.143555
545.198975
541.360291
538.193176
536.749023
535.690063
533.056152
528.630615
524.323853
522.297363
523.080383
525.694641
529.011963
532.661743
536.850769
541.444885
545.410522
547.325745
546.429504
543.452637
540.137146
537.653625
535.867188
533.972839
531.392883
528.214050
525.022400
522.721802
522.222778
523.872620
527.253967
531.487000
535.754517
539.753235
543.422058
546.204712
547.017029
545.231079
541.641174
538.179504
536.165710
534.936279
532.659668
528.606140
524.295837
522.079651
522.884216
525.755737
529.239258
532.877869
536.974304
541.431885
545.125427
546.836365
546.077454
543.332642
539.909485
537.476013
536.714600
536.394409
534.514404
530.475159
525.819031
522.800415
522.510620
524.459351
527.526001
531.186462
535.416321
540.016968
544.198425
546.779114
546.742920
544.181763
540.706055
538.139526
536.806152
535.267700
532.112793
527.673523
523.801575
522.175415
523.149719
526.104248
530.066528
533.978149
537.035339
539.461975
542.096436
544.848267
546.313477
545.272156
542.296448
539.356934
537.603027
536.235413
533.666626
529.589050
525.397583
522.940308
522.982361
525.022705
528.068604
531.533081
535.516052
540.067810
544.435852
547.056335
546.795898
544.035950
540.647217
538.301208
536.962708
535.237244
531.972839
527.470642
523.321777
521.210876
521.765991
524.213684
527.315979
530.434143
533.913208
538.086914
542.528442
545.957703
547.002747
545.287109
541.966370
538.873596
537.027344
535.748596
533.471497
529.565186
525.202576
522.451782
522.442017
524.792664
528.417236
532.484009
536.606934
540.528687
543.976807
546.323425
546.692505
544.440186
540.267578
536.444641
534.912903
535.228394
534.845947
531.924622
527.258301
523.325684
521.937561
523.264465
526.478455
530.568298
534.887207
539.105957
542.938660
545.858032
546.930359
545.539368
542.371399
539.173645
537.038025
535.367554
532.799927
529.053955
525.289795
522.962463
522.810608
524.792419
528.504089
533.106873
537.465332
540.859070
543.432922
545.493469
546.530212
545.664368
542.987488
539.901184
537.732666
536.340698
534.435669
530.989624
526.609436
523.128174
522.109436
523.707153
526.931519
530.774841
534.897400
539.400574
543.831116
546.848877
547.153992
544.749634
541.274414
538.540955
536.972778
535.415833
532.651428
528.683594
524.782349
522.494507
522.428162
524.003418
526.295776
529.030273
532.610840
537.157471
541.900757
545.526428
546.963013
545.857239
542.982910
539.868042
537.700134
536.246704
534.128540
530.382874
525.869263
522.753235
522.502563
524.723328
527.967163
531.335022
534.935852
539.019714
543.233887
546.386597
547.129700
544.966553
541.029968
537.772217
536.889893
537.439697
536.643066
532.931274
527.652466
523.590942
522.347717
523.512207
526.059326
529.437012
533.514832
537.990417
542.210388
545.421631
546.878784
546.046631
543.290344
540.020874
537.515991
535.690979
533.396301
529.881348
525.821899
522.810730
522.203979
524.176392
527.842468
532.072449
536.085571
539.804138
543.511169
546.806335
548.359680
547.181335
543.931580
540.571716
538.462036
537.119141
535.101990
531.613098
527.314087
523.821899
522.389404
523.262512
525.957336
529.728638
533.947571
538.289307
542.386902
545.550110
546.774231
545.465820
542.347168
539.151672
537.184265
535.983032
533.852661
529.908081
525.398987
522.739685
523.102417
525.382690
527.663025
529.411194
531.809937
535.855896
540.901123
545.129517
547.057617
546.384949
543.828430
540.700684
538.167114
536.409668
534.473328
531.336060
527.233276
523.665039
522.153259
523.054199
525.840698
529.811218
534.359619
538.968506
543.108826
546.161926
547.256470
545.734009
541.989258
538.049500
536.109802
536.220764
536.076172
533.465637
528.737671
524.318665
522.276855
522.866882
525.201721
528.404724
532.104065
536.373230
540.996338
545.122681
547.397888
546.861755
543.974243
540.520447
538.018250
536.272705
533.950073
530.331970
526.312744
523.516235
522.928223
524.413086
527.176636
530.578430
534.453979
538.703369
542.894287
546.117249
547.354553
546.223633
543.473755
540.589111
538.603821
537.302795
535.622742
532.637573
528.438049
524.403687
522.346558
523.013672
525.724915
529.283569
533.073669
537.184509
541.530029
545.281250
547.145325
546.331848
543.452942
540.155457
537.793945
536.234192
534.145813
530.549805
526.125610
522.902954
522.430786
524.300842
526.837891
529.067444
531.513245
535.030884
539.434021
543.521790
546.092285
546.409607
544.544556
541.512939
538.728638
536.815063
535.000488
532.037354
527.867859
524.016602
522.174866
522.813477
525.351685
529.056580
533.496704
538.224731
542.563660
545.733887
546.956177
545.747620
542.708252
539.542053
537.547302
536.304749
534.169250
530.328247
525.991272
523.047485
522.175598
522.870117
524.648804
527.530823
531.456848
535.918945
540.372437
544.288635
546.716736
546.689270
544.244263
540.879517
538.282654
536.680481
534.759277
531.401672
527.073242
523.438232
521.968872
522.951721
525.716064
529.385193
533.478455
537.932861
542.338318
545.693604
546.880920
545.625610
542.914124
540.313965
538.702576
537.726318
536.379211
533.782776
529.882996
525.637817
522.616394
522.088013
524.108643
527.737732
532.028748
536.485229
540.807983
544.473816
546.640991
546.585449
544.371033
541.082764
538.258850
536.491699
534.846680
531.879028
527.496338
523.460388
521.871033
523.401428
526.917114
530.808105
534.257568
537.300171
540.223694
543.117798
545.634338
546.732910
545.430725
542.109436
538.704163
536.785522
535.727295
533.663086
529.812561
525.452820
522.706116
522.664856
524.943604
528.527954
532.603882
536.751221
540.818115
544.519775
546.952026
546.873169
544.049988
540.130859
537.348755
536.141785
534.798218
531.630066
527.075378
523.172485
521.426147
521.903442
524.007935
527.199524
530.974731
534.914001
538.926025
542.965820
546.283264
547.449158
545.694153
542.014282
538.543701
536.496277
535.115479
532.823486
529.053589
524.917664
522.294373
522.456055
525.182800
529.119507
533.109253
537.015747
541.150635
545.044006
547.210999
546.408691
543.043884
539.177734
536.887756
536.501831
536.445862
534.776428
530.913269
526.194397
522.857544
522.313293
524.192749
527.229736
530.682983
534.715149
539.381104
543.826172
546.657654
546.919312
544.800659
541.601196
538.826294
536.958862
535.101074
532.115234
527.971924
524.101624
522.180847
522.809387
525.474426
529.342957
533.680176
537.780823
541.002869
543.315796
545.109863
546.211060
545.638184
543.078247
539.806152
537.424316
535.936890
533.780273
529.964844
525.546326
522.600159
522.291504
524.211975
527.398132
531.275757
535.634033
540.138428
544.152466
546.715881
546.876831
544.598633
541.296631
538.687988
537.110596
535.251892
531.916626
527.673157
524.280334
522.766235
522.827209
523.872498
525.936890
529.201172
533.379028
537.894775
542.263916
545.771423
547.326721
546.181519
542.953003
539.445923
537.064697
535.534058
533.469421
529.993896
525.814880
522.728943
522.138672
524.099915
527.581665
531.544128
535.710449
540.137939
544.357971
547.042603
546.947632
544.207275
540.503357
537.783081
536.821594
536.638306
535.353516
531.934631
527.323120
523.711243
522.632019
523.835083
526.165649
529.100159
533.009094
537.994690
543.041077
546.467896
547.256836
545.575928
542.522644
539.505432
537.311462
535.515076
533.024841
529.353455
525.426025
522.896301
522.803589
524.883484
528.223206
532.171265
536.310303
540.124268
543.222107
545.539001
546.811707
546.293518
543.819519
540.633362
538.313354
536.864441
534.797913
531.045471
526.461121
523.126831
522.355042
523.837646
526.669434
530.305908
534.537598
538.953796
542.864502
545.523804
546.226746
544.746277
541.958069
539.343262
537.623596
536.083557
533.372559
529.260986
525.125000
522.556763
522.179504
523.624634
526.197144
529.278931
532.628723
536.476868
540.909363
545.040588
547.165955
546.317627
543.256104
540.055359
538.140381
536.968079
534.976868
531.356873
526.946289
523.446655
522.162415
523.355347
526.398071
530.438599
534.855469
539.356140
543.509583
546.460266
547.136353
545.181091
541.518066
537.900269
535.844421
535.437256
535.159729
533.165833
529.173340
524.895020
522.454285
522.688721
524.982849
528.407166
532.475281
537.022705
541.568787
545.169312
546.924988
546.309143
543.624634
540.171204
537.452332
535.757812
533.867676
530.649841
526.517883
523.285522
522.468323
524.135620
527.321716
531.035034
534.866699
538.641968
542.310181
545.740601
548.145142
548.218933
545.453247
541.387573
538.270386
536.727112
535.238586
532.193115
527.857300
524.048340
522.359497
523.024841
525.459717
529.095764
533.487122
538.090027
542.226440
545.198730
546.432739
545.557434
543.019836
540.129883
537.911377
536.094727
533.624023
530.000977
526.012756
523.219482
522.675049
524.386169
527.468872
530.759155
533.750061
536.670410
540.008057
543.542664
546.076355
546.269592
544.084595
540.948547
538.404419
536.847778
535.229004
532.291138
527.948975
523.782593
521.756714
522.662231
525.802612
529.930237
534.282898
538.649963
542.654846
545.510864
546.375305
545.051941
542.336731
539.372437
537.067566
535.698364
534.604980
532.717590
529.582214
525.954285
523.189026
522.319275
523.562439
526.667603
531.179871
536.344482
541.242310
544.970337
546.857056
546.466187
543.853333
540.243042
537.430298
536.050842
534.863403
532.215149
528.076477
524.232971
522.601501
523.556641
526.184753
529.656250
533.740417
538.350891
542.697693
545.825684
547.125427
546.320251
543.737305
540.560730
538.171692
536.837585
535.462280
532.853821
529.029358
525.277588
522.997681
522.925842
524.766418
527.829895
531.728455
536.234985
540.906250
544.853943
546.969788
546.586060
544.117798
541.027344
538.515747
536.432312
533.754822
530.092407
526.212830
523.450195
522.829651
524.445374
527.471558
530.627808
533.087585
535.203186
537.995789
541.818542
545.463684
546.907715
545.279663
541.914917
538.987183
537.324341
535.866699
532.992615
528.471985
524.005676
521.810059
522.688843
525.622009
529.200317
532.902222
536.890259
541.007080
544.432556
546.094971
545.377319
542.851013
539.965576
537.992004
536.903320
535.460449
532.296509
527.444641
522.738831
520.337830
520.872070
523.420959
526.937500
531.015747
535.498901
540.001221
543.899231
546.419800
546.697876
544.513550
541.002747
538.121399
536.767883
535.758972
533.183899
528.786194
524.462830
522.306702
522.819214
525.185303
528.587341
532.769470
537.546570
542.228394
545.721313
547.162048
546.109924
543.005676
539.429016
537.177734
536.638672
536.296875
534.422546
530.845276
526.816040
523.810486
522.746826
523.867798
526.754028
530.729553
535.139038
539.618408
543.793579
546.756042
547.281128
544.981934
541.243591
538.170593
536.464539
534.919189
532.047852
527.922058
524.204834
522.628296
523.582581
526.337158
529.719177
532.960510
535.995667
539.177673
542.544250
545.437622
546.739502
545.790161
543.043945
539.867249
537.419312
535.646667
533.402466
529.989746
526.060608
523.276672
522.813110
524.550659
527.616028
531.459595
535.893005
540.476807
544.300720
546.445251
546.457764
544.562134
541.701050
539.051514
537.007324
534.959106
531.902405
527.791443
523.982422
522.093323
522.452881
524.213745
526.669250
529.869690
533.886047
538.239929
542.211731
545.183350
546.436829
545.465088
542.779297
539.948608
538.075806
536.566956
533.830139
529.420898
524.924927
522.457214
522.753357
525.021667
528.163330
531.746887
535.893311
540.440918
544.550476
546.882019
546.407776
543.461304
539.932678
537.953064
537.886353
537.915100
536.001892
531.921448
527.216980
523.755798
522.568665
523.632080
526.293335
529.771912
533.723816
538.164307
542.744324
546.333984
547.459473
545.594116
542.053040
538.936340
537.134705
535.759521
533.330078
529.450867
525.302673
522.712097
522.747986
525.102356
528.697510
532.528442
536.219788
539.797424
543.183411
545.885254
547.035645
546.051331
543.216553
539.817749
537.262939
535.850464
534.387085
531.448853
527.214661
523.520020
522.233948
523.713501
526.847900
530.514099
534.425842
538.725586
543.074341
546.392700
547.418823
545.628784
541.999207
538.510254
536.421875
535.067322
532.776733
529.023438
525.288147
523.521545
524.053223
525.549011
527.015137
528.940552
532.209717
536.725586
541.379578
545.004150
546.797546
546.240112
543.659119
540.467224
538.053101
536.375977
534.197021
530.692749
526.606445
523.585449
522.669434
523.872559
526.683899
530.565918
534.967773
539.375549
543.382568
546.297791
547.086609
545.106934
541.315674
538.057129
536.889099
536.998291
536.190735
533.108765
528.448547
524.226074
522.149292
522.781860
525.564331
529.336304
533.312866
537.424866
541.638245
545.243958
546.956726
545.927734
542.940796
539.837280
537.775330
536.290588
534.025330
530.314209
526.026001
522.933960
522.291992
524.051392
527.297729
531.184875
535.380615
539.655640
543.537598
546.269775
547.217529
546.269043
543.884216
540.965027
538.513306
536.857544
535.241943
532.432739
528.265381
524.276367
522.346497
523.088135
525.753174
529.326721
533.400208
537.913696
542.408325
545.852112
547.126709
545.746338
542.516724
539.224426
537.125549
535.784729
533.612061
529.773438
525.544189
523.145813
523.395081
525.146545
526.962219
528.780090
531.455200
535.414673
540.121033
544.518616
547.265747
547.162842
544.319946
540.532104
537.821777
536.515564
535.015747
531.834778
527.431396
523.814697
522.529907
523.619568
526.279846
529.824524
533.870117
538.092224
542.137207
545.390930
546.842285
545.787903
542.813843
539.465515
536.997375
535.342285
533.532227
530.971985
527.945679
525.176025
523.386292
523.191406
524.880493
528.104004
532.118958
536.358582
540.662720
544.478699
546.671021
546.382690
543.970398
540.948730
538.578979
536.733582
534.339783
530.798218
526.791870
523.768250
522.808472
523.909790
526.450439
529.934937
534.178650
538.820679
542.980286
545.705566
546.621216
545.975952
544.180481
541.732056
539.313416
537.412903
535.694946
533.102661
529.168335
524.963379
522.437866
522.654419
525.123535
528.676331
532.633179
536.876709
541.119202
544.642822
546.545654
546.191956
543.792480
540.609070
538.134583
536.565674
534.678711
531.395081
527.188049
523.706360
522.464661
523.676819
526.598206
530.362000
534.201477
537.461060
540.063354
542.553650
545.054199
546.357788
545.116577
541.882080
538.753296
536.965637
535.698303
533.213318
529.075195
524.832458
522.526917
522.947815
525.445007
528.937805
532.824219
537.004761
541.339294
545.106262
547.035645
546.216553
543.246399
540.010437
537.848450
536.411316
534.413391
531.313721
527.844788
525.025879
523.413391
523.186340
524.454956
527.136353
530.830566
535.026367
539.431519
543.573181
546.364990
546.714783
544.559326
541.242065
538.470947
536.762939
535.166016
532.448608
528.515442
524.709656
522.769287
523.384033
525.965393
529.387573
533.092896
537.194214
541.625183
545.389160
547.155762
546.360107
543.631287
540.388855
538.066528
537.099487
536.467041
534.440613
530.433716
525.835815
522.938354
522.838867
524.859192
527.729431
531.077881
535.214539
540.004395
544.366882
546.917664
546.848877
544.408997
540.975952
538.214966
536.559204
534.883545
531.838867
527.624634
523.971130
522.477051
523.402893
526.073669
529.834106
534.077881
537.944824
540.814514
542.931824
544.825989
546.034973
545.452698
542.870178
539.697937
537.351013
535.605774
533.231995
529.684631
525.848328
523.291504
522.984009
524.802246
527.974854
531.766174
535.813965
540.063782
544.123962
546.844055
546.930908
544.355225
540.880859
538.434631
537.055603
535.163879
531.720581
527.484985
524.072021
522.481934
522.662781
524.170227
526.674500
529.986511
533.898376
538.178650
542.389954
545.656494
546.882874
545.551392
542.511780
539.487061
537.448547
535.844116
533.315247
529.402649
525.247437
522.804260
523.051208
525.331543
528.365479
531.720581
535.820190
540.635986
545.024475
547.286926
546.532898
543.381653
539.575745
537.049072
536.552673
536.871643
535.680176
531.838806
526.756836
523.229248
522.755249
524.518066
527.010315
529.851135
533.692993
538.714233
543.672241
546.812622
547.000977
544.577087
541.242432
538.848206
537.773560
536.560059
533.496643
528.719299
524.365723
522.487732
523.292175
525.645508
528.688660
532.412781
536.585815
540.499817
543.711731
546.054688
546.977234
545.761414
542.739319
539.669434
537.990234
537.078430
534.984131
530.809692
525.963623
522.768250
522.385254
524.379211
527.564270
531.091675
534.745544
538.743774
542.989685
546.475891
547.618530
545.697876
541.940796
538.594116
536.749695
535.378113
532.846863
528.973938
525.025330
522.460266
521.882080
523.121704
525.692688
529.061829
532.951965
537.236145
541.627563
545.258362
546.898865
545.897705
543.049561
540.034119
538.012451
536.578186
534.367981
530.615295
526.239441
523.150879
522.585510
524.280518
527.256897
530.889526
535.107178
539.766602
544.056824
546.599060
546.536499
544.167664
540.797546
538.001343
536.754395
536.632996
535.900818
532.972107
528.254211
523.870544
521.892700
522.911682
525.996643
529.821411
533.626709
537.392822
541.255798
544.882874
547.129822
546.612244
543.375122
539.385803
536.905518
536.011230
534.614258
531.114319
526.321472
522.681274
521.939453
523.993103
527.611084
531.817078
535.962158
539.503906
542.413452
544.987854
546.890686
546.890198
544.367737
540.669189
537.904114
536.553833
535.130554
532.146973
527.818970
524.002014
522.369446
523.242004
525.898560
529.444092
533.445496
537.746460
542.106262
545.750122
547.361511
546.033997
542.515442
538.938599
536.824097
535.691162
533.826172
530.288513
526.089661
523.149841
522.770630
524.706848
527.660889
530.481079
532.981018
535.808044
539.525208
543.571350
546.396729
546.658813
544.376282
540.940002
538.118347
536.371216
534.654236
531.714722
527.608459
523.937561
522.402649
523.367126
526.068359
529.637207
533.837219
538.602722
543.166016
546.240356
546.851440
545.082886
541.925293
538.678406
536.471069
535.622009
535.164490
533.447388
529.880798
525.692017
522.942261
522.800903
524.906982
528.253235
532.082214
536.193604
540.471924
544.326538
546.677734
546.494873
543.851624
540.354248
537.892944
536.647034
534.963928
531.435791
526.838196
523.451172
522.682983
524.174133
526.843567
530.240479
534.483398
539.120239
543.184326
545.905640
546.870544
545.899536
543.422241
540.689453
538.863464
537.823730
536.144165
532.925415
528.773315
525.120239
523.149353
523.197632
525.135254
528.569641
532.824768
537.161865
541.200134
544.672485
546.743042
546.426331
543.673706
540.130249
537.513550
535.969177
534.179077
531.159424
527.242493
523.924011
522.657288
523.886963
527.009766
530.731262
533.936462
536.577698
539.298462
542.523804
545.443298
546.604675
545.214661
542.131409
538.979309
536.831604
535.262756
532.913513
529.144043
524.966797
522.420166
522.766663
525.396118
528.735596
532.264893
536.681091
542.103027
546.593140
547.679810
545.056335
541.211670
539.029419
538.785400
538.277100
535.347168
530.244995
525.365295
522.832458
522.798462
523.922668
525.258362
527.153320
530.475403
535.122681
539.906616
543.725586
546.030823
546.563599
545.055969
541.798828
538.273254
535.904663
534.453308
532.416321
529.072083
525.394470
523.096069
523.166443
525.498962
529.290710
533.703552
538.062500
541.819031
544.649780
546.385254
546.483887
544.540771
541.290771
538.547546
537.223450
536.305115
534.067383
530.100037
525.632324
522.577148
522.299500
524.643616
528.259949
531.855530
535.297729
539.319641
544.144287
547.967346
548.046265
543.994141
539.014771
536.743042
537.127258
536.675842
532.783813
526.843994
522.580444
521.995483
524.208923
527.082092
529.656372
532.363281
535.765991
539.720581
543.406860
545.820007
546.289551
544.941162
542.561401
540.082275
537.867310
535.537354
532.558472
529.005066
525.834351
524.299255
524.557068
525.769897
527.520996
530.527954
535.477234
541.482788
546.163391
547.596558
545.816101
542.665405
539.967041
538.271362
536.824951
534.679260
531.296509
527.131470
523.657715
522.195618
522.734802
524.431213
526.895020
530.189575
534.198364
538.278809
541.969177
545.234619
547.542419
547.356384
543.785583
538.482056
534.727539
533.965210
533.952209
531.445740
526.359436
521.962769
521.434692
524.689026
529.140442
532.771606
535.997192
540.077332
544.681641
547.671875
546.984314
542.925354
538.373840
536.369873
537.272095
538.158813
535.896423
530.381714
524.489746
521.457825
522.474426
526.208679
530.065979
532.412659
533.882751
536.553650
541.351746
546.398193
548.453613
546.064880
541.363403
537.935547
536.907227
536.161682
533.285034
528.435791
524.030273
522.149597
523.044312
525.822205
529.389221
532.988647
536.355164
539.596069
542.930603
545.713013
546.629883
544.906372
541.459778
538.699890
538.241699
538.775208
536.990967
531.268616
524.098450
520.076599
521.510986
526.203308
530.317322
532.394836
534.340454
538.328186
543.553284
547.062195
546.921509
543.914307
540.489197
538.303955
537.117737
535.464722
532.412292
528.453491
525.101929
523.721191
524.101440
525.063232
526.074890
528.002319
532.057556
538.036316
543.958740
547.389282
547.093689
543.939026
540.453125
538.807312
538.772217
538.067871
534.687622
529.285461
524.595947
522.604736
523.055115
524.703735
527.107605
530.672607
535.346924
540.179199
544.138611
546.544678
546.863831
544.775024
541.147766
537.807495
536.121460
535.465820
533.991699
531.118713
528.075073
526.160645
525.428467
525.201355
525.451904
527.130005
531.179871
537.229187
543.468689
547.505920
548.102783
545.854431
542.538391
539.791138
537.846680
535.688660
532.471985
528.503113
524.841187
522.653198
522.627563
524.706909
528.167908
532.140991
536.119202
540.093994
544.010010
547.085083
548.119141
546.647278
543.393494
539.872864
537.202087
535.482544
533.959412
531.742737
528.562805
525.310486
523.347961
523.619629
526.119568
530.145447
534.748047
539.103271
542.615112
544.919922
545.718872
544.795654
542.495422
539.931519
537.925720
536.145081
533.415833
529.311951
525.007935
522.498474
522.584656
524.300598
526.438293
528.912476
532.323242
536.721130
541.296509
544.971680
546.781860
546.119446
543.301575
539.958923
537.700684
536.509583
534.768738
531.295837
526.839844
523.464111
522.515686
523.886230
526.814514
530.825989
535.258728
539.336853
542.700500
545.121338
546.064209
544.856018
542.041626
539.536438
538.677368
538.681824
537.265137
533.265930
527.990845
524.011597
522.525330
523.176880
525.433838
528.881714
533.081177
537.463867
541.634155
545.105408
546.925171
546.299561
543.480225
539.935303
537.259338
535.717773
534.052979
531.055969
527.070984
523.762329
522.632568
523.992676
527.094482
530.986755
535.106323
539.322876
543.423340
546.652954
547.979370
546.910889
544.047363
540.815674
538.478760
537.108154
535.500427
532.347717
527.768982
523.679016
522.206482
523.830322
527.161499
530.493469
533.432068
536.800964
541.030396
545.127991
547.236816
546.284058
543.096558
539.776306
537.778076
536.533386
534.246277
530.080139
525.351746
522.504822
522.677124
524.875793
527.411743
529.767822
532.547363
536.074219
539.857483
543.197266
