530.774414
530.774414
530.756592
530.765564
530.722046
530.432922
530.005615
530.095886
531.398071
533.709595
535.990601
537.550049
538.905701
540.999146
543.798584
546.138855
546.734009
545.471130
543.311462
541.329834
539.932556
538.822815
537.500732
535.685608
533.547241
531.442444
529.491272
527.511108
525.457336
523.899170
523.532654
524.568054
526.516113
528.815125
531.051819
532.767273
533.527222
533.530029
533.775391
535.201172
537.795288
540.745789
543.157898
544.632324
545.198730
545.099609
544.443359
543.293335
541.684998
539.804993
537.958557
536.408264
535.035889
533.293030
530.905640
528.276550
526.002319
524.474060
523.874817
524.361328
525.800232
527.647644
529.301025
530.737976
532.346008
534.173157
535.676331
536.473938
537.164368
538.734192
541.304565
543.982788
545.708496
546.045776
545.139404
543.498840
541.745239
540.313843
539.095276
537.626099
535.681824
533.463196
531.283264
529.204956
527.199097
525.519104
524.566467
524.440979
525.023315
526.310120
528.239258
530.389160
532.152100
533.325500
534.415955
535.889771
537.654053
539.431213
541.152832
542.887756
544.331482
544.990906
544.829712
544.238770
543.327087
541.823792
539.753967
537.606812
535.878296
534.498779
532.977112
531.055542
528.804077
526.585693
524.848633
524.099731
524.591431
525.918396
527.376404
528.731812
530.303955
532.197876
534.076233
535.670898
537.201477
539.010803
540.943176
542.601013
543.851624
544.837463
545.440796
545.225037
544.076294
542.460083
540.814148
539.145630
537.366089
535.593201
533.920593
532.051575
529.716797
527.306946
525.495667
524.632080
524.555908
525.041016
526.127197
527.877563
529.920776
531.714966
533.007629
534.080872
535.499634
537.580383
540.228333
542.914307
544.760010
545.327148
545.101135
544.813477
544.475098
543.565491
541.898376
539.967224
538.237183
536.605774
534.787537
532.783142
530.826660
528.971130
527.059875
525.294739
524.326538
524.635193
525.943542
527.560791
529.065979
530.424438
531.772217
533.260864
535.050781
537.109009
539.205200
541.188293
543.030090
544.660828
545.615601
545.456909
544.309937
542.821716
541.582520
540.628723
539.667542
538.339478
536.421509
533.912598
531.284119
529.221252
527.776123
526.438049
524.888428
523.769165
524.077576
525.920044
528.306702
530.171082
531.352417
532.392151
533.781006
535.681519
538.063354
540.628845
542.835693
544.259827
544.845947
544.914368
544.639587
543.878967
542.645569
541.249634
539.876160
538.414734
536.717346
534.877258
532.947205
530.730347
528.281311
526.207947
525.045471
524.756836
524.926575
525.483215
526.780457
528.839417
530.954834
532.398132
533.369019
534.716858
536.859863
539.364563
541.585022
543.269470
544.478210
545.174683
545.097473
544.109253
542.419006
540.607361
539.313354
538.661682
538.006409
536.482971
534.086060
531.666626
529.798645
528.065918
525.969177
524.074524
523.641846
525.068542
527.213745
528.731079
529.525818
530.507263
532.186829
534.100403
535.712036
537.262634
539.406128
542.180969
544.705505
545.876221
545.485596
544.346252
543.305664
542.387329
540.855896
538.295532
535.549805
534.042297
534.026306
534.017151
532.342712
529.079895
525.970154
524.471680
524.561768
525.295593
526.065186
527.044006
528.554504
530.392822
532.026672
533.304260
534.594604
536.471130
539.091003
541.867554
543.964233
544.991699
545.259399
545.078003
544.321716
542.726929
540.624695
538.750854
537.508301
536.503723
535.056519
533.070862
531.022095
529.227539
527.634338
526.201965
525.111755
524.595398
524.897705
526.098694
527.926697
529.736267
531.102112
532.228943
533.697266
535.666321
537.781006
539.783936
541.892578
544.163635
545.841797
545.980042
544.612244
542.817627
541.495300
540.565979
539.314697
537.421753
535.209351
533.022156
531.064148
529.384399
527.922241
526.410767
524.896423
523.998718
524.352417
525.789551
527.379578
528.629700
529.915466
531.686646
533.646240
535.142517
536.320557
538.052124
540.808044
543.786743
545.612793
545.626709
544.456421
543.283020
542.642395
541.982483
540.385864
537.791626
535.248291
533.670593
532.742065
531.127197
528.136169
524.870300
523.218445
523.685364
525.054138
526.002747
526.497925
527.389343
529.115723
531.199890
532.914246
534.066040
535.288818
537.253174
539.907104
542.445312
544.138794
544.835754
544.866089
544.484558
543.534851
541.938110
540.194031
538.860718
537.682312
535.874695
533.301208
530.671509
528.752075
527.516296
526.401550
525.295898
524.661499
524.846375
525.741394
527.080444
528.688660
530.321716
531.632507
532.679565
534.016052
536.000732
538.417603
540.808350
542.914978
544.635071
545.596252
545.366516
544.131836
542.581177
541.141846
539.715332
538.112305
536.412476
534.663940
532.612061
530.144470
527.685730
525.860352
524.989014
524.788330
524.945435
525.662598
527.190186
529.108948
530.632202
531.389526
531.792786
532.763489
534.903748
537.854309
540.523865
542.114258
543.071350
544.300415
545.718323
546.027588
544.301819
541.360596
539.133728
538.495972
538.244141
536.752991
533.838318
530.749573
528.593201
527.311462
526.286682
525.240967
524.605103
524.999268
526.726257
529.316162
531.623230
532.684265
532.569214
532.503479
533.543335
535.683960
538.207275
540.606445
542.826660
544.636902
545.549194
545.260315
544.138367
542.723694
541.220703
539.615295
537.978638
536.471191
534.953369
533.207581
531.174316
528.948486
526.690552
524.717834
523.573059
523.750610
525.337402
527.761780
530.217407
532.114563
533.048706
532.959229
532.595337
533.517517
536.515808
540.404846
543.069458
543.782410
543.841309
544.703613
546.000977
545.840515
543.231750
539.581421
537.222229
536.845215
536.799316
535.135742
531.695068
528.208191
526.386108
526.060608
525.750122
524.847839
524.435913
525.695862
528.367493
530.921448
532.347046
533.131165
534.325684
536.008057
537.434692
538.452209
539.766907
541.789490
543.985840
545.384399
545.549927
544.744629
543.624451
542.212036
539.851501
536.112427
531.890991
529.028137
528.426453
528.976685
528.451233
525.880066
523.020752
522.708984
525.795227
530.173279
532.988647
533.365967
533.016541
534.069397
536.652954
539.339172
541.126526
542.430359
544.027039
545.464905
545.412231
543.521057
541.211060
540.320862
540.876709
541.036011
539.276672
536.057495
532.990784
531.110107
530.199463
529.074768
526.944031
524.320129
522.733765
523.428894
526.315308
529.946411
532.445129
532.893127
532.010437
531.699707
533.475830
537.160339
541.146851
543.586304
544.142334
544.081177
544.521729
544.987549
544.250244
541.950623
539.280334
537.754456
537.437439
537.097900
535.729065
533.450256
531.015137
528.926697
527.266479
526.051758
525.394653
525.356018
525.866272
526.683350
527.537903
528.657532
530.717163
533.952942
537.343567
539.177612
538.918945
538.324402
539.725403
543.217651
546.380981
546.873352
544.816895
542.326233
540.832947
539.844238
538.271118
536.087158
534.139343
532.926208
531.991028
530.520569
528.281250
525.926392
524.587036
524.782349
525.977295
527.195740
528.124268
529.242493
530.828552
532.488586
533.864014
535.201721
537.044128
539.191895
540.907532
542.228821
544.147461
546.685791
547.991760
546.054993
541.452698
537.385132
536.299316
537.274963
537.379883
534.850586
530.994019
528.445435
528.149109
528.580505
527.701904
525.271057
523.343628
524.014099
527.009949
530.014465
531.252075
531.281250
531.989868
534.201965
536.852722
538.635132
539.538452
540.617310
542.676636
545.366089
547.434326
547.682495
545.649292
541.891418
537.877747
535.186951
534.441650
534.921936
534.971008
533.223511
529.601929
525.508911
522.946045
522.984497
524.664917
526.071533
526.487610
526.881104
528.417114
530.878357
532.964294
533.952271
534.578003
536.094238
538.767517
541.725281
543.873108
544.868774
545.074829
544.780151
543.951111
542.418762
540.360291
538.405457
537.087341
536.154907
534.830078
532.658630
530.044006
527.866699
526.446411
525.454407
524.714417
524.541504
525.299194
526.690430
528.144897
529.488708
530.974487
532.711548
534.512085
536.224915
537.948730
539.956238
542.284180
544.489075
545.782776
545.534546
543.928955
541.983765
540.766663
540.272217
539.485840
537.740845
535.422424
533.339050
531.538025
529.384460
526.829224
524.855286
524.426270
525.411621
526.827942
527.873840
528.469849
528.934937
529.617493
530.830383
532.605408
534.675171
536.809631
539.127075
541.368042
542.929138
543.558655
543.797180
544.439575
545.245728
544.858948
542.512207
539.253601
536.870300
535.820435
534.873962
532.767090
529.907837
527.602600
526.504517
526.121460
525.656555
525.181458
525.547119
527.291748
529.936035
532.227173
533.217346
533.218445
533.564575
535.159912
537.601379
539.949097
541.807739
543.366699
544.600586
545.099976
544.601013
543.430237
542.112732
540.795044
539.194458
537.199585
535.141846
533.346985
531.734009
530.081604
528.234253
526.155945
524.113281
523.027039
524.008850
527.223816
531.220337
533.982300
534.406921
532.979431
531.428101
531.685120
534.387024
538.318909
541.441223
542.811829
543.297729
544.321716
545.799866
546.154053
544.361511
541.354126
538.890686
537.508789
536.408508
534.787537
532.632812
530.367310
528.302002
526.660767
525.607788
525.237427
525.507324
526.341003
527.673523
529.376709
531.186035
532.786560
534.182861
535.467224
536.550903
537.596558
539.049805
541.093628
543.284790
544.737854
544.993286
544.429382
543.552002
542.469543
541.122131
539.416870
537.348145
535.150940
533.209290
531.711121
530.259521
528.234131
525.862610
524.273254
524.399658
526.011047
527.859985
529.123108
530.094482
531.345154
532.872864
534.317444
535.693726
537.299316
539.243042
541.321289
543.259338
544.795044
545.590210
545.337280
544.078552
542.362061
540.691284
539.309326
538.307739
537.402405
535.960754
533.562134
530.698364
528.434631
527.215576
526.427734
525.402039
524.611206
525.198425
527.441833
530.114014
531.862610
532.584961
533.167725
534.431580
536.494019
539.028015
541.576355
543.637329
544.854980
545.200439
544.967834
544.334473
543.344849
542.117249
540.820618
539.368835
537.568237
535.642395
534.053406
532.757812
531.035950
528.399231
525.601135
524.060547
524.434448
526.045105
527.694702
528.778381
529.552002
530.580139
532.186523
534.214417
536.261108
538.065369
539.735291
541.588623
543.662659
545.376709
546.063416
545.645447
544.499573
542.902466
541.064758
539.437378
538.430664
537.657166
536.143311
533.525330
530.588501
528.423645
527.279602
526.450439
525.429993
524.686340
525.111450
526.840759
529.069824
530.767334
531.644714
532.456238
534.185974
536.994873
539.970947
541.990417
542.960815
543.650452
544.561218
545.206665
544.764771
543.207947
541.441467
540.148926
539.232422
538.212708
536.734131
534.697693
532.176514
529.601135
527.582520
526.342407
525.632202
525.215881
525.310547
526.278687
528.023926
529.863464
531.335632
532.534790
533.807739
535.376709
537.301758
539.608032
542.040955
544.026245
545.060913
545.052673
544.361328
543.281982
541.984619
540.672913
539.543030
538.538147
537.349365
535.782654
533.918457
531.774353
529.402405
527.174072
525.741577
525.312317
525.450012
525.703552
526.342346
527.943909
530.326355
532.495605
533.711426
534.301331
535.365723
537.585510
540.614441
543.355042
544.841553
544.958923
544.328796
543.654663
543.021667
541.845703
539.822205
537.635254
536.325928
535.875366
535.120972
533.196533
530.531372
528.033691
526.136353
524.992798
524.869873
526.009033
527.953430
529.494995
529.809265
529.502014
530.018372
532.153320
535.346436
538.416504
540.628174
542.001160
543.075439
544.242493
545.104919
544.945923
543.648499
541.854004
540.239380
538.883911
537.553162
536.310974
535.310242
534.221558
532.299561
529.467651
526.825684
525.519775
525.483093
525.821289
526.063538
526.534729
527.747742
529.636536
531.599731
533.136230
534.235107
535.441833
537.422729
540.271729
543.115906
544.839172
545.033081
544.199036
543.208679
542.508789
541.907288
540.945312
539.212646
536.654724
533.844971
531.862854
531.290344
531.307373
530.326538
527.937683
525.466797
524.455627
525.145447
526.611816
527.964539
529.123596
530.390991
531.817810
533.255981
534.779663
536.721497
539.105530
541.500305
543.424866
544.572205
544.982849
544.776917
544.005310
542.625732
540.799316
539.029541
537.671082
536.464539
534.673462
532.007141
529.267639
527.549072
526.989624
526.672791
525.897522
525.081360
525.211975
526.549744
528.420898
530.096619
531.342346
532.409668
533.746216
535.694092
538.260742
540.971680
543.104065
544.379028
544.949219
544.979675
544.434082
543.256104
541.694946
540.115173
538.570251
536.887146
534.896973
532.671753
530.350830
528.104309
526.260376
525.234985
525.050720
525.204163
525.383118
525.884705
527.079712
528.798157
530.502808
532.060425
533.649292
535.380493
537.243652
539.240112
541.354004
543.209229
544.095154
543.516479
542.053223
541.210205
541.979797
543.610535
544.096008
541.968201
537.525879
532.716797
529.440918
527.850342
526.755859
525.321228
524.142639
524.254578
525.613037
527.113403
527.974976
528.579102
529.784180
531.761780
533.756592
535.211792
536.332031
537.680847
539.630310
542.013367
544.199341
545.362671
545.139038
543.946655
542.562622
541.310608
539.954529
538.376404
536.795837
535.365295
533.710632
531.444885
528.849854
526.639465
525.307739
524.762512
524.879456
525.778809
527.475525
529.389160
530.785767
531.558960
532.212524
533.264771
534.856201
536.927246
539.246582
541.409180
543.152100
544.505493
545.454773
545.531067
544.317932
542.125305
539.886719
538.269043
537.210876
536.253052
534.931519
533.048706
530.527161
527.669678
525.390625
524.524109
524.975525
525.895142
526.813354
528.092285
529.983643
531.895935
533.065552
533.587097
534.181885
535.410339
537.307251
539.605164
541.968384
543.875061
544.764954
544.667114
544.003662
543.110352
541.891785
540.258789
538.540955
537.047852
535.612244
533.843262
531.711975
529.580078
527.735962
526.259277
525.243042
525.051880
525.784058
527.054199
528.478271
530.059021
531.855408
533.503174
534.570496
535.208374
536.080200
537.748413
540.193359
542.811401
544.748779
545.355042
544.664612
543.384888
542.243958
541.208740
539.656982
537.475525
535.372131
533.955994
532.788757
531.025452
528.616638
526.456299
525.408569
525.433228
525.942566
526.647827
527.684509
529.203491
531.062378
533.030762
534.729919
535.812073
536.334106
537.059937
538.794861
541.453186
544.010193
545.392273
545.306030
544.238586
542.900085
541.730286
540.655640
539.338440
537.543945
535.518372
533.602478
531.825623
529.886169
527.720398
525.922180
525.203247
525.504150
526.198730
526.969360
528.053162
529.673584
531.566956
533.221130
534.486145
535.739807
537.449890
539.807373
542.549683
544.947144
546.126770
545.725281
544.357849
543.111511
542.410889
541.675720
540.330322
538.507446
536.639893
534.800598
532.765686
530.531860
528.383240
526.575562
525.236633
524.597107
524.974609
526.359802
528.098511
529.505371
530.527893
531.671692
533.413879
535.598450
537.614075
539.177734
540.586670
542.403809
544.758179
546.807251
547.223816
545.516907
542.721252
540.595337
539.765564
539.246887
537.908264
535.747925
533.479553
531.571472
529.857727
528.038696
526.160156
524.743652
524.430298
525.472351
527.432190
529.410278
530.695557
531.373657
532.164917
533.598450
535.613159
537.987427
540.504944
542.760498
544.090271
544.206299
543.829773
543.950745
544.435059
544.130676
542.303711
539.682434
537.645874
536.668579
535.938477
534.335510
531.579346
528.510254
526.266052
525.291077
525.203796
525.480347
526.104675
527.422302
529.348083
531.168945
532.272827
533.004883
534.311157
536.530945
539.100830
541.421326
543.338867
544.785706
545.337158
544.617981
543.101807
541.818726
541.288391
541.026306
540.150085
538.326355
535.903687
533.469421
531.427185
529.903931
528.569153
526.999573
525.399841
524.609131
525.215149
526.823975
528.523438
529.960999
531.370850
532.862427
534.218201
535.499207
537.195801
539.651794
542.366882
544.316650
544.993164
544.717285
544.010071
542.965515
541.523804
539.936829
538.558533
537.543762
536.745117
535.759705
534.098022
531.621521
528.917175
526.874084
525.774902
525.140869
524.778809
525.213562
526.937012
529.374573
531.204102
531.880737
532.372498
533.960022
536.732361
539.569519
541.509644
542.665405
543.714966
544.723633
545.071289
544.191650
542.347107
540.343750
538.868530
537.874512
536.724304
534.982239
533.026245
531.477417
530.280945
528.763977
526.758240
525.036804
524.517578
525.254761
526.647339
528.161804
529.810974
531.634277
533.265320
534.356567
535.293213
536.879089
539.373840
542.114990
544.166016
545.048096
544.941589
544.329224
543.450684
542.064636
539.995178
537.738953
536.026917
535.061035
534.149841
532.375610
529.734680
527.285217
525.956909
525.606323
525.524231
525.417969
525.705444
526.833069
528.679382
530.747314
532.359863
533.275757
534.092407
535.684021
538.215271
540.887024
542.775635
543.775635
544.531677
545.114746
544.689697
542.841553
540.481445
538.923645
538.255615
537.308350
535.164612
532.247803
529.763000
528.346924
527.609192
526.734619
525.491394
524.373779
524.311584
525.904297
528.603943
530.921936
531.887512
532.150452
533.108154
535.211548
537.609619
539.487488
541.048645
542.842346
544.736511
545.769287
545.226746
543.437439
541.383240
539.806213
538.732483
537.628845
535.972412
533.773315
531.494019
529.617371
528.085449
526.469910
524.841736
523.907837
524.200562
525.452393
527.059692
528.814819
530.715271
532.358154
533.256958
533.726257
534.785034
537.095947
540.059143
542.483704
543.912231
544.639221
544.902283
544.423584
543.029236
541.160645
539.525146
538.365234
537.182373
535.392944
533.085022
530.900757
529.192932
527.774719
526.249756
524.643799
523.739502
524.404785
526.556763
528.935059
530.370178
531.006104
531.773560
533.115662
534.740112
536.405518
538.259521
540.546753
542.930786
544.629944
545.202209
544.809143
543.787415
542.289856
540.452454
538.595703
537.070190
535.934631
534.746094
532.969543
530.532959
527.993958
526.082520
525.143250
525.077393
525.490845
526.236328
527.556213
529.415527
531.138855
532.068054
532.519897
533.419556
535.216614
537.491089
539.631531
541.487549
543.176025
544.593872
545.189697
544.520203
542.868958
541.088928
539.798340
538.810730
537.482666
535.456604
533.137634
531.235657
529.856689
528.420166
526.537048
524.774719
524.275879
525.560364
527.791931
529.668030
530.695068
531.326721
532.079712
533.080017
534.347046
536.055298
538.255066
540.655945
542.769836
544.208740
544.791565
544.630066
543.964417
542.883484
541.268616
539.158997
537.092468
535.656982
534.684387
533.258606
530.770020
527.871399
525.800659
525.074463
525.187317
525.589539
526.411865
527.945679
529.913330
531.592529
532.746155
533.703735
534.765991
535.946228
537.292297
539.050476
541.153564
543.132446
544.490112
545.030457
544.683960
543.406677
541.533020
539.700073
538.362854
537.295166
535.929688
534.073425
531.993713
529.928833
527.859680
525.980957
524.849304
524.854736
525.818665
527.270386
528.926514
530.599060
532.109497
533.263977
534.218628
535.393860
536.970947
538.753357
540.580444
542.458191
544.105164
544.915710
544.622864
543.572693
542.326904
540.995239
539.510071
537.939697
536.454773
534.992676
533.258789
531.168884
528.979309
527.077698
525.703125
525.011780
525.180542
526.162231
527.697144
529.442322
531.125610
532.548523
533.633972
534.697571
536.393311
539.023743
541.860046
543.733826
544.259338
544.175842
544.218567
544.226990
543.605103
542.259155
540.608948
539.016052
537.511108
535.909485
534.084656
532.020935
529.799927
527.724731
526.149475
525.337341
525.294312
525.961304
527.250366
528.890015
530.444885
531.694946
532.861694
534.215149
535.763672
537.423096
539.370850
541.790649
544.200806
545.718384
545.888184
545.105469
543.971802
542.652893
541.101196
539.508179
538.157410
536.945068
535.503052
533.622498
531.388062
529.057373
526.944946
525.471008
524.954285
525.422913
526.556274
527.945190
529.391418
530.780579
532.006958
533.189026
534.698425
536.726440
539.010803
541.167419
543.012573
544.450500
545.109924
544.675476
543.439636
542.130371
541.218079
540.417542
539.275879
537.828430
536.336426
534.662537
532.490295
529.979675
527.708740
526.123962
525.271729
525.030945
525.466858
526.668762
528.487549
530.436157
531.979126
532.924316
533.569458
534.652893
536.767517
539.666870
542.379272
544.078552
544.756958
544.799744
544.265991
542.826721
540.720459
538.966431
538.312256
538.288269
537.716797
536.068665
533.807007
531.599854
529.630371
527.716370
525.853882
524.472839
524.299866
525.639709
527.899048
529.877625
530.913269
531.492188
532.588806
534.489075
536.535645
538.207031
539.921692
542.200745
544.549988
545.723022
545.124512
543.430908
541.715393
540.346191
539.118286
537.911682
536.894409
536.070129
535.065918
533.423706
531.033508
528.292358
525.983643
524.823181
524.870728
525.521912
526.382141
527.710205
529.757935
531.946167
533.333252
533.825439
534.533813
536.487671
539.377686
541.926025
543.416016
544.177002
544.689636
544.725952
543.744995
541.726990
539.309814
537.293701
536.235107
536.011719
535.818604
534.702637
532.426208
529.699524
527.493652
526.098816
525.228638
524.865479
525.441711
527.055298
529.092896
530.733398
531.828308
532.805176
534.066895
535.758545
537.834534
540.123901
542.339172
544.102478
545.069031
545.002441
543.895264
542.112244
540.308228
538.924316
537.737000
536.148132
534.112854
532.355774
531.418457
530.837341
529.716248
527.822754
525.916870
524.883667
525.058899
526.298645
528.115540
529.900513
531.202087
532.079529
533.128235
534.777344
536.876648
538.984802
540.961792
542.880615
544.566162
545.445679
545.016357
543.442322
541.406677
539.662720
538.461670
537.492432
536.194214
534.193054
531.780762
529.693420
528.293518
527.233948
526.181580
525.397583
525.368042
526.131592
527.327515
528.786804
530.505493
532.201355
533.354553
534.041870
535.095825
537.203308
539.935242
542.185303
543.461914
544.146851
544.626648
544.530579
543.294067
541.090210
538.759094
537.065979
535.962097
534.888123
533.401794
531.477966
529.415955
527.634155
526.281799
525.230713
524.617432
524.919495
526.352112
528.354919
530.042114
531.189026
532.247620
533.546570
534.927734
536.306580
538.070496
540.532837
543.142944
544.772095
544.938477
544.173279
543.208862
542.093384
540.508423
538.528442
536.725342
535.504089
534.529053
533.037659
530.695557
528.001648
526.007263
525.427307
525.928467
526.404968
526.349915
526.501770
527.825745
530.119324
532.127625
533.074463
533.572021
534.737915
536.953308
539.621399
541.953735
543.496643
544.159058
544.052551
543.422302
542.536621
541.418030
539.983582
538.295837
536.638550
535.109741
533.451599
531.431213
529.201355
527.236633
525.940308
525.505981
525.974731
527.083374
528.232666
528.991699
529.698120
530.832092
532.301147
533.535706
534.406982
535.551331
537.563354
540.243347
542.743530
544.363525
544.894165
544.489685
543.429810
542.016724
540.523010
538.962341
537.335449
535.741638
534.261963
532.737610
530.851624
528.690369
526.799133
525.681580
525.387634
525.734619
526.729675
528.359680
530.092712
531.259338
531.885498
532.580444
533.725281
535.235840
536.968567
538.989685
541.238892
543.193726
544.265930
544.333679
543.681702
542.632263
541.298340
539.821533
538.476135
537.274841
535.911682
534.110413
531.879517
529.484985
527.336853
525.890503
525.421692
525.785278
526.574341
527.650330
529.197327
531.075195
532.553162
532.936096
532.690247
533.154358
535.074585
537.907410
540.589050
542.543396
543.747681
544.271240
544.118713
543.379761
542.234741
540.779846
539.142944
537.585205
536.290955
535.068665
533.468933
531.350769
529.039795
526.951416
525.428589
524.814331
525.383850
526.921997
528.703979
530.119568
531.286621
532.616394
533.992004
534.936218
535.480957
536.428223
538.356750
540.937805
543.285583
544.768616
545.208923
544.587402
543.082581
541.183167
539.479370
538.162598
537.036621
535.788635
534.188965
532.198853
529.894409
527.680969
526.070190
525.319946
525.400146
526.223450
527.673706
529.404175
530.964111
532.112122
533.071167
534.311584
535.890869
537.511230
539.058228
540.782227
542.746338
544.349304
544.926453
544.434265
543.300354
541.911194
540.455322
538.976807
537.510864
536.159912
534.939575
533.609375
531.806030
529.443359
527.001587
525.322693
524.910461
525.565247
526.738525
528.182495
529.928589
531.699951
532.977905
533.669678
534.457214
536.144470
538.626648
540.948975
542.401978
543.214417
543.883606
544.362671
544.191040
543.202026
541.679749
539.961853
538.380859
537.115295
535.944153
534.475586
532.522583
530.343628
528.334595
526.668457
525.440002
524.952759
525.609924
527.347900
529.441406
531.054810
532.088196
533.022888
534.192078
535.665466
537.439392
539.466919
541.463318
543.056946
544.128906
544.789124
544.934021
544.238403
542.703186
540.872070
539.309082
537.979431
536.502319
534.865723
533.284485
531.672729
529.695618
527.464111
525.717651
525.119141
525.636292
526.780701
528.124878
529.557312
531.085693
532.566895
533.829407
534.965942
536.339355
538.356262
540.958252
543.349670
544.550842
544.313110
543.537476
543.373596
543.722656
543.320862
541.377625
538.653442
536.550476
535.446350
534.460999
532.700500
530.251099
527.866638
526.198364
525.430786
525.365540
525.863403
526.945129
528.590942
530.551392
532.267151
533.352417
534.091553
535.242126
537.170349
539.487244
541.571777
543.174011
544.280518
544.571533
543.646240
541.833130
540.247437
539.678955
539.637573
539.072693
537.542053
535.428650
533.261963
531.242981
529.321045
527.492676
525.923950
525.005615
525.181030
526.482422
528.312988
529.937866
531.167114
532.319702
533.605530
534.885986
536.149414
537.830444
540.146240
542.623047
544.372498
544.918701
544.468018
543.357178
541.658936
539.704163
538.209900
537.545471
537.219360
536.434387
534.941956
533.020630
530.863586
528.582397
526.535767
525.297607
525.130127
525.865723
527.114807
528.673584
530.313599
531.715027
532.739685
533.659912
534.999634
536.976379
539.350403
541.687866
543.540100
544.517822
544.458130
543.682922
542.630127
541.275208
539.531799
537.612671
536.151123
535.420593
534.857849
533.616638
531.454041
528.958008
526.899048
525.709106
525.456177
525.957397
526.934082
528.083313
529.480896
531.070557
532.457703
533.322266
534.028076
535.430481
537.955872
540.944519
543.300842
544.475525
544.688721
544.212280
543.111694
541.520447
539.835571
538.408752
537.282043
536.166199
534.792542
533.033447
531.046570
529.167297
527.758118
526.862183
526.195251
525.649963
525.710876
526.871521
528.806580
530.594788
531.761353
532.601013
533.676331
535.177368
536.945435
538.916260
541.115112
543.335571
544.936890
545.229309
544.115479
542.181458
540.345032
539.151978
538.387756
537.386475
535.791077
533.857849
531.989197
530.132202
527.938782
525.619568
524.145447
524.199707
525.440247
526.930054
528.233643
529.564148
531.043945
532.396301
533.459412
534.443848
535.765747
537.653381
539.987366
542.364441
544.211609
544.923950
544.294067
542.843201
541.326172
540.057861
538.929993
537.776794
536.567078
535.121094
533.181580
530.891052
528.816101
527.287476
526.081055
524.983215
524.370544
524.952515
526.820679
529.130554
530.957153
531.980164
532.492859
533.127319
534.452576
536.576538
539.047546
541.221130
542.855713
544.058472
544.746033
544.469482
543.036133
540.994202
539.178467
537.920349
536.916565
535.771240
534.291382
532.343384
529.954895
527.511353
525.722534
525.118774
525.518921
526.363098
527.416504
528.715027
530.121887
531.319702
532.200256
533.004639
534.010681
535.326111
537.130676
539.533264
542.094116
544.063538
544.868164
544.497437
543.349243
541.846069
540.310669
539.010620
537.970337
536.823181
535.166748
533.046509
530.841797
528.830261
527.014038
525.551025
524.933167
525.587036
527.205383
529.024414
530.472229
531.434387
532.031799
532.438232
533.044861
534.243286
536.080627
538.222656
540.424377
542.588135
544.306274
544.943054
544.187622
542.540344
540.802490
539.361694
538.189148
537.062805
535.870483
534.439941
532.614746
530.430725
528.197571
526.351440
525.195312
524.968750
525.809509
527.534180
529.536560
531.136353
532.255981
533.129761
533.839783
534.388245
535.207581
536.910095
539.452698
542.068115
543.943115
544.801697
544.719421
543.788269
542.223083
540.441467
538.891968
537.636536
536.437561
535.055603
533.433044
531.596741
529.559448
527.530945
526.000061
525.333008
525.582275
526.674377
528.424805
530.353149
531.879822
532.731567
533.328735
534.247681
535.476990
536.719727
538.072266
539.940613
542.244446
544.157654
544.871582
544.330688
542.987427
541.279541
539.574036
538.098511
536.955566
535.907288
534.562317
532.802856
530.785889
528.718750
526.768127
525.332520
524.927551
525.729919
527.365051
529.237915
530.890320
532.010559
532.683655
533.439880
534.992920
537.436096
539.921021
541.497131
542.164246
542.803833
543.822571
544.595764
544.213562
542.618713
540.557556
538.751770
537.490723
536.491394
535.275696
533.480713
531.268372
529.143494
527.472046
526.239319
525.352966
525.166504
526.063660
527.922241
530.023438
531.688660
532.806946
533.668213
534.674500
536.104858
538.097046
540.398071
542.413513
543.621216
544.084412
544.237488
544.167969
543.539001
542.211304
540.522522
538.873413
537.301636
535.772339
534.316956
532.810181
530.968079
528.776855
526.727112
525.454529
525.183472
525.750183
526.963379
528.706116
530.656738
532.315613
533.394714
534.163086
535.183777
536.784546
538.845215
541.102051
543.177246
544.543518
544.856201
544.321777
543.474976
542.527283
541.233521
539.517029
537.840027
536.586243
535.507874
534.076599
532.075928
529.783630
527.633362
526.020447
525.216248
525.342834
526.315186
527.884583
529.660156
531.227417
532.306396
532.989075
533.864441
535.556091
538.106934
540.800415
542.790039
543.838867
544.245422
544.207031
543.624329
542.559021
541.327148
540.081360
538.727905
537.305298
535.994751
534.694580
533.007935
530.729004
528.291504
526.365540
525.342224
525.217773
525.864136
527.176514
528.908325
530.651001
532.057007
533.104736
533.990234
534.989929
536.486572
538.652405
541.118347
543.161133
544.264771
544.410034
543.863525
542.673828
540.907288
539.133789
538.051086
537.662415
537.163940
535.911987
534.029175
531.969421
529.925598
527.934875
526.278381
525.330994
525.333435
526.202209
527.722534
529.599121
531.346375
532.544983
533.254211
534.063782
535.513184
537.631470
540.076172
542.326294
543.905396
544.518799
544.232300
543.358154
542.125000
540.546326
538.693604
537.045044
536.128052
535.751587
535.018616
533.350830
531.089539
528.856323
526.964722
525.562134
524.997314
525.585693
527.115051
528.902283
530.394653
531.513184
532.454041
533.447449
534.733765
536.549133
538.865356
541.195068
542.989990
544.019226
544.300659
543.860229
542.789001
541.339966
539.840942
538.315735
536.710449
535.305786
534.465881
533.909790
532.798340
530.685852
528.186157
526.335754
525.566101
525.640015
526.344971
527.628113
529.351501
531.064453
532.373474
533.276855
534.112427
535.246704
537.001587
539.386292
541.860901
543.643738
544.364868
544.240845
543.548828
542.299683
540.591736
538.874939
537.621643
536.659119
535.362915
533.531189
531.665588
530.138367
528.727478
527.152039
525.734192
525.127563
525.577698
526.884460
528.703186
530.626221
532.124451
532.896667
533.315430
534.229980
536.143921
538.617859
540.899353
542.587280
543.731018
544.368164
544.278015
543.279114
541.494690
539.454224
537.805481
536.792297
536.046143
534.801270
532.629822
530.023560
528.023804
526.998840
526.442383
525.880859
525.555969
526.056824
527.524841
529.481934
531.353210
532.679993
533.279663
533.514709
534.247986
536.189270
539.158691
542.054749
543.870056
544.466003
544.248352
543.504395
542.299316
540.787781
539.251282
537.865173
536.576355
535.248901
533.765198
531.961975
529.801697
527.653809
526.139709
525.519836
525.434143
525.626404
526.351929
527.899719
529.944946
531.757080
532.890076
533.517883
534.204895
535.521790
537.703125
540.420349
542.851257
544.317749
544.731079
544.399353
543.485168
541.938843
539.921814
538.016357
536.729248
535.877075
534.855835
533.317322
531.301147
529.009277
526.738708
525.089600
524.741821
525.678223
527.099182
528.328796
529.353271
530.472412
531.740356
532.934631
534.008118
535.230530
536.832947
538.845520
541.158875
543.354431
544.718628
544.795776
543.833496
542.503052
541.144165
539.575073
537.756836
536.090759
534.937500
533.921387
532.277771
529.910522
527.599670
526.138672
525.587219
525.684204
526.377197
527.708496
529.413269
530.966492
532.035583
532.585327
532.956421
533.750671
535.440430
538.065552
540.546326
542.073425
542.936523
543.817810
544.747131
544.929260
543.555054
540.830627
538.071167
536.379150
535.609009
534.731079
532.901062
530.601807
528.644653
527.486023
526.827881
526.031433
525.312317
525.909607
528.444702
531.630005
533.343994
532.831238
531.541382
531.661072
533.861938
537.053955
539.715759
541.266113
542.295837
543.448120
544.605042
544.909424
543.733948
541.479919
539.216980
537.743164
536.859375
535.680664
533.770447
531.617188
529.759277
528.125244
526.589539
525.420288
525.123840
525.835266
527.268921
529.122131
531.197205
533.035583
533.942749
533.684387
533.218689
534.040955
536.640198
540.095032
543.052612
544.658813
544.752563
543.863281
542.785828
541.875977
540.833984
539.257263
537.416565
535.935425
534.926147
533.737732
531.678955
528.916626
526.447815
525.140747
525.055725
525.754333
526.863098
528.231018
529.826538
531.549500
533.287415
534.654846
535.274353
535.507568
536.366577
538.412170
541.063232
543.141479
544.039917
544.079956
543.724731
543.010071
541.803101
540.153015
538.398315
536.811584
535.391846
533.974487
532.295593
530.138672
527.791809
526.020691
525.372986
525.757996
526.637024
527.728516
529.102051
530.767334
532.314941
533.346191
533.985779
534.889954
536.611145
539.164307
542.064087
544.418457
545.384399
544.946777
543.976624
543.148193
542.279785
540.958618
539.310181
537.913269
536.816284
535.435486
533.371460
530.994263
528.928833
527.238159
525.738403
524.773682
525.094177
526.786316
528.899353
530.435547
531.202087
531.847534
532.980225
534.590210
536.380615
538.267822
540.372986
542.775696
545.104248
546.446289
546.030579
544.204285
542.226990
541.008545
540.181458
538.896423
537.076355
535.352234
534.041870
532.627136
530.485046
527.976501
526.064636
525.277832
525.443176
526.287659
527.673828
529.358521
530.952332
532.164612
532.986633
533.714844
534.841431
536.820007
539.538208
542.262451
543.984863
544.328186
543.885193
543.489075
543.207336
542.507202
541.071533
539.221985
537.507080
536.213867
535.263611
534.242004
532.495972
529.875549
527.016602
524.950378
524.246460
524.818848
526.261169
528.203979
530.153687
531.522583
532.170471
532.667603
533.825867
535.803711
538.064636
540.222412
542.251770
544.026367
544.916687
544.509155
543.299866
542.144104
541.273132
540.307373
538.995911
537.538818
536.115234
534.533386
532.604980
530.424622
528.236206
526.295776
524.951172
524.624084
525.503235
527.238647
529.083923
530.640625
531.881165
532.857361
533.616455
534.495483
536.124268
538.767822
541.910034
544.466003
545.508606
544.939026
543.472229
541.948364
540.719910
539.545227
537.968140
536.154114
534.879028
534.536621
534.345337
533.104431
530.534058
527.632751
525.558228
524.726929
524.997559
526.067261
527.724731
529.660522
531.378174
532.602722
533.465332
534.408020
535.816406
537.881470
540.336548
542.594360
544.112854
544.724487
544.573730
543.766846
542.344543
540.470337
538.569580
537.097656
536.091553
535.301575
534.435059
533.164307
531.147095
528.533447
526.178894
524.978394
524.959778
525.482422
526.324036
527.810669
529.965393
532.058533
533.286560
533.789246
534.532837
536.245850
538.743896
541.336121
543.458801
544.846802
545.272888
544.560852
542.902222
540.807800
538.897156
537.581055
536.738892
535.752197
533.942627
531.455444
529.344910
528.327637
527.822632
526.837036
525.356445
524.585754
525.536621
527.763062
529.958984
531.367859
532.205566
533.060364
534.198303
535.631531
537.411438
539.490723
541.570190
543.359009
544.522583
544.750916
543.932922
542.348022
540.525940
538.870972
537.509521
536.348694
535.160889
533.641235
531.478394
528.810242
526.440613
525.291687
525.331970
525.700134
525.917603
526.437866
527.826355
529.888428
531.853271
533.132629
533.792419
534.498169
535.991394
538.468933
541.237549
543.326172
544.282715
544.405823
544.152710
543.455261
542.014343
540.034607
538.202576
536.845581
535.595276
533.983643
532.023560
530.088440
528.178528
526.231995
524.663086
524.155273
524.843445
526.194214
527.658386
529.111694
530.618042
532.032959
533.270325
534.452942
535.734009
537.314453
539.268677
541.581787
543.768188
545.048218
544.886963
543.617065
541.994568
540.413696
538.892700
537.439026
536.201843
535.104797
533.658447
531.594849
529.194763
527.176941
525.853699
525.147888
525.011658
525.623291
527.005432
528.794434
530.526306
531.901672
532.792603
533.325562
533.976624
535.510620
538.122070
541.191284
543.596558
544.599426
544.307617
543.492065
542.771179
542.095703
540.942078
539.014465
536.836548
535.235596
534.238953
532.936768
530.536194
527.567200
525.430359
524.846252
525.313110
526.158569
527.327271
529.185120
531.345093
532.760376
532.984741
532.797302
533.336914
535.008118
537.411255
539.941589
542.177002
543.738586
544.416931
544.326172
543.549316
542.224854
540.553345
538.902161
537.592834
536.530090
535.303711
533.660461
531.655273
529.430420
527.329224
525.782593
525.137695
525.485107
526.600220
528.149536
529.985596
531.909119
533.319824
533.692993
533.492798
533.969788
535.811829
538.472900
540.945007
542.700500
543.753418
544.245850
544.134338
543.285889
541.796875
540.013367
538.401428
537.108459
536.002502
534.687744
532.802429
530.481140
528.214355
526.422180
525.255981
524.897827
525.555359
527.067749
528.976624
530.780945
532.445862
533.923401
534.903198
535.131531
535.215088
536.293884
538.801880
541.844849
544.089172
545.015015
544.920654
544.106506
542.727722
540.875977
538.970703
537.408813
536.228455
535.062988
533.553162
531.616394
529.448242
527.417969
525.876892
525.088745
525.204163
526.302979
528.274902
530.392273
531.873291
532.575317
533.184448
534.409424
536.027100
537.340942
538.465210
539.999817
542.124756
544.041626
544.789856
544.330688
543.222168
541.800110
540.066833
538.297119
536.972229
536.183167
535.239563
533.356628
530.726685
528.078064
526.176086
525.278992
525.247559
525.943542
527.238525
528.994141
530.741882
531.958008
532.497620
532.941040
534.304688
536.982971
540.037903
542.043640
542.667847
542.929199
543.793152
544.870911
544.919128
543.439026
541.101990
538.985840
537.659180
536.779785
535.675903
533.994568
531.858887
529.640930
527.540955
525.704895
524.593201
524.844910
526.490173
528.690491
530.333313
531.146912
531.944824
533.360474
535.049255
536.434998
537.679138
539.554077
542.098022
544.262329
545.091003
544.727844
543.912231
543.120972
542.155823
540.618347
538.634460
536.776001
535.536865
534.798828
533.656616
531.446350
528.546021
526.217285
525.388184
525.684509
526.169617
526.727478
528.093872
530.363586
532.531799
533.551575
533.667603
534.198425
535.975342
538.679749
541.295593
543.064880
543.848877
543.916504
543.740906
543.508423
542.911682
541.465942
539.419434
537.728699
536.889465
536.226318
534.668457
532.104431
529.450378
527.514587
526.219177
525.169250
524.578125
525.099121
526.928406
529.404419
531.484680
532.599792
533.120239
533.965637
535.693481
538.074646
540.464294
542.445435
543.987427
544.948730
544.843872
543.370911
541.161865
539.495972
538.932739
538.683777
537.797852
536.268433
534.624084
533.079346
531.354431
529.279846
527.199097
525.674683
525.055237
525.387146
526.588745
528.384094
530.321655
531.907776
532.972961
533.783997
534.724915
536.191162
538.342651
540.772400
542.820679
544.014832
544.409302
544.130737
543.069031
541.195679
539.143188
537.823914
537.452209
537.238098
536.292053
534.539124
532.483948
530.376770
528.230103
526.252686
524.950684
524.705200
525.538513
527.178772
529.188538
530.956482
532.141602
532.936707
533.914673
535.488525
537.546997
539.763245
541.885925
543.718323
544.841980
544.895020
543.934143
542.336914
540.465454
538.498413
536.827515
535.960083
535.802856
535.454041
534.063354
531.686218
529.072327
526.911011
525.491394
524.904907
525.187683
526.265320
527.973694
530.042053
531.992554
533.226685
533.652588
534.038757
535.496399
538.255676
541.247803
543.250488
544.067688
544.293213
544.205933
543.467468
541.821167
539.722046
537.838318
536.382263
535.295532
534.478455
533.693542
532.501465
530.584961
528.260559
526.368835
525.488464
525.655579
526.573792
527.843628
529.162598
530.455811
531.766479
533.074890
534.245239
535.312012
536.744019
538.979248
541.658752
543.828857
544.690369
544.365112
543.455566
542.243286
540.744324
539.137024
537.791748
536.631958
535.102295
533.034241
530.995422
529.555664
528.509216
527.338135
526.040771
525.213867
525.349976
526.434937
528.146729
529.998108
531.492004
532.451660
533.179016
534.318970
536.206970
538.500916
540.693298
542.588867
544.122314
544.964417
544.658936
543.261414
541.352661
539.537720
538.099670
537.007202
535.992065
534.658081
532.719666
530.414185
528.447998
527.214050
526.395996
525.636169
525.260803
525.916260
527.657532
529.722778
531.318970
532.196777
532.657715
533.253906
534.480774
536.557495
539.208740
541.770508
543.654175
544.646057
544.756653
543.944275
542.365417
540.562317
539.082275
537.970703
536.872620
535.494812
533.807922
531.841125
529.618896
527.419434
525.773926
525.045410
525.046448
525.472412
526.436523
528.090881
530.064819
531.663879
532.597412
533.220642
534.089722
535.513428
537.557434
540.105591
542.640381
544.455933
545.087402
544.622437
543.447937
541.799377
539.893677
538.149902
536.890808
535.901550
534.662292
532.908508
530.822632
528.757385
526.908997
525.533936
525.045105
525.608032
526.841431
528.215393
529.568481
530.950378
532.123901
532.781494
533.285461
534.430298
536.532715
539.105042
541.439697
543.200806
544.292175
544.575562
543.936646
542.652100
541.164368
539.676392
538.174561
536.621887
535.144409
533.652771
531.889771
529.815125
527.696228
525.962891
524.972656
525.018677
526.212952
528.200378
530.120605
531.262817
531.767151
532.245972
533.036926
533.997620
535.161377
536.964966
539.529236
542.248169
544.194702
544.809753
544.218506
542.977661
541.613281
540.268188
538.820251
537.197510
535.619446
534.294495
533.032959
531.309265
528.953796
526.603821
525.234192
525.162292
525.954712
527.149902
528.751465
530.663757
532.293457
532.988037
532.952332
533.122070
534.248169
536.319397
538.847595
541.338196
543.346741
544.444153
544.532288
543.849792
542.652222
541.020020
539.168884
537.490417
536.280396
535.317017
534.075928
532.311829
530.201843
528.143127
526.458618
525.430725
525.337585
526.225464
527.804932
529.623718
531.327271
532.742676
533.698730
534.213745
534.766296
535.978943
537.897339
539.991272
541.797974
543.229675
544.238037
544.526733
543.825867
542.300537
540.481079
538.951782
537.846069
536.824890
535.428711
533.468750
531.140137
528.918030
527.188660
525.952271
525.197754
525.295227
526.611023
528.783569
530.848511
532.087708
532.656189
533.369995
534.759949
536.622253
538.560303
540.433533
542.143921
543.439697
544.220886
544.546448
544.295837
543.162598
541.257263
539.267822
537.828796
536.892029
535.863159
534.288879
532.254639
530.127930
528.119812
526.385254
525.281006
525.171692
526.141907
527.842163
529.715027
531.207764
532.165405
532.890686
533.856445
535.364197
537.292358
539.357117
541.442139
543.449158
544.944275
545.293152
544.435608
543.009827
541.650513
540.409790
539.107422
537.787720
536.541565
535.206726
533.493896
531.367981
529.155701
527.286682
526.038086
525.452698
525.515198
526.289185
527.785950
529.773499
531.698547
532.991699
533.579468
534.188477
535.767151
538.462830
541.335449
543.233887
543.994080
544.354492
544.741455
544.703979
543.653564
541.742920
539.681274
538.020813
536.805054
535.728149
534.369019
532.441467
530.091736
527.835876
526.209717
525.397461
525.277466
525.792419
527.003418
528.771301
530.651917
532.206543
533.345398
534.289001
535.369873
536.947266
539.150940
541.589600
543.541382
544.371277
544.185547
543.581604
542.817444
541.672241
540.085327
538.512817
537.366455
536.444885
535.208069
533.519043
531.581177
529.593384
527.737305
526.193359
525.192627
524.969727
525.686768
527.330933
529.549744
531.619812
532.906738
533.529114
534.291443
535.883972
538.120605
540.336060
542.130371
543.477905
544.285095
544.206787
543.178528
541.703064
540.332397
539.117004
537.931335
536.838562
535.936584
534.989380
533.463318
531.174011
528.545776
526.283569
525.021729
525.020447
526.050232
527.532776
529.006592
530.332642
531.639221
532.883728
533.919250
534.985657
536.646179
539.106873
541.745361
543.686035
544.563965
544.556091
543.899902
542.639893
540.933167
539.237244
537.890564
536.762634
535.593018
534.389526
533.192322
531.774353
529.958374
528.007324
526.432678
525.503967
525.310303
526.125671
527.935120
530.124573
531.829834
532.695923
533.198059
534.139343
535.871338
538.130249
540.460999
542.387695
543.579041
543.976318
543.751221
543.091187
541.908081
540.172119
538.233887
536.736938
535.941711
535.347961
534.286743
532.609558
530.640442
528.656311
526.910645
525.753052
525.429016
525.862183
526.827881
528.226318
529.894531
531.465637
532.648254
533.544922
534.701660
536.531860
538.865845
541.169067
543.063721
544.336914
544.732544
544.083191
542.676453
541.039673
539.500366
538.113464
536.799866
535.425415
533.760986
531.658813
529.370178
527.577332
526.659668
526.191895
525.642212
525.228088
525.795532
527.579285
529.783813
531.459045
532.338257
532.943359
533.903015
535.600159
537.917847
540.336609
542.277222
543.499084
544.124390
544.191467
543.533875
542.044067
540.092590
538.357788
537.155090
536.223755
535.039307
533.376953
531.353760
529.127014
527.017822
525.617554
525.284363
525.687256
526.269470
527.013916
528.241638
529.919800
531.546570
532.723450
533.581360
534.584045
536.132751
538.273315
540.705078
542.892761
544.225525
544.469238
543.836975
542.737610
541.368408
539.764771
538.168701
536.914795
535.876404
534.462769
532.371765
529.941345
527.842957
526.393433
525.515381
525.179932
525.464478
526.315247
527.609375
529.225037
530.889038
532.179443
532.921631
533.610718
535.065063
537.426331
540.030823
542.061340
543.333374
544.049316
544.234863
543.644470
542.273926
540.496033
538.719116
537.243835
536.128357
535.130066
533.795593
531.746277
529.231812
526.944702
525.554260
525.100891
525.275085
526.041321
527.456299
529.188660
530.652893
531.637451
532.437988
533.385010
534.563721
536.040161
538.033752
540.479126
542.885437
544.478210
544.779907
543.939148
542.521301
541.068054
539.784485
538.536621
537.093323
535.543396
534.111938
532.733643
530.955872
528.590210
526.293945
525.032288
525.153442
526.140747
527.420471
529.022217
531.016968
532.824707
533.541931
533.264648
533.252991
534.556946
536.977234
539.532227
541.568726
543.071838
544.171082
544.666565
544.114380
542.465637
540.375427
538.735657
537.845093
537.129578
535.784302
533.618530
531.219360
529.236694
527.613892
526.065613
524.867676
524.755249
526.056763
528.205994
530.192932
531.645020
532.779541
533.623535
533.976685
534.147522
535.070801
537.424438
540.648621
543.397522
544.708130
544.573547
543.697876
542.796875
541.854126
540.534912
538.597168
536.461121
534.909363
534.169128
533.563293
532.059204
529.321533
526.329407
524.523804
524.502625
525.709778
527.228943
528.539246
529.853760
531.447815
533.329590
535.028198
535.916809
536.061218
536.529724
538.294800
541.101685
543.578552
544.666809
544.499817
543.768433
542.689148
541.087463
539.110474
537.443481
536.437988
535.568726
534.041443
531.732727
529.276184
527.300415
525.995117
525.277161
525.202759
525.990173
527.682739
529.814331
531.537415
532.401001
532.857727
533.847717
535.839905
538.188049
539.873901
540.791199
541.742859
543.125610
544.337646
544.465515
543.377991
541.687988
540.010193
538.619019
537.478943
536.406616
535.074951
533.220581
530.908936
528.548279
526.589478
525.347107
525.069397
525.799927
527.286926
529.016541
530.546387
531.787292
532.785767
533.627136
534.559998
536.088135
538.514954
541.305359
543.424805
544.422485
544.668823
544.540344
543.915710
542.591675
540.839050
539.177856
537.822937
536.668091
535.540771
534.224365
532.426208
530.055786
527.539612
525.657166
524.862854
525.021179
525.866394
527.315552
529.242981
531.134521
532.436340
533.137146
533.847290
535.217346
537.386169
539.951355
542.318787
543.892090
544.412048
544.201294
543.774658
543.163879
542.005554
540.288330
538.596497
537.451599
536.592773
535.332642
533.428894
531.183960
528.986084
526.987915
525.398499
524.676758
525.149841
526.672485
528.696289
530.651367
532.056152
532.767761
533.207092
534.105286
535.935303
538.480530
541.041504
543.099182
544.459229
544.890869
544.221985
542.783325
541.326538
540.281494
539.378662
538.271423
537.063782
535.933533
534.605286
532.664185
530.240173
527.947937
526.313782
525.429016
525.284180
525.924194
527.317566
529.143982
530.900513
532.304871
533.342529
534.190369
535.284241
537.044861
539.468445
541.926941
543.725281
544.623047
544.720276
543.951660
542.255737
540.083313
538.319641
537.468628
537.134705
536.538818
535.388062
533.766846
531.727966
529.312683
526.961365
525.342896
524.769897
525.120300
526.260193
528.061462
530.187744
532.040833
533.192017
533.821899
534.535522
535.785767
537.723755
540.172546
542.609009
544.316101
544.765259
544.069214
542.809082
541.358826
539.743042
538.148682
537.041382
536.566833
536.141235
534.987061
532.963135
530.536011
528.199097
526.270142
525.076172
524.901855
525.761963
527.410828
529.431091
531.290283
532.541382
533.117615
533.622070
534.908447
537.202087
539.774353
541.788208
543.073303
543.956177
544.500793
544.266235
542.958862
540.964478
538.913696
537.264099
536.143311
535.470032
534.912415
533.895752
532.022217
529.592224
527.253906
525.500610
524.677673
525.048340
526.489624
528.360291
529.969482
531.165344
532.229492
533.369019
534.570374
535.957520
537.945862
540.613342
543.173218
544.562988
544.542786
543.747192
542.773560
541.635620
540.170227
538.591675
537.170837
535.855042
534.411377
532.807861
531.255554
529.822327
528.399353
527.006836
525.896240
525.310181
525.498718
526.683289
528.673645
530.781494
532.242981
532.966187
533.598816
534.855835
536.821960
539.117310
541.313599
543.119812
544.284729
544.573486
544.006958
542.768982
541.037903
539.124268
537.468567
536.266174
535.132935
533.457764
531.214539
529.213501
528.079712
527.487183
526.721558
525.766113
525.371582
526.122131
527.803772
529.740173
531.408264
532.574585
533.328979
534.101074
535.452759
537.600952
540.151611
542.441467
544.026428
544.768311
544.593628
543.484741
541.733948
539.820618
538.176025
536.972473
536.009460
534.884033
533.265503
531.075684
528.666748
526.727417
525.627258
525.142517
525.044006
525.558655
526.942505
528.846741
530.538696
531.709900
532.638611
533.673279
534.935913
536.533386
538.601746
541.043701
543.293945
544.648682
544.797241
543.971802
542.544800
540.856628
539.242371
537.936096
536.877075
535.809509
534.435486
532.539246
530.109619
527.487122
525.447510
524.763611
525.434021
526.560852
527.354919
527.985901
529.093750
530.702271
532.088074
532.946777
533.870605
535.562195
537.988281
540.452759
542.334717
543.555786
544.299072
544.430969
543.633179
541.916504
539.875916
538.350403
537.570129
536.937439
535.559387
533.178284
530.526245
528.431885
527.006287
525.905151
525.164856
525.325989
526.730408
528.845947
530.655823
531.679810
532.155396
532.487854
532.939697
533.884155
535.813538
538.572449
541.237793
543.012268
543.767883
543.819824
543.397522
542.547485
541.359497
539.990112
538.611389
537.276917
535.917358
534.344299
532.360840
529.976746
527.588074
525.933594
525.325317
525.495361
526.132629
527.301270
528.987122
530.600769
531.547668
531.943848
532.478210
533.597046
535.277039
537.440979
540.000916
542.514282
544.188049
544.660034
544.282959
543.548706
542.458252
540.833618
538.979370
537.531921
536.603271
535.535278
533.773438
531.378052
528.979126
527.113525
525.930237
525.459961
525.749146
526.828491
528.507690
530.425293
532.056824
532.927551
533.058105
533.196472
534.256958
536.288574
538.652588
540.803833
542.647034
544.065308
544.665039
544.110168
542.608826
540.910767
539.570435
538.641724
537.752319
536.549316
534.834595
532.587402
530.150146
527.919250
526.227356
525.244385
525.196106
526.175232
527.771790
529.390198
530.632812
531.631958
532.793091
534.147034
535.415771
