538.514893
538.642578
539.016235
539.244751
538.559448
536.670715
534.508667
533.605591
534.479858
535.928406
536.289490
535.241638
534.152527
534.271484
535.288513
535.641541
534.758301
534.025391
535.120667
537.479614
538.329956
535.990479
532.411682
531.325256
533.908691
537.286682
537.944214
535.631592
533.472778
533.836365
535.816284
536.774109
535.606567
533.666687
532.848450
533.717529
535.312866
536.184814
535.673340
534.585999
534.299622
535.215454
536.238464
536.116699
534.918335
534.003906
534.296875
535.259277
535.787903
535.578308
535.264893
535.285400
535.332947
535.031494
534.460083
534.178040
534.608215
535.596130
536.308167
536.098999
535.115356
534.191528
534.200745
535.122742
535.977722
535.836853
534.910339
534.210205
534.296509
534.910034
535.517151
535.821899
535.769897
535.455750
535.075012
534.804260
534.633545
534.458069
534.419861
534.839661
535.780579
536.624329
536.596680
535.651367
534.470886
533.773010
533.741272
534.279175
535.211487
536.145203
536.447266
535.776123
534.779907
534.487549
535.130005
535.937134
536.134949
535.681274
535.035950
534.670959
534.730408
535.035889
535.282471
535.195984
534.959229
534.972595
535.289612
535.457031
535.191223
534.856140
535.023743
535.571655
535.820312
535.394104
534.721802
534.449402
534.686279
535.051697
535.305359
535.466980
535.543701
535.465820
535.299316
535.100769
534.771118
534.302002
534.118164
534.559814
535.342468
535.746155
535.436157
534.886780
534.738220
534.978271
535.193176
535.255188
535.340698
535.467712
535.434265
535.187805
534.968201
534.924316
534.952209
534.997437
534.951172
534.812805
534.763123
535.093872
535.929504
536.515442
535.890320
534.258423
533.119812
533.718872
535.494934
536.605896
536.099731
534.963257
534.499695
534.869202
535.275818
535.181396
534.939697
534.886780
534.992004
535.084717
535.064697
535.000122
535.032166
535.175232
535.317261
535.278198
535.058716
534.935730
535.160828
535.505188
535.442566
534.909180
534.551270
534.855713
535.473999
535.722656
535.383301
534.923096
534.802246
534.956299
535.095276
535.151367
535.188599
535.190430
535.114380
535.087708
535.146484
535.114502
534.923950
534.878601
535.171631
535.482910
535.373962
534.942200
534.743713
535.029297
535.398499
535.382935
535.080200
534.936157
535.082581
535.247986
535.215576
535.048706
534.947571
534.989319
535.103088
535.205322
535.120972
534.738403
534.372925
534.490173
535.107605
535.611267
535.536987
535.153931
535.029724
535.227539
535.365906
535.276367
535.104370
535.017700
534.963135
534.880432
534.909607
535.153198
535.377197
535.264832
534.934814
534.803406
535.024353
535.371460
535.521606
535.357056
534.991638
534.748413
534.920349
535.411743
535.699341
535.326355
534.520752
534.150513
534.762024
535.780029
536.129089
535.536377
534.748169
534.541809
534.950134
535.454468
535.569946
535.194275
534.702454
534.552856
534.855347
535.255493
535.363098
535.139343
534.983643
535.099731
535.212769
535.044128
534.776733
534.830566
535.204895
535.438293
535.252319
534.942200
534.953430
535.197876
535.196045
534.847839
534.556885
534.611938
534.926392
535.319519
535.614990
535.592346
535.217102
534.815674
534.786865
535.100220
535.333374
535.188293
534.802856
534.660950
534.947754
535.379944
535.642578
535.634277
535.354858
534.959045
534.770508
534.980408
535.338196
535.383179
535.014587
534.687988
534.772400
535.103027
535.220093
535.035217
534.915833
535.070374
535.299011
535.438904
535.487549
535.380493
535.076782
534.812195
534.902832
535.315918
535.565186
535.322754
534.864990
534.713379
534.966003
535.255798
535.405334
535.335022
535.104126
534.760498
534.520630
534.658936
535.165466
535.635254
535.712036
535.477539
535.218750
535.041260
534.920837
534.966431
535.344116
535.646851
535.491577
535.096802
534.974487
535.195435
535.320251
535.104187
534.865601
534.949341
535.220398
535.296265
535.208435
535.187805
535.221375
535.143494
534.947449
534.913635
535.095276
535.193848
534.977966
534.723083
534.805969
535.156311
535.416931
535.334106
535.052734
534.773315
534.634216
534.918579
535.608093
536.150635
535.992493
535.310425
534.823242
534.934814
535.218262
535.212524
534.921753
534.790283
534.973816
535.194336
535.202026
535.132263
535.105652
535.079346
535.091675
535.207092
535.341492
535.316711
535.091064
534.968262
535.032959
535.186035
535.247192
535.178223
535.070801
535.016235
534.949524
534.943787
535.168030
535.483215
535.559875
535.184448
534.712036
534.497437
534.545898
534.739380
535.093140
535.514893
535.728699
535.656006
535.530518
535.522766
535.469971
535.146301
534.785767
534.685486
534.973389
535.291077
535.245667
534.934631
534.765442
534.864990
535.081360
535.298279
535.556458
535.617249
535.327698
534.924255
534.870300
535.132385
535.226624
534.969727
534.692505
534.711914
534.947449
535.102356
535.157471
535.230286
535.266052
535.056335
534.783691
534.846985
535.273132
535.559509
535.336670
534.896790
534.769470
534.968689
535.205383
535.294861
535.275391
535.150513
535.055359
535.108459
535.322632
535.491150
535.451660
535.291260
535.178528
534.949890
534.441772
533.952576
534.057800
534.791687
535.490234
535.436768
534.934875
534.721069
535.030579
535.364990
535.378601
535.229675
535.171753
535.135132
535.042542
535.067017
535.117859
535.080566
534.969543
535.009888
535.230896
535.400208
535.280151
534.952026
534.779114
534.948181
535.252686
535.395325
535.326599
535.192444
534.888306
534.606567
534.688782
535.117065
535.327209
535.032410
534.667297
534.796631
535.267212
535.478210
535.225281
534.995300
535.085876
535.290955
535.265625
535.077698
535.100464
535.336731
535.391357
535.060059
534.693787
534.761780
535.222534
535.614685
535.508789
535.035645
534.628357
534.720886
535.283936
535.641907
535.144470
534.101746
533.555908
534.061523
535.060059
535.606018
535.471558
535.216370
535.202454
535.220337
535.094543
534.983643
535.018860
534.881836
534.300110
533.870972
534.507507
535.975891
536.835632
536.177734
534.761658
534.031494
534.411560
535.129578
535.460144
535.429077
535.330444
535.220947
535.018738
534.890564
535.059387
535.267456
535.008667
534.422852
534.257324
534.830444
535.592346
535.874512
535.682129
535.423035
535.257202
535.094238
534.891296
534.727966
534.765686
535.086548
535.523132
535.753174
535.613831
535.271912
535.059326
535.059082
535.042053
534.851746
534.768860
535.153259
535.751709
535.833923
535.200134
534.575684
534.744263
535.441772
535.704895
535.181519
534.568604
534.550537
534.990234
535.303650
535.267761
535.144470
535.169678
535.299438
535.354919
535.233337
535.028931
534.964905
535.118713
535.260376
535.196289
535.159546
535.599182
536.300354
536.218872
534.733887
532.880920
532.567505
534.376953
536.738647
537.545471
536.453003
534.968994
534.416565
534.649292
534.855469
534.799438
534.764893
534.838318
534.861267
534.876892
535.128418
535.635315
536.035889
535.913391
535.217102
534.447144
534.272705
534.910522
535.782715
535.963318
535.220459
534.324707
534.280029
535.146790
535.957153
535.964539
535.512695
535.229858
535.052063
534.508789
533.798828
533.858459
535.239807
537.268738
538.692139
538.615662
536.915710
534.323730
532.226135
531.909790
533.560120
535.698303
536.581421
535.995117
535.270447
535.456543
536.087585
536.026428
535.110352
534.305176
534.336182
534.914246
535.329773
535.223267
534.960999
535.019958
535.407959
535.678284
535.603394
535.285645
534.880859
534.417908
533.984863
533.897705
534.743347
536.647583
538.585693
538.903320
537.103699
534.691589
533.630554
534.093201
534.814148
534.867737
534.706787
535.172119
536.113037
536.370605
535.458435
534.294617
534.007141
534.617126
535.206055
535.189575
534.909485
534.952209
535.455688
535.869202
535.634155
534.930115
534.526550
534.844299
535.463867
535.643372
535.280396
535.012573
535.186584
535.436890
535.108215
534.410767
534.402771
535.645691
537.255493
537.628967
536.080139
533.663513
532.379700
533.314087
535.576660
537.092529
536.587036
535.012451
534.227295
534.871521
535.775513
535.687256
534.874084
534.548340
535.100647
535.631042
535.296753
534.506897
534.339722
535.061035
535.831726
535.860840
535.263123
534.696106
534.723877
535.193787
535.474792
535.047791
534.110779
533.912537
535.432129
537.702698
538.281982
536.010620
532.746765
531.671814
533.729065
536.519775
537.342163
536.046875
534.722351
534.847229
535.628296
535.620850
534.788391
534.279114
534.680420
535.303833
535.247314
534.602051
534.389832
535.307251
536.749817
537.274109
536.146484
534.362793
533.828186
534.843567
535.954895
535.553101
534.096924
533.724365
535.678894
538.353821
538.717407
535.723206
531.913513
530.976501
533.759705
537.286926
538.165222
535.894714
533.428772
533.387573
535.232849
536.377136
535.612976
534.331482
534.324707
535.389343
535.970703
535.427795
534.796692
535.107788
535.924133
536.119934
535.543274
534.902222
534.840576
535.192932
535.435120
535.476440
535.507629
535.601562
535.544922
535.085266
534.380066
533.997986
534.407166
535.422363
536.475403
536.503540
535.336548
533.943359
533.478210
534.217834
535.486633
536.465820
536.779602
536.439453
535.613159
534.701843
534.273682
534.456299
534.948853
535.155701
534.989807
534.795166
534.853821
535.110779
535.550476
535.949402
535.889343
535.098694
534.063171
533.830078
534.859863
536.405334
537.164490
536.517883
535.039917
533.777283
533.445923
534.082031
535.220520
535.962036
535.852356
535.301331
535.074219
535.391418
535.703308
535.458618
534.878296
534.519836
534.596497
534.903992
535.217590
535.481995
535.618164
535.463745
535.120605
534.937561
534.976868
534.939819
534.783569
534.813904
535.101318
535.312500
535.058777
534.741516
535.065369
535.869202
536.205017
535.534973
534.519348
534.306519
535.142029
536.042236
535.954041
534.950623
534.032410
534.130798
535.117065
536.042053
536.034302
535.093079
534.211060
534.289612
535.069824
535.580383
535.385986
534.991333
534.950012
535.133911
535.166260
535.020020
535.040039
535.333557
535.578796
535.469727
535.168518
534.986023
534.958496
534.878052
534.564148
534.307129
534.654907
535.719788
536.823730
536.946167
535.725037
534.063049
533.386841
534.197388
535.476685
535.799500
535.068909
534.483704
534.833557
535.695679
536.126465
535.767944
535.049194
534.538635
534.456116
534.696411
534.975464
535.149658
535.260498
535.343628
535.363098
535.224915
534.970520
534.849915
535.044800
535.350830
535.407837
535.154907
534.981140
535.143188
535.315186
535.128723
534.767822
534.742004
535.082825
535.243591
534.946777
534.565430
534.608276
535.054810
535.485718
535.579651
535.372620
535.022278
534.719604
534.734009
535.104675
535.521667
535.648254
535.454956
535.221802
535.080750
534.922485
534.732483
534.708069
534.935547
535.203430
535.252380
535.171753
535.201599
535.317810
535.151428
534.730835
534.560669
535.032959
535.849365
536.379822
536.200134
535.304016
534.207703
533.788940
534.514282
535.734497
536.119385
535.183472
533.979919
533.990723
535.247375
536.320862
536.046265
534.982788
534.466675
534.848633
535.295532
535.135864
534.656067
534.533203
534.971252
535.502136
535.613770
535.272766
534.869629
534.802734
535.101746
535.368408
535.150879
534.574585
534.330933
534.685669
535.111328
535.014160
534.583435
534.568298
535.175110
535.773804
535.802673
535.404053
535.082825
535.039856
535.069580
534.969849
534.831543
534.767273
534.815369
534.980835
535.203979
535.392212
535.434937
535.345276
535.219788
535.106628
535.003906
535.015015
535.169922
535.306091
535.155579
534.852905
534.904968
535.492981
536.064514
535.943115
535.184021
534.555542
534.550781
534.912415
535.184387
535.264526
535.191956
535.027100
534.837585
534.823608
535.040710
535.268677
535.263428
535.105835
535.087524
535.263550
535.354614
535.222961
535.047974
535.039917
535.133057
535.189880
535.183594
535.208740
535.189392
535.046265
534.971497
535.191589
535.495728
535.437439
535.008667
534.763489
534.994019
535.372375
535.426208
535.201721
535.027100
535.060547
535.150391
535.135132
535.045898
534.980591
534.974976
535.068359
535.237976
535.360413
535.250305
534.997070
534.879883
535.026917
535.244690
535.305908
535.279480
535.285706
535.257324
535.046753
534.869751
535.097778
535.611328
535.883179
535.619019
535.128601
534.886169
534.959961
535.126709
535.234253
535.255920
535.163269
534.998962
534.945679
535.128174
535.309937
535.211548
534.996033
535.052185
535.372253
535.517761
535.241333
534.855469
534.810364
535.074280
535.250305
535.157715
535.021851
535.067200
535.182617
535.220886
535.258850
535.327271
535.280701
535.121094
535.110168
535.312744
535.444275
535.290649
535.060425
535.042725
535.134521
535.089539
534.996155
535.132690
535.470764
535.616272
535.303955
534.813110
534.617493
534.838928
535.199219
535.392151
535.356445
535.188904
535.037415
535.065796
535.277527
535.401184
535.182068
534.872009
535.019714
535.640442
536.061401
535.825989
535.234741
534.893250
534.927856
535.102783
535.265869
535.388916
535.328857
534.955933
534.552063
534.636414
535.306030
535.883362
535.714111
535.075195
534.764343
535.087891
535.493774
535.446838
535.037292
534.753662
534.889160
535.214539
535.338257
535.154297
534.887634
534.912720
535.337097
535.760193
535.677307
535.174622
534.890686
535.157043
535.502014
535.349731
534.944153
534.947449
535.381897
535.593079
535.207520
534.739075
534.854004
535.348328
535.479553
535.056458
534.638428
534.746155
535.230469
535.549011
535.478943
535.231445
535.073059
535.056580
535.091553
535.101746
535.069153
535.063110
535.220947
535.493835
535.528076
535.192688
534.893921
535.023315
535.345947
535.304688
534.910156
534.761841
535.140381
535.587646
535.508423
534.991333
534.679443
534.887878
535.265625
535.344360
535.149902
535.005920
535.100891
535.318970
535.461731
535.395203
535.172974
535.008850
535.004272
535.046997
535.005127
534.937378
535.128052
535.558594
535.719238
535.237549
534.554932
534.447571
535.012268
535.524475
535.474304
535.140869
535.016113
535.132568
535.215515
535.122253
535.021606
535.053894
535.127869
535.144043
535.165527
535.218750
535.224670
535.127075
535.045166
535.078125
535.152466
535.187317
535.149536
535.066711
534.978333
534.932312
535.102112
535.497559
535.756531
535.506714
534.964905
534.723816
534.956238
535.216736
535.164490
535.035095
535.129944
535.329041
535.331055
535.103638
534.963867
535.066284
535.234619
535.287170
535.274597
535.269409
535.216797
535.096008
535.017029
535.039612
535.080933
535.109436
535.188232
535.293579
535.252075
535.032227
534.917480
535.149841
535.499756
535.416382
534.830383
534.379639
534.524719
534.971619
535.187561
535.130310
535.117004
535.220276
535.244629
535.186096
535.141235
535.097534
534.989380
534.893860
534.974609
535.216492
535.380493
535.296692
535.116089
535.064880
535.131653
535.181213
535.192871
535.259644
535.297913
535.188904
535.032959
535.101318
535.322754
535.295166
534.952698
534.734375
534.920288
535.214905
535.200623
535.011719
535.045715
535.298523
535.397339
535.207703
534.978088
534.984497
535.152588
535.252319
535.212097
535.139038
535.068481
535.010864
535.024414
535.147827
535.283447
535.327637
535.310608
535.292419
535.205750
534.984924
534.816223
534.990723
535.368896
535.420593
534.928040
534.394165
534.413086
534.919739
535.356934
535.442505
535.290161
535.106384
534.972046
534.952332
535.075256
535.236694
535.250793
535.104980
535.040161
535.165405
535.260132
535.152710
535.012878
535.146118
535.416687
535.473145
535.277039
535.150452
535.229614
535.295959
535.189575
535.083496
535.160583
535.289795
535.232422
535.034790
534.883972
534.801086
534.728088
534.825195
535.238892
535.670959
535.602417
535.063110
534.672791
534.850281
535.265991
535.405273
535.260193
535.159485
535.175720
535.099487
534.929626
534.915588
535.140381
535.367065
535.377563
535.259888
535.191162
535.201477
535.204468
535.166809
535.135193
535.072021
534.940979
534.964233
535.311401
535.686279
535.635559
535.186707
534.868347
534.969482
535.174377
535.171509
535.074768
535.128235
535.274719
535.281921
535.100769
535.004822
535.147949
535.348145
535.363831
535.202454
535.034485
535.036560
535.206482
535.399536
535.373962
535.057739
534.725952
534.762756
535.184875
535.444336
535.081482
534.447388
534.338013
534.939453
535.549744
535.583435
535.224670
535.017578
535.080811
535.161865
535.144409
535.105957
535.155579
535.250488
535.303711
535.310547
535.264832
535.150085
535.021606
534.973206
534.986023
534.987915
535.013367
535.142578
535.271545
535.141541
534.809753
534.727173
535.109558
535.567383
535.469482
534.917664
534.704712
535.207520
535.826233
535.831116
535.312805
534.890686
534.915955
535.152954
535.257324
535.162354
534.976135
534.918213
535.080872
535.317932
535.360901
535.124817
534.869873
534.939270
535.257690
535.382141
535.152222
534.948303
535.115601
535.434937
535.434692
535.093018
534.860718
534.997925
535.254089
535.303711
535.219604
535.198303
535.185852
535.133789
535.152344
535.269226
535.237305
534.954346
534.767090
535.007874
535.427246
535.511230
535.187439
534.885498
534.938049
535.138672
535.092651
534.888123
534.921692
535.251526
535.475403
535.354614
535.043030
534.831726
534.856628
535.057739
535.259949
535.257568
534.985596
534.781067
535.065002
535.741516
536.157776
535.843384
535.107605
534.707703
534.888794
535.256226
535.426331
535.392822
535.249634
535.007751
534.740051
534.703796
534.984802
535.298157
535.321594
535.126160
535.055298
535.217590
535.363953
535.299683
535.073364
534.888000
534.914429
535.207031
535.591187
535.668396
535.161316
534.438477
534.325439
535.156189
536.209656
536.429688
535.693726
534.901550
534.790894
535.190674
535.500732
535.459595
535.199890
534.958984
534.851074
534.909790
535.059265
535.174988
535.212036
535.261353
535.364929
535.355591
535.133484
534.906189
534.916260
535.091614
535.124023
535.004150
535.024902
535.279053
535.456421
535.257385
534.887878
534.821899
535.088806
535.255920
535.148926
535.047852
535.145569
535.295044
535.319702
535.282532
535.220215
535.012451
534.740967
534.692505
534.968323
535.292969
535.359741
535.238159
535.222595
535.306580
535.214844
534.918152
534.779480
535.033081
535.415039
535.507263
535.245728
534.899536
534.717285
534.724365
534.926392
535.254761
535.431091
535.199707
534.788574
534.757751
535.222839
535.586670
535.376221
534.876221
534.667603
534.870850
535.209961
535.375549
535.289001
535.077942
534.957031
535.099731
535.429810
535.578674
535.244690
534.645569
534.421021
534.855164
535.464783
535.590759
535.248535
534.976990
535.039490
535.245300
535.340027
535.312927
535.112427
534.686340
534.307190
534.440308
535.089966
535.642883
535.559082
535.040588
534.694763
534.756775
534.948975
535.049377
535.089539
535.177307
535.218384
535.151123
535.068359
535.057922
535.045044
534.968872
534.917969
534.980530
535.122681
535.270996
535.363464
535.290344
534.946228
534.543091
534.519775
535.084839
535.732300
535.662048
534.806946
534.041748
534.160767
534.952393
535.568298
535.556396
535.177246
534.870728
534.870300
535.182129
535.537781
535.617920
535.377625
535.086487
534.980835
534.979797
534.864075
534.716248
534.864624
535.322021
535.590454
535.300415
534.828186
534.795044
535.165222
535.328064
535.040100
534.781494
535.010498
535.477783
535.617249
535.290527
534.828003
534.541687
534.509155
534.759338
535.202026
535.485474
535.321045
534.935547
534.804260
535.009521
535.157898
534.980896
534.759338
534.877258
535.221924
535.388184
535.277710
535.178528
535.221619
535.221558
535.073730
534.939148
534.983459
535.136597
535.218750
535.200867
535.085205
534.838989
534.577026
534.603699
535.002075
535.372681
535.273376
534.887634
534.821899
535.195374
535.508545
535.358826
534.979858
534.866516
535.060913
535.212769
535.123962
534.914429
534.811707
534.902588
535.128357
535.330627
535.360474
535.179016
534.945557
534.849915
534.907654
534.980530
535.041504
535.156921
535.313049
535.231140
534.838562
534.598267
534.916138
535.479980
535.625854
535.193054
534.709412
534.678162
535.000122
535.237122
535.221802
535.040283
534.894104
534.891968
535.063965
535.330566
535.384888
535.077087
534.691101
534.671204
535.100464
535.568481
535.674561
535.389587
534.976074
534.710632
534.734131
534.949829
535.148499
535.057129
534.638611
534.390991
534.823364
535.698120
536.178101
535.828735
535.115356
534.709595
534.731384
534.910767
535.063843
535.123169
535.092529
535.018616
535.014832
535.148071
535.308838
535.313293
535.123413
534.916443
534.836792
534.848206
534.922180
535.095459
535.298767
535.321167
535.120728
534.985352
535.171265
535.352783
535.009338
534.310486
534.047791
534.656616
535.458862
535.625000
535.121277
534.531616
534.448914
534.988342
535.759033
536.152161
535.876282
535.166199
534.601196
534.575012
534.796509
534.828857
534.610901
534.654297
535.200378
535.749695
535.804077
535.469360
535.167358
535.007996
534.832947
534.626770
534.612061
534.904907
535.231689
535.342102
535.310669
535.318970
535.332458
535.296387
535.296509
535.310608
535.107239
534.666748
534.425415
534.725342
535.266846
535.508179
535.359741
535.201965
535.240356
535.216370
534.903564
534.666626
534.713867
534.873169
534.783508
534.536926
534.680359
535.364075
536.096619
536.231506
535.661804
534.841248
534.302063
534.341431
534.899597
535.630005
535.807983
535.280457
534.685303
534.670288
535.137878
535.424622
535.253479
534.855591
534.604004
534.679504
535.039612
535.512207
535.768372
535.486389
534.797485
534.347717
534.620789
535.275085
535.539307
535.204468
534.827393
534.861084
535.144531
535.220703
534.981140
534.735107
534.734985
535.009644
535.402344
535.632263
535.444336
534.977966
534.778931
535.103760
535.507263
535.395325
534.886353
534.606934
534.868530
535.271423
535.325867
535.121704
535.203186
535.215820
534.718201
533.887207
533.600525
534.490601
536.050415
537.094482
536.872498
535.659607
534.405334
533.842896
533.987488
534.311584
534.655518
535.021667
535.739807
536.576294
536.734741
535.972534
535.071533
534.898926
535.200378
535.061279
534.365479
533.995972
534.567322
535.529114
535.846130
535.396423
534.972229
535.069580
535.318298
535.190735
534.779907
534.597717
534.895020
535.374329
535.580017
535.296936
534.813965
534.661438
534.970215
535.234619
534.875488
534.048828
533.871155
535.200134
537.294922
538.270447
537.146729
534.960876
533.679443
534.161316
535.486816
536.068176
535.284119
534.057800
533.821228
534.844055
536.000061
536.088196
535.172607
534.388916
534.511414
535.106384
535.320862
535.024719
534.795166
534.940369
535.142273
535.090637
534.993713
535.153625
535.412537
535.388245
535.081909
534.852234
534.832825
534.791809
534.686279
534.718384
534.905518
535.020874
535.036194
535.019409
534.993591
534.735657
534.321289
534.383240
535.305481
536.509094
536.906982
536.045959
534.644958
533.838013
534.074280
534.851807
535.432129
535.339539
534.877625
534.685303
535.094971
535.745178
535.884766
535.289734
534.579163
534.511047
534.959717
535.156860
534.832642
534.500244
534.640442
535.050354
535.252197
535.139771
535.014282
535.080627
535.210388
535.304138
535.340637
535.305542
535.194519
535.064575
534.998474
534.984802
534.906738
534.831848
534.998718
535.411438
535.701965
535.435364
534.721375
533.999023
533.805847
534.492004
535.939087
537.447876
537.834839
536.334839
533.595337
531.537292
531.626038
533.517090
535.545166
536.294983
535.836182
535.061096
534.809692
535.261963
535.780396
535.650879
534.920837
534.267273
534.246338
534.760620
535.220215
535.295593
535.244751
535.343140
535.422119
535.232117
534.963684
534.972961
535.217102
535.265503
535.128601
535.177795
535.282410
534.753418
533.384155
532.223206
532.827576
535.248596
537.558838
537.682251
535.522583
533.099609
532.595642
534.216980
536.234985
536.826904
535.808838
534.606506
534.492249
535.175537
535.516174
535.066956
534.523987
534.626160
535.113586
535.276001
535.011108
534.798950
534.943298
535.176880
535.179688
535.083984
535.221741
535.564758
535.594543
535.104370
534.242188
533.626404
534.034607
535.655273
537.340515
537.212708
534.865234
532.528442
532.835693
535.575989
537.751831
537.113525
534.679443
533.445251
534.448669
535.866516
535.769470
534.518860
533.897705
534.619629
535.569458
535.520386
534.710327
534.366638
535.118347
536.165344
536.302612
535.248657
534.117004
534.201172
535.347290
535.916504
534.951660
533.843628
534.649231
537.098694
538.489197
536.848877
533.569336
531.906921
533.297363
535.769897
536.594116
535.506165
534.514099
535.022888
536.166382
536.250122
534.978455
533.777832
534.005554
535.244934
535.912537
535.285217
534.376709
534.541138
535.747070
536.471008
535.531616
533.677856
532.826172
533.942932
535.858337
536.585571
535.271851
533.123474
532.625427
534.916809
538.002747
538.357422
535.073669
531.558167
532.005066
536.212708
539.475708
538.257935
534.292542
532.140808
533.695312
536.247681
536.538452
534.748535
533.473633
534.022461
535.072571
534.990906
534.077148
533.782654
534.776978
536.378601
537.430298
536.887817
535.036133
533.402161
533.401794
535.115540
537.068848
537.574280
536.246460
534.180420
532.847900
532.952209
534.193237
535.703796
536.661255
536.589783
535.792114
535.045227
534.765015
534.828979
534.910339
534.883301
534.773987
534.668396
534.712036
534.994751
535.303711
535.253113
534.768921
534.620605
535.446716
536.612366
536.849060
535.877319
534.722046
534.491455
534.973938
535.204529
534.991394
534.988464
535.477539
535.932068
535.734192
535.135559
534.829468
534.985596
535.176880
534.986328
534.442261
534.087830
534.356140
535.085083
535.776489
535.899597
535.173340
534.046387
533.607422
534.494629
536.191101
537.486389
537.290222
535.393738
532.949036
531.970581
533.549316
536.312988
537.588074
536.194214
533.713257
532.732788
534.049744
535.932556
536.437866
535.674561
535.076294
535.257324
535.538391
535.225891
534.567261
534.242188
534.536804
535.031067
535.244507
535.218994
535.299683
535.618347
535.795532
535.393677
534.520142
534.036987
534.668396
535.957520
536.656433
536.066895
534.988403
534.635254
535.133545
535.702515
535.587891
534.893616
534.338013
534.349976
534.630066
534.940186
535.276855
535.647156
536.050110
536.217102
535.840027
535.057434
534.389038
534.379028
534.872986
535.177429
535.064087
534.971680
535.125488
535.304077
535.159973
534.789124
534.854431
535.566467
536.140564
535.778564
534.769287
534.168030
534.451782
535.117249
535.471985
535.326782
534.939148
534.656433
534.698853
534.981873
535.215393
535.183350
534.999939
534.938721
535.096252
535.292236
535.373413
535.389282
535.388000
535.231018
534.934265
534.801941
535.003235
535.279602
535.166504
534.648193
534.395752
534.862549
535.658569
536.017090
535.740906
535.218628
534.786499
534.547302
534.643494
535.140625
535.623047
535.536865
534.945862
534.500854
534.713379
535.371887
535.871033
535.842041
535.345276
534.720947
534.338013
534.516785
535.165955
535.541504
534.963501
533.918518
533.782104
535.162292
536.914612
537.325073
535.997986
534.153137
533.293030
533.897461
535.203308
536.042419
535.823364
534.972961
534.456055
534.825012
535.522034
535.611206
535.030029
534.621460
534.856262
535.155762
534.910950
534.505493
534.754272
535.602844
536.031189
535.454895
534.511658
534.293091
534.999878
535.782715
535.816528
535.152710
534.535583
534.575928
535.204712
535.714600
535.396790
534.376587
533.624634
533.915771
534.883301
535.496460
535.371094
535.102112
535.238098
535.503418
535.366028
534.899170
534.663757
535.005737
535.554565
535.628418
535.112732
534.550354
534.537964
535.087585
535.584351
535.429626
534.742493
534.353699
534.844604
535.734924
535.991333
535.363037
534.665588
534.705566
535.207581
535.322327
535.057007
534.835876
535.003174
535.246826
535.070740
534.772583
534.784119
535.030945
535.136047
534.984558
534.821716
534.955322
535.252747
535.359558
535.317017
535.135498
534.977600
535.079468
535.291138
535.378967
535.160278
534.867065
534.825989
535.041077
535.177856
535.081909
534.941833
535.033569
535.150146
534.941956
534.479492
534.354187
534.800354
535.358826
535.617737
535.495178
535.150635
534.732483
534.516663
534.708191
535.238342
535.607483
535.553955
535.264282
535.066589
535.010071
534.908997
534.740662
534.788086
534.984924
535.062561
534.973572
535.054199
535.313965
535.460022
535.157349
534.732422
534.730042
535.126526
535.348267
535.133423
534.805298
534.752014
534.915283
535.117554
535.358582
535.546021
535.401367
534.903687
534.469299
534.486023
534.874878
535.255737
535.415161
535.417603
535.424255
535.392822
535.198669
534.902710
534.778198
534.772278
534.842102
534.937256
535.088806
535.184021
535.113525
534.960876
534.909424
534.907166
534.906006
534.755188
534.862732
535.538818
536.015015
535.836914
534.934204
534.416504
534.707031
535.234436
535.513855
535.463440
535.342529
535.247559
535.161133
534.952393
534.780151
534.913208
534.876831
534.893738
534.690857
534.917358
535.299622
535.598755
535.752747
535.714050
535.505371
535.112488
534.771545
534.785767
534.863464
534.497986
534.053223
534.207275
534.866516
535.687439
535.808533
535.353271
534.612915
534.093445
534.175537
534.709961
535.240662
535.479614
535.489868
535.366211
535.375732
535.385010
535.181030
534.902893
534.735291
534.903198
535.179626
535.383667
535.423828
535.275085
535.019714
534.832397
534.854370
534.985413
534.942932
534.744324
534.837769
535.363892
535.820618
535.715027
535.214172
534.857483
534.862183
534.962097
535.002563
535.091309
535.249084
535.370117
535.335999
535.208618
535.146179
535.077332
534.911377
534.712097
534.681274
534.816528
535.015015
535.247437
535.447693
535.477356
535.238220
534.919312
534.818115
534.978210
535.152222
535.228455
535.351257
535.506531
535.423889
535.020508
534.740723
534.996033
535.483704
535.554626
535.107422
534.665039
534.617676
534.843567
534.992737
535.027954
535.116455
535.257812
535.335205
535.308533
535.258606
535.175415
535.057007
535.022522
535.161926
535.292236
535.160034
534.878723
534.784668
535.009583
535.274597
535.305969
535.246338
535.294067
535.332886
535.146851
534.893616
534.893127
535.113342
535.255798
535.265625
535.370422
535.579468
535.567078
535.168518
534.695251
534.585388
534.846130
535.134949
535.237976
535.225647
535.179871
535.123657
535.138306
535.212402
535.136230
534.867493
534.728760
535.085999
535.767944
536.112366
535.697632
534.922607
534.518616
534.685730
534.966675
534.975403
534.822266
534.745361
534.830811
535.115906
535.551086
535.794495
535.517700
534.920044
534.546082
534.635864
534.949036
535.154053
535.241150
535.382568
535.533997
535.472534
535.178406
534.899170
534.857422
534.992798
535.113464
535.123413
535.021729
534.881104
534.868958
535.120544
535.394470
535.181580
534.418945
533.843323
534.192810
535.220947
535.939270
535.797485
535.230591
534.947693
535.044128
535.173462
535.063110
534.850159
534.796387
534.966248
535.229736
535.381470
535.289612
535.064209
534.940735
535.010193
535.110535
535.110352
535.118042
535.340393
535.664612
535.696045
535.309937
534.888428
534.835510
535.001831
534.934204
534.628296
534.487854
534.699951
535.004822
535.163818
535.176575
535.114258
534.978027
534.843872
534.910767
535.182617
535.404297
535.432983
535.430664
535.523621
535.487244
535.138245
534.762573
534.819214
535.220154
535.354187
535.002991
534.639221
534.774841
535.199951
535.265503
534.819214
534.454346
534.687317
535.346313
535.852051
535.802429
535.233276
534.664551
534.724365
535.549011
536.348572
536.150208
535.018982
534.049072
534.073792
534.791931
535.316040
535.330200
535.257019
535.414795
535.509644
535.186096
534.677490
534.506470
534.843811
535.366577
535.660400
535.586670
535.284363
535.062012
535.069885
535.197021
535.136536
534.828247
534.665222
534.964111
535.467896
535.593384
535.281311
535.084717
535.281616
535.448181
535.159058
534.768372
534.788025
535.176270
535.391541
535.202087
534.987793
535.165894
535.577148
535.685486
535.291992
534.720642
534.417297
534.561890
535.002014
535.426514
535.535950
535.326294
535.086853
535.096985
535.198853
535.050171
534.716553
534.602478
534.894470
535.325806
535.548340
535.525085
535.394409
535.206238
535.005859
534.953003
535.072754
535.168640
535.087463
534.947449
535.001404
535.225159
535.296021
535.085144
534.823425
534.773438
534.951599
535.217590
535.463257
535.565430
535.434448
535.179504
535.053650
535.119019
535.133362
534.919006
534.778503
535.175232
535.926636
536.284241
535.836121
535.053345
534.658752
534.737549
534.981995
535.182739
535.317261
535.303528
535.091553
534.878540
534.968445
535.363281
535.636963
535.485474
535.028992
534.703735
534.771179
535.084778
535.380554
535.416870
535.154297
534.855896
534.842102
535.124329
535.332581
535.113037
534.682373
534.644958
535.151245
535.704956
535.790344
535.487732
535.187439
535.102295
535.173340
535.279419
535.301025
535.066101
534.720276
534.643250
535.018311
535.467224
535.421387
534.933044
534.588562
534.807922
535.233337
535.357666
535.201965
535.115906
535.261108
535.381958
535.327148
535.184204
535.104919
535.049072
534.981873
535.049744
535.245544
535.315735
535.120850
534.887390
534.897949
535.077576
535.223572
535.341736
535.465820
535.440186
535.193481
534.993713
535.122131
535.425415
535.464355
535.116089
534.852661
534.982056
535.222473
535.175476
534.909973
534.846436
535.039734
535.196899
535.153564
535.178284
535.499878
535.870911
535.786194
535.122131
534.289001
533.780029
533.899536
534.664856
535.610291
536.010681
535.606934
534.978577
534.771973
534.970581
535.086365
534.943298
534.847595
535.081543
535.452393
535.535950
535.278015
534.995605
534.939636
535.020020
535.097595
535.208740
535.350098
535.424255
535.372192
535.221130
535.049377
534.986389
535.119568
535.398499
535.477600
535.041870
534.355652
534.108582
534.589661
535.282104
535.497253
535.184814
534.868835
534.876953
535.064941
535.254883
535.346802
535.321838
535.132996
534.957092
535.082642
535.466675
535.678406
535.439026
535.066467
535.026306
535.264160
535.344604
535.072205
534.750488
534.685791
534.843445
534.990051
535.127808
535.299377
535.339600
535.162109
535.023560
535.162292
535.410156
535.413696
535.185181
535.032104
535.042114
535.029114
534.941223
534.949402
535.179932
535.425171
535.425659
535.210327
535.048157
535.046204
535.118652
535.201294
535.279175
535.301941
535.257141
535.250732
535.346191
535.363647
535.133667
534.783997
534.757507
535.156067
535.493652
535.328613
534.902771
534.769043
535.009216
535.220703
535.147156
534.938599
534.863281
534.993408
535.262573
535.508911
535.560913
535.384583
535.180237
535.176697
535.310486
535.227722
534.860901
534.647034
534.944031
535.427429
535.498108
535.102539
534.735107
534.767761
535.013245
535.126892
535.119324
535.191101
535.274170
535.163208
534.947510
534.885986
535.014893
535.120911
535.153687
535.223755
535.288513
535.200867
535.026184
534.977844
535.075378
535.103271
534.948059
534.824524
534.946838
535.172913
535.271912
535.254883
535.318420
535.416016
535.309021
535.000732
534.796265
534.873718
535.092163
535.256409
535.380188
535.469971
535.334595
534.893372
534.448914
534.367126
534.613770
534.879944
535.052856
535.215942
535.338928
535.279663
535.141846
535.161743
535.315796
535.270691
534.938599
534.747864
535.017761
535.468872
535.569275
535.268921
535.012085
535.064209
535.234314
535.228882
535.087891
534.994934
534.991516
535.005981
535.060425
535.239136
535.378479
535.258179
534.997498
534.899109
535.105103
535.524719
535.967407
536.145569
535.751404
534.851868
534.143494
534.301392
535.074097
535.491882
535.078003
534.494629
534.705811
535.622620
536.255188
535.992676
535.219788
534.695618
534.683838
534.916504
535.089600
535.111206
535.055603
535.024048
535.086792
535.232300
535.313416
535.217102
535.120911
535.204529
535.339600
535.270386
535.070312
535.080933
535.317017
535.396545
535.179382
534.966431
534.962708
535.053833
535.085571
535.103210
535.206482
535.284363
535.240417
535.246765
535.514099
535.686523
535.118347
533.790894
532.754639
533.417847
535.871887
538.513489
539.274597
537.340210
533.936279
531.472473
531.742432
534.452393
537.449646
538.536560
537.480957
535.817749
534.978943
535.140381
535.493713
535.374573
534.851379
534.379822
534.335205
534.723877
535.197205
535.403931
535.340881
535.240601
535.303894
535.398254
535.307739
535.141235
535.222839
535.601135
535.689026
535.040649
533.952698
533.277405
533.588867
535.015503
537.221436
539.024048
538.926270
536.612427
533.880615
533.160828
534.785950
536.612244
536.406860
534.563904
533.364685
534.093994
535.665894
536.365967
535.874756
535.170166
535.039429
535.238892
535.175598
534.812317
534.640137
534.941284
535.357056
535.367859
534.998291
534.845947
535.259827
535.807495
535.746460
535.002258
534.440430
534.842834
535.863037
536.426392
536.079956
535.330505
534.756958
534.254028
533.697998
533.730896
535.146118
537.581543
539.127686
537.870300
534.200378
531.031067
531.148499
534.317017
537.462891
537.835938
535.871765
534.258789
534.674194
536.023987
536.197083
534.945190
533.899597
534.181580
535.093750
535.318726
534.839783
534.839661
535.824768
536.820312
536.697327
535.582520
534.611023
534.558167
535.152100
535.689819
535.676880
535.111511
534.517883
534.461853
535.054749
535.864807
536.226196
535.863403
535.148682
534.663879
534.694641
535.068176
535.365417
535.336731
535.038147
534.751221
534.695801
534.850647
535.093262
535.381226
535.797241
536.181091
536.066406
535.262268
534.386719
534.305603
534.998535
535.522217
535.248291
534.661621
534.591003
535.129150
535.702209
535.777100
535.433777
535.077454
534.919250
534.908325
534.977783
535.161682
535.431274
535.675110
535.726196
535.464722
535.029724
534.776672
534.921265
535.245667
535.227905
534.691895
534.160034
534.379028
535.461487
536.761292
537.405090
536.918579
535.465637
533.840027
533.163940
533.969727
535.484985
536.341003
536.043518
535.367065
535.199585
535.494385
535.528809
535.046570
534.563782
534.587463
534.987244
535.322083
535.383240
535.271912
535.120117
534.977661
534.921997
535.052856
535.315430
535.573669
535.727051
535.694397
535.316711
534.641479
534.133972
534.314209
534.996704
535.423889
535.242065
534.945923
535.063110
535.486572
535.704956
535.404724
534.775085
534.128784
533.784607
534.192749
535.565735
537.345459
538.289001
537.444702
535.172729
533.019653
532.378601
533.410217
535.110962
536.170898
536.164734
535.657837
535.442993
535.727722
535.886169
535.296753
534.286499
533.777771
534.130432
534.797302
535.139832
535.141846
535.180664
535.357056
535.461670
535.396484
535.268066
535.207153
535.218384
535.196106
535.087463
534.966797
535.056519
535.337708
535.553223
535.182312
534.003845
532.988464
533.660339
536.353760
539.222595
539.539856
536.498962
532.339233
530.409363
532.200623
536.243408
539.278748
539.225525
536.771484
534.455994
534.201172
535.460815
536.200195
535.463989
534.292603
534.086853
534.778442
535.169434
534.792969
534.513611
535.115417
536.133301
536.429565
535.809509
534.958923
534.453796
534.176208
533.825684
533.692444
534.600952
536.679199
538.723450
538.889343
536.525146
533.002808
530.796692
531.403503
534.146057
536.807312
537.821106
537.377075
536.555786
536.004761
535.731079
535.426270
534.957886
534.411377
534.107422
534.242554
534.671082
535.084229
535.344971
535.560547
535.928345
536.141846
535.586304
534.390503
533.684692
534.404602
536.087097
537.085815
536.268066
534.355652
533.169189
533.940857
536.193787
538.001526
537.773438
535.716980
533.773560
533.842346
535.614746
536.806763
535.953186
534.168457
533.652161
535.006592
536.464172
536.259583
534.775635
533.853577
534.474548
535.752136
536.206482
535.535950
534.709412
534.769165
535.522949
535.823120
535.041321
534.029724
534.160156
535.544922
536.724915
536.358948
534.929321
534.174316
534.906555
536.112610
536.303955
535.404236
534.546692
534.590637
535.278748
535.813782
535.797363
535.468506
535.324707
535.527588
535.660461
535.290344
534.567139
534.254883
534.791260
535.624817
535.852234
535.321838
534.736938
534.716370
535.120850
535.441223
535.492004
535.531128
535.651062
535.610413
535.295959
534.937012
534.793335
534.814575
534.923340
535.168274
535.440186
535.473328
535.195374
535.027649
535.129211
535.208557
534.996521
534.740051
534.951111
535.609009
536.093750
535.919861
535.279236
534.789307
534.728210
534.938721
535.153564
535.341614
535.454834
535.460327
535.393066
535.259949
535.038635
534.778564
534.766663
535.196289
535.768799
535.885315
535.451111
534.985107
535.007263
535.343140
535.516663
535.427429
535.315125
535.247131
535.150696
535.039551
535.116150
535.299805
535.295105
535.007507
534.827881
535.047485
535.413330
535.437683
535.085999
534.808350
534.949707
535.368225
535.666382
535.565491
535.186523
534.911011
535.043335
535.515869
535.778564
535.339783
534.430176
533.960754
534.505188
535.452820
535.758789
535.249634
534.660706
534.641785
535.129700
535.581543
535.519409
535.084900
534.819275
535.101440
535.626953
535.729614
535.242920
534.721252
534.793579
535.406311
535.816956
535.557495
535.034729
534.910828
535.140137
535.270081
535.145447
535.143616
535.414856
535.531982
535.192505
534.772400
534.794983
535.241821
535.639587
535.690918
535.478455
535.221436
535.106018
535.230652
535.441711
535.422974
535.054810
534.688110
534.774231
535.273682
535.588440
535.372009
534.965149
534.937744
535.258301
535.481812
535.454468
535.374756
535.335144
535.226440
535.016357
534.962219
535.178345
535.405396
535.393921
535.241455
535.091492
534.973145
534.878235
535.008850
535.402283
535.680298
535.428955
534.894775
534.711182
535.068665
535.508179
535.591370
535.458008
535.444702
535.496277
535.386414
535.165222
535.115784
535.243164
535.285645
535.119507
534.952820
535.033875
535.319763
535.588989
535.705078
535.539368
534.972717
534.240906
533.979980
534.529236
535.406799
535.825195
535.597900
535.203735
535.072327
535.203918
535.368958
535.384766
535.264343
535.106445
535.033691
535.148804
535.343323
535.373474
535.147949
534.961121
535.068542
535.312317
535.400513
535.362549
535.389648
535.407776
535.252014
535.064697
535.136780
535.487854
535.703125
535.535156
535.206665
535.095825
535.179871
535.232910
535.283691
535.480286
535.646301
535.427490
534.891174
534.607300
534.837463
535.297058
535.537537
535.497437
535.349121
535.275085
535.299133
535.424805
535.535278
535.448792
535.157715
534.917542
534.968567
535.238647
535.436401
535.428162
535.320618
535.269775
535.205933
535.109497
535.157654
535.445068
535.681213
535.572571
535.302429
535.227295
535.315613
535.294861
535.189270
535.254883
535.443848
535.438110
535.167236
534.972046
535.176880
535.572571
535.655945
535.272034
534.806274
534.717590
535.005127
535.386719
535.559509
535.432251
535.163940
535.067078
535.284058
535.535522
535.417358
535.007263
534.924011
535.500732
536.225891
536.323608
535.758606
535.189026
535.030212
535.058350
534.985413
534.958801
535.184631
535.499207
535.562195
535.338135
535.162964
535.254517
535.510620
535.621338
535.446228
535.074036
534.772156
534.812744
535.157959
535.531128
535.643188
535.508850
535.312683
535.120117
534.854614
534.637085
534.913696
535.792114
536.615784
536.593262
535.783020
535.016174
534.856445
535.111633
535.285950
535.216248
535.022583
534.947083
535.111816
535.446655
535.665771
535.501282
535.078308
534.867126
535.123962
535.514465
535.603882
535.380066
535.156128
535.142883
535.168457
535.148071
535.169067
535.260803
535.209778
534.906921
534.778870
535.274170
536.061157
536.346497
535.908508
535.279236
535.015625
535.152527
535.302612
535.250366
535.055664
534.960205
535.183655
535.635803
535.949524
535.834290
535.345459
534.891846
534.873047
535.139465
535.348450
535.412903
535.418213
535.327942
535.070068
534.848267
534.993591
535.391602
535.509277
535.108093
534.699951
534.862793
535.422607
535.682312
535.476807
535.394287
535.831055
536.272278
536.013916
535.057800
534.130493
533.950500
534.651917
535.660156
536.210449
535.959961
535.256042
534.813782
534.951782
535.302185
535.404846
535.183655
535.051514
535.242798
535.512024
535.568787
535.338257
535.019287
534.878845
535.066406
535.549500
535.963501
535.705750
534.742188
533.943970
534.094910
534.947510
535.468994
535.185669
534.698364
534.738525
535.315674
535.824280
535.858154
535.518250
535.136475
534.935120
535.034912
535.320129
535.419434
535.160461
534.844604
534.961182
535.462585
535.759644
535.512024
535.017944
534.830200
535.075684
535.380554
535.469604
535.453369
535.422546
535.293030
535.101746
535.057129
535.178894
535.252136
535.183594
535.119019
535.201782
535.336182
535.415283
535.447937
535.343933
535.019165
534.653870
534.687622
535.214478
535.742371
535.714172
535.270752
535.062439
535.287354
535.469055
535.227722
534.877380
535.032104
535.566711
535.813232
535.464355
534.962097
534.858643
535.203979
535.674683
535.898804
535.639526
535.022095
534.601868
534.903564
535.628113
535.971863
535.529968
534.910339
534.881348
535.379272
535.702759
535.483948
535.089661
534.976196
535.046387
535.005737
534.869263
534.911621
535.156128
535.382446
535.367981
535.161621
535.015747
535.080017
535.279602
535.414001
535.227173
534.783813
534.600769
535.114502
535.921509
536.135681
535.456360
534.710754
534.719055
535.267639
535.537354
535.202942
534.732300
534.764465
535.241760
535.544250
535.354187
534.997131
534.910461
535.148743
535.322449
535.215515
535.019226
535.079529
535.383606
535.512085
535.160522
534.726074
534.886230
535.548767
535.877625
535.319397
534.469421
534.506592
535.648926
536.770813
536.737183
535.676636
534.673218
534.534302
535.045715
535.503479
535.487000
535.102905
534.890625
535.186584
535.665100
535.737244
535.250732
534.731079
534.797791
535.306702
535.524292
535.178833
534.816589
535.006958
535.505493
535.610535
535.114929
534.613647
534.685059
535.277588
535.884277
536.074280
535.752747
535.190613
534.850647
