504.726746
503.460205
500.574310
500.400391
506.093292
517.897217
531.132263
538.456970
538.987427
535.878235
532.926514
532.669678
533.184265
533.674255
534.696777
535.624084
533.718872
531.786133
530.851257
531.803467
534.833557
535.829102
535.766663
535.526733
534.084290
533.266418
531.888062
531.183228
532.605103
534.632996
535.565857
535.610657
534.182922
532.739319
532.166138
532.349060
533.937622
535.057129
534.847107
534.149597
532.937378
532.705444
533.338562
534.056091
535.192810
535.017761
531.866333
530.540222
532.860413
538.514282
544.230591
543.717468
539.226135
534.607666
531.485718
531.484497
531.560181
532.049500
534.223328
535.953613
535.849731
534.671814
532.575134
531.539856
532.052429
533.288330
535.221436
535.717041
534.451721
532.978516
531.922424
532.754395
534.279663
534.906921
535.075012
533.997620
531.057434
530.639465
533.326660
538.625427
543.608337
542.765381
538.554871
534.203308
531.362671
531.656799
531.939697
532.593811
534.432678
535.433716
534.838135
533.780457
532.397827
532.143616
532.773010
533.604736
535.141541
535.576294
534.563049
533.163391
532.091125
533.078369
534.713318
535.212769
534.851013
533.255737
530.555542
530.654968
533.134521
537.718323
542.048218
541.272949
537.737366
533.695435
530.919678
531.342957
532.020203
533.433289
535.586792
536.150024
534.788086
533.126953
531.834229
532.416931
533.740479
534.399109
534.902466
534.290527
533.139160
532.309265
531.978333
533.480896
535.193481
535.495789
534.684937
532.642090
531.357300
533.386536
534.820557
533.939209
530.868835
526.257568
525.427063
528.130859
531.587524
534.472778
534.218323
533.918030
535.100403
535.245544
534.296448
533.018066
531.782654
532.492310
534.160706
535.144592
535.299927
533.795654
532.216736
531.796021
532.390808
534.357788
535.602051
535.169800
534.096130
532.537170
532.051880
534.183960
534.946411
533.790466
531.235779
527.471924
526.686279
528.212036
530.825134
534.066589
534.895508
535.170715
535.499023
534.408142
533.076172
532.304749
531.923279
533.149292
534.678589
535.258789
535.052979
533.488892
532.223267
532.117493
532.849243
534.714905
535.612854
534.797974
533.411560
531.935791
532.108093
534.792725
535.343628
533.502502
530.365356
527.011658
527.257385
529.271606
531.715698
534.341370
534.713379
534.996277
535.227173
534.007019
532.619995
532.029236
532.247803
534.084534
535.549438
535.386963
534.301392
532.578674
532.151123
532.945740
533.892944
535.251709
535.383484
534.120850
532.615784
531.511597
532.491272
534.237915
533.038391
532.344666
535.220093
540.268860
544.931519
543.451050
537.693481
533.609375
532.169556
533.824341
534.933594
533.547913
532.714539
532.815857
533.288330
534.665649
535.194092
534.357117
533.158142
531.923706
532.291931
533.564148
534.445618
535.315063
535.019287
533.880432
532.696045
531.734314
532.690308
534.368469
533.228027
532.646973
535.185547
539.771362
544.122742
542.761047
537.863831
534.574219
533.188538
534.034912
533.864563
532.086670
531.971069
533.064270
533.955017
534.942810
534.817444
533.771240
532.801025
532.081726
533.038269
534.498535
534.996338
534.959473
533.743408
532.481018
532.066711
532.406982
534.284180
535.723267
535.456543
535.943420
535.815491
532.415771
526.903687
520.774902
520.366211
527.160156
534.209106
537.610474
535.580505
532.167236
532.324158
533.507629
534.301392
534.919250
534.317749
533.190674
532.481079
532.187805
533.481873
534.849915
534.996460
534.590393
533.381042
532.642029
532.580261
532.793152
534.212952
535.185242
534.774963
535.335510
535.073120
531.829102
526.841125
521.323364
521.335632
527.774048
534.101562
536.926697
534.600891
531.728394
532.868164
534.750732
535.555054
535.543579
534.160400
532.693237
532.011597
532.213989
534.239441
535.951050
535.735596
534.321777
532.258667
531.723694
532.628113
533.626465
534.936401
535.137695
534.175903
533.125549
531.394836
530.880249
534.130920
538.173401
542.059692
543.240051
539.546265
534.841370
530.868042
530.327393
533.393982
535.063843
535.366211
534.755188
533.164795
532.311584
532.551025
533.226929
534.865784
535.631714
534.766968
533.304443
531.817200
532.127686
533.516663
534.496338
535.463257
535.220215
533.937988
532.588196
530.548889
530.399048
534.602661
539.562012
543.717346
544.079834
539.408752
534.236938
530.362183
530.444885
533.917114
535.496765
535.318848
534.217651
532.743103
532.653015
533.410522
533.802490
534.627136
534.770630
533.972595
532.909851
531.872803
532.648071
534.281494
535.167969
535.529602
534.478882
532.946411
532.027344
530.587097
531.109375
535.667847
540.569946
544.147705
543.389160
538.155151
533.432007
530.510620
531.357910
534.570984
535.192627
534.209717
532.862305
531.785278
532.423157
533.649597
534.218689
534.976196
534.830933
533.686035
532.248169
531.225952
532.645691
534.967651
535.875916
535.382385
533.393555
531.949341
531.992371
532.861389
535.261414
537.705200
535.322571
530.053040
525.036499
523.794556
527.937988
532.028992
534.686340
536.081909
535.157959
534.236938
532.706116
531.477783
532.521301
534.413574
535.132385
535.133057
534.046021
532.896179
532.329529
532.211060
533.705322
535.191589
535.312256
534.614929
532.910400
531.865967
532.023621
533.013794
535.267212
537.397095
535.533447
532.118591
529.447876
529.872620
533.711243
535.639526
535.815613
535.476318
534.100647
533.480957
532.232056
531.635498
533.148743
535.022278
535.453247
534.930420
533.312927
532.157776
532.128601
532.864136
534.871765
536.051758
535.365662
533.955017
532.262756
531.940247
532.598145
533.390015
534.980408
536.362305
534.289062
531.305847
529.211792
530.427551
534.782837
536.623352
536.252014
535.074890
533.367371
533.073364
532.239624
532.045898
533.627441
535.092407
534.994019
534.129517
532.581665
531.891479
532.215332
533.065002
535.071228
536.095154
535.098389
533.276978
531.599854
532.043274
535.484985
537.275635
533.965271
527.285889
520.870544
520.685120
526.687073
534.756714
538.169434
535.189209
530.483337
527.692383
528.480469
530.114441
532.235901
534.804260
535.256653
535.299316
534.421326
532.822876
532.281555
532.523987
532.713379
533.762085
534.391785
534.039551
532.887268
531.166138
531.375610
533.223877
535.009216
535.950012
534.454041
531.989441
530.578125
530.830444
533.661987
537.295837
536.152283
531.736450
526.879944
524.817993
527.887024
531.229248
533.488037
534.920776
534.460388
534.419617
533.497070
531.795898
531.677002
532.966125
534.171814
535.104736
534.342285
532.781799
531.871521
531.757019
533.320251
534.703491
534.711060
534.364014
533.254272
532.309509
531.708374
531.372437
532.893433
535.829224
535.621155
533.186279
529.687500
527.859863
530.282349
532.936401
535.109436
536.312866
534.984924
533.693542
532.047607
531.244629
532.523682
534.148071
534.560242
534.581116
533.702881
532.627869
531.701416
531.049133
532.502747
534.643188
535.576782
534.996582
532.701416
531.306763
531.801392
533.233154
535.148804
536.124084
533.549316
530.918518
529.803833
531.411804
535.355042
536.369446
535.386353
534.281372
533.026001
533.149780
532.157776
531.033447
531.933838
533.936035
535.211975
535.312561
533.473083
531.788696
531.571777
532.465271
534.552917
535.453857
534.437256
533.016541
531.750916
532.119385
533.163452
533.645508
534.464966
535.251709
533.510010
531.502808
529.750916
530.436035
534.273743
536.340088
536.557434
535.257263
532.841858
532.190308
531.673523
532.038147
533.752441
534.867493
534.505615
533.819885
532.673889
532.223328
532.208740
532.272766
533.675415
534.830078
534.652283
533.369202
531.405579
531.316528
532.832092
534.315369
535.400452
534.663208
531.467834
530.476196
532.489319
537.577209
542.876221
542.278625
537.903687
533.177307
530.430542
531.319702
531.924927
532.400879
534.008057
535.089233
534.688599
533.462524
531.603394
531.282104
532.433167
533.845398
535.417908
535.318542
533.754333
532.127258
531.124512
532.247742
533.984863
534.738708
534.955688
533.985474
531.449951
530.911926
532.184692
536.024719
540.655945
540.714417
537.752686
533.710999
530.902771
531.501770
532.165955
533.212219
534.856323
535.078186
533.752258
532.331848
531.350586
532.234985
533.664673
534.168640
534.478027
533.915100
532.971313
532.092468
531.374878
532.598755
534.419556
535.109863
534.697632
532.835449
531.527710
533.286804
534.182495
532.942505
529.986511
525.839233
525.423767
528.140137
531.438477
534.247009
533.907898
533.612976
534.872742
535.017029
533.858582
532.188965
530.802185
531.896301
534.095398
535.225220
535.146118
533.421875
531.956421
531.794861
532.419800
534.191528
535.170288
534.635193
533.756775
532.453308
532.049561
533.911377
534.006470
532.320984
529.936035
527.006042
527.105896
528.875427
531.162598
533.985535
534.559021
534.795776
535.063171
533.783813
532.355469
531.843140
531.920776
533.273743
534.328796
534.303162
534.074097
533.003235
532.114929
531.751038
532.055969
534.182190
535.849609
535.414795
533.517151
531.204834
531.199707
534.427185
535.320374
533.162842
529.409729
525.777771
526.440308
529.114685
532.043762
534.750793
534.740417
534.572327
534.617432
533.471375
532.201965
531.620850
531.850647
533.852844
535.398193
534.999023
533.569580
531.744507
531.548462
532.476685
533.244141
534.462524
534.850220
534.155273
532.978638
531.519409
531.867981
533.422119
532.676941
532.788757
536.079285
540.685547
544.374207
542.123352
536.519836
533.275269
532.367493
533.808777
534.361023
532.698181
532.063721
532.411133
532.825684
534.136902
534.866333
534.353027
533.213440
531.667480
531.812683
533.212402
534.401428
535.335938
534.687500
533.160950
532.039001
531.588257
532.945984
534.371216
532.409973
531.415771
534.704102
540.741638
545.931458
543.800720
537.233276
532.870483
531.736206
533.648132
534.174500
532.192017
531.479492
532.257507
533.278320
534.510742
534.403625
533.274536
532.348450
531.770752
532.762451
533.994934
534.339539
534.614563
533.976013
532.929016
532.006165
531.483521
532.961670
534.675293
534.823608
535.416199
535.058289
531.481689
526.179810
520.426270
520.299438
527.101746
533.899597
537.128113
535.086731
531.739258
531.945862
533.130676
534.084229
535.040771
534.541748
533.020020
531.680786
531.100159
532.670105
534.421387
534.647339
534.180298
533.009216
532.384949
532.234924
532.105530
533.331970
534.557922
534.606934
535.448669
534.983337
531.216431
525.928894
520.453125
520.708801
527.328613
533.563293
536.316589
534.191162
531.600891
532.688232
534.032166
534.370544
534.514099
533.727844
532.588196
531.643555
531.243958
532.945984
534.874451
535.156677
534.158020
532.232117
531.617676
532.378601
533.252869
534.582947
534.883972
533.997009
532.907227
530.962830
530.103394
533.214661
537.487549
541.985413
543.673035
539.839966
534.505066
529.980957
529.469604
533.011658
534.964844
535.071106
534.129700
532.548645
531.992920
532.288574
532.509521
533.705200
534.634705
534.519897
533.749084
532.231812
531.973328
532.863403
533.763428
534.844788
534.545105
533.124817
531.968201
530.456299
530.760132
534.896729
539.172363
542.541809
542.618774
538.275452
533.735840
530.156738
530.054932
533.332336
535.066162
535.319458
534.311768
532.258362
531.504517
532.253784
533.358398
534.953674
535.281494
534.177307
532.830688
531.678040
532.338867
533.715881
534.283142
534.604065
533.808533
532.580444
531.829163
531.729980
533.728760
536.994812
536.158569
532.260986
527.774475
525.523987
528.025085
531.039734
533.486755
535.460449
535.051270
534.414490
533.203552
531.877014
532.129639
533.105103
533.559143
534.323608
534.330017
533.469177
532.240295
531.059937
532.060608
534.117554
535.212463
535.226990
533.651855
532.164062
531.732910
532.058655
534.263428
536.947083
534.866699
529.674194
524.442017
523.020142
527.452637
531.995117
534.784851
535.893127
534.652832
533.837891
532.644348
531.557434
532.426453
534.006897
534.546448
534.553955
533.494141
532.332703
531.825256
531.932922
533.783386
535.506104
535.475586
534.347717
532.352356
531.434326
531.830078
532.674988
534.459412
536.317139
534.730347
532.021729
529.739624
529.907837
533.199768
534.673828
534.758728
534.655029
533.622253
533.319031
532.115540
531.324890
532.616943
534.362061
534.759705
534.446533
533.238281
532.400757
532.225830
532.310791
533.832397
535.132629
534.911011
533.734192
531.879578
531.488037
532.424927
533.485168
534.875183
535.741516
533.476379
530.954224
529.453430
530.799438
534.901917
536.390686
535.830139
534.580444
532.809204
532.505920
531.693176
531.608948
533.351318
534.868469
534.638123
533.661743
532.240601
531.933472
532.475708
533.029663
534.463440
535.146179
534.306274
532.790283
531.137024
531.443115
532.970642
534.139893
535.117249
535.207092
532.705383
530.807739
530.262817
532.643616
537.106018
538.015259
536.298462
533.790894
531.692200
531.959106
531.852051
532.316772
534.193237
535.414612
534.767029
533.325073
531.720703
531.836365
533.038086
533.914490
534.937378
534.790955
533.556946
532.259399
531.248779
532.214050
533.868408
534.615967
534.865173
533.814453
530.914246
530.188965
532.218811
537.579163
543.350220
542.968933
538.348999
533.057556
530.133545
531.285095
532.201599
532.942749
534.444092
534.984924
534.008179
532.572083
531.231384
531.807007
533.326111
534.193604
534.813843
534.148621
532.739380
531.687439
531.366089
533.101074
534.938538
535.091370
534.343567
532.789673
530.709656
531.202209
533.258484
537.359924
541.520142
540.635742
536.742432
532.285583
530.005554
531.480164
532.545166
533.467529
534.818604
535.000671
533.799194
532.325989
531.283936
532.481628
534.397827
535.122681
535.095459
533.824829
532.448730
531.756653
531.780396
533.585022
535.131042
534.857788
533.630432
531.838013
531.354492
533.729919
534.654114
533.515442
530.994812
527.116028
526.087097
527.617615
530.512512
534.031311
534.719482
534.699036
535.128906
534.220215
532.770630
531.741882
531.353394
532.841370
534.419312
534.609619
534.174500
532.981689
532.268799
532.213806
532.544250
534.235535
535.345459
534.653076
533.134399
531.430786
531.562988
534.407898
535.103821
533.459656
530.646423
527.201782
526.856812
528.329956
530.902405
534.270569
535.078247
535.159668
535.062012
533.560852
532.007812
531.384644
531.795166
534.060669
535.813049
535.426758
533.968384
532.030334
531.570862
532.346680
533.199951
534.608582
534.953613
533.849609
532.375305
531.119263
531.905823
533.571472
532.403625
531.973206
535.330261
540.366333
544.489258
542.642456
537.237732
533.872253
532.467407
533.441833
533.988586
532.453918
531.709473
531.872925
532.488586
534.416504
535.639526
534.943909
533.261536
531.342346
531.374268
532.752930
533.889954
535.025391
534.826172
533.510315
532.220032
531.442810
532.651794
534.222412
532.456604
531.512329
534.578796
539.868286
544.314758
542.379395
537.005859
533.924194
532.910034
533.797546
533.433838
531.353821
531.081238
532.307495
533.579346
535.058960
535.089722
533.673340
532.181091
531.084229
531.868774
533.342590
534.192566
535.004395
534.495911
533.011963
531.599487
531.089417
532.984558
535.013367
533.061340
531.487610
533.924744
539.549194
544.857056
543.280701
537.646301
533.852600
532.388611
533.313110
533.003296
531.237305
531.311157
532.651611
533.870667
535.119507
534.796814
533.168335
531.603027
530.938477
532.627991
534.574097
534.899475
534.401733
533.002014
531.952515
531.598145
531.738953
533.526428
535.030396
534.789185
535.205688
534.734680
531.118347
525.686768
519.948792
520.304199
527.459717
533.920715
536.251770
533.629639
530.899536
532.274719
534.026184
534.653870
534.981445
534.185608
532.797424
531.592407
531.159485
532.980225
534.942993
535.126831
534.169067
532.418579
531.738647
532.208435
533.014526
534.738647
535.470032
534.450623
534.558044
534.142395
531.168030
526.412354
520.820679
520.889709
527.467163
533.683167
536.065491
533.369873
530.855713
532.658386
534.697205
535.092102
534.642944
533.276794
532.220093
531.757751
531.737122
533.388367
534.890137
534.832153
533.749207
531.907593
531.439941
532.349426
533.617065
535.342163
535.440430
533.673401
533.408386
533.181763
531.369324
528.002075
522.995850
522.439209
527.455383
532.643494
535.150940
533.153748
531.451233
533.504272
535.222961
535.011902
533.829041
532.069763
531.487671
532.016052
532.864380
534.609009
535.335022
534.320496
532.703247
531.253357
531.932068
533.613464
534.586853
535.182068
534.379211
532.864929
531.763489
530.145508
530.516785
535.018188
540.015991
544.135132
544.120850
538.762939
532.967590
528.950195
529.752563
534.053589
535.778503
535.243286
533.664001
531.819702
531.612183
532.456543
533.262268
534.670593
534.988831
533.756348
532.128784
531.105164
532.587219
534.767822
535.458923
535.123962
533.500305
531.967957
531.374207
531.606262
533.926819
537.067810
535.725403
531.479492
527.030640
525.171204
527.868713
530.721497
533.263611
535.608765
535.513489
534.727112
532.831787
531.053711
531.717102
533.609558
534.712097
535.254333
534.364929
532.817078
531.597900
530.942261
532.318604
534.315002
535.435303
535.720764
534.091797
531.926880
530.718323
531.167664
534.633484
538.233521
535.591370
528.890564
522.680481
521.808228
527.465454
532.726990
535.500305
536.102722
534.352783
533.283752
531.994995
530.966614
532.070190
534.054626
535.178955
535.593140
534.335754
532.389465
530.920959
530.542297
532.636719
535.015869
535.677490
534.969421
532.965759
531.716797
531.686829
532.447388
535.374512
538.037292
534.712952
527.437012
520.398315
519.346619
526.010742
533.008606
537.062805
537.332886
534.295715
532.185486
530.752258
530.631775
532.898193
535.236938
535.869995
535.606689
534.087830
532.426697
531.292969
531.092407
533.080139
534.869019
534.700928
533.316406
531.550232
531.688965
533.106140
534.211487
535.173279
535.307678
532.580078
530.315186
529.705322
532.068237
536.497986
537.708923
536.930481
535.526794
533.362915
532.345947
531.023560
531.145264
533.467773
535.311707
535.160889
534.288879
533.023499
532.641296
532.678345
532.658081
533.761414
534.413147
533.793884
532.562134
531.237366
531.861206
533.634888
534.978882
535.837036
535.191467
531.737427
529.543884
529.850525
533.712036
538.823486
539.130188
536.521545
533.663330
531.867615
532.435791
532.198547
532.298462
533.826416
534.927734
534.503906
533.408875
532.046814
532.251587
533.391052
534.198975
535.064697
534.601257
533.139282
531.953613
531.327148
532.437012
533.815186
534.413147
535.048035
534.544434
531.773743
530.564941
531.896240
536.932190
542.581360
542.141846
537.635193
532.647644
530.204041
531.744202
532.890869
533.777893
535.060852
535.110657
533.826111
532.463074
531.378174
532.025513
533.302856
533.986816
534.721436
534.361572
533.245056
532.245422
531.690674
532.930115
534.252197
534.405579
534.196411
533.179016
531.225525
531.474487
533.311462
537.330322
541.082275
539.652344
535.715759
531.745483
530.052917
531.630249
532.481995
533.500610
535.131226
535.449158
534.178162
532.482727
531.221802
532.143738
533.747009
534.478333
534.753723
533.778870
532.638794
532.149292
532.319458
533.965515
535.007874
534.399719
533.371155
532.078857
530.946777
532.152893
533.914551
537.008911
539.780701
538.363037
535.231873
531.766785
530.283264
531.900635
532.820312
533.874512
535.058594
534.880005
533.656677
532.402771
531.694214
532.919312
534.288818
534.430969
534.079468
532.873108
532.096008
532.117920
532.726257
534.615112
535.533264
534.549744
532.909119
531.398926
531.911621
535.026489
535.765869
533.893372
530.443054
526.515564
526.446777
528.741577
531.819702
534.625000
534.423706
534.245483
534.715881
534.053589
532.974976
532.232727
532.089050
533.612854
534.799866
534.597534
533.886963
532.554138
532.052124
532.352417
533.075073
534.905212
535.646545
534.432373
532.439148
530.778381
531.606140
535.008057
535.736633
533.882874
530.575439
527.114685
527.367981
529.432678
532.349792
535.212524
535.018127
534.347961
533.765930
532.727112
532.387146
532.697083
533.123291
534.432739
534.952881
534.221802
533.268066
532.104492
532.188477
533.051575
533.962952
535.364563
535.304260
533.654419
531.822998
530.833496
532.250000
534.188965
532.898254
532.365784
535.315735
540.067566
544.108582
542.329407
537.431152
534.395630
533.023438
533.777649
533.646423
531.889465
531.666870
532.731873
533.905518
535.283569
535.117310
533.620667
532.370300
531.799561
532.974365
534.298767
534.509033
534.557556
533.807251
532.956970
532.484924
532.228882
533.409058
534.613464
532.850891
532.235168
534.896973
539.440735
543.488281
541.939453
537.528564
534.703308
533.197327
533.620728
533.083435
531.485901
531.738281
533.068237
534.123840
535.090149
534.533386
533.055481
532.044800
531.891174
533.514099
534.984558
534.941711
534.351624
533.017456
532.180298
532.194580
532.670593
534.336487
535.242981
532.598755
531.145264
533.385376
538.538208
543.634521
542.667419
538.186890
534.670593
532.602478
532.851379
532.252869
531.114685
532.146057
534.076538
535.158020
535.457153
534.023010
532.245056
531.549133
532.038940
534.151123
535.510010
534.934570
533.706238
532.133667
531.802612
532.517029
533.246948
534.470215
534.644409
533.649780
534.453125
534.535278
531.247009
525.818481
520.197571
520.987183
528.125854
534.335205
536.491821
533.707275
531.210327
532.940247
534.945984
535.299194
534.555542
532.695618
531.570496
531.793335
532.696838
534.543579
535.335510
534.446533
533.143494
531.740662
531.951233
533.288635
534.400940
535.491821
535.038330
533.393311
533.832458
533.882751
531.372253
527.048035
522.121704
522.709351
528.570557
533.463684
535.062378
532.520752
530.883606
533.318726
535.514771
535.609070
534.339355
532.244446
531.574097
532.470520
533.703186
535.210144
535.191956
533.771179
532.521973
531.670105
532.404907
533.596680
534.159058
534.778259
534.234375
532.944824
531.876953
530.023010
530.156372
534.911926
540.782959
545.663208
545.404297
539.144104
532.880676
529.166687
530.270386
534.290527
535.668274
535.246948
533.934814
531.997986
531.548523
532.567566
533.897217
535.463928
535.258667
533.516846
531.900818
531.127136
532.586243
534.544922
535.194763
534.893250
533.156433
531.552856
531.229797
530.401489
531.282410
535.994873
541.220642
545.371155
544.573669
538.586426
533.024780
529.723450
530.814270
534.354370
535.295593
534.691162
533.258118
531.439636
531.517883
533.098328
534.656494
535.834290
534.901855
532.737854
531.138611
530.853760
532.992737
535.256042
535.677856
534.769531
532.544434
531.053650
531.192383
530.716858
532.017700
536.939087
541.927246
545.230469
543.259399
537.160767
532.779602
530.882446
532.467529
535.066345
534.734924
533.610474
532.512817
531.419739
531.921875
533.214355
534.116272
534.810181
534.012268
532.607239
531.695984
531.695984
533.709351
535.518433
535.437012
534.076599
531.810791
531.040039
532.018799
533.470215
536.083740
537.923767
534.439941
527.904419
521.397217
519.977905
525.764221
532.232483
536.350037
536.912659
534.318237
532.811401
531.713501
531.282776
532.774231
534.535645
535.075623
534.854065
533.366089
532.090271
531.672791
531.977112
533.874939
535.324585
535.031189
533.572693
531.449524
531.139221
532.534424
534.110107
536.623840
537.956970
533.937988
527.012329
520.270325
519.281189
525.812561
532.763794
536.859863
536.877441
534.029419
532.677612
531.761902
531.625549
533.532532
535.399475
535.513489
534.354675
532.201599
531.376953
532.094604
533.229309
534.922974
535.382446
534.335388
532.835205
531.298645
531.656860
533.156982
534.322815
535.202698
534.898193
532.374878
531.233398
531.603455
534.274170
538.029358
538.017639
536.002930
533.652405
531.868347
532.229126
531.903198
532.149048
534.027954
535.434570
534.957642
533.294006
531.267700
531.359009
532.987549
534.250305
535.089905
534.470886
533.187927
532.232666
531.468689
532.317627
533.787476
534.694397
535.236511
534.409424
531.776855
531.004272
531.941406
535.364258
539.516357
539.387390
536.786987
533.423340
531.202515
531.989380
532.402954
533.034668
534.432739
534.917358
533.995850
532.433655
530.753906
531.188232
532.967834
534.388550
535.323730
534.533081
532.996643
531.930725
531.554871
533.058594
534.672913
534.983398
534.628845
533.295532
531.315796
531.685425
533.048828
536.100403
539.472290
538.856140
536.066406
532.366394
530.186523
531.630981
532.982971
534.191650
535.117798
534.480835
532.977966
531.876282
531.364075
532.749329
534.529602
535.198975
535.200134
533.868286
532.356384
531.456970
531.344360
533.216980
535.030579
535.170288
534.143677
532.274048
530.871155
532.345337
533.976624
535.991272
537.645813
536.353516
534.443054
532.032410
530.914917
532.740601
533.993286
534.965149
535.289551
534.042542
532.404175
531.530579
531.387451
532.963501
534.540344
534.930115
534.727234
533.425354
532.363953
531.952576
532.124634
533.864502
535.197632
534.948730
533.746765
532.122559
531.674622
533.830750
534.806641
535.032104
534.782104
533.001404
532.159912
531.161011
531.141541
533.298889
534.360657
535.021729
534.796021
533.203430
531.807190
531.429382
531.868774
533.935913
535.591064
535.513611
534.337463
532.366455
531.712830
532.362671
533.237488
534.626526
534.905396
533.970764
532.843140
531.835205
532.517395
535.121399
534.870300
532.548340
529.819885
527.776367
529.051270
530.791809
532.658020
535.068481
535.358398
535.113831
534.129395
532.412354
531.845886
532.420166
533.140747
534.571594
535.213501
534.566101
533.410645
531.920349
531.958435
532.984680
533.757690
534.716858
534.599365
533.648132
532.675842
532.004517
533.223877
536.052063
535.490417
532.494751
529.065979
527.199219
529.351990
531.779541
533.845947
535.780701
535.362976
534.486877
532.843689
531.069641
531.141663
532.546082
533.829163
535.218445
535.251221
534.049988
532.752747
531.724060
532.498779
533.776489
534.209656
534.564941
534.051758
533.211548
532.454773
531.962341
533.237915
534.560120
532.355164
530.951599
533.668091
539.910156
546.079773
544.975342
539.039062
534.378296
532.233643
532.943970
532.557678
530.969055
531.556030
533.491943
534.907104
535.755127
534.911621
533.254272
532.021179
531.436401
532.680908
534.085876
534.280884
534.045105
533.027771
532.411743
532.393066
532.649597
534.180664
535.100891
532.362854
530.573547
532.811157
538.915405
545.327393
544.758484
539.462036
534.750549
532.063293
532.289368
531.854858
531.013489
532.362671
534.303162
535.065369
535.212402
534.157776
532.824707
531.849243
531.442444
533.059631
534.748718
534.800171
533.799805
532.080566
531.672913
532.545227
533.531616
534.864807
534.954651
531.831909
530.303589
532.582642
538.578613
544.892944
544.427734
539.426270
534.687622
531.782288
531.805725
531.374573
531.117371
533.051636
535.051880
535.327759
534.660828
533.066040
532.090149
531.958008
532.258362
534.009827
535.356445
535.028259
533.674255
531.799377
531.607300
532.783875
534.022400
535.461853
535.347473
533.673950
533.536316
533.193665
531.532898
528.808167
524.390015
523.729492
527.913574
532.465820
535.021179
533.325012
531.706421
533.609802
535.362854
535.397949
534.295044
532.378113
531.772705
532.416199
533.190674
534.575623
534.900879
533.831665
532.436340
531.178284
531.818787
533.320984
534.307983
535.132568
534.523621
532.991638
533.477295
533.687561
532.490051
529.930603
525.462097
524.512878
527.907166
531.865356
534.302551
532.878967
531.971252
534.261414
535.725647
535.011414
533.220886
531.377625
531.608948
532.999817
533.943726
534.912048
534.694641
533.416016
532.024719
531.071411
532.384033
534.436096
535.274963
535.149780
533.534790
531.895386
531.207825
529.907471
530.920471
536.241943
541.755371
545.404846
543.833252
537.706482
532.658936
529.967896
531.461548
535.053894
535.609009
534.336914
532.631165
531.373657
532.275818
533.800964
534.283081
534.498901
533.775635
532.701416
531.873474
531.535950
533.200439
535.093567
535.450684
534.662842
532.716248
531.586060
531.843933
531.124146
532.219971
537.058044
541.880493
544.866943
542.733643
536.917664
532.796631
530.777588
532.245117
535.020325
534.885681
533.495117
531.942749
531.024414
532.494446
534.517395
535.075012
534.649902
533.087463
531.851379
531.513245
531.839050
533.707886
535.077698
534.697388
533.481995
531.802917
531.589233
532.639832
531.958862
532.673279
537.013611
541.724609
544.756653
542.329590
536.568542
533.006775
531.625671
533.208130
535.195251
534.281250
532.774048
531.633118
531.286499
533.015564
534.727844
534.805969
534.040649
532.527649
531.854736
532.165710
532.920959
534.748291
535.549988
534.397583
532.530518
530.853943
531.390259
533.145508
534.423279
536.721497
538.031555
533.620972
525.644653
518.092041
517.779358
525.994263
534.067932
537.871155
536.715942
533.087219
531.800964
531.518188
532.091980
534.214844
535.494995
534.673889
533.059387
531.360718
531.400330
532.579590
533.635864
535.068909
535.251038
533.895081
532.141357
530.803833
531.861938
533.948792
535.168762
535.636536
534.768372
531.760925
530.222168
530.690613
534.356995
539.239014
539.435791
536.609497
533.221436
531.100525
531.788330
531.931030
532.534973
534.400757
535.447327
534.673218
533.071045
531.473328
531.957153
533.501282
534.437195
535.103333
534.420227
532.980957
531.921692
531.585205
533.193359
534.933594
535.320435
535.004883
533.578369
530.911804
530.543274
532.317932
537.002502
541.877136
541.067444
536.827087
532.167114
529.970459
531.563538
532.651306
533.592651
534.900146
534.946533
533.563843
532.032959
531.108948
532.440918
534.375793
535.127869
535.218872
533.950989
532.349426
531.376404
531.335632
533.311768
535.165100
535.307861
534.491882
532.641846
530.493591
531.222229
533.695374
538.363586
542.534546
541.069275
536.527405
531.627991
529.635315
531.704590
533.183350
534.230225
535.121582
534.569092
533.043152
531.766052
531.286804
532.890259
534.638245
534.979126
534.665222
533.276489
532.003052
531.436157
531.721558
533.880615
535.562134
535.137085
533.473022
531.354187
530.276123
532.179016
534.183044
536.687439
538.473572
536.587646
533.754883
530.946228
530.338074
532.632935
533.685913
534.253906
534.586121
533.825378
532.638306
531.767700
531.618164
533.491516
535.217285
535.141968
534.081055
532.289734
531.577209
531.973267
532.817688
534.677673
535.541016
534.634277
532.982117
531.261719
531.048950
533.400574
534.650818
535.459534
535.581421
533.533508
531.936401
530.494202
530.893250
533.560425
534.519775
534.716980
534.215210
532.874634
532.034668
531.975403
532.379761
534.081238
535.135559
534.601013
533.403992
531.822815
531.635254
532.478027
533.505432
535.107056
535.296082
533.768860
531.939392
530.888184
532.320251
535.626648
535.645996
533.423035
530.636841
528.329407
529.112122
530.425598
532.290527
534.709595
534.788635
534.479431
533.811707
532.644836
532.257751
532.394653
532.680908
534.117371
534.886719
534.187683
532.860718
531.491760
532.016357
533.532715
534.548279
535.249756
534.341919
532.523926
531.158264
530.851196
532.803406
535.956970
535.451172
533.015442
530.532043
529.222595
530.749146
531.764465
532.799255
534.525269
534.641602
534.673828
533.700378
532.078186
531.810364
532.802368
534.091980
535.613281
535.253845
533.171143
531.202637
530.469604
532.300415
534.505127
535.248230
535.232361
533.955383
532.512024
531.688965
531.692444
533.592712
535.161865
532.921326
531.414978
533.611389
538.806152
543.920410
542.726562
537.907593
534.290100
532.261658
532.625366
532.343079
531.459778
532.390503
533.876099
534.658813
535.298889
534.518372
532.775391
531.269470
530.792969
532.791687
535.053223
535.627075
534.983276
533.106445
531.920410
531.968079
532.667053
534.283508
534.694824
531.546875
530.147705
533.161133
539.506409
545.128113
543.521423
538.037781
533.978394
532.161377
532.878357
532.385742
531.231750
532.143799
533.893433
534.934814
535.395020
534.255005
532.611755
531.516479
531.336487
533.019409
534.419373
534.336975
533.644226
532.375366
532.031433
532.436584
533.037048
534.502625
534.919495
531.990417
530.515381
532.791199
538.696350
544.565674
543.729492
538.918091
534.417175
531.481018
531.309814
530.824646
530.925049
533.127014
534.972229
534.923157
534.069153
532.641663
532.117676
532.361084
532.678467
533.926880
534.572693
534.186707
533.627563
532.646851
532.540344
532.897583
533.373535
534.806152
535.256470
534.140808
534.188171
533.535400
531.292236
527.993286
523.680481
523.756958
528.272217
532.370728
534.238586
532.566223
531.835876
534.288757
535.606262
534.791687
533.342224
531.816650
531.821533
532.772461
533.604065
534.798157
534.787292
533.569397
532.481934
531.919250
533.059021
534.284912
534.348083
534.332458
533.669556
532.924622
534.247620
534.399231
532.221069
528.402405
523.551453
523.365784
527.745117
532.279663
534.874329
533.501526
532.526855
534.307251
535.252502
534.511719
533.057190
531.393494
531.432861
532.626221
533.833679
535.168518
534.821960
533.108276
531.649658
531.377380
533.427002
535.343872
535.341736
534.404846
532.733398
531.930298
532.191040
531.117493
531.474609
535.622070
540.466736
544.508728
543.782593
538.412537
533.591187
530.560974
531.428101
534.206665
534.407654
533.661072
532.826782
532.046326
532.731140
533.804871
534.318909
534.858765
534.145569
532.689575
531.500000
531.212769
533.085205
534.953979
535.175598
534.294495
532.395813
531.453430
531.845520
531.102478
532.140381
536.795532
541.767029
545.306641
543.597168
537.906189
533.591980
531.406128
532.739258
534.851074
533.929077
532.436523
531.723877
532.002869
533.939514
535.309448
535.006836
534.268921
532.987061
532.152588
531.774597
531.718750
533.190979
534.505493
534.591187
533.971375
532.586731
532.211487
532.734070
531.511536
531.919006
535.888550
540.436157
543.778259
541.887207
536.662842
533.253906
531.877319
533.534912
535.232239
533.805908
531.910339
530.887634
531.282959
533.859436
535.910889
535.799927
534.542908
532.613037
531.861694
532.199646
532.821716
534.308105
534.822937
533.900085
532.633850
531.544678
532.398132
534.120178
535.086304
536.783691
537.110229
532.121155
524.553284
518.089783
518.786194
527.175232
534.844666
538.258667
536.783020
533.097290
531.943237
531.735046
532.145569
533.958252
535.169128
534.809631
533.767822
532.309937
532.232544
533.142212
533.858032
534.687988
534.172852
532.706482
531.677551
531.462036
533.157227
534.952637
535.382263
536.607971
536.729553
531.891602
524.259766
517.314575
517.779175
526.292603
534.330261
538.021423
536.389771
532.874146
532.333740
532.606018
532.967651
534.074951
534.330139
533.497314
532.636536
532.034546
533.086243
534.542480
535.048401
535.144348
533.847107
532.085266
531.156860
531.281311
533.322632
535.129150
535.336487
534.740295
532.983337
530.559143
531.093750
533.677490
538.245972
541.869568
539.956909
535.827148
532.197388
531.097168
532.943237
533.402344
533.497131
534.154419
533.978394
532.914062
531.820068
531.086243
532.353088
534.201050
535.079041
535.186523
533.652100
531.873169
531.102051
531.574524
533.918457
535.597778
535.318726
534.170471
532.102356
530.363586
532.176453
535.792725
540.756042
543.816650
540.853638
535.553711
530.759277
529.394714
532.022888
533.828308
534.955444
535.424683
534.046753
532.064697
531.142944
531.627808
534.059875
535.812805
535.472046
534.226379
532.375549
531.580261
531.927856
532.734680
534.460144
535.170105
534.341919
533.120483
531.901611
531.692078
533.734253
534.780579
535.505371
535.438721
533.039795
531.352295
530.223755
530.849121
533.564026
534.711487
535.400574
535.305420
533.715942
532.032715
531.345276
531.809692
534.013367
535.407410
534.803345
533.474365
532.000366
532.064758
533.047729
533.723022
534.586426
534.268188
532.947815
531.840759
531.225586
532.188965
535.049805
535.716675
534.968811
533.190002
530.398071
529.799805
530.183533
532.004761
534.870422
535.207520
534.675903
533.588867
532.223022
532.000610
532.605957
533.173218
534.313782
534.487183
533.545837
532.661194
531.963196
532.797363
534.113892
534.601440
534.823181
533.821167
532.369141
531.511353
531.207153
532.562134
535.310486
535.321838
533.922607
531.810364
529.522034
529.660583
530.212891
531.962891
534.856567
535.612915
535.447876
533.951904
532.033142
531.975159
533.258850
534.319946
535.187561
534.444885
532.674744
531.370850
530.928772
532.585144
534.734863
535.678223
535.587646
533.740051
531.736938
531.018738
531.569702
533.751526
536.236938
535.035461
532.638245
530.698242
530.239624
532.390747
533.407166
533.948975
534.751282
534.052429
533.686157
532.625061
531.502563
532.041687
533.493225
534.531372
535.312683
534.474670
532.768677
531.539490
531.199463
532.947449
534.907227
535.520996
535.199036
533.432495
531.852722
531.420837
532.094360
534.247314
536.261597
534.354065
531.448975
529.406433
529.732788
533.014221
534.744019
535.379272
535.461060
533.817017
532.797424
531.657410
531.438416
533.017151
534.572327
534.848999
534.789856
533.762817
532.633362
531.993042
531.890442
533.443115
534.718933
534.432190
533.482117
532.178284
532.273621
533.327942
534.056580
534.869873
534.448425
531.251648
530.172119
532.770325
538.307007
543.711975
543.082214
538.964111
534.983337
532.046265
531.698730
531.193054
531.157227
533.047485
534.630798
534.596375
534.110962
533.068726
532.588806
532.650635
532.923645
534.372009
535.093872
534.252136
532.835938
531.458984
532.045288
533.799744
534.898071
535.287598
534.052551
530.733337
530.194031
532.971924
538.229797
542.934509
541.706177
537.663574
534.121826
531.927612
532.098999
531.628662
531.640808
533.546936
535.104248
534.949646
533.934448
532.287170
531.959656
532.877563
533.932251
535.197205
534.831482
533.036499
531.549500
531.042480
532.661926
534.557495
535.058289
534.829590
533.421814
532.051086
533.483643
534.264160
532.431335
528.418945
523.161377
522.796143
527.326660
532.189087
535.126526
533.940552
532.828674
534.364807
535.271301
534.787109
533.567017
531.746765
531.467773
532.770569
534.447083
535.914246
535.046570
532.704407
531.206970
531.343079
533.518982
535.005859
534.412842
533.531799
532.743347
532.813171
534.888611
534.793884
531.986938
528.078491
524.089539
524.770386
528.611694
531.875854
533.847351
533.187683
533.502197
535.506531
535.437439
533.494507
531.816040
531.220215
532.712708
534.292542
534.537781
534.576355
533.863037
532.942993
532.188782
531.678284
532.994019
534.749451
535.441833
535.020508
532.990173
531.516174
531.674622
531.186768
532.351074
536.679749
541.020874
544.182190
542.595154
537.276794
533.431458
531.630981
533.104370
535.251160
534.329224
532.726257
531.591248
531.239624
532.972290
535.033508
535.623230
535.093079
533.203003
531.833862
531.830811
532.528748
534.154480
534.782227
534.060974
533.299072
532.330017
532.308167
532.830688
531.460632
531.815491
536.139709
541.268616
544.933533
542.771606
536.775696
532.893433
531.657898
533.578674
535.279907
533.722778
532.057251
531.498108
531.838074
533.624023
534.874878
534.683716
533.990662
532.521118
531.730347
531.925842
532.756104
534.697998
535.530151
534.523682
532.862488
531.270569
531.733032
533.377441
532.648193
532.727844
535.991333
540.424683
544.208984
542.584900
537.362610
533.731140
532.060486
533.305725
534.389221
532.924744
531.848572
531.868469
532.709595
534.789490
535.794861
534.850708
533.196899
531.423706
531.414246
532.628296
533.751404
534.957458
534.661377
533.136353
531.786743
531.164795
532.663330
534.620361
535.299683
536.577759
536.758423
532.432434
525.821228
519.564026
519.661133
527.077881
534.169556
537.502808
535.872742
532.252014
531.644043
532.314758
533.374329
534.918579
535.004761
533.609741
532.298340
531.455322
532.364380
533.787354
534.460449
534.913940
534.075073
532.679199
531.784424
531.615173
533.250366
534.865479
535.080566
536.140076
536.110107
531.742615
525.080994
518.828308
519.491821
527.486267
534.647217
537.494568
535.197510
531.829834
532.122131
533.263733
533.939331
534.644409
534.231995
533.115540
532.288879
531.770752
532.822510
534.144836
534.558838
534.630249
533.505615
532.242310
531.706726
531.923706
533.801025
535.260864
535.037048
533.950317
531.806519
529.907227
531.705078
535.449341
540.456604
543.603149
540.872131
535.914124
531.258484
529.545898
531.716614
533.386353
534.632874
535.315918
534.219971
532.505676
531.672974
531.910339
533.848328
535.316162
535.041931
534.078491
532.407898
531.557251
531.864258
532.789673
534.722473
535.520630
534.542480
532.996643
530.699036
529.491821
532.577026
537.464600
542.871033
545.142700
541.050842
535.175354
530.496887
529.892822
533.139465
534.884827
535.355347
535.031006
533.429932
532.021423
531.705566
532.194946
534.085083
535.349060
534.977173
533.888550
532.158447
531.615479
532.301636
533.384888
535.086914
535.372192
534.052124
532.502686
530.390991
529.894897
533.803528
539.083374
544.198608
545.365662
540.263184
534.061401
529.617798
529.745056
533.555176
535.324402
535.346680
534.381897
532.558350
531.822266
532.492920
533.568848
535.096985
535.193359
533.835327
532.617493
531.747620
532.423584
533.644836
534.311951
535.093384
534.723877
533.413757
532.096924
531.153198
532.207397
535.265991
535.670776
534.073242
531.315796
528.557190
529.021484
530.423340
532.634949
535.337219
535.651489
535.357849
534.034241
531.978699
531.333618
532.246033
533.676453
535.497620
535.552673
533.808716
531.977051
530.913757
532.211060
534.303223
535.230164
535.233337
533.659546
531.957458
531.389587
531.870972
534.267822
537.272339
535.944824
531.924988
527.428162
525.097595
527.640381
531.059875
534.092468
536.110107
535.281738
534.308960
532.921631
531.535217
531.912415
533.299438
534.328064
535.209351
534.567993
533.001343
531.879395
531.609314
533.334351
535.126099
535.314941
534.512390
532.642639
531.483643
531.686096
532.581848
534.473572
536.332397
534.744324
532.225525
530.057617
529.555969
531.958496
533.429749
534.477844
535.422607
534.559509
533.828857
532.323669
531.289001
532.399109
534.202271
534.963257
535.010681
533.710999
532.422607
532.022888
532.229187
533.834351
535.112854
535.055542
534.293945
532.475342
531.460327
531.908325
533.254944
535.466125
536.880859
534.381287
531.311401
529.461304
530.424927
534.208130
535.806824
535.764038
535.058533
533.299500
532.842163
532.132385
531.995117
533.484192
534.937744
535.067444
534.444946
532.759338
531.720581
531.984375
532.926636
534.822998
535.625061
534.685608
533.327637
531.867737
531.939392
533.048645
534.062927
535.337769
535.218689
532.052063
530.551758
532.337463
537.466736
543.092834
542.927795
538.956299
534.579224
531.442993
531.440002
531.487305
531.948059
533.929688
535.270203
534.892273
533.844666
532.217590
531.705444
532.337830
533.303223
534.979492
535.471069
534.350281
532.747009
531.239624
531.760498
533.418701
534.638184
535.433411
534.569214
531.392029
530.592468
532.883362
538.023804
543.001160
542.119507
537.918091
533.521240
530.703674
531.195557
531.645203
532.499939
534.472473
535.369568
534.524414
533.266602
531.936768
532.101624
533.109192
533.882385
534.933594
534.850220
533.750732
532.582886
531.582703
532.370117
533.890503
534.776001
535.215759
534.154846
532.701843
533.761292
534.165588
532.523987
529.212341
524.656738
524.264648
527.761292
531.549072
534.310059
533.941345
533.827148
535.353882
535.260803
533.778870
532.543335
531.849792
532.812500
534.110352
534.525146
534.808594
534.077271
532.824097
531.734375
531.090210
532.589050
534.678650
535.536987
535.189148
533.178650
531.619080
533.345581
534.406494
533.087097
529.498901
524.587280
524.106628
527.517944
531.492188
534.553650
534.309143
534.180847
535.418579
535.033142
533.303711
531.838623
531.380005
533.159180
535.071289
535.239624
534.485168
532.845276
531.832397
531.885620
532.345032
533.973328
535.225708
535.205322
534.471863
532.693665
531.735291
533.732483
534.636414
533.400269
530.208557
525.777832
525.270203
527.923645
531.514954
534.712708
534.687256
534.456238
535.042297
534.362488
533.029541
532.003784
531.630127
533.245605
534.978027
535.116638
534.185364
532.250610
531.354126
531.934204
533.009888
534.759766
535.369751
534.545532
533.479736
532.199890
532.195496
532.983643
531.740662
531.971008
536.036438
541.182739
545.069153
543.018127
537.103271
533.167664
531.715149
533.318054
534.710388
533.299255
532.145020
531.954529
532.387146
534.146301
535.340332
534.928101
533.665710
531.686340
531.047546
531.921814
533.324036
535.242615
535.545166
534.027954
532.167725
530.730896
531.527710
533.318970
532.446777
532.340332
535.633606
540.546387
544.899658
543.354797
537.854431
533.928955
532.180359
533.365967
534.034302
532.284790
531.432373
531.994568
533.234558
535.208740
535.657654
534.096680
532.169067
530.688110
531.438110
533.412659
534.918945
536.076477
535.497986
533.718323
532.074829
531.076294
532.244995
534.066833
534.908813
536.480835
536.680847
532.180725
525.311035
518.886536
519.241821
527.087219
534.328918
537.262817
534.971863
531.365784
531.582092
533.137817
534.587830
535.961365
535.535767
533.557495
531.698242
530.615784
531.882385
533.974121
534.982300
535.155884
533.868164
532.378662
531.589966
531.371094
532.795227
534.254944
534.588684
535.927002
536.066895
532.003784
525.755920
519.677856
520.062317
527.451721
534.217896
536.933899
534.417419
530.953857
531.509460
533.351379
534.856628
535.863098
534.827026
532.557678
530.824280
530.380188
532.410461
534.750427
535.486206
535.140564
533.570190
532.425964
532.222656
532.384155
533.692627
534.599792
534.379395
535.412842
535.296448
531.455566
525.716003
520.120605
520.940613
528.290222
534.658264
536.743347
533.536499
530.132690
531.406921
534.120789
536.065491
536.757080
535.022949
532.386658
530.716309
530.716309
533.260925
535.657776
535.842285
534.450256
532.166931
531.571655
532.677856
533.810974
534.845154
534.487671
533.269165
532.443054
530.879578
529.975281
532.925476
537.675964
543.274231
545.743591
541.554321
535.024597
529.357422
528.398621
532.343262
535.221191
536.107849
535.111511
532.651001
531.306274
531.709473
532.663269
534.257202
534.876038
534.247375
533.343872
532.052368
531.973267
532.877930
533.832520
535.161560
535.229797
533.958984
532.378418
529.879211
529.270386
533.711121
539.935730
545.628540
546.281555
540.127625
533.176941
528.705933
529.517883
534.080566
536.146851
535.777893
534.096008
531.969971
531.596069
532.695740
533.778625
535.021484
535.033630
533.999939
533.005188
531.905823
532.095825
532.978821
533.720276
534.870422
534.835632
533.576355
531.995239
531.003418
532.754150
536.581177
536.675232
533.294128
528.363831
525.031433
526.967163
530.453491
533.802002
536.235474
535.738525
534.873596
533.322266
531.436890
531.295776
532.604309
533.966858
535.301514
535.016296
533.512817
532.200806
531.438416
532.513428
533.976440
534.548828
534.830811
533.931458
532.663147
531.772583
531.522949
533.669067
537.158264
536.496399
532.231628
526.342163
522.885559
525.708435
530.589478
535.163025
537.568787
535.993042
534.036804
532.190491
531.246704
532.346619
533.889648
534.530640
535.016541
534.414978
533.153320
532.018127
531.410217
532.907166
534.712524
534.999756
534.273865
532.516968
531.665222
532.088074
532.946289
534.710571
536.522095
534.963440
532.210327
529.456238
528.814392
531.884949
534.289856
535.743774
536.251587
534.687134
533.471680
531.810303
530.985413
532.276428
533.988770
534.583862
534.597900
533.540344
532.629211
532.276306
532.145508
533.390564
534.602051
534.822937
534.298950
532.557190
531.585022
531.986450
533.300354
535.554077
536.913635
534.230164
530.788208
528.504211
529.708557
534.443787
536.909973
536.850525
535.210144
532.693665
532.203308
531.816162
531.872009
533.177612
534.453613
534.805481
534.678101
533.331238
532.213867
531.976685
532.399536
534.036865
534.862610
534.221375
533.160400
531.966980
532.273438
533.334106
534.038208
534.905823
535.123047
532.708191
530.685242
529.851990
531.948181
536.449707
537.865662
536.745117
534.497375
532.361816
532.687439
532.616516
532.588989
533.683533
534.751709
534.946350
534.391235
532.564331
531.480225
531.778748
532.939453
534.905884
535.341614
533.950562
532.226013
531.034790
532.133850
534.118042
535.100952
535.278442
533.945862
530.908752
530.409729
532.475098
537.156433
542.004272
541.503113
537.762817
533.425171
530.653992
531.401672
532.180359
533.178955
534.905518
535.502197
534.606689
533.398560
532.007141
532.105652
533.183289
534.087646
534.991516
534.390991
532.793823
531.574280
531.270630
533.070190
534.976807
535.280884
534.630981
533.001953
530.692078
531.079285
533.179077
537.170105
540.976196
540.014954
536.688843
532.951111
530.812500
531.807129
532.331177
533.098999
534.603821
535.017029
533.899841
532.205139
530.761719
531.826782
534.135437
535.494995
535.654114
533.911926
532.003967
531.327576
531.747742
533.791748
535.335205
535.175537
534.199890
532.457764
531.628235
533.588745
534.175842
532.700500
530.016846
526.570496
526.463379
528.463989
530.832764
533.453491
533.846375
534.359863
535.426208
534.771729
533.281250
532.152466
531.493347
532.562317
533.963745
534.490845
534.514954
533.257935
532.058044
531.704468
532.144592
534.194885
535.622498
535.067993
533.376404
531.272339
531.160706
534.330200
535.596802
533.941650
530.297058
526.054810
525.891113
528.311035
531.446106
534.484131
534.639038
534.543335
534.910950
534.109985
532.915161
532.002075
531.595703
533.094177
534.764343
535.056335
534.326599
532.579590
531.846436
532.343323
533.111084
534.534973
535.036743
534.280273
533.142578
531.815979
532.082581
534.748047
535.196777
533.513855
530.665527
527.536499
527.661072
529.071960
531.255005
534.246155
535.095764
535.308472
534.731262
532.988037
531.995911
532.083740
532.461304
533.837708
534.749329
534.551514
533.770264
532.216980
531.855957
532.739319
533.848022
535.216187
535.041443
533.504211
531.992004
531.120728
532.423157
534.277283
532.930725
532.174316
535.039307
540.206482
544.980591
543.385986
537.630798
533.621460
532.240234
533.849243
534.491943
532.564392
531.583191
532.054138
533.173218
534.978699
535.406616
534.242676
532.796570
531.616333
532.314209
533.686279
534.372437
534.935181
534.316467
532.973633
531.834534
531.377625
533.121277
535.173584
533.608521
532.204224
534.141724
539.070984
544.349121
543.380188
538.142456
534.172180
532.433228
533.463379
533.482117
531.759705
531.584167
532.641113
533.726929
534.960693
534.796509
533.451965
532.021362
531.079407
532.372803
534.391846
535.173645
534.885620
533.231323
531.961853
531.789490
532.187866
533.919861
535.228821
535.024719
535.572876
534.925110
530.896851
525.487305
520.304810
521.025757
527.930176
534.084656
536.706604
534.634766
531.882385
532.566772
533.624817
534.073120
534.679260
534.361267
533.388611
532.374023
531.752380
533.143677
534.848022
535.199280
534.589600
532.915039
531.908081
531.877991
532.386475
534.208008
535.369812
534.843811
535.097290
534.375244
531.105835
526.566895
521.461121
521.572510
527.738586
533.908813
536.901306
534.618408
531.526428
532.284058
533.975586
534.946655
535.151672
533.807312
532.429993
531.935059
532.194275
533.906982
535.036865
534.506958
533.269775
531.732605
531.795166
532.996521
533.961121
535.048523
535.001221
533.951416
532.793701
530.639771
529.872559
533.602234
538.813171
543.812988
544.955933
540.237000
534.461060
529.924438
529.502197
532.886841
534.815125
535.318054
534.734497
533.055664
532.154968
532.300476
532.788635
534.283447
535.090820
534.537537
533.339417
531.797852
531.953735
533.244873
534.257202
535.110657
534.534119
533.098511
531.882812
529.917175
529.981384
534.754150
540.482422
544.943481
544.551453
538.811157
533.356995
529.964478
530.644531
534.066223
535.164307
534.739502
533.570251
531.945862
531.765747
532.692444
533.580566
534.820068
534.965942
533.934692
532.635376
531.482788
532.322144
534.068054
534.958252
535.185425
534.066040
532.754517
531.962952
531.633667
533.429504
536.584412
535.748840
531.593689
526.302979
523.593750
526.701172
531.120789
534.781128
536.696167
535.461914
534.115479
532.547119
531.449158
532.397827
534.058350
534.805298
535.162598
534.380310
533.102539
532.061279
531.404602
532.658691
534.273682
534.676025
534.300537
532.893494
532.066223
532.171448
532.561829
534.649902
537.176880
535.140686
529.941162
524.150269
522.174927
526.529968
531.557678
535.045532
536.331970
534.851196
533.698730
532.215942
531.263428
532.627380
534.581055
535.106140
534.713074
533.294495
532.278809
532.081909
532.188477
533.694153
535.087891
535.162415
534.242371
532.228699
531.288330
531.832703
533.002747
535.806152
538.100159
534.831726
527.917664
520.887695
519.522705
525.871948
532.707458
536.574890
536.585876
533.895081
532.855347
532.349182
532.256165
533.646118
534.819336
534.580017
533.940125
532.816650
532.411194
532.556213
532.687012
534.022705
535.038696
534.641724
533.272034
531.361938
531.319336
532.877258
534.368835
535.588257
535.750061
533.260559
531.274658
530.397827
532.120056
536.083313
537.167847
536.150085
534.252014
532.262329
532.319458
532.002747
532.188354
533.817932
535.068542
534.810120
533.785889
532.223450
531.996033
532.902710
533.879089
535.293945
535.533142
534.398621
532.908813
531.536438
532.069946
533.499451
534.324829
534.872681
534.528442
532.323547
531.380676
531.730225
534.649414
538.883728
538.948975
536.149353
532.643066
530.615723
531.983948
532.926697
533.472839
534.510010
535.020935
534.587524
533.622803
531.992554
531.746521
532.742432
533.836060
535.057129
534.846741
533.550415
532.282593
531.465820
532.514832
533.918518
534.310486
534.264160
533.330444
531.408325
531.694336
533.356995
536.982788
540.721558
539.764160
536.200623
532.148010
530.112244
531.752319
533.048950
534.145874
535.384949
535.252197
533.793762
532.217163
531.145996
532.255798
534.083740
534.881470
535.054199
534.020020
532.865295
532.230835
532.076233
533.639404
535.132324
535.034851
533.960327
532.179382
530.733887
532.163147
534.101379
536.722839
538.910156
537.446228
534.739624
531.670044
530.282288
532.087585
533.311829
534.353394
535.268616
534.902466
533.702026
532.453552
531.455078
532.362488
533.848145
534.468567
534.554382
533.478149
532.533813
532.286804
532.634644
534.501526
535.663147
534.779785
532.871826
530.956970
531.342712
534.776123
535.783081
533.695557
530.002625
526.201416
526.375610
528.670044
531.537109
534.549561
534.924500
534.947998
535.076721
533.883728
532.439270
531.631165
531.620422
533.473755
535.041626
534.839844
533.779480
532.355835
532.277710
532.963257
533.247070
534.050720
534.352783
533.835205
532.905945
531.587708
531.887573
534.785156
535.454956
533.713928
530.554993
527.211365
527.339294
529.029175
531.695618
534.927185
535.453186
535.081177
534.220154
532.728638
532.122009
532.304932
532.535278
533.823242
534.741272
534.424194
533.410645
531.937439
532.064941
533.250916
534.010437
534.709595
534.261475
533.131897
532.321777
531.911865
533.143066
534.539551
532.712646
531.814880
534.896851
540.310364
544.994263
543.147705
537.453125
533.854431
532.618530
533.714233
533.739197
531.911560
531.589844
532.520813
533.497070
534.967407
535.276428
534.077148
532.392090
530.988770
531.835083
533.754883
534.795105
535.004395
533.713745
532.232361
531.676392
531.938660
533.774902
535.226135
532.984497
531.552673
534.018066
539.288513
544.184204
542.631409
537.428284
534.036682
532.610535
533.273926
532.832642
531.367004
531.935608
533.347046
533.979187
534.596741
534.402954
533.575562
532.562012
531.613098
532.622986
534.441650
535.231201
535.024536
533.385071
532.022034
531.813904
532.331299
534.120911
535.134155
534.474182
534.968750
534.966919
531.723877
526.140503
519.763062
519.595093
526.989929
534.482971
537.679382
534.820435
531.127380
532.055664
534.333618
535.555847
535.511841
533.766724
532.096252
531.734802
532.298645
534.135681
535.101440
534.344421
533.387817
532.416077
532.500122
533.046509
533.183533
534.103699
534.682800
534.253967
534.954834
534.480713
531.038025
526.051697
520.661987
521.064514
527.869629
534.344910
536.989868
534.273071
531.313782
532.637817
534.719421
535.455200
534.972900
533.102417
531.717346
531.605713
532.312317
534.287781
535.336060
534.408813
532.812805
531.376099
531.906555
533.402832
534.221313
534.922058
534.540344
533.434143
534.276428
534.451355
532.061157
527.868225
522.579712
522.281311
527.605835
532.964050
535.473938
533.313782
531.369568
533.354431
535.262207
535.202637
533.942505
532.117981
531.684326
532.382324
533.052124
534.352966
534.825806
534.049805
532.924194
531.723694
532.195862
533.506165
534.252686
534.857422
534.215576
532.860596
531.766541
530.038025
530.467468
535.338928
540.582397
544.295837
543.532410
538.075439
533.106689
529.975464
530.726501
534.199829
535.319214
534.825256
533.605896
531.980652
531.786072
532.630371
533.385925
534.556335
534.604736
533.486084
532.268921
531.430969
532.577515
534.194214
534.643616
534.560120
533.479431
532.372070
531.801270
530.294312
530.966248
536.144897
541.631104
545.131836
543.411804
537.264954
532.430542
529.954529
531.326904
534.656006
535.132141
534.065552
532.632263
531.382019
532.028137
533.446838
534.176758
534.820923
534.389526
533.222839
532.079041
531.474731
533.139893
535.234619
535.642273
534.682556
532.496582
531.233459
531.596191
532.777283
535.584595
538.090698
535.015503
528.438416
522.146301
520.930054
526.566467
532.312622
535.613342
536.383911
534.622375
533.607117
532.429382
531.485596
532.533936
534.255249
534.985779
535.092651
533.925049
532.608887
531.934021
531.926453
533.646973
535.130920
534.940369
533.900696
532.291199
531.880493
532.499023
533.178955
535.443115
537.601990
534.359558
527.425232
520.549866
519.553406
526.278564
533.242371
537.076355
537.277954
534.757874
533.342834
531.934204
531.006897
532.331787
534.305908
535.005920
534.626892
532.960571
531.864014
531.981689
532.826294
534.802063
535.680847
534.611755
533.015747
531.623291
532.091675
533.439941
534.255615
536.280090
537.841797
533.920959
526.222168
518.595093
517.887024
525.831421
533.941833
537.900635
537.008118
533.589783
532.361938
531.874451
531.914917
533.604919
535.141174
535.144104
534.185730
532.389160
531.754089
532.398621
533.398865
534.987244
535.204712
533.782349
532.190186
531.190735
532.300110
533.985229
534.672546
535.118164
534.933777
532.466431
530.546143
529.864197
532.542664
537.759644
539.406860
537.780518
534.390747
531.308228
531.229248
531.451294
532.447449
534.467957
535.433228
534.636292
533.290222
531.794495
531.820435
532.802246
533.733582
535.071838
535.065002
533.599976
531.954407
531.168640
532.886108
535.058899
535.528625
534.933228
533.557678
531.257019
530.873352
531.750671
535.056519
539.460876
539.674683
537.045532
533.293579
530.688354
531.338623
532.019226
533.242188
535.072632
535.363586
533.806702
532.081909
531.161743
532.497070
534.249634
534.638489
534.632385
533.753113
532.586060
531.616577
531.127808
532.748413
534.778564
535.333801
534.618896
532.676086
530.427368
531.144897
533.422485
537.370239
540.879456
539.477539
535.751160
531.924988
530.378418
532.078369
532.900696
533.684631
535.048279
535.258179
533.911865
532.012268
530.747253
532.229370
534.597046
535.531677
535.196350
533.466309
532.098389
531.825928
532.301575
534.195862
535.499878
535.131287
534.000610
532.264709
530.804443
531.961121
533.748413
536.885803
539.707886
538.101440
534.299683
530.185425
529.106201
532.225891
534.504150
535.574219
535.571167
534.276672
532.926819
532.152039
531.807800
533.120728
534.537781
534.732300
534.184509
532.644348
531.774780
532.028198
532.958008
534.943359
535.630859
534.228821
532.333374
530.931091
531.182617
533.729004
534.874146
535.674866
536.275330
534.705933
532.909241
530.631714
530.232849
532.964600
534.699768
535.487244
535.002808
533.260498
532.081360
531.997131
532.384277
533.820068
534.544800
533.958618
533.239502
532.376343
532.507141
533.108582
533.662598
535.083069
535.419495
533.920898
531.749756
530.204163
531.531860
535.448181
536.214722
534.073914
530.753296
527.706970
527.964050
529.158691
531.171326
534.113770
534.921936
535.200256
534.763733
533.230591
532.259216
532.252869
532.888000
534.690857
535.366516
534.082825
532.279297
530.985229
531.985962
533.859009
534.788940
535.360474
534.673767
533.090698
531.493103
530.492249
531.916870
535.363464
535.730042
533.906067
531.282715
529.054321
529.654419
530.578125
532.423889
535.207092
535.515442
534.635437
532.839661
531.436890
532.145874
533.646240
534.306274
535.012878
534.741577
533.461853
532.013489
530.897034
532.083191
534.348206
535.770081
536.152832
534.456360
532.116211
530.868896
531.265381
533.782959
535.537048
532.826538
530.897339
533.695862
540.106995
545.854980
544.038269
537.898804
533.730896
532.352051
533.615601
533.448181
531.699036
531.817871
533.377258
534.818481
535.916992
535.036682
532.971924
531.560913
531.518066
533.584229
535.214050
534.961487
534.234619
533.113953
532.441223
532.011963
531.773438
533.398376
535.201599
533.472473
531.939209
533.360657
538.021057
543.351135
542.932983
538.942444
535.572998
533.167542
532.681213
531.573730
530.721741
532.385010
534.388550
534.946594
534.932495
533.957458
532.780640
531.843384
531.427002
533.141541
535.164856
535.640991
534.690674
532.371948
530.997070
531.337463
532.752197
535.095886
535.722717
534.169678
534.112793
534.216003
532.025635
527.397095
521.064026
520.275452
526.513855
533.227173
536.437744
534.118591
531.441956
532.847046
534.786987
535.459595
535.096741
533.357117
531.929504
531.680359
532.449524
534.672302
535.802979
534.834534
533.276978
531.867493
532.122253
533.017212
533.467163
534.461975
534.756348
534.023376
534.620789
534.173523
531.376587
527.187073
522.296143
522.639648
528.310730
533.404602
535.249023
532.701355
531.082642
533.542786
535.518433
535.226318
533.846924
532.106995
531.780090
532.425537
533.066467
534.438904
535.003723
534.262146
532.959106
531.442932
531.716064
533.205750
534.635010
535.882141
535.082031
532.793640
530.912598
529.334717
530.640259
535.865234
540.510925
543.561462
542.838989
538.094910
533.724609
530.479736
530.626160
533.472717
534.493469
534.570129
533.955872
532.354492
531.757202
532.423584
533.755310
535.652100
535.523743
533.257202
531.040710
530.428589
532.721191
535.217224
535.652588
535.024048
533.499634
532.350342
531.880920
530.273499
530.738892
535.723755
541.398132
545.647766
544.649170
538.569336
532.983521
529.697144
531.001465
534.690857
535.333618
534.124878
532.598816
531.639465
532.649780
534.033386
534.476013
535.019897
534.743835
533.690552
532.251099
531.106506
532.412964
534.608521
535.554443
535.126465
533.115234
531.727966
531.833008
531.152466
532.210449
536.739136
541.339294
544.648010
543.222229
537.834839
533.365906
530.579712
531.574951
534.491272
534.890991
533.898926
532.297485
531.022461
532.233154
534.422852
535.448730
535.316406
533.577087
532.050659
531.829468
532.571472
534.496399
535.297485
534.343750
533.277222
532.304688
532.353638
532.785950
533.201172
535.816345
538.568176
535.509644
528.102966
520.338135
518.740845
525.378357
532.759705
537.282166
537.691162
534.809998
533.083008
532.033936
531.945190
533.530945
534.666870
534.294495
533.709717
532.722473
532.217468
532.103516
532.327393
534.170593
535.548523
535.081543
533.451416
531.405273
531.348145
532.834717
534.356506
537.009094
538.368408
533.871704
526.192322
519.372253
519.450012
527.045715
533.870972
536.923645
536.076782
533.384460
532.766113
532.367065
532.209045
533.730042
535.183777
535.125977
534.046082
532.087769
531.382812
532.144775
533.515869
535.460205
535.708435
534.171692
532.584045
531.771362
532.881165
534.123535
534.282837
534.450439
534.182861
532.073608
531.087402
531.512878
534.781738
539.352783
539.668945
537.252380
533.960083
531.400879
531.577881
531.861877
533.173706
535.444763
536.055115
534.491943
532.605713
531.365967
532.206299
533.698059
534.410706
535.103394
534.789612
533.714172
532.574097
531.690002
532.737976
534.417419
535.242126
535.359436
533.914734
531.037781
530.805237
533.189148
538.267761
542.703003
541.017517
536.321045
532.012634
530.560974
532.541931
533.353882
533.645569
534.573242
534.936707
534.276367
532.981934
531.429016
531.838989
533.574646
535.085327
535.992188
534.767090
532.659912
531.460266
531.756836
534.030029
535.579285
535.132263
534.122192
532.836914
531.451782
532.217224
533.682312
536.792480
539.902710
538.745361
535.588318
532.012329
530.521118
532.462463
533.834595
534.965271
535.669922
534.658691
532.920471
531.986816
532.127441
533.920837
535.212524
535.035828
534.711670
533.816711
533.034119
532.419800
532.071594
533.549805
535.110840
535.251770
534.222229
532.220276
530.849854
532.624634
534.926208
537.581421
538.731140
535.802795
532.555481
530.457153
531.079163
534.046265
534.791809
534.638855
534.534729
534.051575
533.452881
532.750122
532.075806
533.214355
534.826904
535.486206
535.173035
533.306152
531.927063
531.919678
532.881958
534.837036
535.266907
533.908508
532.673523
532.246094
533.095215
535.204285
535.036255
534.464172
534.313110
533.221985
532.885437
531.834412
531.471985
533.285889
534.452637
535.717163
535.816956
533.799011
531.726440
531.291992
532.488159
535.119629
536.199036
534.979858
533.359009
532.110229
532.490967
533.361938
533.721191
534.681885
534.979797
534.211548
532.882568
531.506470
532.199524
535.255005
535.731140
533.896362
530.632874
527.456665
528.128418
530.475342
533.525757
536.213013
535.713318
534.824036
534.003723
532.921631
532.538940
532.608337
532.914795
534.576294
535.569580
534.869812
533.275757
531.576843
531.988586
533.624878
534.700073
535.160034
533.995728
532.571472
532.322754
532.873657
534.478699
536.403625
534.952576
532.457214
530.372803
529.240906
530.679016
531.804871
533.371338
535.674683
535.896973
535.301208
533.352417
531.141907
531.189148
533.019470
534.685547
535.796875
535.110779
533.757812
533.081116
532.640076
533.096252
533.435730
533.469116
534.199402
534.157227
533.461670
532.741394
532.575867
534.300415
535.633850
533.033691
531.112488
533.159119
538.734253
544.674561
544.288269
539.523010
535.158569
532.421997
532.842163
533.030090
532.102112
532.330383
533.152832
534.038574
535.346191
535.172119
533.609497
531.994873
531.457031
533.385254
535.300842
535.205383
533.995605
532.217896
531.873108
532.952271
534.105652
535.506897
535.568787
532.408508
531.002563
533.245239
538.134399
542.819763
541.852478
538.191772
535.597168
533.747437
533.265991
531.711548
530.557190
532.360229
534.794556
535.480530
534.926147
533.311768
532.444275
532.730347
533.262024
534.578491
535.191345
534.594177
533.692810
532.199524
531.707153
532.408997
533.677917
535.688843
536.099304
532.698975
530.524170
532.044189
537.481750
543.702759
543.826538
539.569153
534.713684
531.225159
531.352539
531.899231
532.445984
533.930847
534.738159
534.537903
534.408508
533.438477
532.449158
531.989075
532.375854
534.502991
535.792114
534.895142
533.028931
531.381470
532.117249
533.993103
534.910889
535.127075
534.084473
532.915833
534.419861
534.982788
532.162292
527.106445
521.738647
522.440430
528.490784
533.557678
535.250610
532.809265
531.633423
534.476013
536.609680
536.098145
534.095520
531.842041
531.735901
533.139526
534.216614
535.149902
534.880798
533.836670
532.945740
532.002075
532.562988
533.992188
535.077637
535.732971
534.371521
532.149841
532.788635
533.750793
533.074768
530.321411
525.468811
524.333618
527.514221
531.422363
534.455505
534.106812
533.585022
534.895813
535.103821
534.206970
533.268433
532.094604
532.084961
532.906677
533.873169
535.308472
535.248657
533.668274
531.976318
531.171204
532.890625
535.142517
535.807373
535.160339
533.155823
531.779297
531.783386
530.866943
531.482788
536.052673
541.510925
545.920288
544.765747
538.156799
532.289551
529.413635
531.507324
535.637146
536.221558
534.503174
532.124695
530.549805
531.870605
534.328247
535.423462
535.235046
533.595337
532.361084
532.313293
532.538879
533.652100
534.483826
534.549744
534.388062
532.975098
531.730042
531.678711
531.095825
532.640808
537.602295
542.199585
544.923218
542.559692
536.728149
532.979553
531.570618
533.230835
535.440308
534.764038
533.628174
532.641846
531.612854
532.198181
533.664551
534.811523
535.498474
534.250000
532.295532
531.250427
531.797058
534.523071
536.312988
535.377686
533.156128
531.091309
531.585327
533.574524
532.850342
532.296082
535.512085
540.879395
545.987183
544.855347
538.221741
532.624878
530.187256
532.398193
535.433899
534.857727
532.992737
531.469971
531.240112
533.414246
535.449097
535.436401
534.247864
532.442505
532.017273
532.747559
533.365601
534.515747
534.991638
534.467285
533.472595
531.836609
531.578125
532.671326
534.064209
536.774780
538.222168
533.958069
526.418335
519.147461
518.500244
526.105591
533.978882
537.990906
536.851807
533.121887
532.090332
532.293579
532.852051
534.243591
534.978760
534.659058
534.097168
532.836060
532.271423
532.507080
533.263306
535.230408
536.154663
535.029175
532.742981
530.670593
531.492065
533.962097
535.505920
536.997742
536.788147
532.149292
525.673828
519.727966
519.887268
527.257690
534.392761
537.796143
536.168213
532.391052
531.494690
531.818542
532.777039
534.785339
535.631104
534.613159
532.951172
531.427612
531.989746
533.581360
534.465088
534.947693
534.223083
533.091431
532.256042
531.582825
532.531616
534.054077
534.945496
535.293030
534.051758
531.242798
530.721863
532.343811
536.716675
541.339355
540.705322
536.790344
532.165588
530.028625
532.117432
533.686829
534.262207
534.517151
534.136475
533.709351
533.341858
532.279053
532.177124
532.953979
533.938477
535.135925
534.732483
533.219360
531.837158
531.437317
533.455627
535.540710
535.636047
534.307312
531.870117
530.078735
532.273804
536.005859
540.236816
542.539490
539.686462
535.333984
531.554504
530.395142
532.540161
533.654297
534.403748
535.329102
534.947693
533.408752
531.833618
531.149048
533.041565
535.358154
535.811401
534.902954
533.101562
532.362122
532.662170
532.903687
533.975403
534.754028
534.701355
534.081360
531.873840
529.890564
532.041565
536.423645
541.900391
544.799927
541.338989
535.405701
530.068604
528.953918
532.480103
534.793823
535.261230
534.584167
533.170471
532.602905
532.832031
532.782654
533.557617
534.333557
534.508972
534.302917
532.969177
532.174011
532.464966
533.440002
535.339539
535.766479
534.160339
532.147766
530.914368
531.915100
535.143494
535.636963
534.047302
531.958008
530.095764
531.044006
532.064026
532.795532
534.143372
534.088196
534.574158
534.949280
533.889343
532.432434
531.635254
532.101624
534.659607
536.371948
535.466797
533.230469
531.190552
531.733521
533.649658
534.712463
535.177185
534.436462
533.316528
532.637634
532.102417
532.914368
535.294861
535.017578
533.324219
531.441223
529.823730
530.459595
530.853638
532.022278
534.842529
535.963257
535.824585
533.901489
531.515564
531.474121
533.189758
534.412964
535.235657
534.750549
533.527344
532.639709
531.894958
532.592590
533.847717
534.573303
535.338989
534.866211
533.473206
532.071777
531.410950
533.194458
536.662903
536.292847
532.938171
528.916077
527.097778
529.905945
532.782532
534.538513
535.614319
534.881409
534.680176
533.890930
532.402100
531.942200
532.649536
533.871582
535.648010
535.569641
533.520325
531.373718
530.597717
532.706299
535.142700
535.510864
534.587585
532.821655
532.017029
532.391174
532.990112
534.460815
536.339783
534.946106
532.422974
530.282104
529.945801
532.432190
533.623474
534.342102
535.551392
535.203857
534.412781
532.328552
530.881958
532.225525
534.517883
535.269409
534.878418
533.400757
532.388672
532.418884
532.745972
534.114929
535.103882
534.904480
534.356689
533.047241
532.198914
532.158020
532.826538
534.980530
536.090515
532.833008
530.043884
531.523193
538.040405
545.611511
545.789795
540.183289
534.494507
531.453918
532.325378
532.656372
531.927002
532.622925
533.922852
534.751709
535.287903
534.329346
532.858887
531.920166
532.044128
534.259766
535.985046
535.448608
533.675354
531.705566
531.727295
533.029602
533.980286
534.989380
534.907104
532.075500
530.865906
532.859924
538.081482
543.568665
542.985291
538.811096
535.002014
532.557190
532.339844
531.309082
530.908447
533.142883
535.271667
535.195557
534.006836
532.498840
532.398071
533.106506
533.512390
534.618530
535.159790
534.510864
533.286682
531.733154
531.855286
533.190918
534.446045
535.693542
535.230408
531.677795
529.831482
531.685791
537.891846
544.743530
544.613770
539.372620
533.642517
530.567749
531.589294
532.238281
532.556824
534.084595
535.246155
535.054932
534.092468
532.379517
531.829285
532.537964
533.746460
535.636353
535.937073
534.182190
531.922791
530.613525
532.227783
534.699219
535.515198
535.064453
533.366150
532.087036
533.654053
534.332336
532.592529
529.049194
524.249634
523.875671
527.953430
532.382263
535.009888
533.716553
532.984131
535.158508
536.156799
534.778442
532.513306
530.930908
532.187378
534.506531
535.423157
535.353638
534.026245
532.650574
532.087891
532.074158
533.526611
534.857056
534.987244
534.771057
533.540710
532.270081
533.232300
533.593140
533.075928
531.672241
528.122803
526.563049
527.578735
530.104858
533.465088
534.213928
534.440369
535.401428
534.820923
533.426636
532.389465
531.712585
532.557861
533.771240
534.410767
535.111755
534.531250
532.984436
531.463318
531.075256
533.488525
536.100830
536.355347
534.594116
531.776367
530.882568
532.175720
532.202087
533.141174
537.063660
541.185303
544.181824
542.473145
537.279785
533.447021
531.257690
532.445923
534.987915
534.901428
533.621521
531.941040
530.900940
532.512756
534.812744
535.463928
534.677612
532.672119
531.652405
532.143311
533.265869
535.226624
535.901123
534.696899
533.132080
531.693359
531.854919
532.834473
531.716614
532.318848
536.976379
542.105957
545.025391
541.910645
535.876831
532.854126
532.344666
534.189087
535.378906
533.640747
532.143372
531.772095
532.181335
534.046875
535.392822
535.159607
534.321960
532.773804
531.958191
532.011353
532.751343
534.923035
536.038269
534.831604
532.550903
530.813416
531.972351
534.391907
535.617615
537.102356
537.482666
532.943237
525.532959
518.451355
518.134888
525.886658
533.658691
537.746643
537.053528
533.746582
532.269287
531.460693
531.889282
534.489380
536.315613
535.469543
533.207275
531.136475
531.664795
533.521729
534.604614
535.221497
534.560242
533.330017
532.480591
531.901550
532.784851
533.993225
534.634644
536.828735
537.917725
533.139282
524.418701
516.055359
516.208984
525.802246
535.005127
538.661194
536.069458
531.905090
531.606201
532.575867
533.409546
534.582581
534.736877
533.826538
532.849854
531.904785
532.448425
533.608948
534.424988
535.419434
535.056702
533.453308
531.723999
530.980530
532.981750
535.394958
535.860901
534.798096
532.566162
530.299927
531.295227
534.058960
538.494812
542.072937
540.274841
536.122681
532.140564
530.615417
532.323181
533.120361
533.945984
535.364319
535.395874
533.743042
531.775269
530.838196
532.732849
535.192200
535.836060
535.196045
533.432861
532.252869
532.159912
532.531311
534.062683
535.002747
534.582092
533.874512
532.460449
531.029541
532.326416
534.876892
539.211487
542.801392
541.009705
536.333496
531.166748
529.111084
531.542297
533.659180
535.079895
535.580017
534.282166
532.569336
531.798340
532.048340
533.927979
535.295166
535.121521
534.573425
533.342407
532.476807
532.197998
532.566528
534.591064
535.833313
534.893616
532.820374
530.133057
529.297119
532.933167
537.821411
542.788818
544.703613
540.612793
534.867554
530.274231
529.784119
533.000122
534.513611
534.931335
535.030212
533.989502
532.601318
531.644470
531.752136
534.061768
535.914673
535.441833
533.695129
531.758423
531.850769
533.266968
534.326477
535.343628
535.100403
533.954041
532.974365
532.071289
532.220032
534.017334
534.152283
534.161682
534.133118
532.633606
531.623718
530.334412
530.909973
534.072632
535.642822
535.925659
534.685669
532.665039
532.032593
532.736450
533.574219
534.978760
535.389771
534.584534
533.590393
532.324646
532.180298
532.733398
533.504822
535.106567
535.411987
533.948120
531.903076
530.743958
532.596863
536.430237
536.373535
533.242981
529.295715
526.871582
528.724182
531.410400
534.042908
536.194092
535.520630
534.653076
533.716980
532.542297
532.156128
532.264160
532.784180
534.695374
535.669495
534.556091
532.358154
530.640259
531.859070
534.336121
535.504211
535.316223
533.576477
532.137146
532.008728
532.593689
534.172363
535.909790
534.376404
532.341553
531.187744
531.015259
532.436340
532.396851
532.789917
534.779724
535.489075
535.364441
533.349365
531.230652
531.700562
533.781555
535.333618
536.069458
534.874878
532.946777
531.812561
531.701050
533.365601
534.838562
535.037292
534.935669
533.876831
532.679443
531.892700
531.949707
534.102966
536.839417
535.503784
532.366699
529.686768
529.674805
533.120667
535.130615
535.813904
535.860535
534.270996
533.363342
532.258789
531.787781
532.865234
534.036316
534.387939
534.795044
534.145630
532.836365
531.727417
531.496826
533.480103
535.359070
535.340393
534.211975
532.484070
532.120850
532.919922
533.770752
535.057678
535.880615
533.596924
531.428406
530.638611
532.108154
535.362366
535.935913
535.562561
535.542786
534.545532
533.687195
531.682190
530.807068
532.772827
535.213257
535.755005
534.959045
533.243042
532.453125
532.686829
533.051331
534.219299
534.790466
534.388977
533.757629
532.504089
532.109619
532.667542
533.804321
535.673706
535.803040
532.160156
530.013367
532.007080
538.383240
545.021973
544.586975
539.540771
534.441040
531.430237
531.806885
531.812988
531.760742
533.140015
534.370850
534.588928
534.415344
533.234558
532.382812
532.341675
533.067200
535.050293
535.710815
534.237305
532.306396
531.195312
532.533203
534.511230
535.317932
535.585266
534.647461
531.670410
530.681396
532.382446
537.130432
542.225281
541.835388
538.296692
534.490540
531.907654
531.950195
531.680847
532.335754
534.645081
535.850342
534.890503
533.315979
531.975464
532.434692
533.582153
534.169312
535.005249
534.908691
533.866272
532.577576
531.411133
532.222290
533.951904
535.101746
535.662170
534.461731
532.705933
533.495117
534.079102
533.068298
530.018738
524.903687
523.701416
527.115784
531.785889
535.326660
534.696411
533.630798
534.609253
534.947632
534.275696
533.216858
531.918030
532.219421
533.476929
534.475647
535.266052
534.406860
532.849915
532.072388
532.290466
533.922668
534.776978
534.189575
533.792847
533.384644
533.381836
534.906921
534.553589
532.564636
529.868774
526.349426
526.252869
528.789612
531.703979
534.147949
533.834167
533.999573
535.444885
535.130127
533.510254
532.258240
531.977417
533.514709
534.762085
534.550110
534.203369
533.437805
532.851196
532.463013
532.250854
533.656128
534.978027
534.854370
533.829895
532.151428
531.938843
533.150452
532.655823
533.021973
536.266785
540.054077
543.396118
542.460999
538.058228
534.443909
531.875427
532.432007
534.340027
534.228455
533.614075
532.752380
532.093445
533.400696
535.058899
535.364197
534.536377
532.542725
531.520142
532.107483
533.457886
535.363342
535.517639
533.912231
532.541199
531.953186
532.978333
534.057373
532.268921
532.005249
536.060791
541.497131
545.434692
543.127991
537.166565
533.469849
532.336731
534.159302
535.429932
533.681458
532.147644
531.938232
532.739502
534.652161
535.340637
534.333923
533.295837
532.451660
532.769226
533.419128
533.736084
534.774658
535.029602
534.026550
532.539795
531.269165
532.265259
534.292908
535.434326
537.072815
537.214966
532.410828
525.253845
518.925049
519.363464
527.082031
534.228149
537.745728
536.733276
533.663025
532.824524
532.590393
532.958069
534.663696
535.384766
534.221924
532.548828
531.395508
532.524170
534.371399
535.019958
535.018066
533.871582
532.734436
532.421082
532.478149
533.687561
534.720825
534.920105
536.655579
537.258972
532.506531
524.516846
517.200195
517.934998
527.046021
535.330811
538.509277
535.916870
532.099060
532.156189
533.427185
534.417358
535.413269
535.072876
533.731567
532.525085
531.726074
532.742371
534.443420
535.526123
536.020264
534.506348
532.122498
530.756226
531.294800
534.206726
536.251038
535.626831
535.551147
535.221924
531.893494
526.359192
520.104553
519.856995
526.948486
534.131287
537.598450
535.551758
532.008118
531.973755
533.237305
534.608032
535.739502
534.780762
532.679199
531.469299
531.735352
533.926147
535.526611
535.210938
534.466980
533.408630
533.009338
533.049744
533.077942
534.380981
535.468018
535.240234
534.090820
531.542603
529.529602
531.825867
536.617859
542.482117
545.213501
541.086060
534.913574
530.308167
530.086975
533.514771
534.896057
534.797363
534.520813
533.755432
533.070007
532.576477
532.249390
533.572632
535.055481
535.323730
534.614929
532.692688
531.673096
532.213440
533.523560
535.415466
535.631958
534.209717
532.930176
531.420166
530.950928
533.729614
537.405579
541.845093
544.031982
540.753296
535.623657
530.928040
529.982727
533.021118
534.901489
535.493042
534.871826
532.937439
531.861023
532.410950
533.594604
535.214050
535.286438
533.944946
532.974792
532.399231
533.015503
533.895020
534.399414
535.457764
535.451965
534.111877
532.409119
530.037415
529.852844
534.469910
540.256226
545.186340
545.353577
539.467468
533.310608
529.682007
530.763123
534.613342
535.566101
534.838013
533.931335
532.862671
532.681335
532.995911
533.294678
534.598633
535.254883
534.563599
533.171387
531.591248
532.020874
533.807190
535.290466
536.018127
534.587463
532.450012
531.545166
532.098145
534.489624
537.126038
535.486450
531.885437
528.600830
527.267639
529.709106
532.126648
534.214417
536.067932
535.605164
534.914307
533.465454
531.712158
531.772034
533.282104
534.763794
535.946533
535.144592
533.243164
532.146362
532.191406
533.883850
535.087585
534.775574
534.391113
533.667297
533.169922
532.776184
532.387146
534.070862
537.041321
536.035889
531.871521
526.472107
523.538391
526.395691
530.944031
535.264526
537.603638
536.072571
534.191284
532.624146
532.184509
533.599731
534.802856
534.546997
534.279358
533.707031
533.231995
532.800293
532.240112
533.276611
534.827454
535.448425
534.948914
532.757141
531.150513
531.461060
533.162903
535.677185
536.996887
534.290710
531.551880
530.713806
532.438843
536.132568
536.456970
534.881836
533.851196
533.288269
534.355103
533.779175
531.869385
531.707153
533.817993
536.245544
536.826904
533.832581
530.402954
530.243408
532.943848
536.495239
536.951050
534.475891
532.634827
532.217407
532.994690
533.294373
532.929626
533.910461
535.604675
534.509033
532.395569
530.264526
530.747314
534.771362
537.177795
537.568665
536.028381
533.024597
532.071716
532.137451
533.424377
535.256409
535.347961
533.871765
533.074829
532.713135
532.953003
533.240662
533.602295
535.265686
536.234741
535.271606
533.145386
531.020264
531.604492
533.982605
535.708374
536.273987
534.731995
531.083069
530.370544
533.104553
538.494812
543.132324
541.707397
537.588074
534.048279
532.033569
532.585510
532.498413
532.836792
534.808228
536.014709
535.093872
533.180359
531.226562
531.550415
533.472290
535.097595
536.295898
535.706055
534.029602
532.695496
531.814392
532.524475
533.634216
534.189270
534.762756
534.129883
531.533752
531.025330
533.022095
537.855469
542.703918
541.867493
537.665894
532.891479
530.034546
531.139160
532.705078
534.580261
536.500854
536.358276
534.347229
532.396790
531.236389
532.235352
533.977173
534.870972
535.389404
534.594116
533.268127
532.372498
531.985229
533.240601
534.619507
534.857666
534.396790
532.791382
531.823425
534.097656
535.699280
534.732117
531.010376
525.356873
523.900696
526.854980
531.170288
534.728821
534.511353
533.923828
534.934204
535.172363
534.471985
533.291199
531.849854
532.277771
533.944275
535.267883
535.769836
534.254395
532.548828
532.282227
533.187256
535.041504
535.428162
534.051147
532.934326
532.285095
532.781067
535.113098
535.208740
533.248474
530.453918
527.148132
527.147217
528.945435
530.907227
533.180664
533.819824
535.132996
536.633545
535.447266
532.950684
531.475159
531.674500
533.839844
535.247681
534.601929
533.487671
532.359924
532.395752
533.132690
533.706238
535.118958
535.927795
535.275879
533.715881
531.564636
531.276550
532.888123
532.984924
533.795654
537.021790
540.641907
543.648315
541.946533
537.017822
533.720337
532.188354
533.424805
534.708191
533.483582
532.443787
532.153198
532.456726
534.323792
535.820251
535.577148
534.232117
532.063904
531.389465
532.514465
534.159546
535.905579
535.717712
533.956543
532.411865
531.598755
532.667297
534.150696
532.765442
532.350159
535.571350
540.362427
544.343872
542.523926
537.183350
533.847046
532.826843
534.406921
534.952026
532.657104
531.196899
531.556824
533.018799
535.299316
535.912415
534.502991
532.828796
531.562134
532.123657
533.416443
534.205688
535.062683
534.774597
533.577759
532.345215
531.537109
532.874329
534.958008
533.969238
533.111267
534.833191
538.414856
542.494995
541.865479
538.042236
535.136108
533.181213
533.463257
533.388000
531.953674
531.837158
532.594421
533.406433
534.887329
535.345825
534.402283
532.950378
531.505920
532.153625
534.055847
535.416504
535.896301
534.261536
532.031433
531.029358
531.592163
534.061707
535.788086
535.417725
535.863892
535.727417
531.891052
525.712402
519.332520
519.483582
527.264893
534.945129
538.384521
535.870483
531.768188
531.658264
533.293884
534.791382
535.569641
534.266357
532.294006
531.507935
531.841675
533.606873
534.901367
534.953796
534.838135
533.785400
532.520813
531.679016
531.837219
534.241882
536.394897
536.204712
535.927185
534.430603
530.429749
525.826416
521.583069
522.666809
528.956482
534.015747
535.858765
533.769043
531.688538
533.040710
534.311707
534.500916
534.697266
534.068420
533.058228
532.141907
531.662231
533.225159
535.119812
535.507080
534.435913
532.064697
531.068848
532.169312
533.924316
535.609802
535.236816
533.413574
534.070129
534.905518
532.575867
527.347046
520.866455
520.435913
527.149109
534.117676
537.331665
534.645325
531.121277
531.999023
534.464417
536.080505
535.865845
533.263916
531.197754
531.480530
533.266907
535.612793
535.887878
534.143982
532.709656
531.966675
532.606201
533.520996
533.905212
534.859436
535.094727
534.248352
532.924744
530.435669
529.686951
533.979553
539.976501
545.230225
545.589417
539.618469
533.297913
529.519531
530.291443
533.909180
534.965393
534.647339
534.166138
533.188843
532.735718
532.780334
533.127197
534.793152
535.879028
535.206665
533.312195
531.012024
531.046814
533.093018
535.072144
536.126160
534.761047
532.489441
531.406677
530.441833
531.315063
535.863525
540.760376
544.731201
544.339294
538.701538
533.260559
530.083862
531.305359
535.129883
536.047302
534.875549
532.848572
530.864563
531.157227
533.085571
534.630798
535.541321
534.636719
532.932373
531.987610
531.697449
532.911133
534.269958
534.778992
535.145752
534.324158
532.954468
531.835876
531.516602
533.811157
537.533020
536.846985
532.276733
526.169983
522.860596
526.171814
531.568787
536.052307
537.713867
535.390930
533.426208
532.382629
532.139465
533.052490
533.892151
534.167664
535.033264
534.985535
533.709778
531.976196
530.916199
532.716248
535.443542
536.421387
535.395325
532.596375
530.875061
531.322144
532.889526
535.790100
538.125061
535.359497
529.841187
524.393494
522.851929
527.304565
532.242188
535.710449
537.062134
535.531616
534.192322
532.414856
531.079956
532.355713
534.862915
536.216370
536.003906
533.676147
531.497070
531.100891
532.093140
534.434204
535.729492
535.136902
534.029175
532.561096
532.089905
532.393555
532.933044
534.565979
536.305786
534.777954
532.213013
529.765991
529.788208
533.397339
535.834351
536.721436
536.049561
533.562256
532.375854
531.555054
531.919006
533.857178
535.282715
535.258362
534.892273
533.693115
532.574097
531.839294
531.778992
533.763611
535.734558
535.847473
534.206909
531.541748
530.974670
532.702515
534.750061
536.184021
535.807800
532.502991
530.450134
530.547363
533.408752
537.701355
538.231323
536.535339
534.454834
532.585266
532.642639
532.000000
531.749390
533.406555
535.391479
535.905090
534.753418
532.116638
530.931946
531.989197
533.861694
535.773071
535.627625
533.944092
532.560242
531.666138
532.324463
533.526550
534.492188
535.785278
535.557495
532.258057
530.306152
531.369385
536.560181
542.993652
543.687439
539.757141
534.227417
530.277527
530.772156
532.166687
533.751526
535.477905
535.590820
534.407898
533.487244
532.550354
532.496948
532.797913
533.166992
534.602539
535.268921
534.420532
532.642029
530.889282
531.655823
533.922424
535.425964
535.670532
533.903076
530.726685
530.615784
533.142029
537.875610
542.130615
541.047546
537.385620
533.552368
531.309204
532.029114
532.353271
533.110596
534.931519
535.657959
534.444336
532.377075
530.613220
531.558838
534.056030
535.650879
536.013611
534.535156
532.840820
532.036743
531.754761
532.921265
534.265930
534.952148
535.238281
533.950500
531.228882
530.980835
532.911987
537.314270
541.410278
540.195801
536.129578
531.669617
529.772522
532.000366
533.824097
534.780701
535.131531
534.395386
533.466431
532.944519
532.250793
532.703918
533.710327
534.608521
535.455750
534.525879
532.582092
531.108643
531.177917
533.795715
536.185364
536.179138
534.383972
531.861450
531.425476
534.654785
536.148499
534.326233
530.089478
525.211914
524.980774
528.029602
531.709595
534.706360
534.562866
534.499023
535.370911
534.870361
533.389954
531.977051
531.375000
533.248169
535.597961
536.196899
535.186707
532.937378
531.968872
532.665833
533.631653
534.874634
534.994995
534.203186
533.559753
532.598145
532.475830
534.449280
534.763184
533.569519
531.287537
528.093323
527.653137
528.726318
530.984680
534.351990
535.458862
535.655212
534.979858
533.029724
532.022705
532.484314
533.184509
534.385742
534.815918
534.421448
534.005554
532.761902
531.933350
531.969238
532.969910
535.446533
536.528748
534.858582
532.021301
530.225952
532.060669
535.171509
534.170105
532.351990
534.034302
539.194824
545.523071
545.628845
539.848999
534.226990
531.258118
532.847290
534.956787
533.955139
532.133423
530.906860
531.483643
534.691833
536.927917
535.882324
533.141846
530.953552
531.963440
534.392822
535.343140
535.208313
534.232300
533.653442
533.507263
532.669434
532.787354
533.837952
533.130066
533.526611
536.220337
539.667297
542.708191
541.060852
537.122986
535.110657
534.205383
534.597534
533.634827
531.488770
531.723938
533.446838
534.561157
535.213257
534.638062
533.539612
532.766541
531.828430
532.139709
533.294983
534.554749
536.031189
535.712646
533.892639
531.889343
530.893555
532.596863
534.806213
533.436279
532.327332
534.507202
539.556091
544.744202
543.609741
538.240479
534.104736
532.328735
533.522034
533.659302
531.936157
531.706116
532.973328
534.504272
535.991699
535.453369
533.387268
531.504761
530.743042
532.518494
534.799133
535.615845
535.349854
533.778137
532.489868
532.048401
532.064636
533.502380
534.902832
535.303345
536.669556
536.391968
531.926453
525.411560
519.339539
520.275330
528.238892
535.148743
537.250488
533.789124
530.396606
532.085999
534.941345
536.141174
535.821777
534.082642
532.772766
532.385681
532.082458
533.031189
534.444580
535.522278
535.973328
534.273071
532.084351
531.192200
532.210022
535.102661
536.453369
534.914307
534.148865
533.618713
531.706787
528.484375
523.530273
522.539001
527.208435
532.610046
535.962402
534.639526
532.244690
533.022644
534.480469
535.442383
535.655701
533.901611
531.855408
531.041260
531.656860
534.083069
535.759766
535.417114
534.128113
532.427490
532.173157
532.863281
533.267334
534.150757
534.550964
534.324097
533.743347
531.457520
530.068726
533.377747
538.874146
544.482178
545.660950
540.141479
533.568420
529.260803
530.020264
534.364502
536.140442
535.644653
534.259094
532.607849
532.163391
532.377686
532.552612
534.014526
535.471008
535.622498
534.322205
531.880493
531.276611
532.742126
534.488708
535.711914
534.841675
533.181458
532.485779
531.403198
531.720154
535.634155
540.104553
543.977600
543.985535
539.086243
534.054016
530.305908
530.240967
533.396240
535.164490
535.792786
534.890686
532.313538
530.965759
531.806458
533.708435
535.815125
535.693115
533.774109
532.188782
531.635742
533.077454
534.620056
534.825928
534.695740
533.769775
532.833862
532.309448
530.574463
530.748169
535.537048
541.265503
545.578064
544.560791
538.486145
533.272156
530.413513
531.543945
534.756226
535.396606
534.748474
533.551086
532.023010
532.106873
533.220764
534.033508
534.843384
534.485840
533.482666
532.569275
531.813354
532.827942
534.468262
535.255127
535.128479
533.245239
531.503540
531.363708
532.667725
535.934021
538.679321
535.632080
529.226685
523.208862
522.020508
527.299072
532.522400
535.371887
536.050964
534.722473
534.299866
533.167664
531.437622
531.634033
533.424622
534.971863
535.560608
533.951416
532.059265
531.689392
532.625427
534.761230
535.686401
534.795837
533.697510
532.543579
532.358643
532.636414
532.906433
535.186401
537.989319
535.747314
529.407043
521.949158
519.477295
525.176331
532.498718
537.461487
538.095581
534.851562
532.611633
531.367859
531.446655
533.498535
535.265503
535.300964
534.619629
533.188110
532.364563
532.200439
532.182068
533.519714
534.832520
534.934448
533.865417
531.681946
531.061401
532.471313
534.447266
536.148376
536.053772
532.676025
530.273987
530.068054
532.811157
537.218262
537.880737
536.157959
534.098877
532.421448
532.752625
532.178101
531.510803
532.526367
534.318298
535.486755
535.481079
533.372620
531.487915
531.421692
532.982666
535.658569
536.330933
534.283081
531.725891
530.474670
532.210266
534.566284
535.115601
534.773071
534.212219
532.607727
532.092957
531.585632
532.484619
535.545776
537.024414
537.309265
535.728577
532.513000
531.056274
530.593201
532.307617
535.400085
536.437500
534.724976
532.656982
531.364929
532.080200
533.286377
533.646240
534.364929
534.622437
534.092468
532.999756
531.606934
532.258301
534.243347
535.643494
535.851074
534.096375
530.863708
530.517456
532.586487
536.733032
540.646301
539.735229
536.556641
533.205688
531.167053
531.824341
531.945984
532.596619
534.484192
535.564148
534.896667
533.251465
531.384705
531.722290
533.553955
534.985962
535.722900
534.627136
532.878723
531.866821
531.783752
533.567993
535.195435
535.174927
534.257019
532.473511
530.424805
531.229736
533.379883
537.019653
540.501526
539.737000
536.831177
533.040588
530.528809
531.392334
532.452271
534.048096
535.708435
535.448975
533.623413
531.893677
531.104614
532.631958
534.563171
535.068481
534.842590
533.771301
533.018494
532.653748
532.215942
533.275024
534.831238
535.524536
534.944092
532.560059
530.093262
531.361511
534.381104
538.164001
540.095825
537.196045
533.371582
530.605957
530.616699
533.393311
534.253662
534.077881
534.062073
533.914856
533.646851
532.907166
531.728271
532.464478
534.354187
535.516052
535.243958
533.019348
531.447083
531.763611
533.100342
535.099976
535.557800
534.338379
532.952026
531.629089
531.735718
534.128357
534.604126
533.375122
531.215576
528.368347
528.223938
529.195312
530.956604
533.934204
535.235046
536.055786
535.792542
533.500305
531.562439
531.322754
532.234985
534.307556
535.280762
534.546692
533.566467
532.428528
532.286133
532.603760
532.849243
534.199402
535.155396
534.755249
533.304688
531.424622
531.795410
535.261230
536.241638
533.982971
529.789185
525.989563
526.818542
529.563232
532.511353
535.105591
535.129700
535.029724
534.624512
533.103516
532.010803
531.946106
532.621155
534.646240
535.878174
535.257812
533.563354
531.421448
531.310608
532.986450
534.725708
535.959656
535.030457
532.902954
531.477417
531.277832
533.122742
534.859802
532.982483
532.006165
535.273010
541.159790
546.177002
544.021057
537.478088
533.159668
532.186523
534.350342
534.948547
532.574280
531.313904
532.045349
533.726013
535.718018
535.604736
533.495728
531.391479
530.420837
532.112061
534.611023
535.774902
535.773743
534.097107
532.205505
531.286499
531.378418
533.449829
535.458252
533.766296
532.288818
533.952026
538.507080
543.688232
543.191406
538.655273
534.725769
532.317139
532.745667
532.911438
532.134888
532.807007
533.753357
533.934204
534.504456
534.685608
534.321106
533.295166
531.582153
531.618958
533.265076
535.070679
536.085510
534.594910
532.299500
531.181580
531.742554
534.290955
535.976196
533.493286
531.551514
533.174866
538.140869
543.506897
542.862000
538.528931
535.134521
533.265259
533.449646
532.387024
530.873596
532.120239
534.517517
535.542908
535.244446
533.576355
532.452820
532.553650
532.841187
533.870667
534.485596
534.436523
534.438416
533.447998
532.409180
531.924377
532.364685
534.598267
536.105225
535.362549
534.995728
533.862366
530.880920
527.134460
522.634216
522.591675
527.917419
533.449219
536.554993
534.770752
531.869324
532.169861
533.367676
534.480408
535.196350
534.030762
532.403870
531.920044
532.942505
535.533875
536.536255
534.771179
532.346436
530.835815
531.984924
534.010498
534.630066
534.825745
534.550537
534.186096
535.423218
534.667542
530.572449
525.567932
521.299255
522.927795
529.298340
534.197327
535.657959
533.075806
531.443054
533.682861
535.406738
534.918335
533.511108
532.003174
532.131653
533.141296
533.714600
534.850708
535.491516
535.003296
533.523804
531.195496
530.683105
532.168213
534.208496
535.960693
535.447083
533.657593
532.528015
531.159729
531.516174
535.355103
539.294250
542.563354
542.589233
538.608093
534.731323
531.552124
531.355408
533.946472
535.070129
535.091919
533.833252
531.424683
530.705750
532.030212
533.830017
535.533264
535.429749
534.148682
533.078308
532.201355
532.559143
533.143677
533.427002
534.331970
534.551819
533.991272
532.842957
530.106812
529.957458
535.461548
542.293152
546.945984
545.009766
537.618896
531.858337
529.668762
531.965454
535.712280
535.869873
534.280334
532.626343
531.425842
532.109436
533.479675
534.221619
534.996460
534.832703
533.942261
532.745056
531.571350
532.433777
534.195007
535.113403
534.985657
533.306030
532.054565
532.086853
532.829834
535.270020
537.711670
535.199768
529.499268
523.559998
521.823242
526.560913
531.848083
535.418762
536.764954
535.416077
534.286560
532.416687
530.746338
531.734375
534.147339
535.595581
535.643616
533.816467
532.179993
531.927185
532.498047
534.204651
535.125671
534.649475
534.027039
533.155212
533.047424
533.163330
532.936279
534.602478
537.037292
535.043213
529.386292
522.575378
520.391479
525.900330
532.696838
537.116638
537.433899
534.315186
532.488342
531.609741
531.810425
533.718567
535.239197
535.174438
534.544006
533.220459
532.294739
531.824036
531.739868
533.474304
535.201294
535.336914
534.130310
532.162415
531.997070
533.239990
534.143005
535.854004
536.997437
533.728210
527.787109
521.467834
520.220764
526.212402
532.835205
536.945557
537.085999
534.309937
532.764832
531.484436
531.266296
533.551636
535.852417
535.888245
534.136230
531.653931
531.234253
532.613708
533.853760
534.914490
534.653992
533.651917
532.973083
532.290466
532.771851
533.614441
533.974548
534.564514
534.611572
532.707275
531.769348
531.810913
534.227051
538.171265
538.557129
536.606995
533.819519
531.636902
532.018066
532.008728
532.450928
534.228210
535.524841
535.286438
533.935425
531.805664
531.400757
532.668335
