516.883240
517.214294
517.066711
515.751831
512.935730
510.841064
515.206177
528.424744
544.069702
550.802246
542.372437
525.891174
517.878052
526.369202
542.368591
549.482361
539.803772
522.910461
515.242554
525.421448
546.050720
560.672852
557.193481
538.561829
519.992126
516.790649
530.170471
546.007751
548.222229
534.778320
519.893677
519.635620
533.336365
547.236389
546.654236
532.006409
518.848083
521.221497
535.984314
548.476135
545.293579
529.441895
517.884827
522.823608
538.585815
549.289978
543.269104
526.692810
515.816650
521.969360
540.887695
557.312988
557.506470
541.370117
521.930237
515.421265
526.333496
543.412842
549.579407
539.018494
522.601990
518.164185
529.500183
544.908142
548.290039
535.731201
520.374512
518.880066
532.163086
547.154541
548.261597
533.998535
519.345703
519.866089
533.989258
547.462463
545.939026
530.937683
517.311768
518.948608
535.936829
555.029175
560.481934
547.782227
527.128662
515.767029
522.333191
539.226501
549.071167
542.258423
525.905090
517.884888
526.212952
541.963379
549.016357
539.570435
523.377625
517.962646
528.423828
544.193848
549.119507
537.695740
521.959534
519.034729
531.110413
545.858459
547.740356
534.516418
520.224365
519.104858
532.525208
548.364624
552.400330
540.826233
523.007019
513.777954
520.834167
537.924133
549.452637
545.086182
529.252625
517.992493
523.041992
538.531860
548.970154
543.095154
526.896179
517.846252
525.227783
541.211243
549.661499
541.218079
524.463562
517.403442
526.743774
542.591125
548.663208
538.391541
522.754333
517.206604
527.786072
545.657104
555.694519
549.129028
531.251099
516.734863
517.740784
532.696533
547.248657
547.505920
533.542725
519.720764
520.906067
534.959473
547.753479
545.538452
530.318542
518.265808
522.222656
537.622131
549.236816
544.524353
528.082947
517.403564
523.388428
539.256836
549.091370
542.378479
526.221558
518.222900
527.034729
543.630066
550.865906
539.544678
517.977783
503.776794
509.108673
529.558533
548.489502
551.064941
537.438660
521.540588
518.761841
530.992798
545.719482
547.553040
534.281250
519.894775
520.012573
533.932190
547.933777
547.179199
532.053406
518.508118
520.982544
536.112610
548.790405
545.518616
529.558838
517.976440
522.641113
538.829590
550.694092
545.907654
527.579895
510.584808
509.370850
524.906921
544.352722
551.482849
541.552612
524.721130
517.604309
526.863708
542.655029
548.808411
538.585022
522.711365
518.553894
529.938782
545.399963
548.812134
536.044128
520.391296
518.733032
531.917969
546.727051
547.759338
533.829163
519.776917
520.690430
535.953491
550.133057
547.795166
528.589294
507.713043
502.689636
517.737610
540.475037
552.463623
545.674194
528.389526
517.872009
523.799133
539.412354
549.034729
542.174377
525.820557
517.700562
526.113770
542.231628
549.532593
539.705750
522.822449
517.188904
528.128967
544.403381
549.329346
537.510071
521.406860
518.440918
532.108704
548.447998
549.952271
532.334717
509.296661
500.006775
512.347778
536.037964
551.957764
548.745850
531.885376
518.345215
520.769409
535.716797
548.296204
545.161133
529.491943
518.135315
523.066345
538.581360
549.033813
542.885071
526.304871
517.118713
524.660095
540.760315
549.308960
541.164185
524.850464
517.982056
527.172058
542.905945
549.730042
540.475769
523.146179
512.418823
517.544128
534.174744
548.590332
548.838013
535.422363
520.778992
518.899536
531.695251
546.519714
548.020142
534.400696
520.058655
520.336304
534.010620
547.238770
545.734009
530.865295
518.720825
522.383972
537.461182
549.016968
544.669556
528.676758
517.934204
523.339417
539.367615
550.167114
544.246826
525.832825
510.115753
510.529572
526.562500
544.909912
550.350342
539.578491
523.313965
517.581299
527.941223
543.952087
549.294495
538.023926
521.870911
518.282166
530.111877
545.192566
547.597534
534.532227
519.993286
519.921204
533.713501
547.711609
547.131775
532.101074
518.214233
520.077698
535.055054
548.252747
546.878418
532.495605
518.271973
516.922668
529.461121
545.358276
551.048157
541.845154
525.497681
517.006042
524.494690
541.201721
550.434326
542.108582
524.683777
516.881042
526.280396
542.904358
549.551147
538.874329
522.210510
517.851257
529.648560
545.435791
548.714050
535.631592
519.899780
518.604309
532.436768
547.357056
548.853333
535.569214
519.779602
515.249817
525.518860
541.773193
550.421082
544.391907
528.915405
518.035400
522.057129
537.574280
549.234314
544.490601
528.002930
517.361450
523.593262
539.744019
549.597900
542.578186
526.072449
517.918457
526.078491
541.701782
548.879089
539.663879
523.528564
517.999207
528.404663
544.136902
549.790588
539.545898
522.644470
513.533508
519.842896
536.044922
548.789978
547.705933
534.260315
520.669678
519.797363
532.682373
546.513062
546.658997
532.558044
519.118713
520.804260
535.193420
548.055054
545.731873
530.485596
518.572693
522.422729
537.402588
548.604309
543.917053
528.023376
518.112427
524.536926
540.400208
549.905273
543.266113
526.464050
514.223083
517.251465
532.730347
547.848022
550.000671
537.872131
522.290894
518.026062
529.306702
545.157837
549.116577
536.558838
520.633362
518.622314
531.804199
546.783997
547.732300
533.400452
519.037048
520.105713
534.622131
548.127380
546.313538
530.830383
518.111816
521.567627
536.802185
548.400330
545.054688
530.440247
518.030823
518.766663
531.725769
546.311768
550.501404
540.972473
525.432312
517.811279
525.246338
540.890076
548.984680
540.633484
524.488586
518.121094
527.672546
543.283203
548.902222
538.252502
522.397888
518.486206
529.868469
545.130066
548.384399
535.817810
520.640015
519.301636
532.426819
546.818726
548.305298
535.230347
519.156921
513.701843
523.087891
539.470764
549.305054
544.623535
529.743408
518.868042
522.883362
538.358826
549.420593
543.896057
527.208923
517.249390
524.273132
540.548279
549.631775
541.673462
525.006470
517.699951
526.900024
542.911316
549.924866
541.161499
524.537720
513.729309
515.666626
529.798462
547.805359
558.390747
554.768860
538.451111
520.190186
515.534729
527.749207
544.477844
549.247986
537.634033
521.377075
518.132568
530.618896
546.121948
548.359497
534.548279
519.276855
519.208740
533.645996
548.107605
547.457336
532.218506
518.434265
520.552002
535.305481
547.940735
545.083557
529.638123
518.248047
522.809753
538.865417
550.601807
545.815125
527.883728
511.583405
510.454590
525.006531
543.233215
550.177124
541.194458
525.294006
518.432617
527.162537
542.134399
548.186890
538.679443
523.656372
519.542969
529.863770
543.943054
547.376404
536.207031
521.849426
519.541138
530.785156
544.794189
547.052795
534.803345
521.075317
519.782227
532.783813
548.283081
551.800903
539.526978
521.423767
512.572388
520.222046
537.700745
549.467957
545.217407
529.182190
517.591797
522.727905
538.796997
549.547607
543.185730
526.278442
517.219482
525.291260
541.825256
550.075317
541.008057
523.981934
517.416504
527.200134
542.700195
547.737305
536.714844
521.712341
518.171265
530.477844
547.728760
554.732910
545.243347
527.129700
514.887756
518.157532
533.709961
547.487671
547.026001
533.141968
519.831604
521.378723
535.482056
548.077148
545.440063
529.832336
517.784302
522.098450
537.826599
549.458496
544.458008
527.714417
517.031067
523.420044
539.829041
549.635986
542.140442
525.284607
517.604736
527.612488
544.794739
550.956482
537.851501
515.752563
502.786072
509.676331
530.476990
548.664246
550.564148
536.901428
521.481689
519.279785
531.643311
545.940857
547.112366
533.713745
520.032715
520.935974
534.703735
547.723572
546.205627
531.330444
518.685120
521.584167
536.182739
547.948792
544.251160
528.820068
518.314087
523.766296
539.558655
549.890747
543.886719
526.135864
511.106445
511.253815
526.305847
544.248108
550.418823
540.646301
524.445984
517.681152
526.802063
542.287170
548.307373
538.260620
522.777283
518.837708
529.959351
544.871826
548.009460
535.686218
520.843079
519.677124
532.686157
546.748169
546.932007
532.690796
519.188721
521.004272
536.518921
549.986328
546.964417
528.214844
508.590546
504.332764
518.900635
540.548767
551.796021
544.813049
527.668762
517.703613
524.383545
540.197693
549.066284
541.253845
524.807190
517.447876
526.387390
542.315308
549.278625
539.677856
523.381165
517.920959
528.359314
544.001831
548.680054
537.000122
521.138184
518.335815
531.984741
548.182556
549.712952
532.637878
510.243652
500.915985
512.529724
535.605713
551.502686
548.550659
531.868958
518.562500
521.358704
536.313110
548.246887
544.397156
528.757629
518.185974
523.796631
539.322449
549.441284
543.181519
526.683533
517.488098
524.966248
541.108093
549.651978
541.221375
524.577881
517.763672
528.145752
544.909851
550.679382
537.870728
516.277588
503.386017
509.980103
530.619019
548.766479
550.376953
536.183350
520.595886
518.905762
532.129944
546.975220
547.814392
533.515320
519.218384
520.249023
534.598450
547.866394
545.825989
530.281311
517.870239
521.888672
537.495117
549.076660
544.190857
527.895081
517.766785
524.262695
540.629883
550.621887
543.614319
524.837463
509.492767
510.414978
526.806213
545.397827
550.889160
539.924805
523.494568
517.861633
528.303528
543.978760
548.757324
537.286438
521.525085
518.529297
530.711548
545.911560
548.359070
535.115662
520.100403
519.596436
533.315125
547.518677
547.228333
532.562378
519.098022
521.164307
536.786804
550.203552
546.914551
527.795532
508.010437
504.100464
519.347473
541.348755
552.173279
544.506042
527.189880
517.617554
524.645081
540.458984
549.071350
541.083679
524.695251
517.571167
526.717651
542.640625
549.140259
539.011780
522.807373
518.136536
529.163696
544.547180
548.333496
536.296570
521.101624
519.189392
531.743408
545.942261
548.060364
536.082153
520.862915
515.615295
524.898193
541.048279
550.449219
545.134094
529.725891
518.360474
521.760254
536.903259
548.797119
544.797241
528.882935
518.046143
523.571472
539.252319
549.380676
542.872742
526.338989
517.630798
525.506592
541.428650
549.229553
540.408142
524.156372
518.082886
528.009338
543.803894
550.157776
540.526855
523.241516
512.830444
518.162048
534.634460
548.468018
548.002197
534.266174
520.105774
519.160706
532.488647
546.891113
547.353149
533.177551
519.321716
520.628784
534.970093
548.027954
545.752319
530.289795
518.271667
522.487976
537.885742
549.046387
543.922119
527.667358
517.642883
524.096680
539.910461
549.503967
543.318359
527.083862
515.012451
517.786865
533.020935
548.071106
550.179993
537.982361
522.262390
517.604919
528.293945
543.933105
548.527832
537.036621
521.574951
519.044922
531.390198
546.164307
547.774048
534.066772
519.392761
519.515564
533.507202
547.507507
546.828125
531.985535
518.714294
521.152283
536.126221
548.650085
546.333069
531.340332
517.181213
516.468323
529.683044
545.767273
551.168518
541.704590
525.578674
517.670288
525.444153
541.640564
549.891968
541.075684
524.123169
517.233765
527.050537
543.326294
549.344360
538.456421
522.103516
518.027893
529.684387
545.254517
548.719788
536.187683
520.765747
519.114441
532.180054
546.877686
548.793884
535.740601
519.196228
513.305481
522.856934
539.759216
549.833069
544.910522
529.638916
518.385986
522.117798
537.652649
549.314697
544.547119
528.048157
517.491699
523.846619
540.011414
549.694580
542.407715
525.683167
517.519836
525.911743
541.807129
549.076538
539.782654
523.559265
517.998413
528.387573
544.108765
549.754944
539.487244
522.508423
513.386414
519.839233
536.241882
548.956665
547.424255
533.389648
519.731140
519.591248
533.378662
547.380554
546.844177
532.045288
518.753784
521.264587
536.191772
548.576050
545.144836
529.260193
517.872620
522.869568
538.392517
549.020935
543.308655
527.002197
517.597595
524.707275
540.554077
549.068665
541.643555
525.665833
515.850769
521.304443
537.447266
551.112610
550.948059
537.312195
521.587646
517.786377
529.233521
544.838074
548.784363
536.613403
521.159180
519.237549
531.982422
546.448181
547.352417
533.395874
519.293457
520.214111
534.463501
547.995789
546.510132
531.253601
518.371765
521.541809
536.719910
548.663208
545.529358
530.374023
516.770813
516.513550
529.470825
544.954834
550.098145
540.890442
525.205261
517.658325
525.568298
541.539307
549.229431
540.147400
523.697266
517.746277
528.001404
543.933716
549.339172
538.338501
522.444885
518.774170
530.245361
545.204590
548.032837
535.335693
520.443726
519.565918
532.889465
547.101013
548.297913
535.135254
519.190369
513.790222
523.019897
539.205566
549.009521
544.415955
529.564819
518.547302
522.409790
537.962219
549.371338
544.320312
527.905457
517.732544
524.160828
539.882690
548.947510
541.488098
525.282349
517.911316
526.710449
542.531677
549.277710
539.364380
522.968750
517.886353
528.787415
544.489624
548.777588
537.258240
521.417664
516.248352
527.211914
545.580505
556.403442
550.692871
533.047058
518.175476
518.822998
533.680359
547.757202
546.893127
531.726501
518.438904
521.237671
536.429993
548.863037
545.300659
529.337952
518.032288
523.132385
538.722656
549.141357
543.000122
526.474976
517.315063
524.768372
540.765503
549.184753
541.792847
526.124878
516.456970
521.614441
537.346558
550.894958
550.823486
537.135376
521.340027
517.769897
529.570068
545.092651
548.541870
536.039185
520.854675
519.532776
532.617981
546.964600
547.414612
533.085754
518.993042
520.220825
534.732361
548.081787
546.002319
530.427063
518.048035
522.059265
537.595032
549.060486
544.137268
527.697876
515.692017
520.554871
539.667358
558.050110
560.374207
544.664856
523.645691
514.961060
524.804321
542.520142
550.196777
540.630249
523.819519
517.921143
528.333069
544.226685
549.188171
537.593872
521.439636
518.163696
530.435852
545.867737
548.281494
534.735535
519.496765
519.024231
532.920410
547.283203
547.082825
532.531555
517.986084
518.018982
534.244202
553.996765
560.854248
549.008789
528.151917
515.822632
521.567444
538.478210
549.230896
543.439453
527.118958
517.851868
524.966309
540.650452
549.126099
541.164978
524.968994
518.125366
527.429504
543.204834
549.211487
538.582947
522.289246
517.931274
529.336487
544.947571
548.755005
536.608337
520.509216
516.216064
529.341614
549.975708
561.186829
553.441162
533.148193
517.347351
518.894226
534.640869
548.266846
546.283875
530.837708
518.199768
521.641602
536.824585
548.630188
544.375061
528.309021
517.788208
523.942200
539.950867
549.621338
542.293335
525.417236
517.180237
525.801697
542.081543
549.596497
540.177124
523.074707
514.877563
525.011963
546.459106
561.933411
558.268677
538.623169
519.463501
516.667603
530.661499
546.486877
548.179993
534.422852
519.632935
519.665100
533.580933
547.583557
547.085388
532.432922
519.172791
521.435852
535.981506
548.213684
545.011108
529.507324
518.170288
522.799500
537.920959
548.661804
543.617065
527.900146
516.663452
521.615051
539.881042
556.813721
557.993835
542.448975
522.973267
515.972351
526.239990
543.040833
549.567078
539.659058
523.206604
517.871765
528.588623
544.561096
549.320129
537.497192
521.546631
518.875916
531.530090
546.634766
548.100220
533.995789
519.274170
519.920349
534.424194
548.269043
546.775208
531.231079
516.797546
518.081787
535.656860
555.545959
561.063416
547.778259
526.643616
515.227051
521.981567
539.192749
549.628235
543.408630
526.832275
517.526733
524.674133
540.549377
549.070923
540.906555
524.610229
518.174377
528.070923
544.107178
549.639282
538.264526
521.756958
517.913696
529.995972
545.820435
548.987244
535.888489
520.251038
517.555420
530.891541
548.147217
553.620544
542.227295
523.557312
513.195801
519.440552
536.274658
548.281738
544.757690
529.500305
518.278870
523.571716
539.851379
551.188354
545.277649
527.786255
517.082520
523.820068
540.223206
549.651550
541.936218
525.076843
517.112427
525.823792
542.115601
549.568726
540.154602
523.812866
516.694397
526.585693
545.279175
556.616089
550.556519
532.338928
517.063599
517.287354
531.786804
546.722046
548.008606
534.666382
520.217407
520.264099
533.886414
547.446838
546.491150
531.717896
518.807495
521.446960
536.022400
548.019287
544.690430
529.424500
518.575073
523.521667
538.693848
549.003540
543.104492
526.781494
515.854248
521.855591
540.766785
557.100159
556.985779
540.777710
521.768921
515.713989
526.602356
543.417908
549.644287
539.426941
523.132507
518.486816
529.727417
545.452026
549.120178
536.324463
520.362244
518.408752
531.533752
546.465210
547.541870
533.528564
519.515320
520.778381
535.235046
548.334229
545.881714
530.004211
517.552002
521.355774
537.701904
550.680725
547.317932
530.035583
513.100281
510.548676
524.189514
542.778442
550.706848
542.116333
525.601196
517.617188
526.149658
542.167480
549.403076
539.883667
523.475220
517.901855
528.326172
544.086121
549.136475
537.901123
522.027527
518.659058
530.633850
545.954834
548.512390
535.123047
519.850403
518.063477
531.964600
548.845642
553.358032
541.360901
522.818298
513.096008
520.077759
537.441467
549.473999
545.419800
529.469421
517.984863
523.225769
539.091553
549.497375
543.103882
526.467407
517.437561
525.093018
541.051025
549.359863
541.022827
524.625610
517.782104
527.113892
542.910339
549.049561
538.683289
522.626038
518.325867
530.704102
547.063354
550.212891
534.889221
513.035645
502.358734
511.818237
533.559082
549.891907
548.496033
533.079041
519.646545
521.286255
535.679077
548.648132
546.329163
530.517334
517.582092
521.007812
536.466614
548.840759
544.969299
528.686707
517.514832
523.351257
539.769043
549.910339
542.535889
525.416443
517.200195
526.721924
544.074890
551.402039
539.733887
518.078308
504.085785
509.428864
529.498169
548.187439
550.938232
537.601257
521.694580
518.781250
531.063538
546.031738
548.097046
534.788574
520.050293
519.695557
533.272949
547.401672
547.300415
532.748901
518.928711
520.516296
535.015076
547.939819
545.413696
529.895142
518.105347
522.603210
538.937378
550.865173
545.787048
526.926575
509.372681
507.718719
523.191162
543.203735
551.291626
542.059509
525.201233
517.621033
526.528381
542.559937
549.348206
539.341736
522.875183
517.751099
528.755798
544.834229
549.382080
537.150208
520.845215
518.185059
531.200378
546.662720
548.168335
533.834961
518.942444
519.610657
535.475098
550.416199
548.385681
528.922974
507.417053
501.740356
516.559387
539.781067
552.660278
546.369751
528.875671
517.931946
523.744202
539.485352
549.226929
542.397827
525.999390
517.633911
525.697876
541.658386
549.484497
540.565552
524.073181
517.831116
527.805847
543.625732
549.041016
538.034241
522.178528
518.681274
530.419312
545.253967
548.836365
537.672913
521.817505
514.773987
522.600952
538.947693
550.240356
546.871216
531.898682
519.129578
520.775574
535.437500
548.508911
546.056396
530.340210
517.940491
521.850403
537.454712
549.283325
544.586853
528.031799
517.401062
523.751587
540.083496
549.844727
542.344177
525.316406
517.141296
525.915955
542.530640
550.630615
541.693237
523.210999
510.702576
514.987549
532.507019
548.709534
549.971069
536.133362
520.543945
518.486572
531.925476
547.231323
548.344116
533.783142
518.877319
519.664856
534.514221
548.565613
546.931763
531.128479
518.046692
521.644836
537.331970
549.342896
544.818359
528.332703
517.414062
523.380127
540.285706
551.544067
545.205688
525.580505
508.493195
508.293152
524.960815
544.714539
551.277893
540.721680
524.060425
517.883301
527.898376
543.629639
548.924133
537.765686
521.614807
517.888733
529.828674
545.501099
548.773132
535.979309
520.679382
519.434509
532.652405
547.000000
547.353638
533.068298
519.226501
520.642883
535.097656
548.074219
546.905212
532.696716
518.185852
516.175842
528.427429
544.883362
551.703247
543.327271
526.989197
517.674927
524.054749
540.169189
549.726562
542.167908
525.092896
516.874878
525.812866
542.640320
550.246216
540.203552
522.936218
517.125916
528.145447
544.594727
549.490601
537.424072
521.095703
518.228333
531.093811
546.738098
549.839539
536.949341
519.295654
511.920349
521.021973
538.924988
550.590576
546.382935
530.496826
517.939941
520.902527
536.781982
549.510925
545.465881
528.663879
517.132019
523.072083
539.797058
550.436218
543.349365
525.798401
516.662720
525.130066
541.965942
550.182983
540.909851
523.805176
517.286560
527.539124
543.835815
550.180542
540.092834
522.727478
513.037720
519.343201
536.125244
549.424316
548.224609
534.195679
520.172546
519.511169
532.976501
547.239258
547.284851
532.688782
518.857788
520.686584
535.484802
548.456055
545.724426
529.989014
518.105225
522.637329
538.094543
549.091370
543.830261
527.601990
517.641418
524.137390
539.914917
549.380432
543.163330
527.211548
515.620850
518.577271
533.380920
547.882812
549.985107
538.294800
522.888489
518.018433
528.367920
544.093689
549.074097
537.632202
521.623413
518.401184
530.616577
545.956665
548.350647
535.048340
520.174683
519.815125
533.509521
547.617676
547.186768
532.306580
518.664978
520.859741
535.919067
548.786377
546.673462
531.415405
516.501770
514.875854
527.669250
544.309814
550.956482
542.462769
526.352905
517.761353
524.970703
541.155457
549.551636
540.718872
523.727844
517.057861
527.299255
543.762451
549.561157
538.323364
521.873474
517.996887
529.870056
545.345520
548.411560
535.521179
520.205261
519.091187
532.615723
547.211121
548.572815
535.183777
518.974792
513.697876
523.445312
540.001587
549.657715
544.621582
529.503723
518.449158
522.313965
537.864319
549.406799
544.503967
528.026978
517.604492
524.012939
539.960815
549.303528
541.889221
525.365662
517.472290
525.983826
541.848511
549.008850
539.556152
523.249695
517.788147
528.411377
544.253296
549.045166
537.835999
521.725586
515.944275
526.421570
544.635559
555.714355
550.492432
533.326355
518.525269
518.807129
533.332764
547.605347
547.214722
532.200623
518.496582
520.816345
535.988831
548.859253
545.665710
529.505798
517.530273
522.273315
538.232849
549.462097
543.775513
526.854736
516.948486
524.416382
541.178833
550.220215
542.453857
525.673035
515.298218
520.799683
537.491882
551.708496
551.567993
537.274475
520.806396
517.000488
529.204346
545.474365
549.226990
536.233643
520.267395
518.676025
532.189819
546.980042
547.448181
532.814209
518.521484
519.980408
534.973511
548.652405
546.579956
530.646118
517.750488
521.568909
537.277527
549.071533
544.309814
527.734558
515.641479
520.617737
539.829346
558.080261
560.285217
544.757263
524.098022
515.479919
524.875061
541.937256
549.246277
539.873413
523.610596
518.089905
528.490967
544.062744
548.946533
537.662720
521.873657
518.607483
530.572144
545.783997
548.453064
535.300598
520.098450
519.315186
532.976074
547.422058
547.470703
532.950317
518.089355
517.471313
533.058350
552.664612
560.168213
549.275024
528.752380
515.814453
520.840393
537.875854
549.484436
544.248413
527.547058
517.442871
524.366272
540.558594
549.578674
541.433472
524.400513
516.849426
526.393127
543.159912
550.087341
539.460754
522.384888
517.432068
529.078735
545.215698
549.078064
536.668213
520.325562
515.596985
527.687378
546.941711
557.577881
550.675476
531.960815
517.205627
518.976807
534.633728
548.362061
546.507568
530.868713
518.076050
521.654175
536.995850
548.825073
544.549255
528.479370
517.823853
523.805847
539.703247
549.579529
542.607544
525.897644
517.416992
525.676147
541.678467
549.304199
540.327637
523.710266
515.538940
524.933289
545.354065
560.612976
557.907227
539.521667
520.555359
516.695923
529.530273
545.353943
548.147217
535.498535
520.662170
519.609314
532.626648
546.841858
547.401428
533.353333
519.399353
520.547974
534.934631
548.291382
546.339844
530.758728
518.053955
521.677979
537.140747
549.006775
544.505310
528.172424
515.900574
520.427551
539.413757
557.718201
559.777344
543.799988
522.880737
514.597839
524.737183
542.447998
549.955933
540.312744
523.436340
517.609314
528.291260
544.385620
549.228455
537.276611
520.953186
517.980835
530.791992
546.403564
548.549500
534.801208
519.791382
519.762207
533.800598
547.770203
546.878967
531.744934
517.100830
517.624939
534.635193
554.796997
561.317871
548.783203
527.614807
515.555481
521.684326
538.618347
549.142395
543.218689
526.932007
517.706909
524.940796
540.809448
549.425720
541.339355
524.732300
517.453979
526.720093
542.889404
549.577759
539.510498
523.252258
518.368469
529.176819
544.587769
548.674744
536.710327
520.263000
515.404480
528.572693
550.065247
562.343994
555.027527
534.257996
517.409485
518.051147
533.600220
547.848572
546.678772
531.465088
518.309204
521.211792
536.454102
548.832825
544.981873
528.636475
517.372925
523.169678
539.568542
550.045776
543.164062
525.969299
516.974365
525.311279
542.018494
550.148315
540.737305
523.471680
515.252441
525.008606
544.984192
558.268921
553.312622
534.438293
517.322021
516.096802
530.412964
546.115601
548.138306
534.933289
519.984497
519.530640
533.286926
547.495056
547.234863
532.455750
518.757812
520.842346
535.686401
548.471924
545.684143
530.058960
518.157410
522.434509
537.709961
548.865845
543.959717
527.820374
516.034607
520.846252
539.449707
556.775024
558.140625
542.625610
523.137939
515.987061
525.998413
542.658142
549.312561
539.577026
523.106567
517.617920
528.275818
544.252808
549.178894
537.519775
521.522766
518.583069
530.987183
546.089355
548.072815
534.469849
519.526550
519.365356
533.494751
547.961304
547.455627
532.076294
518.024597
519.587891
535.513000
550.632263
550.347961
534.424011
516.176331
510.884186
522.554199
541.130188
550.557373
543.213318
526.374939
516.921326
524.617676
541.192200
549.971375
541.431763
524.532837
517.586609
527.219604
543.095215
549.002136
538.532288
522.749207
518.830627
530.225342
545.346130
548.504883
535.890137
520.527527
517.493713
530.225647
547.379700
553.848450
544.070801
526.466431
515.627930
520.230835
535.675598
547.793579
545.483704
530.999084
518.964417
522.343079
537.135132
548.751343
544.659363
528.838806
518.107117
523.530334
538.879944
548.838318
542.618469
526.601379
518.058960
525.724365
541.527527
549.407227
540.440002
523.748901
515.755981
525.243408
544.632935
557.541809
552.851318
534.711121
518.036438
516.564819
530.451538
546.138306
548.367676
535.133423
519.976379
519.544495
533.666321
548.163391
547.653687
532.324463
518.305603
520.452515
535.492615
548.401062
545.631409
530.083862
518.366577
522.778870
537.928955
548.520935
542.935303
526.781799
517.480957
524.969238
541.680420
550.933411
542.668762
523.359436
508.664154
510.578674
527.178162
545.106262
550.030640
539.255493
523.537903
518.499695
528.971497
544.343872
548.728455
537.004944
521.185364
518.177734
530.255615
545.366882
547.961548
535.158203
520.519470
519.949280
533.296143
547.175659
546.672974
531.922913
518.645081
520.453979
535.775879
550.071228
549.683899
534.445801
516.739258
511.196686
522.299377
540.786377
550.563477
543.452209
526.563232
517.059998
524.860718
541.520813
550.031128
541.004456
523.826660
517.086975
527.351501
543.935181
550.020874
538.940674
522.240417
517.947937
529.767944
545.470154
548.648071
535.606750
520.071960
518.857544
533.604004
549.214172
549.064209
530.954468
509.198700
501.562164
514.265503
536.937134
551.455078
547.505310
530.999451
518.756897
522.511536
537.631775
548.970520
544.287170
528.159912
517.651367
523.564331
539.262695
549.228699
542.794189
526.561768
518.001038
525.724609
541.392212
548.976807
540.019287
523.842346
518.097229
529.229431
545.849304
550.688660
536.854248
514.948364
502.715027
510.391052
531.668274
549.494324
550.232849
535.535034
520.348022
519.479736
533.018860
547.307800
547.171448
532.359375
518.433472
520.277161
535.232056
548.516357
546.005920
530.094177
517.779297
522.172119
538.043457
549.420044
543.953552
527.209534
517.172546
524.282776
541.188721
550.956482
542.890442
522.995422
507.472076
509.484619
527.331482
546.386230
551.007507
538.866943
522.303894
517.774109
529.312805
544.963379
548.588928
536.121338
520.633484
518.893127
531.963440
546.786316
547.966858
533.928040
519.378235
519.929260
534.078735
547.660767
546.374023
531.444275
518.731079
521.688782
537.421204
550.145996
546.181335
527.136169
508.136261
505.088959
520.546936
541.873718
551.671143
543.473999
526.488403
517.743713
525.345642
541.001587
548.970093
540.543701
524.368225
517.879517
527.423584
543.192810
549.179626
538.677551
522.564880
518.279358
529.524414
544.841980
548.435425
536.285217
521.208435
519.557983
532.313904
546.507141
548.368042
536.023376
520.552124
515.314880
524.793274
541.147766
550.598633
545.192749
529.686768
518.286926
521.741943
536.959961
548.821289
544.648865
528.639587
517.936951
523.676819
539.399536
549.264404
542.410461
525.783569
517.284851
525.442322
541.525146
549.277527
540.318787
523.975830
517.858704
527.772949
543.574585
549.918823
540.203491
522.830200
512.481628
518.103333
534.956787
549.019226
548.534180
534.627686
520.338074
519.355774
532.582703
546.687744
546.765015
532.466675
518.964050
520.864624
535.552734
548.477417
545.755920
529.957764
517.889038
522.255066
537.803467
549.050964
543.985718
527.736267
517.631409
524.037109
540.548340
550.966431
544.197327
525.231934
509.609161
510.618347
527.246582
545.735596
550.749817
539.364014
522.893494
517.514954
528.338135
544.354858
549.119629
537.357910
521.524963
518.914673
531.508606
546.490967
547.960938
534.009827
519.373962
519.851624
534.054565
547.840210
546.726440
531.708557
518.665955
521.458801
536.460571
548.530029
545.694702
530.733887
517.235168
517.274658
530.809326
546.720947
551.672119
541.760620
525.303284
517.127136
524.740967
541.075745
549.735962
541.352600
524.639648
517.769287
527.475098
543.552612
549.393616
538.430359
522.065857
518.043640
529.813843
545.363831
548.597290
535.845764
520.487732
519.135132
532.405457
546.666992
547.876709
534.930481
519.872864
515.987427
526.488525
542.606873
550.957458
544.660278
528.945129
517.836670
521.814453
537.531250
549.496582
544.956604
528.393555
517.484436
523.497437
539.568970
549.414612
542.338684
525.678833
517.502075
526.049683
542.210754
549.560425
539.930908
523.180969
517.376892
528.041382
544.170471
549.904724
539.369385
522.188477
513.190430
519.969849
536.629822
549.443054
547.880981
533.736572
519.894775
519.625366
533.451782
547.684082
547.348022
532.475159
518.768921
520.895386
535.801331
548.534790
545.523743
529.778931
518.145874
522.884216
538.415955
549.193115
543.431519
526.760742
516.934753
524.088440
540.420593
549.690369
542.752441
526.420471
515.303955
519.118164
534.352783
548.528198
549.859741
537.502380
522.072266
517.911316
529.113892
544.922058
549.074036
536.797119
520.937744
518.713806
531.614746
546.529114
547.819031
533.889343
519.453186
520.063049
534.288940
548.015503
546.717712
531.445007
518.452881
521.660461
536.979675
548.817139
545.529114
530.615479
517.770081
518.242859
531.306458
546.249878
550.730103
541.134094
525.301392
517.582886
525.339966
541.399170
549.534424
540.802734
524.307434
517.956604
527.791992
543.489258
549.004639
538.224121
522.329956
518.459839
529.908203
545.142090
548.376099
535.784912
520.505798
519.143250
532.421143
547.073364
548.787781
535.741272
519.420349
513.461121
522.488708
539.025024
549.437866
545.172852
530.124207
518.599426
522.059204
537.547852
549.178955
544.355774
527.947815
517.594421
523.945007
539.839172
549.292542
542.084290
525.673462
517.749573
526.204346
542.180237
549.508972
540.054260
523.520874
517.824646
528.341614
544.247742
549.932434
539.633789
522.555054
512.995789
518.798340
535.015503
548.385010
547.771790
534.075623
520.060852
519.474731
533.188782
547.341858
546.907349
532.081848
518.631042
520.923706
535.790710
548.506775
545.577332
529.828064
517.921082
522.258423
537.714111
548.790527
543.438293
527.094666
517.494446
524.583069
540.617004
549.335327
542.072754
526.103394
515.826782
520.456543
536.145996
550.207520
550.835754
537.577026
521.708496
517.733521
529.210327
544.802734
548.558289
536.223572
520.809814
519.053345
531.955322
546.626892
547.822815
534.016968
519.643005
520.120117
534.174805
547.794861
546.457458
531.288025
518.487061
521.769409
537.010986
548.951233
545.865417
530.712341
516.696594
515.639221
528.133301
544.075867
550.135193
541.369690
525.473511
517.612854
525.551331
541.751038
549.621704
540.621643
524.096191
517.844360
527.702637
543.438293
548.961243
538.108643
522.091736
518.239929
529.922241
545.383179
548.502686
535.636353
520.362854
519.330017
532.822144
547.295715
548.674805
535.448608
518.975037
512.856628
522.001770
539.011169
549.698853
545.043030
529.342896
517.750732
521.851196
537.969055
549.614685
544.336670
527.598755
517.430420
524.208801
540.309631
549.436462
541.564453
524.742493
517.164001
526.481323
542.936523
549.742798
539.395874
522.720703
517.829773
529.102295
544.925720
549.059814
537.347656
521.306519
515.984070
527.101440
545.921509
556.999817
550.931763
532.679138
517.650391
518.618042
533.697754
547.673950
546.681824
531.595459
518.477295
521.311768
536.343445
548.552673
544.788147
528.640808
517.367798
522.896912
538.989502
549.540649
543.150879
526.377441
517.283813
525.091431
541.360596
549.752991
541.177979
524.049255
514.978577
524.113464
545.260925
561.472534
558.971130
539.870300
519.975830
515.651123
528.602295
544.979858
548.397827
535.957764
520.786743
519.273499
532.172485
546.643616
547.521301
533.536316
519.447205
520.451721
534.740662
548.031860
546.050049
530.549377
517.966675
521.548950
536.826965
548.647217
544.381958
528.101257
515.662964
520.340149
540.054565
559.205139
561.572937
545.244080
523.734619
514.988892
524.714722
541.978394
549.244141
539.800415
523.477295
517.897461
528.294678
544.106384
549.200134
537.863342
521.896973
518.525574
530.391541
545.402527
547.841614
534.830078
520.074341
519.511353
532.923035
547.017883
546.914368
532.332153
517.417664
517.204895
533.805237
554.285461
561.532593
549.570557
528.411621
515.767578
521.204712
537.972961
549.000427
543.633789
527.266296
517.363586
524.105225
540.242737
549.574890
541.902893
525.077209
517.319092
526.338379
542.619873
549.484436
539.392273
522.948425
517.975403
528.950806
544.644043
548.854431
536.832092
520.396851
515.797974
529.198608
550.416992
561.918579
554.008606
533.393555
517.224670
518.352844
533.856995
547.801025
546.472290
531.326843
518.302979
521.218567
536.431763
548.932434
545.373108
529.267883
517.888062
523.168579
539.024597
549.449768
543.101746
526.425842
517.314880
525.042603
541.418701
549.958618
541.353760
524.005066
514.867920
524.233093
545.487976
561.284851
558.227112
539.145081
519.927551
516.310913
529.514465
545.654602
548.554504
535.482239
519.943848
518.638000
532.204956
547.146851
547.783447
533.202209
518.903931
520.271301
534.988037
548.249756
545.921509
530.214661
517.795471
521.780457
537.414490
549.175354
544.413513
527.821228
515.538696
520.354187
539.417236
557.154297
558.502380
542.562744
522.534180
515.137207
525.441101
542.788574
549.963074
540.108398
523.064209
517.163208
527.921875
544.214111
549.213318
537.298706
520.988159
517.985291
530.597168
546.020447
548.229187
534.665833
519.601074
519.288574
533.299744
547.695129
547.264587
532.119995
517.141663
517.522156
534.588623
554.696106
561.052795
548.534546
527.486633
515.334656
521.293335
538.488281
549.638000
543.828125
526.768860
516.688904
523.942749
540.637024
549.866333
541.614380
524.610474
517.419800
527.111938
543.499146
549.909607
539.283997
522.631714
517.892883
529.281799
545.209839
549.189880
536.644287
520.712158
517.192505
530.054749
547.740479
554.468140
544.278748
525.812378
514.392578
519.393616
536.112549
549.232666
546.676880
530.968811
517.943420
521.468140
537.150452
549.255310
544.692017
528.062378
517.215332
523.405273
539.627441
549.697327
542.827209
526.107727
517.516846
525.686401
541.836548
549.491821
540.122437
523.440491
515.882812
525.653198
544.705139
556.936890
551.992432
534.323608
518.401367
517.302185
531.000427
546.272705
548.322021
535.230225
520.233521
519.575073
533.138550
547.307495
547.057007
532.350403
518.737793
520.714844
535.348328
548.151733
545.614136
530.196045
518.249451
522.352051
537.632141
548.829285
543.789185
527.564209
516.035767
521.250793
539.818359
556.577454
557.351685
541.700134
522.368347
515.462036
525.810303
542.859192
549.581909
539.476501
522.778442
517.645447
528.822205
544.822205
549.095825
536.879883
521.032043
518.732605
531.570190
546.690979
548.368469
534.518005
519.612061
519.600891
533.623230
547.572083
546.503357
531.279480
518.213562
520.722961
536.401001
550.239746
548.881042
532.984436
515.447388
510.764923
522.670471
541.298950
550.630981
543.109070
526.265381
517.110352
525.078796
541.629822
549.962036
540.958862
523.942139
517.270264
527.354858
543.788513
549.825378
538.725159
521.985901
517.738159
529.724121
545.633606
548.762756
535.448853
519.805298
517.512390
531.250305
548.585754
554.121521
542.974243
524.354675
513.502441
519.269409
536.426147
549.368164
546.314941
530.414307
517.869507
522.013977
537.768372
549.253906
544.034302
527.430298
517.280212
524.047302
540.280457
549.762634
542.225037
525.397034
517.408875
526.212463
542.407410
549.376465
539.315369
522.713989
517.635864
529.806580
546.670898
550.513306
535.298157
512.848267
501.459259
510.726318
533.165161
550.910217
550.593872
534.823486
519.464600
519.286377
533.473450
547.701050
546.895386
531.755859
518.448792
521.233887
536.482544
549.029663
545.377441
528.948853
517.192261
522.490417
538.787048
549.794617
543.640625
526.716431
517.284729
525.258362
542.359253
551.314270
542.063477
521.610901
506.518555
509.459747
527.983765
547.138733
551.465088
538.954651
522.240662
517.823059
529.555969
545.401550
548.943115
536.198303
520.539795
518.799133
531.841492
546.592957
547.567993
533.393677
519.072205
520.146362
534.767090
548.321655
546.298523
530.562378
517.832092
521.540833
537.962830
550.595337
545.858704
526.276428
507.493164
505.233826
521.420654
543.034607
552.459717
543.399719
525.684998
517.045715
525.536011
541.993042
549.717590
540.346802
523.677856
517.739075
528.090515
544.066345
549.194702
537.623291
521.401123
518.125183
530.509216
546.012939
548.434448
534.915955
519.680603
519.162476
534.282349
549.709229
548.946533
530.132751
507.964569
500.744873
514.549072
538.100525
552.267517
546.991089
529.369629
517.311829
522.262207
538.429443
549.664185
543.923584
527.087280
517.159729
524.253235
540.582092
549.650208
541.511963
524.549561
517.163696
526.791687
543.375183
550.009705
539.374817
522.519043
517.605042
530.043457
547.043457
550.740295
535.013977
511.884064
500.287140
510.080658
533.263123
551.175293
550.353027
534.088318
518.935181
519.482361
534.242432
548.447449
547.113403
531.480286
518.089966
521.087952
536.560242
548.992859
544.958618
528.390381
516.989990
522.748962
539.169128
549.811157
543.183105
526.128296
516.938843
524.811646
541.544312
550.671143
542.636963
523.966309
510.180756
513.158691
530.442627
547.764343
550.603210
537.562500
521.232544
517.536133
529.951355
545.885071
548.937988
535.761902
520.267395
519.233887
532.870667
547.363953
547.263916
532.239258
518.227417
520.448242
535.899048
549.170044
546.206482
529.904175
517.432251
521.775085
537.604858
549.088562
545.020325
529.296692
515.944946
516.880798
531.397583
547.528076
551.525818
540.183960
523.330750
516.564636
526.166931
543.003540
550.173157
539.974915
523.068298
517.633240
528.623291
544.587585
548.863708
536.473328
520.516357
518.555725
532.023071
547.320618
548.463501
533.867371
518.741394
519.208984
533.851318
547.807007
547.747925
534.071045
519.371826
516.509888
527.842957
543.902222
551.194214
543.744019
527.923279
518.012573
523.129944
538.557251
548.972595
543.095093
526.755615
517.384888
524.658020
540.918396
549.957397
541.905090
525.048889
517.655823
527.013794
543.234680
549.610413
538.938843
522.228821
517.478455
528.987732
545.025879
550.007690
538.766052
521.230103
512.437073
520.034302
537.660950
550.528564
547.778381
532.349792
518.756470
520.110474
535.181824
548.746643
546.298279
530.160339
517.532471
521.894836
537.984924
549.606140
544.184937
527.268860
517.020020
524.031372
540.294189
549.442627
541.677856
525.151428
517.675964
526.737000
542.763672
550.087158
541.321289
524.330933
513.664551
518.560791
534.810181
549.087646
549.533325
536.360596
521.387268
518.598816
530.531250
545.494629
548.021362
535.126404
520.265320
519.571045
533.179077
547.668579
547.728149
532.853455
518.602234
520.085632
534.861511
548.162659
545.850220
530.220154
518.047180
522.399475
538.301575
549.905334
545.488281
528.880493
514.658813
515.426025
530.537231
547.529297
552.079224
540.835205
523.811829
516.856506
526.372559
543.068115
549.764160
538.957153
521.884888
517.156311
529.223389
545.705750
549.523743
536.344055
520.047729
518.262939
531.908508
547.072876
548.034973
533.724487
519.330017
520.315369
534.769287
548.230713
547.569031
533.170715
517.671204
514.301575
525.766418
542.604248
550.842102
543.869568
527.893005
517.724976
523.034180
538.990723
549.480957
543.208923
526.554382
517.454590
525.242310
541.511169
549.675537
540.592773
523.632385
517.198303
527.544067
543.926636
549.612488
538.259644
521.625854
517.627136
529.662170
545.396667
549.302307
537.072205
519.544312
511.800873
520.567566
538.479492
550.622681
546.984314
531.320618
518.278198
520.408447
535.838623
549.096924
546.195557
530.043457
517.842896
522.474854
538.337708
549.499390
543.899658
527.254150
517.345581
524.260498
540.292725
549.472107
541.887024
525.248047
517.353516
526.091797
542.335510
549.619873
540.449158
523.779419
515.230042
523.391724
541.739319
555.111023
552.165955
535.505188
519.078979
517.147644
530.861755
546.729309
548.804138
534.680237
519.382935
519.533752
534.066772
548.159119
546.665466
530.946655
517.842529
521.440796
537.147095
549.249390
544.855896
528.430664
517.431763
523.307861
539.350220
549.492859
543.640076
527.514404
515.683350
518.778687
534.075745
549.027344
551.212769
539.194946
523.161743
517.615662
527.538086
543.478088
549.307739
538.473022
522.151123
518.097107
529.956543
545.632690
548.711304
535.495300
519.858337
518.807678
532.698303
547.683350
548.072510
533.161377
518.644531
520.076965
535.091248
548.532776
547.035706
531.864502
516.685669
514.801758
527.618958
544.438110
551.213867
542.696106
526.406921
517.301697
523.892700
540.046021
549.396912
541.833984
525.086060
517.184998
526.118225
542.501221
549.773376
539.923889
523.065613
517.269897
527.959229
544.190552
549.403870
537.769470
521.325134
517.928528
530.538757
546.436096
548.894165
535.040405
518.619812
515.995911
531.068726
551.648071
560.595215
550.567383
530.027466
516.088745
519.843506
536.479370
549.135742
545.242371
528.641418
517.116272
522.849609
539.179016
549.673035
543.050964
526.230774
517.281311
525.212830
541.287170
549.419678
540.827393
524.360718
517.743225
527.399475
543.216614
549.101929
539.048523
523.028625
516.033508
524.993896
542.570618
554.445129
550.791443
534.719788
519.478760
518.252441
531.735413
546.697998
547.932861
533.598877
518.785706
519.639160
534.610535
548.693787
546.817627
530.717529
517.617310
521.560730
537.703613
549.882080
544.985840
527.946777
516.980286
523.464417
540.017944
549.957336
542.576416
525.352722
515.320923
523.370483
543.802979
560.189575
558.988586
541.498779
521.796143
515.884277
527.191467
543.845215
549.065613
537.920654
521.966492
518.455200
530.328430
545.537903
548.241150
535.286682
520.306824
519.485413
532.819519
547.013184
547.105103
532.672363
518.923218
520.700562
535.461426
548.446960
545.626343
529.480957
515.811768
518.714844
537.300415
556.849243
561.208740
546.996826
525.802856
515.228333
523.026978
540.476440
549.757874
541.871826
525.029053
517.549316
526.785583
542.753052
548.987793
538.572510
522.436584
518.094482
529.484009
545.073914
548.927368
536.675293
521.078247
519.047485
531.960693
546.789429
547.895142
533.710938
518.211487
516.747314
532.128479
552.267578
560.794250
550.842163
530.515930
516.475464
519.762268
535.989441
548.591309
545.063904
529.004822
517.749146
523.300110
539.337830
549.619202
542.835266
525.879517
517.018677
525.352417
542.059570
550.256165
540.911560
523.654663
517.205688
527.799255
544.215881
549.367920
537.378113
520.270142
514.948486
527.984497
549.362915
561.808350
555.191223
535.138672
517.978882
517.496216
532.379639
547.269958
547.290833
532.683411
518.970520
520.902283
535.585327
548.336792
545.644531
530.109253
518.195435
522.473572
537.890259
549.163452
544.106140
527.654236
517.389954
524.043091
540.287292
549.708252
541.926208
524.897156
515.297485
523.281006
542.812744
557.864075
555.709900
538.190613
519.598083
515.596802
528.687744
545.792236
549.841003
537.002869
520.404297
518.036804
531.475647
546.925659
548.218933
533.787598
518.913574
519.631348
534.323486
548.327393
546.941101
531.433350
518.307068
521.641663
537.120667
549.150024
544.771057
528.417664
516.180359
520.488708
538.648621
555.976501
558.104309
543.413574
523.733154
515.399414
524.571472
541.798340
549.903564
541.115234
524.235840
517.325073
526.942078
542.889893
548.886169
538.343201
522.337463
518.271729
529.805176
545.293579
548.693542
535.979248
520.425049
518.912109
532.226379
546.925903
547.544678
533.178162
518.043518
517.149109
532.876404
552.963684
561.048767
550.493286
529.828491
516.200073
520.449463
537.254272
549.388977
544.848389
528.330750
517.583374
523.785034
539.823425
549.515259
542.275330
525.504028
517.172058
525.643433
541.933411
549.594543
540.222900
523.531921
517.630188
528.162476
544.250610
549.389160
537.880615
521.757385
516.752747
528.279968
546.554932
556.053589
548.531250
530.135803
515.994812
517.938843
533.574768
547.874084
547.146973
532.304688
518.534790
520.625427
535.611877
548.600037
545.803162
529.951233
517.887695
522.343140
538.074585
549.314575
543.802490
527.036316
517.073364
524.299500
540.781006
549.809021
541.538574
524.493103
515.204773
523.389038
542.897095
557.880859
555.758484
538.381836
519.970703
515.996399
528.774170
545.380676
549.330078
537.039673
521.148926
518.864136
531.710449
546.719604
548.242065
534.293091
519.352173
519.381775
533.529053
547.727112
546.934937
531.746277
518.400146
521.272705
536.601440
548.967224
545.097046
528.871582
517.623047
522.872192
539.361206
551.017334
545.804382
527.290588
510.493011
509.596283
525.270081
544.510986
551.163757
540.792725
523.941833
517.398132
527.520020
543.720703
549.437317
538.214783
521.643738
517.679443
529.879822
545.907776
549.121826
535.799988
520.000671
518.892029
532.774780
547.575073
547.769592
532.900757
518.648987
519.153015
534.161133
549.871277
551.728333
537.546204
518.922791
511.539154
521.461609
539.897217
550.307007
543.884399
527.251648
517.166443
524.040466
540.235046
549.622253
542.095215
525.343445
517.339172
526.123108
542.399841
549.610779
539.735413
522.987915
517.524048
528.377869
544.281433
548.963867
537.275879
521.479553
518.652710
532.184265
548.302490
549.766235
532.339050
509.561615
500.331726
512.488953
535.940430
551.730591
548.518616
531.763794
518.364075
520.998291
536.146973
548.759949
545.368958
529.235535
517.540771
522.718506
538.875549
549.844421
543.726807
526.773254
517.194824
524.706482
541.039368
549.749817
541.352356
524.431091
517.083252
527.199585
544.517456
551.234375
538.649170
516.300476
502.586700
509.164307
530.390198
549.005859
550.719299
536.539124
520.831787
518.797974
531.755005
546.676575
547.911499
533.762817
519.064697
519.678040
534.164612
548.007935
546.423218
530.849304
517.895264
521.365662
536.874573
549.015686
544.960693
528.847534
517.853943
523.274841
539.633606
550.760498
544.783081
525.890625
509.574036
509.694214
525.985291
545.032532
551.163818
540.571350
523.794067
517.225830
527.095032
543.247498
549.303162
538.673523
522.566467
518.616699
530.302185
545.625000
548.351074
535.088562
519.700989
518.869751
532.753296
547.663086
548.162964
533.512329
519.072510
520.140930
535.897766
550.361816
547.739990
528.105652
507.338318
503.026917
518.622375
541.163391
552.433044
545.039368
527.542603
517.256653
523.711670
539.808167
549.461243
542.204712
525.488525
517.399841
526.089417
542.337219
549.553101
539.865906
523.507019
518.281860
528.925476
544.382080
548.605835
536.660522
520.899780
518.424561
531.212463
546.278992
548.931641
536.649536
520.901611
515.478577
524.797180
540.822632
550.147217
545.092102
530.073853
518.650208
521.730347
536.861023
549.089111
545.251404
528.921753
517.402283
522.776978
538.793396
549.256958
542.791931
526.088623
517.260803
525.371399
541.678284
549.713928
540.610352
523.641846
517.111145
527.472473
544.210083
550.992188
540.811829
522.688904
511.978729
517.625122
534.533997
548.694336
548.445801
534.703369
520.233948
519.115051
532.774902
547.613586
548.022217
533.125366
518.543152
519.921875
534.979431
548.720764
546.692566
530.971436
518.324097
522.068848
537.446289
548.990173
544.170227
527.664246
517.129211
523.675842
540.890259
551.743652
544.597534
524.805542
508.669342
509.610199
526.366577
545.173645
550.808777
540.057312
523.729736
518.004944
528.429138
544.273560
549.140259
537.375610
521.213196
518.192505
530.724792
546.093689
548.376343
535.036011
520.154114
519.700439
533.159546
547.022522
546.598083
531.984131
518.663208
521.054138
536.102173
548.651245
546.440186
531.886353
518.372375
517.740173
530.203186
545.418396
550.721069
541.812866
526.070312
517.876038
525.086914
541.036377
549.476379
540.868958
523.903442
516.843567
526.598938
542.916443
549.350342
539.033997
522.840210
518.259521
529.315918
544.742798
548.666443
536.593079
521.125671
519.046814
531.747192
546.062134
547.941589
535.758606
521.025818
516.623779
526.120911
541.607239
550.392639
545.142029
530.041687
518.543335
521.596619
536.677673
548.746399
544.782471
528.692078
517.666016
523.154358
538.854919
549.146484
543.026245
526.797241
517.808228
525.089355
540.846985
549.212219
540.987610
524.617981
517.968018
527.638916
543.601379
550.019775
540.214294
522.995117
512.894958
518.261414
534.404541
548.236084
548.429016
535.322754
521.003174
519.362122
532.234436
546.676514
547.356934
533.203369
519.228882
520.550842
535.101685
548.464478
546.401550
530.692200
517.882385
521.500488
537.212830
549.377930
544.851135
528.211670
517.565430
524.183350
540.708923
550.403076
543.388733
526.293640
514.142212
517.444214
533.297791
548.937134
551.368652
538.809509
522.205811
517.155701
528.482239
544.976685
549.447266
536.875977
520.619568
518.453247
531.839294
547.129578
548.351929
533.900024
518.831116
519.283081
533.978333
548.363708
547.387390
531.919617
518.439270
521.355408
536.707947
548.948425
546.004822
530.690063
516.434021
515.256592
527.884583
544.205383
550.774536
542.257996
526.006409
517.324585
524.680115
541.056519
549.509399
540.736084
523.910583
517.375671
527.572144
543.997375
550.097656
539.139221
522.351379
517.647095
529.073242
544.914307
548.763489
536.331848
520.847595
519.249146
532.387512
546.917725
548.573914
535.477966
518.996582
512.697754
521.605835
538.580933
549.700745
545.653076
530.144836
517.971680
521.274414
537.186768
549.396423
544.779663
528.044006
517.164795
523.417358
539.692688
549.625061
542.461365
525.575012
517.208008
525.890808
542.413879
550.014282
540.284241
523.301453
517.380920
527.952148
543.999817
549.951355
540.044128
523.187317
513.348206
518.608582
534.597046
548.323120
548.251709
534.801392
520.545593
519.564941
533.079102
547.364380
547.179016
532.350159
518.544556
520.577515
535.606323
548.769409
546.114075
530.133850
517.749756
521.979370
537.686707
549.093140
543.846252
527.338135
517.419983
524.399048
540.542175
549.559814
542.535278
526.358643
515.474182
519.654419
535.533081
550.317993
551.567810
538.364380
522.024109
517.511292
528.770874
544.606445
548.781860
536.548584
520.745605
518.519043
531.435791
546.569458
548.147644
534.145142
519.257874
519.604614
534.109863
548.304260
547.139160
531.567810
518.116272
521.064819
536.481201
548.985352
546.487000
531.351562
516.612305
514.621887
526.879456
543.474915
550.415588
541.992249
525.789551
517.477539
525.366394
541.983643
550.201172
540.916748
523.656860
516.946167
527.219482
543.831909
549.905518
538.737610
521.917542
517.616150
529.545410
545.422058
548.689697
535.600342
519.911499
518.592407
532.218018
547.230713
548.078918
533.820862
518.346802
516.801086
532.079224
552.225098
560.453796
549.830017
529.194519
516.022156
520.785522
537.624084
549.397583
544.555786
527.892944
517.139282
523.415344
539.756653
549.790222
542.650208
525.697327
517.291077
525.926880
542.343689
549.743286
539.923889
523.084717
517.397949
528.160278
544.228271
549.111084
537.773560
521.267761
515.098511
525.909363
545.261169
557.184753
551.553162
533.172302
517.609009
518.098755
533.154480
547.696777
547.337891
532.306763
518.598755
520.971802
536.291077
549.319885
546.048462
529.485229
517.166382
522.090515
538.436523
549.687500
543.637085
526.492126
516.723450
524.424866
541.277466
550.360840
542.667114
525.623169
514.631592
519.864868
537.089539
552.163452
552.365234
537.835266
521.096436
517.205811
529.213989
545.208923
548.990479
536.240112
520.266357
518.321716
531.775452
547.240051
548.558105
533.972656
518.847107
519.470825
534.277954
548.345764
546.745667
530.997009
517.907410
521.383789
537.025391
549.229492
544.901672
528.060669
515.040405
519.598938
539.750793
559.528076
562.271851
545.850220
523.895142
514.674500
524.342651
542.105652
549.979004
540.600586
523.725830
517.627136
528.191406
544.510925
549.814209
538.004028
521.259949
517.705444
530.362366
546.420166
549.270935
535.666870
519.886108
518.871338
532.737671
547.504272
547.571045
532.531250
517.212524
517.185608
534.334045
555.065613
562.059937
549.563599
527.998474
515.309143
521.062134
538.314209
549.618896
543.987671
527.089905
517.011902
524.259583
540.995422
550.382507
542.129333
524.713989
516.900330
526.393005
543.101196
550.005798
539.541748
522.613281
517.457947
528.754089
544.874817
549.177185
536.736572
519.812500
515.223206
529.156921
550.922974
562.580994
554.406616
533.446045
517.104797
518.355774
534.152710
548.238159
546.600464
530.953674
517.821106
521.230347
536.953735
549.298584
544.966370
528.309265
517.164307
523.213867
539.560120
549.873596
543.064148
526.074402
517.035583
525.132629
541.775452
550.218750
541.179321
523.461914
514.408264
524.395874
546.365723
562.440735
559.026978
539.203430
519.313904
515.535950
529.172302
545.938049
549.039551
535.650818
519.791016
518.644287
532.679077
547.800720
548.040161
532.847351
518.323364
520.080566
535.434937
549.016968
546.456543
530.290955
517.723511
522.042419
538.075317
549.771545
544.469727
527.482788
515.435120
520.796021
539.941528
557.071167
557.632202
541.422546
521.784241
515.137512
526.097107
543.633606
550.412659
539.934692
522.662048
517.175049
528.568359
545.012512
549.485107
536.965820
520.643799
518.219238
531.401123
546.841125
548.470154
534.268677
519.120178
519.371216
534.031738
548.451294
547.359497
531.594543
516.685974
517.727417
535.300903
555.143372
560.616089
547.359497
526.303345
514.865784
521.693726
539.203430
549.801575
543.093140
525.726746
516.343201
524.632690
541.749023
550.498352
541.473572
524.158508
517.301575
527.508606
543.964233
549.797058
538.451721
521.684448
517.666687
530.040283
546.279114
549.521667
535.918823
519.712036
516.995239
530.883545
548.812866
554.835632
543.647949
524.613647
513.396606
519.152100
536.523621
549.620728
546.344421
529.936035
517.038818
521.511719
538.112610
550.237183
544.871582
527.456726
516.619019
523.512329
540.336487
550.172180
542.393433
525.058044
516.902161
526.259216
543.218384
550.461304
539.908081
522.516296
515.389893
526.079956
545.482300
557.159668
551.285217
533.065125
517.436218
517.284729
531.871216
547.229614
548.479797
534.443726
519.271240
519.346680
533.778381
548.075439
547.161072
531.791138
518.267761
521.030273
536.446411
549.221313
545.775757
529.456604
517.621399
522.775940
538.927734
549.805176
543.511353
526.416687
516.888062
524.956543
542.310425
551.409607
542.038696
521.329468
506.123352
509.139130
527.800476
547.056519
551.361267
538.749268
522.003662
517.785034
529.888855
545.867126
549.164307
535.962036
520.026245
518.482971
532.093262
547.191711
548.033569
533.454895
518.824158
519.929382
534.836731
548.630005
546.612732
530.684082
517.827759
521.133545
537.332947
550.923035
548.807190
532.255859
514.673279
510.695435
523.571350
542.576904
551.251892
542.680176
525.454346
516.954895
525.786926
542.421509
549.893250
539.950806
522.932800
517.183655
528.063110
544.348999
549.426880
537.631714
521.264893
518.096191
530.699890
546.218628
548.418579
534.653503
519.370544
519.012939
534.311340
549.747620
548.872192
530.004028
507.937042
500.831116
514.613037
538.077454
552.284790
547.161377
529.676941
517.664368
522.608826
538.737610
549.885254
544.014771
527.079651
517.166992
524.481812
541.053223
550.165100
541.780945
524.486206
517.010437
526.866455
543.639343
550.086243
539.002380
521.914429
517.253662
530.180298
547.412170
550.954712
535.033997
512.049683
500.826721
510.759918
533.558655
550.796936
549.567444
533.510498
519.011353
520.127014
534.957703
548.751465
546.982300
531.233765
518.057434
521.409058
537.120911
549.555237
545.347229
528.588440
517.152039
523.026123
539.469849
549.859070
542.902527
525.792542
517.009338
525.930176
543.510986
552.039429
541.627197
520.097839
505.046600
509.207855
529.017090
548.261353
551.501465
537.956177
521.380737
518.009338
530.540588
546.126892
548.595825
535.033630
519.580505
518.866882
532.911560
547.717041
547.820129
532.868286
518.672913
520.433350
535.355835
548.324402
545.414001
529.445129
517.452393
522.241272
539.263306
551.607422
545.898438
525.321777
506.326385
504.877167
522.098694
543.807434
552.250000
542.238770
524.668335
517.154358
526.682739
543.143188
549.853210
539.370972
522.455261
517.343811
528.841675
545.227234
549.722351
537.263367
520.913879
518.368958
531.365112
546.546082
548.045471
534.060547
519.358337
519.791077
535.342651
550.258301
548.308777
528.490112
506.383545
500.404388
515.616760
539.553650
552.984619
546.816956
529.069092
517.530884
522.822876
538.650391
549.162476
542.993958
526.438049
517.349854
525.178955
541.564880
549.907776
540.894592
523.754211
516.935059
527.028259
543.425781
549.473511
538.589050
522.218323
518.130554
529.956787
545.551331
549.642029
537.868408
520.737061
512.982727
521.343750
538.796082
550.783447
547.306030
531.813416
518.513794
519.931213
534.718079
548.065002
545.848083
530.239075
517.920593
522.133667
537.846069
549.255798
543.914551
527.141968
516.921692
523.910034
540.391357
549.926575
542.301086
525.398987
517.339294
526.163391
542.855530
551.017151
541.850220
522.814880
509.799072
513.931213
531.624084
548.222412
549.973816
536.474243
520.618652
517.775452
530.680725
546.396912
548.750366
535.070618
519.743530
519.284363
533.271057
547.516357
546.789490
531.573181
518.101990
520.941467
536.461182
549.271973
545.771973
529.345886
517.333435
522.281494
538.426636
549.680908
544.981445
529.001404
516.150940
517.821899
532.361389
547.666382
550.875244
539.600525
523.397949
516.997742
526.378662
542.780457
549.698975
539.636841
523.103943
518.061340
529.072205
544.593567
548.255371
535.770386
520.396973
518.997864
532.402405
547.203369
547.983887
533.595398
519.029114
519.794739
534.167297
547.447693
546.562073
532.536133
518.465515
516.970764
529.288757
545.111328
551.207031
542.623901
526.504333
517.290344
523.629883
539.896667
549.987366
542.985535
525.861572
516.853516
525.040894
541.533020
549.522949
540.292114
523.531372
517.508484
528.106873
544.413208
549.736389
537.986389
521.202393
517.477417
530.080383
546.168945
550.027161
537.751587
520.622192
513.550659
522.498840
539.743164
550.912964
546.843262
531.367493
518.583313
520.696167
535.996155
549.179077
546.141846
529.714417
517.278137
521.940979
538.068665
549.483582
543.990906
527.317566
517.426270
524.542969
540.807617
549.891785
541.862793
524.830261
517.092896
526.448059
543.059631
550.510864
541.215576
523.766846
513.341919
518.826233
535.254089
549.055298
548.798340
535.200562
520.455566
518.614746
531.689331
546.883301
548.352295
534.181641
519.267761
519.716125
534.182739
548.095825
546.775146
531.473572
518.442749
521.511475
536.582214
548.532410
544.432556
528.267761
517.376770
523.466736
539.825867
550.103577
544.066284
527.623169
515.536499
518.325806
533.240601
548.016846
550.449951
538.904846
523.234375
517.903625
528.017029
543.968445
549.374451
537.956116
521.434814
517.680603
529.951538
545.809265
548.965027
535.901672
520.302490
518.903931
532.244995
546.911133
547.480164
533.053711
518.970215
520.555176
535.465515
548.756897
547.314941
532.379578
517.106201
514.363342
526.027832
542.496216
550.209961
543.010925
527.245544
517.797241
523.999878
540.205078
549.811096
542.336060
525.465027
517.408630
526.161316
542.285339
549.372253
539.638489
523.171814
517.705444
528.372498
544.256897
549.043152
537.272461
521.179443
518.232788
530.770081
546.095215
549.239075
536.984985
520.274292
513.104614
521.149109
537.623291
549.025818
545.964233
531.335083
518.869751
520.924438
536.005859
548.856506
545.713867
529.667969
517.888916
522.751831
538.445557
549.141602
543.302917
526.897400
517.513672
524.752502
540.722961
549.286987
540.987427
524.389526
517.574463
527.371887
543.554260
549.575012
539.346375
523.060913
515.819153
524.512634
541.913818
553.778687
550.174072
534.100342
519.006531
518.212402
532.050476
546.864807
547.797058
533.688904
519.502502
520.503052
534.740845
547.925354
546.044800
530.709900
518.086914
521.604065
537.010071
548.983459
544.566284
528.112671
517.352783
523.680542
539.993408
549.790283
543.338135
527.063171
515.608582
519.053162
534.368042
549.164246
551.145569
538.817871
522.688538
517.650635
528.421936
544.464172
549.266235
537.444336
521.403748
518.557068
531.064392
546.207764
548.308777
534.786621
519.649048
519.080566
532.870605
547.262878
547.109558
532.290161
518.531860
520.763000
535.951599
548.963745
545.973999
529.842529
516.292725
519.051880
537.320862
556.761414
561.229187
547.020813
525.711426
515.234070
523.376160
540.946838
549.926208
541.652771
524.647095
517.228149
526.652710
542.959839
549.587891
539.246765
522.633911
517.697327
528.966553
544.858093
548.921021
536.483154
520.614990
518.571289
531.649719
546.626282
547.954834
534.288086
519.033752
516.888184
530.995483
550.305603
558.949768
549.681458
530.097595
516.713806
520.549683
536.843689
548.947815
544.845032
528.578857
517.493225
523.173096
539.128052
549.421448
542.896240
526.033875
516.866150
524.806030
541.390503
549.908142
541.072876
524.130493
517.506958
527.632874
543.838684
549.534729
538.370850
521.313904
514.896118
526.770630
548.359192
562.345459
556.964172
536.680237
518.307983
516.897766
531.704590
547.089050
547.632019
533.174072
519.009949
520.305603
534.804871
548.067322
546.001587
530.416687
517.810547
521.683289
537.466003
549.447571
544.731628
528.048096
517.267578
523.575745
539.847412
549.751160
542.616333
525.505493
515.057861
522.627869
543.431946
560.982666
560.478333
542.359680
521.532349
515.261353
527.053711
544.004395
548.876038
537.280396
521.382202
518.378845
530.640015
545.793335
548.095581
534.810669
519.885803
519.532715
533.430481
547.714111
547.329651
532.468506
518.897644
521.144531
536.010559
548.670227
545.681641
529.824463
516.418213
519.170471
537.480835
557.029419
561.435425
547.024414
525.608582
515.164551
523.247925
540.660156
549.696655
541.795715
525.102661
517.569580
526.631592
542.812439
549.659973
539.561890
522.844666
517.519226
528.477600
544.454651
548.929993
536.962830
521.237183
518.867065
531.504211
546.392761
547.935547
534.125610
518.383301
516.367676
531.881226
553.098999
562.509888
552.229797
530.833740
516.238708
519.784241
536.224182
548.499634
544.572876
528.522949
517.503662
523.123474
539.116638
549.503113
542.972778
526.066040
517.000305
525.148743
541.803406
550.091187
540.993713
523.980225
517.398743
527.486023
543.655029
549.349121
538.220398
521.156738
514.872375
527.161987
549.134583
562.980347
557.027161
536.364624
518.201416
517.228760
532.195312
547.377197
547.651245
533.010437
518.856873
520.388550
535.258301
548.667114
546.344360
530.392395
517.758545
521.858887
537.683044
549.318176
544.283386
527.741150
517.428040
523.971619
540.017822
549.476379
542.046387
525.229919
515.326721
522.891418
542.537231
558.173584
556.480652
539.057129
520.310059
515.843689
528.141724
544.651184
549.056030
537.247375
521.143494
518.221863
530.895142
546.388245
548.521729
534.690979
519.536072
519.555542
533.909424
548.099121
547.194397
531.995300
518.701416
521.503296
536.623474
548.939453
545.257812
529.093140
516.149841
519.654663
537.958069
556.214905
559.009949
544.193970
524.020630
515.251648
524.070068
541.095886
549.522156
541.459106
524.997070
517.820923
527.005737
543.002014
549.512512
539.189148
522.619141
517.725586
529.050659
545.099854
549.390503
537.088867
520.964783
518.297302
531.014587
546.339233
548.215759
534.389771
518.560303
516.780457
532.621094
553.583313
562.096008
550.998657
529.572205
515.665588
519.995789
536.917969
549.346497
545.302856
529.031738
517.961304
523.624023
539.449158
549.399475
542.565796
525.993530
517.643494
525.984070
542.058350
549.713989
540.689026
524.270630
517.947998
527.596924
543.202332
548.851257
538.253296
522.402039
516.863525
527.792053
545.947510
555.664490
548.435608
530.376526
516.381897
518.002014
533.151123
547.644043
547.815674
533.520264
519.177063
520.306702
535.111206
548.825378
546.677124
530.588440
517.678467
521.561279
537.432190
549.348450
544.540710
527.951660
517.450073
523.956177
540.219666
549.782349
542.130127
525.125305
515.487244
523.543701
543.098022
557.736023
554.986023
537.530579
519.778076
516.350220
528.933228
545.036560
548.918274
536.973938
521.225769
518.711670
531.273315
546.215210
547.966797
534.412598
519.835083
519.928711
533.724121
547.442993
546.672791
531.880859
518.568176
520.903687
535.851440
548.706543
545.750183
529.775818
517.834778
522.314697
538.695129
550.744507
546.085693
528.125183
511.639313
510.358643
525.143066
543.896118
550.959961
541.244019
524.358826
517.204956
527.020569
543.599243
549.888733
538.829651
521.986145
517.707520
529.827698
545.931458
549.406860
536.255310
520.157288
518.440369
532.071106
547.280762
548.066101
533.267700
518.526001
518.664856
533.739014
549.583313
551.539124
537.721497
519.632812
512.178223
521.268127
539.081299
550.019348
544.765930
528.599976
517.751221
523.532410
539.419983
549.504395
542.880066
526.331299
517.642090
525.574524
541.690735
549.799561
540.965332
524.116699
517.328247
527.229065
543.610962
549.628906
538.509766
521.854980
517.785889
531.008606
547.838745
550.366821
533.700012
510.965881
500.814117
511.674835
534.674194
551.444092
549.589172
533.106262
518.702881
520.335144
535.459595
548.755737
545.860291
529.588257
517.372925
522.213684
538.469543
549.939880
544.340881
527.350159
517.158813
524.269226
540.716736
549.792603
541.497986
524.438965
517.091675
527.413330
544.743164
551.260864
538.861145
517.191650
503.771545
509.748291
530.201477
548.909668
551.358765
537.513428
521.266235
518.408142
530.945312
546.008362
547.803162
534.188843
519.539734
519.672180
533.664551
547.707520
547.039185
531.950989
518.239136
520.497620
535.732361
548.836731
545.828430
529.713440
517.791992
522.594116
539.198120
551.033508
545.514771
526.235474
508.707916
507.647736
524.008789
544.512695
552.163452
541.783508
524.095337
516.831055
526.902710
543.685852
549.953247
538.935608
522.317139
518.146179
530.018433
545.758362
548.992310
535.863159
520.057739
518.682007
532.365540
547.303040
547.853271
533.332397
519.199646
520.598511
536.263550
550.281677
547.676941
528.724854
508.455872
503.593018
518.175964
540.449402
552.362671
545.572998
528.019165
517.297668
523.462524
539.582397
549.526733
542.590088
525.899902
517.391479
525.629761
541.884705
549.661072
540.298828
523.389709
517.264526
527.901428
544.357666
549.639221
537.765381
521.145325
517.722351
530.255493
545.848450
549.395325
537.455994
520.783386
513.670105
522.282166
539.577332
551.080322
546.940247
530.928406
517.967285
520.587341
536.382324
549.424072
545.738770
528.999023
517.054382
522.483948
539.071655
550.263977
544.018066
526.652283
516.710938
524.294434
540.976318
549.926758
541.557190
524.697998
517.533447
527.015381
543.299316
550.497620
541.106567
522.968872
511.040039
515.459290
532.648499
548.557007
549.869873
536.278381
520.725891
518.354614
531.424011
546.681580
548.132629
533.930725
518.958618
519.303772
533.937500
548.369690
547.319458
531.560059
517.843201
520.862000
536.716309
549.396729
545.200806
528.279297
516.732178
522.644775
540.088257
551.746460
545.071167
524.575623
506.950256
507.202545
525.118835
545.894287
552.292847
540.554077
522.903259
516.927368
528.105713
544.687988
549.696838
537.681702
521.244690
518.152710
530.868042
546.430847
548.624390
534.746765
519.326843
519.012207
533.288086
547.812744
547.437561
532.447388
518.697205
520.827820
535.764038
548.448547
546.564026
531.922363
517.597961
516.145447
528.850342
545.343079
551.794556
542.968384
526.468689
517.443359
524.286194
540.556885
549.886292
542.090515
525.092224
517.187378
526.345520
543.000671
550.120483
539.650391
522.347290
516.940125
528.469116
545.089355
549.768250
537.393616
521.031921
518.424255
531.473389
546.732422
549.229797
536.351562
519.748901
513.852905
523.751709
541.177979
551.557251
546.261658
530.107056
517.835815
520.945312
536.565063
549.091858
545.201477
528.837158
517.545532
523.247253
539.421692
549.767822
542.960815
525.949158
517.021118
525.209351
541.570679
549.610535
540.608582
523.859314
517.318481
527.236450
543.327942
549.942688
540.335327
523.079895
512.963196
518.793396
535.635925
549.538208
548.822632
534.635803
519.924255
518.648132
532.138367
547.141541
548.067078
533.644531
519.005066
519.872131
534.614258
548.501099
546.635864
530.671997
517.611816
521.398865
537.404907
549.615295
544.882263
527.954468
516.973694
523.414368
540.148743
550.509888
544.011353
526.596191
513.647827
516.695618
533.023499
549.108398
551.408997
538.530823
521.887390
516.929565
528.240967
544.864197
549.779663
537.534607
520.953308
518.016541
531.023071
546.658691
548.417786
534.083313
518.770813
519.063110
533.889282
548.538940
547.732300
532.143372
518.172485
520.538147
535.808716
548.439941
546.043457
531.215454
517.701965
517.651306
530.979065
546.599976
551.401062
541.565552
525.246582
517.081116
524.658813
541.076965
549.975952
541.694153
524.679993
517.207092
526.595215
542.950317
549.497009
538.994995
522.419922
517.802612
529.369202
545.376465
549.330933
536.691650
520.612549
518.539612
531.974304
547.379517
549.554504
536.031677
518.894836
512.926208
523.078430
540.797729
551.288147
545.969666
529.732910
517.603882
521.270447
537.541992
549.931213
545.032288
527.647522
516.343506
523.003296
540.172058
550.519043
542.850830
525.117615
516.440979
525.577332
542.675903
550.381104
540.203796
522.613831
516.587952
527.978638
544.972412
550.092163
538.056946
520.914612
515.020142
526.491028
545.884705
557.226624
551.187500
532.967590
517.678894
518.201843
533.259705
547.957458
547.578186
532.202271
518.034790
520.191040
535.524719
548.661133
545.762268
529.760925
517.730896
522.357788
538.188843
549.433472
543.925232
527.081970
516.874084
523.958862
540.704834
550.311096
543.201782
526.407593
515.209900
519.664307
535.893127
550.578369
551.447693
537.915039
521.370117
516.860291
528.593262
545.235657
549.760681
536.996582
520.425354
518.162964
531.821899
547.363586
548.383423
533.439880
518.252380
519.141724
534.297058
548.491638
546.716675
530.597351
517.278748
521.049866
537.254578
549.645996
546.113281
530.174805
516.100342
515.922913
529.374573
545.419678
550.833435
541.403198
525.229370
517.380127
525.471313
541.882568
549.765503
540.421326
523.541992
517.406677
527.932922
544.173157
549.611267
538.210144
521.766113
517.957886
530.039673
545.788330
548.892578
535.649475
519.848328
518.627930
532.510803
547.519348
547.812256
532.844788
517.382935
516.689880
532.813599
553.022034
560.751221
549.640869
528.702148
515.375244
520.293152
537.562744
549.522156
544.368164
527.404968
516.971802
523.990906
540.614441
550.038879
542.010864
524.782532
516.861694
526.183044
542.885437
550.001160
539.633423
522.513855
517.177979
528.580811
544.840271
549.156982
537.128052
520.764648
515.557556
527.004028
545.907593
556.911377
550.858093
532.659790
517.522095
518.441284
533.833130
548.295776
547.342468
531.735596
518.017090
520.793274
536.290649
548.988525
545.341553
528.965454
517.287903
522.621948
538.932617
549.941589
543.728271
526.554260
516.799255
524.393738
540.959229
549.707825
541.129028
523.751770
514.508240
523.604431
544.806946
561.315735
559.352539
540.558044
520.294800
515.385071
528.360962
545.361938
549.148193
536.320190
520.354614
518.496643
531.884888
547.040344
548.095947
533.610229
518.797852
519.660217
534.661499
548.871765
547.150818
530.947571
517.467041
521.081543
537.227600
549.637756
545.003296
527.840088
514.893616
519.614258
539.632019
559.153748
561.876465
545.542725
523.506714
514.189514
524.040039
542.070740
549.893982
540.206604
523.224976
517.376221
528.190125
544.390198
549.346252
537.423340
520.909058
517.584961
530.254150
546.085144
548.626587
534.892944
519.353760
518.855591
533.112549
547.834229
547.628052
532.545593
517.283569
516.863220
533.306458
553.848877
561.534485
549.821106
528.209717
514.855835
520.292053
537.891479
549.624023
544.015137
526.862732
516.649902
524.005493
540.906982
550.422791
542.275818
524.791077
516.739441
526.137512
543.002075
550.122620
539.664001
522.618042
517.475403
528.897339
544.946350
548.987854
536.415649
519.607544
515.030518
528.766785
550.585327
562.805359
555.076721
533.776794
516.565796
517.329590
533.367798
548.023621
546.791321
531.292053
518.085022
521.363525
536.983643
549.344971
545.149658
528.442139
517.007996
522.893921
539.393311
549.854248
542.883301
525.660278
516.707886
525.148438
541.888367
550.152710
541.034363
523.947449
515.442993
524.562012
544.235291
558.072021
554.059082
535.580688
517.943237
515.903687
529.919312
546.034607
548.639404
535.642822
520.318481
519.219299
532.607727
547.011169
547.237000
532.624878
518.542053
520.255371
535.337952
548.759644
546.248901
530.186951
517.648254
521.860107
537.647949
549.209717
544.072510
527.352478
515.292603
520.439331
539.748535
557.594971
558.828125
542.559875
522.309753
515.131470
525.818481
543.132202
549.807678
539.592957
522.712463
517.260681
528.280151
544.469482
549.224670
537.191345
520.979126
518.277466
531.221741
546.704163
548.545044
534.525146
519.410156
519.456116
533.749207
548.036926
547.304749
532.024902
517.065674
517.472351
534.680359
555.048889
561.481018
548.634155
527.200684
515.119568
521.472656
538.753784
549.501648
543.422302
526.707092
517.245117
524.732422
541.092285
549.858154
541.390198
524.433105
517.403992
527.238159
543.545898
549.577759
538.626038
522.118958
517.933594
529.791626
545.632935
549.140686
536.269653
520.391785
517.117981
530.231384
548.172791
555.017700
544.617004
525.785156
514.219971
519.239258
535.769409
548.515747
545.855103
530.526001
518.005859
521.736694
537.286682
549.200867
544.637085
528.151733
517.443054
523.770630
540.003235
549.722351
542.332764
525.389282
517.064697
525.725647
542.195129
549.877075
540.327698
523.374695
515.584595
525.415405
544.913879
557.531616
552.315186
533.834778
517.398743
516.595703
531.000000
546.711182
548.695129
535.248962
519.914795
519.271362
533.245667
547.819763
547.519226
532.281555
518.201660
520.396484
535.721558
548.831360
545.855225
529.768311
517.646240
522.258545
538.190796
549.565186
544.118408
527.343628
517.275085
524.612305
541.854126
551.427063
542.439880
521.765442
506.474854
509.342346
527.693359
546.730896
551.323364
539.201599
522.330505
517.236450
528.642578
544.859741
549.134399
536.632446
520.469055
518.215149
531.457214
546.786682
548.234741
534.048584
519.214355
519.744568
534.321411
548.359314
546.904358
531.102295
517.730530
520.505249
536.825867
550.909119
548.978210
532.199890
514.471313
510.498199
523.214355
541.933594
550.708069
542.667969
525.761230
516.868958
525.145813
541.765747
549.969543
540.769287
523.710205
517.236206
527.572388
543.931702
549.676636
538.462280
521.901794
517.837158
529.794983
545.537415
548.629089
535.345703
519.613281
517.146606
530.947144
548.625732
554.405945
543.169922
524.385498
513.532349
519.363831
536.390930
549.151184
546.134766
530.526550
518.259338
522.492493
538.123535
549.405212
544.038269
527.336792
517.078247
523.810486
540.055359
549.676514
542.393921
525.742615
517.637085
526.166870
542.174438
549.247070
539.391235
522.787292
517.544250
529.739441
546.928955
551.120972
535.924927
513.217834
501.451996
510.279510
532.316162
549.943970
549.889343
534.617981
519.658630
519.645264
533.847107
547.982849
547.032593
531.646362
517.993164
520.604675
535.993286
548.953796
545.849609
529.792297
517.909058
522.733521
538.506409
549.190430
542.952637
526.049377
516.687988
524.844360
542.286133
551.626770
542.641785
522.231750
506.930359
509.423431
527.522217
546.654236
551.413513
539.389099
522.705505
517.826050
529.068909
544.750366
548.562378
536.162659
520.495117
518.437073
531.347839
546.408813
548.000671
534.149780
519.392822
519.674438
533.985962
548.026917
546.865295
531.551392
518.511841
521.685913
537.889038
550.652161
546.111328
526.525879
507.522339
504.904694
520.809387
542.404663
552.166504
543.588989
526.146240
517.406189
525.620544
541.841858
549.507568
540.204651
523.605530
517.677856
528.143738
544.208679
549.428650
537.894165
521.493469
517.927429
530.170288
545.696228
548.333252
535.041931
519.869446
519.339172
534.509888
549.991211
549.225586
530.300354
507.929962
500.430298
514.041321
537.730774
552.465332
547.828308
530.420837
517.912048
522.113220
537.778442
549.036499
543.627441
526.948059
516.832397
523.839478
540.387512
549.982605
542.231445
525.028137
516.861206
525.891235
542.508362
549.825439
539.948608
523.296753
517.919739
528.758301
544.532654
549.833313
539.167480
521.823181
512.333740
518.821045
536.017639
549.780640
548.576965
533.974854
519.671570
519.441772
533.492004
547.574707
546.729980
531.572510
518.186523
520.991028
536.478394
549.257019
545.609131
529.021790
517.140015
522.438110
538.708191
549.509155
543.201477
526.334717
517.105835
525.014038
542.012268
551.320007
542.922119
523.232544
508.349213
510.913330
528.802307
547.398621
551.404053
538.788269
522.033386
517.527039
529.353027
545.273743
548.851501
536.002258
520.168213
518.494263
532.098511
547.431030
548.472412
533.832886
518.927124
519.746216
534.511108
548.313049
546.508972
530.839417
518.054565
521.746033
538.364746
551.265076
546.399170
526.070312
506.526398
504.207336
520.971313
543.035095
552.439819
543.223206
525.569336
517.094482
525.609619
541.939575
549.597168
540.260864
523.593811
517.634399
528.188660
544.395935
549.522949
537.650574
521.023071
517.566956
530.055481
545.723633
548.345703
535.020325
519.907837
519.446106
533.377319
547.508728
547.989563
534.204468
518.570374
514.748291
526.072998
543.250916
551.975708
545.076538
528.560913
517.397522
521.912170
537.864136
549.245117
543.811707
527.080566
517.047974
524.160889
540.627319
549.790771
541.600891
524.507324
517.010254
526.552307
543.066833
549.827332
539.492004
522.849976
517.894836
529.196899
545.151306
550.066711
538.610229
520.786255
511.695862
519.044800
536.619141
549.917542
548.098450
533.418396
519.437012
519.433655
533.503235
547.590637
546.872437
531.888794
518.565430
521.259338
536.514282
549.060974
545.360474
529.015198
517.439453
522.705750
538.679077
549.403931
543.452637
526.963379
517.615417
524.926147
540.875977
549.542419
542.107422
525.461487
514.266174
518.467712
534.499268
549.236633
550.417480
537.467102
521.701050
517.635071
528.996155
544.701172
548.523254
536.112732
520.527466
518.779541
531.972229
546.720886
547.404724
532.983887
518.695557
519.928711
534.688965
548.447754
546.842834
531.406555
518.523254
521.851929
537.141235
548.810425
545.114502
529.553955
516.254456
517.145325
531.443848
547.410828
551.776611
541.200867
524.611450
516.990845
525.411987
541.978394
549.983521
540.708801
523.819153
517.615906
528.012329
544.111145
549.269836
537.652771
521.308777
517.845947
530.129517
545.799744
548.742249
535.614685
520.165100
519.049377
532.640442
547.262817
548.533813
534.979736
518.666687
513.495789
523.527344
540.349915
550.013916
544.719238
529.280457
518.131165
522.135254
537.809326
549.190430
543.904846
527.194580
516.997925
523.954224
540.440063
549.810547
541.906982
524.898254
517.079346
526.121216
542.458252
549.495728
539.532471
522.983459
517.857605
528.913940
544.643372
549.414795
538.239014
521.274902
513.104675
520.650146
537.592834
550.140015
547.961060
533.155823
519.096313
519.254639
533.788147
548.167786
547.200073
531.643372
518.080872
521.052124
536.618652
549.072021
545.033325
528.503784
517.099243
522.765137
539.113098
549.837830
543.408875
526.348145
516.998047
524.961731
541.623962
550.040344
541.719116
524.953308
515.173950
521.393066
538.394226
552.327820
551.583252
536.814880
520.331360
516.841980
529.376892
545.716675
549.319336
536.135193
520.114502
518.654846
532.428894
547.446777
547.906982
533.036133
518.461548
519.742920
534.752319
548.561707
546.598694
530.698303
517.826538
521.653015
537.410278
549.182922
545.353577
529.726929
516.243713
516.516296
530.090515
545.937500
550.891968
540.895020
524.407166
516.807678
525.563965
542.415161
550.111816
540.204407
523.019592
517.174744
528.125977
544.434448
549.355774
537.395264
521.029419
517.939514
530.654297
546.349304
548.729309
534.966003
519.523804
519.067627
533.174561
547.584656
548.250244
534.543457
518.663208
513.949158
524.055481
540.686096
550.069397
544.318115
528.445496
517.442932
522.261780
538.604126
549.797180
543.763306
526.651794
516.790527
524.203735
540.655945
549.611633
541.444519
524.699280
517.516052
527.077881
543.361511
549.717651
538.927734
522.110840
517.448242
529.163452
545.237793
549.156738
536.955505
520.742371
515.795349
527.409729
546.330078
557.066895
550.547363
532.129395
517.320740
518.809143
534.365356
548.317688
546.718628
530.968750
517.713135
520.961914
536.505920
548.857788
544.928589
528.690796
517.483337
523.087402
539.124878
549.413147
542.688721
525.835388
517.091064
525.468567
542.031311
550.105713
541.763489
525.260193
515.467773
521.210388
537.700745
551.486633
550.922974
536.512207
520.565430
517.626465
530.195862
545.843445
548.636169
535.300354
519.757751
518.673279
532.310608
547.010193
547.456543
532.961914
518.863953
520.365540
535.187927
548.520874
546.161987
530.302856
517.756287
521.763489
537.376648
548.940979
544.059937
527.438293
515.198547
520.216431
540.013550
559.040283
561.299622
544.928040
523.438599
514.869934
525.004639
542.594971
549.699951
539.675537
522.963745
517.598389
528.586121
544.620789
549.238708
537.193970
520.953125
518.074097
530.869446
546.338379
548.372498
534.607117
519.587402
519.441162
533.364624
547.332092
546.698120
531.977478
517.540222
517.811523
534.301086
554.220947
561.051758
549.012146
527.951904
515.510315
521.245422
538.214233
549.120728
543.385742
526.799683
517.058838
524.174255
540.541138
549.786316
541.851685
524.807251
517.031860
526.327942
542.987549
549.937500
539.500854
522.576843
517.516052
528.962646
545.116577
549.189331
536.436401
519.266724
514.638550
528.914124
551.452576
563.766663
555.456360
533.580688
516.521973
517.936523
534.362488
548.619690
546.557373
530.489075
517.445862
521.280762
537.307495
549.534424
544.959656
528.236267
517.284424
523.508789
539.731140
549.514648
542.305664
525.558533
517.216980
525.597534
541.716187
549.477295
540.509949
523.509521
514.835449
524.241150
545.364014
561.320068
558.668579
539.695129
520.054810
515.911987
529.049255
545.599487
548.923950
535.874268
519.935425
518.313110
532.088989
547.544128
548.395630
533.371094
518.446594
519.842163
535.312683
549.077209
546.280945
529.600281
516.910889
521.760559
538.371277
550.068359
544.360840
526.860291
514.774963
521.015198
541.853394
560.510315
561.307556
543.885132
522.675964
515.092163
525.678650
542.847961
549.343201
539.192932
522.894592
517.926147
528.829407
544.435242
548.796631
536.995972
521.275696
518.610962
531.023560
546.011292
548.054749
534.652039
519.774597
519.410339
533.258545
547.621887
547.304871
532.185852
516.973572
517.109680
534.394592
555.084045
561.726562
548.780273
527.028625
514.699768
521.218384
539.065796
550.274536
543.992859
526.554688
516.648499
524.489136
541.482666
550.304810
541.231079
523.689636
516.716675
527.097778
543.819824
549.833618
538.663574
522.044861
517.805176
529.501099
545.069458
548.525391
536.013489
519.916138
516.186890
530.020264
550.755005
561.382202
553.111511
532.936523
517.446533
518.846130
534.181885
547.905334
546.480469
531.309692
518.288025
521.221985
536.512573
548.958008
545.098083
528.608398
517.076660
522.607422
538.979919
549.735291
543.233337
526.121094
516.881897
525.088623
542.063965
550.452759
540.866638
523.152710
514.777954
524.757874
544.823364
557.778137
552.469727
533.677124
516.977112
516.127319
530.712341
546.614441
548.574280
534.970093
519.647583
519.223816
533.351318
547.773438
547.366089
532.407166
518.707581
520.783386
535.436646
547.960510
545.083618
529.585266
517.888794
522.393616
537.962341
549.221130
544.152527
527.831299
516.178406
521.221985
539.645386
556.439941
557.564758
542.372559
523.169250
515.768372
525.390381
542.208130
549.508911
540.144958
523.437744
517.483093
528.098267
544.426025
549.565491
537.687683
521.140869
517.798157
530.392273
546.161133
548.642151
534.924866
519.436768
518.952698
533.284851
548.001465
547.426514
531.868103
516.792908
517.609314
535.143066
555.170166
560.928833
547.786377
526.554749
514.806152
521.434509
538.961487
549.763367
543.421204
526.478943
517.241699
525.168823
541.573120
549.793640
540.901550
524.131592
517.482422
527.277832
543.189209
549.043518
538.415222
522.300293
518.128662
529.650391
545.114075
548.509033
535.973572
520.701599
517.865051
530.707092
547.868713
554.389343
544.595276
526.494751
514.842529
519.178345
535.445312
548.703308
546.599304
531.211670
518.193604
521.503601
537.066956
549.226868
544.866577
528.269653
517.176270
523.175842
539.596252
549.883667
542.794861
525.559570
516.872437
525.745239
542.740540
550.379944
540.083923
522.496277
516.664978
528.985168
546.731750
551.377502
536.244507
513.219482
501.248627
510.394073
533.008545
550.791626
550.210938
534.266602
519.129395
519.412109
533.879883
547.900879
546.886719
531.787537
518.511230
521.026978
535.860962
548.332642
545.250183
529.563293
517.897766
522.616089
538.296326
549.329163
543.854736
527.387878
517.557495
524.580750
541.261536
550.986328
543.194519
523.646484
508.138245
509.756287
527.243225
546.430054
551.576111
539.682068
522.720764
517.480591
528.694153
544.721924
548.961304
536.672241
520.719727
518.452942
531.550598
546.819763
548.217285
533.811279
518.744080
519.375793
534.387268
548.738770
547.159546
531.089539
517.622986
520.333191
536.465271
550.639954
549.246155
532.918335
515.045898
510.693237
523.427612
542.447937
551.174072
542.673340
525.568298
517.049927
525.671387
542.023743
549.559570
540.102722
523.432068
517.480408
527.937622
544.015503
549.383240
538.013916
521.624634
517.818726
529.742371
545.180786
548.219421
535.473328
520.308838
519.006104
533.249512
548.642761
548.874512
531.244385
509.559875
501.762939
514.459656
537.266113
551.700989
547.339050
530.371704
517.938416
521.847351
537.471191
549.289001
544.554199
527.840881
516.877197
523.060242
539.490417
549.558960
542.270325
525.195557
516.976807
526.121521
542.998535
550.416260
540.215820
522.923706
517.039917
528.873779
546.245056
551.038879
