-16264.795898
-22205.136719
-15520.978516
7037.251953
49123.214844
113587.984375
200921.234375
307556.625000
424502.781250
536654.375000
623080.250000
658569.625000
616493.125000
472759.562500
210650.000000
-174287.968750
-669662.500000
-1243051.875000
-1840610.750000
-2387982.750000
-2793717.000000
-2955338.250000
-2767515.000000
-2131631.500000
-965664.625000
786405.562500
3147065.500000
6100128.000000
9589124.000000
13519476.000000
17763870.000000
22171552.000000
26579220.000000
30823516.000000
34753756.000000
38242604.000000
41195504.000000
43556008.000000
45307928.000000
46473796.000000
47109600.000000
47297364.000000
47135760.000000
46730084.000000
46182776.000000
45585256.000000
45011860.000000
44516488.000000
44131528.000000
43869312.000000
43725392.000000
43683060.000000
43718212.000000
43804280.000000
43916072.000000
44032620.000000
44138896.000000
44225900.000000
44290128.000000
44332056.000000
44354548.000000
44361252.000000
44355432.000000
44339388.000000
44339676.000000
44339980.000000
44340316.000000
44340640.000000
44340956.000000
44341256.000000
44341500.000000
44341648.000000
44341736.000000
44341768.000000
44341760.000000
44341728.000000
44341620.000000
44341516.000000
44341400.000000
44341364.000000
44341328.000000
44341268.000000
44341204.000000
44341172.000000
44341176.000000
44341212.000000
44341200.000000
44341180.000000
44341160.000000
44341140.000000
44341100.000000
44341076.000000
44341044.000000
44341044.000000
44341044.000000
44341080.000000
44341144.000000
44341200.000000
44341304.000000
44341348.000000
44341432.000000
44341480.000000
44341532.000000
44341520.000000
44341492.000000
44341452.000000
44341408.000000
44341328.000000
44341304.000000
44341272.000000
44341300.000000
44341376.000000
44341496.000000
44341644.000000
44341856.000000
44342088.000000
44342308.000000
44342556.000000
44342772.000000
44342920.000000
44343012.000000
44343032.000000
44342996.000000
44342884.000000
44342708.000000
44342496.000000
44342276.000000
44342040.000000
44341820.000000
44341636.000000
44341496.000000
44341408.000000
44341368.000000
44341380.000000
44341432.000000
44341524.000000
44341608.000000
44341684.000000
44341744.000000
44341780.000000
44341784.000000
44341740.000000
44341628.000000
44341480.000000
44341280.000000
44341048.000000
44340816.000000
44340580.000000
44340388.000000
44340168.000000
44340028.000000
44339948.000000
44339900.000000
44339944.000000
44340044.000000
44340184.000000
44340376.000000
44340612.000000
44340828.000000
44341044.000000
44341244.000000
44341436.000000
44341580.000000
44341656.000000
44341680.000000
44341684.000000
44341624.000000
44341556.000000
44341448.000000
44341344.000000
44341248.000000
44341160.000000
44341088.000000
44341032.000000
44341016.000000
44340992.000000
44340976.000000
44340988.000000
44341000.000000
44340988.000000
44340996.000000
44340984.000000
44340956.000000
44340912.000000
44340896.000000
44340828.000000
44340792.000000
44340744.000000
44340740.000000
44340728.000000
44340736.000000
44340776.000000
44340828.000000
44340888.000000
44340972.000000
44341064.000000
44341172.000000
44341276.000000
44341368.000000
44341448.000000
44341532.000000
44341588.000000
44341616.000000
44341620.000000
44341616.000000
44341576.000000
44341524.000000
44341468.000000
44341408.000000
44341344.000000
44341292.000000
44341220.000000
44341132.000000
44341108.000000
44341076.000000
44341052.000000
44341028.000000
44341036.000000
44341040.000000
44341068.000000
44341104.000000
44341160.000000
44341212.000000
44341276.000000
44341364.000000
44341408.000000
44341460.000000
44341476.000000
44341480.000000
44341448.000000
44341376.000000
44341280.000000
44341148.000000
44340968.000000
44340796.000000
44340620.000000
44340444.000000
44340304.000000
44340172.000000
44340120.000000
44340116.000000
44340164.000000
44340252.000000
44340396.000000
44340580.000000
44340736.000000
44340912.000000
44341088.000000
44341252.000000
44341356.000000
44341416.000000
44341444.000000
44341452.000000
44341432.000000
44341364.000000
6126.935547
6128.411133
35439.160156
18794.886719
18788.304688
29028.853516
35443.078125
-23094.033203
6127.017090
29021.945312
35438.574219
6130.711914
-20286.833984
-35178.269531
-4387.958984
-30070.187500
-35186.101562
6127.517090
-20288.398438
6127.512207
-20289.574219
35439.117188
-20286.615234
-34554.265625
2101.908203
-nan
-nan
-nan
-nan
-nan
-nan
-nan
-nan
-nan
-nan
-nan
-nan
-nan
-nan
-nan
-nan
-nan
-nan
-nan
-nan
-nan
-nan
-nan
-nan
-nan
-nan
-nan
-nan
-nan
-nan
-nan
-nan
-nan
-nan
-nan
-nan
-nan
-nan
-nan
-nan
-nan
-nan
-nan
-27906.988281
-27889.802734
-27929.996094
-27914.455078
-27912.380859
-27908.777344
-27914.875000
-27914.697266
-27910.378906
-27908.791016
-27908.703125
-27919.068359
-27919.068359
-27909.769531
-27902.558594
-27911.894531
-27923.304688
-27913.884766
-27898.763672
-27909.937500
-27919.003906
-27918.011719
-27906.396484
-27903.269531
-27920.531250
-27917.091797
-27910.535156
-27894.845703
-27919.931641
-27923.406250
-27901.656250
-27906.964844
-27910.291016
-27916.291016
-27912.468750
-27912.994141
-27906.099609
-27916.380859
-27910.998047
-27904.566406
-27912.097656
-27921.132812
-27921.132812
-27914.654297
-27899.185547
-27908.777344
-27922.730469
-27915.691406
-27903.503906
-27903.832031
-27916.861328
-27921.841797
-27897.474609
-27919.009766
-27907.595703
-27916.386719
-27912.437500
-27906.822266
-27908.632812
-27925.451172
-27911.572266
-27897.923828
-27913.998047
-27922.292969
-27909.527344
-27904.703125
-27912.654297
-27919.230469
-27907.562500
-27907.080078
-27911.628906
-27916.814453
-27913.896484
-27913.896484
-27904.808594
-27909.355469
-27913.177734
-27902.144531
-27923.384766
-27900.195312
-27920.876953
-27919.646484
-27913.330078
-27901.480469
-27919.726562
-27923.269531
-27904.910156
-27896.310547
-27918.496094
-27920.201172
-27910.183594
-27903.468750
-27912.191406
-27913.390625
-27912.279297
-27911.556641
-27907.300781
-27920.517578
-27919.017578
-27903.552734
-27907.908203
-27908.517578
-27925.921875
-27906.117188
-27906.117188
-27903.136719
-27919.341797
-27918.314453
-27901.519531
-27905.580078
-27926.121094
-27910.962891
-27905.960938
-27905.332031
-27913.371094
-27921.798828
-27913.386719
-27904.677734
-27905.279297
-27918.330078
-27915.503906
-27906.488281
-27910.564453
-27916.259766
-27915.353516
-27906.410156
-27908.550781
-27915.515625
-27928.216797
-27895.998047
-27911.550781
-27913.757812
-27919.386719
-27898.042969
-27898.042969
-27908.398438
-27927.857422
-27912.513672
-27902.873047
-27904.994141
-27918.164062
-27914.644531
-27913.843750
-27905.824219
-27913.021484
-27915.738281
-27914.427734
-27903.919922
-27909.447266
-27919.699219
-27914.212891
-27904.587891
-27897.939453
-27939.460938
-27903.000000
-27908.640625
-27902.103516
-27924.037109
-27908.880859
-27909.857422
-27912.314453
-27915.267578
-27911.253906
-27907.785156
-27907.769531
-27907.769531
-27918.025391
-27917.554688
-27904.902344
-27898.267578
-27919.564453
-27921.847656
-27912.140625
-27900.439453
-27908.589844
-27924.806641
-27914.710938
-27905.820312
-27897.839844
-27931.878906
-27911.904297
-27905.333984
-27908.335938
-27913.287109
-27911.531250
-27912.890625
-27915.107422
-27913.757812
-27908.302734
-27905.689453
-27908.464844
-27920.455078
-27917.755859
-27902.144531
-27899.869141
-27899.869141
-27917.257812
-27923.574219
-27908.162109
-27903.242188
-27914.806641
-27918.916016
-27912.642578
-27903.625000
-27906.029297
-27920.070312
-27915.187500
-27897.279297
-27898.115234
-27916.884766
-27932.496094
-27925.589844
-27898.681641
-27892.812500
-27915.628906
-27926.810547
-27906.666016
-27901.824219
-27917.982422
-27921.212891
-27908.777344
-27901.447266
-27910.982422
-27922.101562
-27910.599609
-27905.023438
-27905.023438
-27908.056641
-27917.513672
-27921.509766
-27911.162109
-27906.611328
-27915.025391
-27918.636719
-27909.003906
-27901.828125
-27913.957031
-27917.248047
-27909.572266
-27908.937500
-27922.667969
-27916.484375
-27902.832031
-27907.054688
-27919.996094
-27915.998047
-27904.080078
-27901.761719
-27920.046875
-27926.783203
-27911.966797
-27897.378906
-27905.226562
-27923.937500
-27919.105469
-27907.179688
-27907.179688
-27904.617188
-27914.919922
-27918.292969
-27909.779297
-27904.929688
-27916.998047
-27915.414062
-27909.804688
-27910.886719
-27914.625000
-27911.451172
-27908.351562
-27912.347656
-27915.292969
-27917.587891
-27905.000000
-27908.380859
-27929.021484
-27925.158203
-27892.617188
-27878.548828
-27907.984375
-27936.677734
-27932.199219
-27908.873047
-27901.798828
-27910.957031
-27914.933594
-27912.781250
-27905.820312
-27905.820312
-27914.361328
-27914.943359
-27907.583984
-27906.152344
-27915.431641
-27922.648438
-27914.738281
-27908.820312
-27910.876953
-27908.458984
-27906.056641
-27911.111328
-27925.810547
-27917.730469
-27901.402344
-27896.562500
-27914.416016
-27929.839844
-27913.943359
-27906.742188
-27906.509766
-27917.478516
-27919.210938
-27903.421875
-27890.222656
-27917.720703
-27928.259766
-27932.550781
-27923.416016
-27923.416016
-27913.562500
-27899.224609
-27883.175781
-27895.996094
-27928.988281
-27929.675781
-27909.400391
-27903.507812
-27907.195312
-27928.535156
-27924.488281
-27904.767578
-27900.306641
-27908.625000
-27917.933594
-27913.156250
-27908.310547
-27910.595703
-27913.845703
-27912.015625
-27909.023438
-27923.632812
-27911.724609
-27903.609375
-27906.617188
-27921.986328
-27897.361328
-27904.898438
-27918.583984
-27933.261719
-27933.261719
-27935.609375
-27900.271484
-27889.285156
-27910.388672
-27925.482422
-27917.101562
-27893.585938
-27900.980469
-27931.863281
-27925.550781
-27909.291016
-27898.658203
-27906.050781
-27912.525391
-27916.783203
-27910.535156
-27907.371094
-27911.201172
-27912.982422
-27915.080078
-27918.115234
-27913.640625
-27905.488281
-27899.566406
-27921.298828
-27924.734375
-27907.478516
-27902.439453
-27912.568359
-27919.216797
-27919.216797
-27903.902344
-27897.519531
-27921.683594
-27915.441406
-27937.521484
-27916.677734
-27904.558594
-27889.785156
-27897.248047
-27917.304688
-27929.609375
-27926.042969
-27906.761719
-27895.029297
-27905.992188
-27929.619141
-27924.123047
-27901.208984
-27894.984375
-27916.121094
-27927.292969
-27914.613281
-27898.277344
-27902.007812
-27917.871094
-27920.072266
-27914.289062
-27909.414062
-27909.664062
-27909.664062
-27912.433594
-27910.330078
-27915.957031
-27918.419922
-27890.464844
-27908.398438
-27921.367188
-27939.636719
-27940.177734
-27882.472656
-27868.722656
-27907.531250
-27942.103516
-27931.423828
-27904.964844
-27895.638672
-27911.669922
-27928.250000
-27916.710938
-27903.414062
-27902.167969
-27909.998047
-27916.718750
-27918.568359
-27906.992188
-27901.681641
-27910.076172
-27923.886719
-27924.820312
-27924.820312
-27907.457031
-27891.345703
-27905.017578
-27927.265625
-27930.892578
-27905.921875
-27870.960938
-27930.636719
-27921.302734
-27952.357422
-27916.103516
-27888.742188
-27873.794922
-27899.296875
-27933.597656
-27951.556641
-27911.667969
-27881.542969
-27891.171875
-27926.103516
-27934.593750
-27915.552734
-27888.865234
-27899.539062
-27926.371094
-27927.636719
-27908.908203
-27897.572266
-27911.916016
-27922.814453
-27922.814453
-27913.654297
-27899.818359
-27909.316406
-27925.376953
-27913.318359
-27897.939453
-27927.832031
-27909.310547
-27913.691406
-27914.560547
-27905.375000
-27909.972656
-27904.146484
-27908.310547
-27921.753906
-27925.974609
-27913.917969
-27897.017578
-27910.060547
-27890.439453
-27935.275391
-27913.939453
-27913.162109
-27918.494141
-27925.164062
-27905.785156
-27900.148438
-27908.714844
-27915.886719
-27915.886719
-27907.130859
-27905.603516
-27911.501953
-27919.509766
-27909.242188
-27907.761719
-27921.847656
-27920.353516
-27908.033203
-27885.714844
-27917.583984
-27921.023438
-27929.373047
-27914.900391
-27905.808594
-27909.900391
-27904.632812
-27898.845703
-27914.013672
-27919.482422
-27921.289062
-27909.439453
-27903.275391
-27911.349609
-27926.998047
-27914.984375
-27900.542969
-27907.935547
-27915.023438
-27911.193359
-27911.193359
-27907.804688
-27917.912109
-27919.949219
-27907.275391
-27905.748047
-27911.574219
-27917.937500
-27911.253906
-27902.154297
-27907.597656
-27920.658203
-27920.830078
-27900.167969
-27899.783203
-27926.914062
-27917.253906
-27925.695312
-27896.169922
-27897.929688
-27923.058594
-27918.406250
-27914.361328
-27912.673828
-27905.310547
-27902.150391
-27908.171875
-27923.708984
-27920.568359
-27907.587891
-27907.587891
-27900.107422
-27911.460938
-27923.974609
-27916.386719
-27900.812500
-27904.521484
-27922.447266
-27917.474609
-27904.466797
-27904.582031
-27916.136719
-27923.712891
-27909.451172
-27904.591797
-27913.228516
-27917.753906
-27906.769531
-27907.402344
-27908.185547
-27915.738281
-27905.830078
-27912.595703
-27938.603516
-27918.458984
-27897.587891
-27893.914062
-27909.406250
-27920.628906
-27920.363281
-27906.660156
-27906.660156
-27902.769531
-27920.003906
-27925.664062
-27910.679688
-27905.216797
-27911.017578
-27912.447266
-27907.814453
-27907.578125
-27912.992188
-27918.523438
-27908.333984
-27907.669922
-27917.867188
-27916.865234
-27903.126953
-27906.974609
-27916.460938
-27921.003906
-27909.033203
-27903.677734
-27911.205078
-27920.728516
-27913.089844
-27906.070312
-27903.535156
-27913.687500
-27921.140625
-27907.029297
-27907.029297
-27903.884766
-27915.646484
-27919.050781
-27908.388672
-27911.251953
-27914.527344
-27912.738281
-27905.820312
-27908.177734
-27914.890625
-27923.580078
-27909.884766
-27904.066406
-27913.123047
-27921.421875
-27905.292969
-27903.029297
-27910.750000
-27919.960938
-27913.523438
-27904.572266
-27910.291016
-27917.826172
-27915.894531
-27906.726562
-27904.970703
-27913.359375
-27913.060547
-27925.093750
-27913.226562
-27913.226562
-27908.087891
-27909.353516
-27896.744141
-27911.224609
-27931.880859
-27920.943359
-27891.730469
-27894.193359
-27917.423828
-27930.767578
-27921.462891
-27898.328125
-27899.656250
-27919.298828
-27919.261719
-27910.919922
-27900.291016
-27911.208984
-27914.201172
-27912.585938
-27912.648438
-27914.402344
-27913.556641
-27904.093750
-27908.947266
-27917.392578
-27916.906250
-27905.349609
-27904.488281
-27904.488281
-27916.859375
-27919.263672
-27907.117188
-27893.191406
-27918.482422
-27923.839844
-27913.701172
-27909.607422
-27905.246094
-27917.484375
-27917.361328
-27904.744141
-27904.644531
-27917.988281
-27912.798828
-27904.304688
-27908.935547
-27920.671875
-27915.330078
-27906.386719
-27911.330078
-27915.777344
-27913.585938
-27908.750000
-27905.425781
-27917.550781
-27919.574219
-27907.115234
-27900.873047
-27918.521484
-27918.521484
-27921.048828
-27908.726562
-27905.427734
-27906.447266
-27915.832031
-27914.998047
-27908.707031
-27907.119141
-27916.988281
-27914.810547
-27903.492188
-27905.810547
-27920.498047
-27916.318359
-27908.238281
-27903.363281
-27917.056641
-27920.046875
-27909.884766
-27904.955078
-27911.146484
-27919.210938
-27913.662109
-27901.847656
-27914.658203
-27918.812500
-27911.205078
-27904.173828
-27913.505859
-27913.505859
-27919.414062
-27911.218750
-27903.695312
-27906.873047
-27921.619141
-27917.345703
-27905.908203
-27905.886719
-27917.916016
-27913.707031
-27911.275391
-27904.826172
-27914.697266
-27916.279297
-27907.339844
-27907.613281
-27915.220703
-27920.279297
-27907.875000
-27902.109375
-27915.945312
-27916.128906
-27913.896484
-27906.408203
-27911.304688
-27918.878906
-27913.001953
-27907.273438
-27905.908203
-27918.634766
-27918.634766
-27917.619141
-27905.054688
-27908.205078
-27916.224609
-27914.212891
-27908.378906
-27909.978516
-27915.257812
-27915.708984
-27906.390625
-27905.480469
-27918.632812
-27917.410156
-27910.312500
-27901.308594
-27912.445312
-27926.849609
-27912.880859
-27898.478516
-27908.849609
-27920.787109
-27914.693359
-27904.583984
-27909.955078
-27916.066406
-27912.904297
-27910.992188
-27909.099609
-27915.091797
-27915.091797
-27912.269531
-27908.277344
-27909.666016
-27918.435547
-27917.605469
-27906.425781
-27904.417969
-27917.841797
-27917.685547
-27909.496094
-27901.095703
-27915.621094
-27925.271484
-27912.330078
-27899.505859
-27909.867188
-27918.228516
-27910.625000
-27908.955078
-27912.044922
-27919.287109
-27909.320312
-27906.847656
-27911.191406
-27919.195312
-27915.437500
-27906.226562
-27906.050781
-27917.050781
-27919.810547
-27919.810547
-27909.759766
-27901.058594
-27916.673828
-27919.619141
-27907.095703
-27906.451172
-27915.423828
-27923.224609
-27902.671875
-27899.652344
-27914.265625
-27923.275391
-27921.072266
-27902.664062
-27904.001953
-27915.082031
-27921.128906
-27912.542969
-27904.058594
-27912.984375
-27912.050781
-27911.742188
-27909.712891
-27916.806641
-27912.382812
-27904.748047
-27910.974609
-27919.734375
-27916.130859
-27916.130859
-27902.376953
-27906.177734
-27923.859375
-27918.900391
-27906.039062
-27900.062500
-27916.505859
-27924.328125
-27915.484375
-27897.736328
-27904.994141
-27921.876953
-27921.869141
-27904.767578
-27902.570312
-27911.574219
-27918.791016
-27914.140625
-27906.142578
-27916.865234
-27913.371094
-27908.869141
-27909.822266
-27913.771484
-27914.597656
-27909.136719
-27908.658203
-27916.234375
-27914.916016
-27914.916016
-27909.929688
-27902.656250
-27915.109375
-27922.978516
-27911.103516
-27897.886719
-27909.382812
-27924.154297
-27920.585938
-27901.664062
-27903.083984
-27915.873047
-27918.558594
-27911.027344
-27905.210938
-27914.421875
-27915.960938
-27908.894531
-27911.400391
-27915.228516
-27917.498047
-27906.259766
-27906.853516
-27914.332031
-27918.724609
-27907.166016
-27903.005859
-27917.398438
-27922.433594
-27909.738281
-27909.738281
-27900.927734
-27910.171875
-27922.595703
-27917.080078
-27903.701172
-27906.216797
-27917.757812
-27919.548828
-27904.451172
-27906.853516
-27915.929688
-27916.003906
-27909.460938
-27906.480469
-27914.457031
-27918.050781
-27910.197266
-27905.625000
-27911.669922
-27919.605469
-27909.400391
-27906.744141
-27913.103516
-27916.382812
-27910.845703
-27903.085938
-27916.712891
-27919.242188
-27913.257812
-27913.257812
-27902.023438
-27910.164062
-27919.517578
-27915.152344
-27904.730469
-27906.402344
-27918.384766
-27920.794922
-27905.197266
-27904.904297
-27915.056641
-27918.685547
-27910.761719
-27906.035156
-27913.037109
-27920.501953
-27909.945312
-27904.458984
-27910.771484
-27920.306641
-27912.070312
-27901.828125
-27913.980469
-27920.945312
-27912.802734
-27900.925781
-27909.822266
-27920.203125
-27918.585938
-27904.617188
-27904.617188
-27909.015625
-27912.015625
-27917.349609
-27909.878906
-27904.349609
-27914.820312
-27919.349609
-27909.599609
-27905.685547
-27911.373047
-27920.554688
-27910.484375
-27898.328125
-27916.199219
-27921.503906
-27912.873047
-27901.970703
-27911.394531
-27920.968750
-27911.289062
-27906.148438
-27910.683594
-27918.193359
-27917.390625
-27902.953125
-27908.257812
-27918.044922
-27917.300781
-27907.466797
-27907.466797
-27906.779297
-27917.529297
-27917.623047
-27907.009766
-27903.091797
-27917.115234
-27920.626953
-27910.599609
-27902.945312
-27911.687500
-27919.099609
-27912.636719
-27905.673828
-27911.767578
-27916.929688
-27912.958984
-27904.111328
-27911.583984
-27917.724609
-27916.007812
-27905.181641
-27911.156250
-27918.089844
-27914.597656
-27903.857422
-27907.023438
-27916.763672
-27917.339844
-27911.724609
-27903.476562
-27903.476562
-27914.021484
-27918.650391
-27911.298828
-27907.220703
-27912.363281
-27916.937500
-27910.632812
-27902.242188
-27916.957031
-27917.304688
-27912.535156
-27902.351562
-27912.876953
-27919.035156
-27913.939453
-27906.201172
-27906.001953
-27919.019531
-27921.242188
-27906.320312
-27907.039062
-27913.263672
-27921.292969
-27910.642578
-27903.929688
-27912.458984
-27918.785156
-27913.509766
-27906.464844
-27906.464844
-27917.025391
-27912.619141
-27904.904297
-27907.431641
-27917.294922
-27923.025391
-27910.236328
-27899.792969
-27909.191406
-27919.900391
-27919.208984
-27903.876953
-27906.720703
-27918.037109
-27918.513672
-27905.689453
-27903.650391
-27914.847656
-27921.314453
-27910.826172
-27903.945312
-27915.656250
-27917.980469
-27910.826172
-27905.197266
-27913.970703
-27918.582031
-27908.107422
-27905.806641
-27914.777344
-27914.777344
-27918.027344
-27914.919922
-27901.359375
-27910.433594
-27918.783203
-27914.908203
-27906.445312
-27906.515625
-27916.779297
-27920.404297
-27906.039062
-27906.208984
-27912.712891
-27921.550781
-27909.134766
-27908.082031
-27912.755859
-27915.972656
-27909.779297
-27908.810547
-27914.070312
-27920.970703
-27904.417969
-27902.927734
-27912.277344
-27921.597656
-27914.369141
-27900.099609
-27907.544922
-27907.544922
-27920.558594
-27918.656250
-27906.542969
-27904.511719
-27916.900391
-27918.451172
-27907.279297
-27906.810547
-27913.808594
-27919.970703
-27908.195312
-27907.689453
-27915.570312
-27917.548828
-27908.429688
-27905.115234
-27912.332031
-27919.906250
-27907.509766
-27903.468750
-27915.388672
-27920.691406
-27909.824219
-27898.724609
-27911.845703
-27920.304688
-27920.341797
-27904.537109
-27902.656250
-27916.148438
-27916.148438
-27922.556641
-27909.220703
-27903.634766
-27911.697266
-27920.244141
-27910.201172
-27905.986328
-27914.289062
-27914.431641
-27908.777344
-27908.142578
-27915.416016
-27919.863281
-27906.535156
-27901.603516
-27915.634766
-27922.054688
-27912.507812
-27901.167969
-27908.605469
-27922.630859
-27917.576172
-27905.330078
-27904.791016
-27915.777344
-27917.755859
-27909.154297
-27909.046875
-27913.914062
-27913.914062
-27912.810547
-27910.291016
-27907.232422
-27916.875000
-27919.402344
-27901.605469
-27904.250000
-27917.628906
-27924.554688
-27908.031250
-27900.875000
-27911.130859
-27921.828125
-27912.351562
-27902.673828
-27908.625000
-27917.898438
-27915.611328
-27910.626953
-27908.763672
-27911.296875
-27913.138672
-27910.867188
-27906.203125
-27917.871094
-27916.626953
-27904.685547
-27906.570312
-27916.595703
-27921.199219
-27921.199219
-27905.619141
-27904.521484
-27913.031250
-27918.572266
-27912.644531
-27907.765625
-27911.341797
-27918.546875
-27909.705078
-27903.851562
-27907.300781
-27920.041016
-27917.453125
-27905.328125
-27905.802734
-27917.896484
-27917.367188
-27909.294922
-27907.923828
-27912.437500
-27915.851562
-27908.806641
-27906.917969
-27920.412109
-27920.322266
-27905.068359
-27897.998047
-27911.826172
-27924.121094
-27924.121094
-27911.798828
-27905.162109
-27907.751953
-27917.593750
-27918.447266
-27908.257812
-27908.935547
-27915.611328
-27913.087891
-27905.681641
-27908.410156
-27918.886719
-27913.021484
-27908.767578
-27908.308594
-27918.707031
-27916.535156
-27906.777344
-27902.603516
-27915.494141
-27922.294922
-27906.480469
-27900.779297
-27916.998047
-27920.613281
-27913.060547
-27902.904297
-27908.201172
-27918.375000
-27912.089844
-27912.089844
-27908.238281
-27909.710938
-27917.871094
-27914.986328
-27906.269531
-27910.714844
-27917.013672
-27913.117188
-27903.240234
-27904.548828
-27920.855469
-27919.958984
-27904.609375
-27904.722656
-27918.798828
-27920.736328
-27906.177734
-27902.175781
-27912.320312
-27921.451172
-27913.611328
-27905.865234
-27909.285156
-27917.296875
-27908.738281
-27903.789062
-27913.386719
-27919.447266
-27910.615234
-27910.615234
-27904.660156
-27910.929688
-27918.914062
-27918.244141
-27906.818359
-27901.134766
-27913.371094
-27921.271484
-27909.421875
-27905.406250
-27914.890625
-27919.593750
-27904.521484
-27905.476562
-27921.589844
-27920.166016
-27905.812500
-27898.066406
-27910.791016
-27923.048828
-27916.400391
-27905.470703
-27907.013672
-27916.291016
-27916.369141
-27908.720703
-27908.714844
-27914.966797
-27915.156250
-27904.119141
-27904.119141
-27906.306641
-27924.984375
-27917.605469
-27903.990234
-27903.345703
-27915.904297
-27915.312500
-27908.943359
-27905.523438
-27914.220703
-27917.564453
-27911.642578
-27903.833984
-27913.042969
-27917.236328
-27911.511719
-27902.746094
-27912.404297
-27917.433594
-27911.933594
-27907.316406
-27911.460938
-27919.326172
-27909.734375
-27899.929688
-27906.847656
-27922.832031
-27921.468750
-27903.685547
-27903.685547
-27903.878906
-27912.427734
-27920.193359
-27913.474609
-27906.021484
-27911.468750
-27913.974609
-27911.755859
-27908.703125
-27916.203125
-27920.972656
-27907.193359
-27902.884766
-27915.238281
-27919.089844
-27907.240234
-27900.115234
-27913.570312
-27923.814453
-27915.292969
-27902.335938
-27903.423828
-27917.671875
-27921.529297
-27908.402344
-27901.089844
-27911.845703
-27919.818359
-27915.998047
-27908.232422
-27908.232422
-27910.626953
-27912.566406
-27906.451172
-27906.843750
-27917.582031
-27919.080078
-27909.208984
-27899.583984
-27912.583984
-27921.677734
-27912.851562
-27898.923828
-27909.103516
-27919.125000
-27917.322266
-27907.517578
-27906.115234
-27916.304688
-27918.601562
-27908.511719
-27904.648438
-27912.593750
-27918.382812
-27910.574219
-27904.373047
-27916.412109
-27913.662109
-27907.644531
-27905.990234
-27905.990234
-27920.017578
-27917.476562
-27906.304688
-27902.855469
-27913.675781
-27920.718750
-27915.556641
-27903.525391
-27906.833984
-27916.789062
-27915.953125
-27909.486328
-27904.607422
-27914.003906
-27915.302734
-27907.316406
-27907.353516
-27920.273438
-27914.548828
-27906.683594
-27904.283203
-27917.349609
-27913.699219
-27908.451172
-27906.873047
-27914.455078
-27918.451172
-27910.691406
-27901.126953
-27912.166016
-27912.166016
-27921.447266
-27914.757812
-27898.541016
-27909.552734
-27917.103516
-27914.474609
-27907.621094
-27909.089844
-27914.533203
-27912.363281
-27908.107422
-27907.916016
-27919.050781
-27915.998047
-27906.882812
-27900.695312
-27913.949219
-27923.935547
-27910.332031
-27907.357422
-27914.351562
-27912.748047
-27908.759766
-27904.113281
-27913.996094
-27919.654297
-27906.906250
-27901.142578
-27912.607422
-27912.607422
-27921.515625
-27919.886719
-27906.794922
-27903.781250
-27912.080078
-27919.587891
-27906.869141
-27904.419922
-27916.798828
-27917.833984
-27905.798828
-27904.828125
-27917.591797
-27920.117188
-27907.621094
-27902.804688
-27914.494141
-27916.904297
-27908.087891
-27903.835938
-27914.716797
-27921.089844
-27911.259766
-27901.017578
-27912.181641
-27919.636719
-27913.652344
-27904.166016
-27903.625000
-27903.625000
-27919.099609
-27921.892578
-27906.873047
-27904.880859
-27902.808594
-27926.849609
-27904.818359
-27911.218750
-27928.351562
-27912.857422
-27900.306641
-27904.570312
-27917.076172
-27915.902344
-27907.109375
-27901.162109
-27908.947266
-27927.392578
-27916.673828
-27904.966797
-27906.968750
-27920.384766
-27914.472656
-27901.052734
-27906.662109
-27914.650391
-27916.476562
-27909.281250
-27910.087891
-27914.542969
-27914.542969
-27913.576172
-27908.962891
-27911.017578
-27915.916016
-27914.371094
-27901.931641
-27903.945312
-27915.515625
-27923.761719
-27910.244141
-27901.341797
-27912.773438
-27923.898438
-27910.398438
-27899.498047
-27906.964844
-27917.947266
-27916.330078
-27906.128906
-27889.994141
-27932.792969
-27913.484375
-27915.416016
-27914.314453
-27909.572266
-27914.273438
-27898.615234
-27911.437500
-27917.033203
-27916.291016
-27916.291016
-27906.273438
-27902.101562
-27913.244141
-27923.041016
-27912.085938
-27900.654297
-27909.345703
-27918.720703
-27909.400391
-27903.871094
-27919.011719
-27921.136719
-27911.156250
-27899.058594
-27903.642578
-27920.195312
-27922.177734
-27906.251953
-27902.652344
-27912.443359
-27918.712891
-27910.718750
-27907.123047
-27909.685547
-27914.029297
-27908.378906
-27911.556641
-27914.693359
-27916.021484
-27916.021484
-27901.611328
-27907.701172
-27918.173828
-27922.806641
-27906.869141
-27897.712891
-27912.363281
-27922.472656
-27913.595703
-27902.294922
-27910.871094
-27914.769531
-27917.486328
-27903.539062
-27904.398438
-27880.410156
-27956.806641
-27902.597656
-27920.464844
-27921.003906
-27905.593750
-27901.865234
-27903.085938
-27914.289062
-27912.625000
-27906.984375
-27909.765625
-27920.630859
-27924.888672
-27924.888672
-27900.980469
-27901.398438
-27918.154297
-27925.078125
-27906.203125
-27892.513672
-27903.423828
-27927.298828
-27924.101562
-27901.757812
-27903.849609
-27915.943359
-27920.435547
-27910.408203
-27904.382812
-27908.429688
-27915.681641
-27911.345703
-27910.998047
-27914.662109
-27916.644531
-27902.054688
-27904.785156
-27916.373047
-27922.806641
-27903.798828
-27894.123047
-27910.849609
-27926.414062
-27932.480469
-27932.480469
-27904.134766
-27892.529297
-27908.552734
-27921.328125
-27919.775391
-27911.951172
-27905.019531
-27900.576172
-27905.136719
-27922.037109
-27924.820312
-27912.281250
-27896.695312
-27903.468750
-27920.681641
-27922.277344
-27903.835938
-27899.822266
-27914.759766
-27923.197266
-27907.804688
-27902.414062
-27912.410156
-27920.210938
-27915.072266
-27905.582031
-27906.929688
-27914.548828
-27913.966797
-27905.960938
-27905.960938
-27910.644531
-27916.005859
-27913.787109
-27901.578125
-27909.660156
-27920.304688
-27912.427734
-27890.894531
-27917.332031
-27916.000000
-27933.925781
-27915.953125
-27898.191406
-27905.669922
-27912.621094
-27907.988281
-27910.121094
-27917.914062
-27914.189453
-27903.146484
-27906.070312
-27917.775391
-27924.818359
-27911.431641
-27902.250000
-27904.078125
-27915.546875
-27918.921875
-27906.400391
-27906.400391
-27902.664062
-27917.796875
-27918.894531
-27905.289062
-27905.951172
-27916.396484
-27916.408203
-27908.857422
-27909.673828
-27914.830078
-27915.503906
-27912.531250
-27902.693359
-27912.105469
-27921.683594
-27905.451172
-27902.482422
-27916.708984
-27919.123047
-27915.578125
-27904.076172
-27905.589844
-27909.925781
-27905.806641
-27917.033203
-27908.140625
-27944.070312
-27923.164062
-27893.367188
-27893.367188
-27887.560547
-27902.695312
-27922.156250
-27922.859375
-27906.712891
-27909.529297
-27911.990234
-27912.515625
-27911.904297
-27917.660156
-27917.408203
-27902.033203
-27898.607422
-27912.923828
-27924.093750
-27907.326172
-27906.279297
-27911.908203
-27919.634766
-27915.832031
-27906.539062
-27902.115234
-27918.783203
-27921.250000
-27905.837891
-27901.828125
-27915.449219
-27916.529297
-27911.812500
-27886.568359
-27886.568359
-27917.087891
-27930.484375
-27930.226562
-27917.250000
-27889.544922
-27894.736328
-27906.496094
-27923.093750
-27928.820312
-27914.240234
-27900.566406
-27903.117188
-27914.873047
-27925.285156
-27911.292969
-27898.472656
-27903.919922
-27920.406250
-27920.287109
-27904.410156
-27902.576172
-27912.304688
-27922.744141
-27910.015625
-27901.550781
-27915.316406
-27918.689453
-27912.593750
-27909.761719
-27909.761719
-27906.740234
-27899.416016
-27917.666016
-27905.769531
-27946.265625
-27923.179688
-27884.162109
-27874.560547
-27916.697266
-27952.931641
-27936.515625
-27885.005859
-27883.777344
-27919.412109
-27932.521484
-27917.619141
-27895.648438
-27897.685547
-27914.306641
-27922.404297
-27912.259766
-27908.607422
-27904.876953
-27906.533203
-27918.556641
-27928.138672
-27914.183594
-27898.845703
-27898.197266
-27918.460938
-27918.460938
-27927.142578
-27898.964844
-27886.447266
-27915.816406
-27956.644531
-27940.476562
-27880.080078
-27873.859375
-27909.578125
-27931.529297
-27928.007812
-27903.679688
-27897.093750
-27911.617188
-27924.867188
-27923.199219
-27909.570312
-27901.615234
-27896.935547
-27911.791016
-27929.761719
-27919.378906
-27895.140625
-27896.156250
-27921.371094
-27931.181641
-27915.628906
-27895.052734
-27898.363281
-27898.363281
-27920.855469
-27926.412109
-27914.798828
-27902.542969
-27885.208984
-27907.628906
-27919.984375
-27949.015625
-27938.748047
-27867.421875
-27860.068359
-27921.660156
-27971.656250
-27951.173828
-27879.494141
-27858.248047
-27917.390625
-27952.628906
-27920.414062
-27881.230469
-27907.386719
-27904.417969
-27919.324219
-27918.464844
-27898.748047
-27898.568359
-27909.607422
-27923.505859
-27924.855469
-27917.685547
-27917.685547
-27905.609375
-27893.453125
-27896.570312
-27944.671875
-27929.679688
-27907.414062
-27904.611328
-27900.072266
-27905.041016
-27904.505859
-27909.783203
-27923.867188
-27927.726562
-27911.089844
-27901.781250
-27911.076172
-27921.181641
-27907.759766
-27902.550781
-27911.898438
-27918.080078
-27905.947266
-27903.730469
-27911.652344
-27924.921875
-27911.746094
-27897.914062
-27907.978516
-27926.740234
-27926.740234
-27924.800781
-27890.865234
-27902.353516
-27927.787109
-27916.482422
-27902.324219
-27909.597656
-27908.806641
-27925.285156
-27922.103516
-27901.005859
-27902.943359
-27920.453125
-27917.009766
-27903.441406
-27906.914062
-27912.994141
-27904.894531
-27904.833984
-27917.607422
-27922.666016
-27910.474609
-27902.666016
-27907.492188
-27902.216797
-27913.750000
-27932.626953
-27926.185547
-27906.773438
-27906.773438
-27896.214844
-27885.328125
-27915.826172
-27946.410156
-27929.222656
-27887.525391
-27877.765625
-27915.777344
-27933.810547
-27920.044922
-27902.007812
-27905.820312
-27916.900391
-27922.830078
-27910.347656
-27901.212891
-27908.341797
-27914.431641
-27907.591797
-27910.468750
-27917.962891
-27913.353516
-27901.714844
-27922.248047
-27921.710938
-27904.457031
-27904.552734
-27901.560547
-27919.808594
-27925.699219
-27925.699219
-27898.636719
-27901.679688
-27920.890625
-27915.699219
-27919.326172
-27904.015625
-27901.707031
-27919.417969
-27903.234375
-27910.248047
-27917.957031
-27908.632812
-27915.195312
-27926.513672
-27906.029297
-27916.613281
-27913.304688
-27896.378906
-27908.177734
-27924.714844
-27913.917969
-27900.845703
-27903.908203
-27924.398438
-27920.757812
-27900.992188
-27898.898438
-27922.580078
-27923.236328
-27912.099609
-27912.099609
-27899.697266
-27906.585938
-27917.972656
-27916.574219
-27907.916016
-27907.708984
-27914.853516
-27909.335938
-27904.644531
-27915.681641
-27914.697266
-27912.574219
-27905.914062
-27907.203125
-27920.533203
-27917.523438
-27903.328125
-27910.722656
-27919.880859
-27917.162109
-27899.365234
-27905.025391
-27921.236328
-27920.244141
-27903.277344
-27898.634766
-27915.652344
-27917.916016
-27916.011719
-27916.011719
-27906.515625
-27912.750000
-27912.416016
-27908.046875
-27905.398438
-27915.013672
-27923.082031
-27912.593750
-27898.410156
-27905.314453
-27921.480469
-27922.066406
-27906.601562
-27908.636719
-27918.550781
-27910.822266
-27898.697266
-27906.027344
-27924.853516
-27917.033203
-27905.250000
-27890.943359
-27906.333984
-27932.898438
-27934.406250
-27907.273438
-27900.681641
-27903.552734
-27909.134766
-27909.134766
-27914.839844
-27923.783203
-27911.828125
-27900.943359
-27902.275391
-27920.644531
-27925.914062
-27907.095703
-27898.197266
-27906.242188
-27925.488281
-27918.148438
-27896.890625
-27898.736328
-27921.716797
-27928.693359
-27911.339844
-27897.787109
-27907.396484
-27914.837891
-27918.699219
-27912.400391
-27913.281250
-27909.494141
-27904.814453
-27909.277344
-27917.750000
-27919.474609
-27906.707031
-27899.177734
-27899.177734
-27913.640625
-27922.248047
-27914.683594
-27900.697266
-27908.238281
-27922.066406
-27920.595703
-27904.416016
-27899.878906
-27915.681641
-27922.144531
-27911.208984
-27904.878906
-27918.105469
-27904.582031
-27905.437500
-27918.306641
-27918.060547
-27912.755859
-27900.730469
-27902.324219
-27920.066406
-27927.464844
-27913.212891
-27895.660156
-27906.425781
-27925.480469
-27913.140625
-27907.597656
-27907.597656
-27904.576172
-27924.296875
-27920.740234
-27879.931641
-27934.099609
-27901.101562
-27912.226562
-27923.093750
-27891.529297
-27919.224609
-27914.437500
-27913.042969
-27908.910156
-27913.039062
-27913.248047
-27912.263672
-27905.304688
-27918.333984
-27913.281250
-27915.751953
-27896.167969
-27913.449219
-27922.263672
-27912.410156
-27898.478516
-27912.207031
-27918.609375
-27914.431641
-27901.306641
-27907.292969
-27907.292969
-27918.943359
-27916.771484
-27907.736328
-27907.962891
-27917.615234
-27915.351562
-27889.978516
-27920.287109
-27918.835938
-27919.800781
-27898.355469
-27916.753906
-27905.947266
-27928.037109
-27895.824219
-27905.671875
-27916.537109
-27918.767578
-27907.314453
-27902.210938
-27914.357422
-27923.310547
-27911.550781
-27902.230469
-27906.402344
-27918.550781
-27914.273438
-27910.992188
-27907.412109
-27907.412109
-27913.923828
-27916.798828
-27904.929688
-27912.734375
-27916.683594
-27918.601562
-27901.398438
-27898.498047
-27919.304688
-27920.017578
-27907.406250
-27905.025391
-27918.740234
-27920.671875
-27907.185547
-27901.751953
-27921.164062
-27906.833984
-27910.275391
-27907.347656
-27915.625000
-27906.228516
-27924.833984
-27894.447266
-27918.925781
-27908.933594
-27914.265625
-27905.947266
-27910.634766
-27914.484375
-27914.484375
-27908.660156
-27943.093750
-27880.072266
-27885.335938
-27971.800781
-27863.755859
-27961.425781
-27852.173828
-27951.396484
-27924.210938
-27880.476562
-27915.169922
-27918.611328
-27915.546875
-27906.576172
-27894.162109
-27927.419922
-27914.841797
-27906.744141
-27903.429688
-27944.689453
-27881.693359
-27943.236328
-27877.570312
-27929.597656
-27909.818359
-27898.427734
-27920.023438
-27899.843750
-27899.843750
-27919.609375
-27936.912109
-27885.710938
-27915.701172
-27913.757812
-27899.906250
-27915.292969
-27896.195312
-27936.169922
-27905.458984
-27908.230469
-27909.281250
-27922.910156
-27914.039062
-27902.849609
-27908.724609
-27913.740234
-27917.781250
-27906.203125
-27909.703125
-27921.076172
-27910.400391
-27907.537109
-27904.955078
-27915.451172
-27918.851562
-27902.082031
-27907.974609
-27914.341797
-27914.341797
-27923.878906
-27908.876953
-27899.626953
-27916.712891
-27916.685547
-27910.919922
-27901.429688
-27916.701172
-27918.154297
-27913.027344
-27906.113281
-27908.994141
-27920.605469
-27911.128906
-27902.132812
-27909.478516
-27914.445312
-27914.662109
-27904.837891
-27912.685547
-27917.357422
-27917.605469
-27905.525391
-27903.171875
-27918.148438
-27916.292969
-27908.468750
-27907.263672
-27917.724609
-27915.611328
-27915.611328
-27902.310547
-27907.039062
-27917.736328
-27921.066406
-27910.695312
-27899.681641
-27909.917969
-27917.427734
-27913.158203
-27903.414062
-27910.599609
-27918.242188
-27914.488281
-27908.343750
-27909.287109
-27916.187500
-27917.337891
-27903.757812
-27908.283203
-27916.763672
-27919.812500
-27905.058594
-27902.894531
-27914.367188
-27919.447266
-27912.289062
-27903.744141
-27915.421875
-27915.544922
-27915.544922
-27906.808594
-27905.009766
-27915.570312
-27918.798828
-27910.468750
-27905.072266
-27915.193359
-27922.449219
-27912.751953
-27901.341797
-27908.455078
-27913.611328
-27917.314453
-27906.542969
-27909.394531
-27915.480469
-27916.050781
-27907.525391
-27907.310547
-27915.632812
-27919.279297
-27905.220703
-27899.521484
-27920.339844
-27928.050781
-27912.050781
-27902.257812
-27909.330078
-27913.314453
-27911.384766
-27911.384766
-27907.117188
-27910.339844
-27912.529297
-27911.712891
-27909.054688
-27915.433594
-27920.906250
-27911.486328
-27900.800781
-27905.333984
-27920.417969
-27916.910156
-27902.552734
-27907.814453
-27924.685547
-27914.935547
-27907.228516
-27906.359375
-27914.441406
-27915.576172
-27907.533203
-27907.201172
-27916.652344
-27913.888672
-27905.826172
-27905.486328
-27916.970703
-27919.736328
-27904.173828
-27904.173828
-27899.787109
-27913.757812
-27924.402344
-27917.287109
-27903.667969
-27907.710938
-27916.171875
-27916.775391
-27907.888672
-27906.843750
-27911.095703
-27916.482422
-27907.818359
-27910.201172
-27916.369141
-27915.847656
-27906.224609
-27904.431641
-27918.841797
-27918.566406
-27904.152344
-27906.974609
-27919.462891
-27921.779297
-27910.025391
-27904.197266
-27909.607422
-27916.144531
-27913.910156
-27904.998047
-27904.998047
-27911.093750
-27913.613281
-27913.726562
-27906.570312
-27910.982422
-27915.498047
-27913.490234
-27902.150391
-27911.599609
-27919.324219
-27916.947266
-27906.931641
-27907.751953
-27921.363281
-27918.937500
-27904.662109
-27898.976562
-27916.542969
-27925.822266
-27908.642578
-27897.144531
-27910.068359
-27919.128906
-27918.957031
-27900.283203
-27908.064453
-27911.607422
-27912.765625
-27915.812500
-27915.812500
-27912.773438
-27912.531250
-27905.476562
-27908.246094
-27920.751953
-27927.882812
-27911.939453
-27894.931641
-27900.583984
-27919.044922
-27922.492188
-27905.371094
-27902.843750
-27918.041016
-27921.708984
-27910.177734
-27903.544922
-27908.441406
-27914.125000
-27913.662109
-27912.482422
-27912.064453
-27918.611328
-27910.609375
-27904.205078
-27914.119141
-27918.232422
-27912.158203
-27899.498047
-27913.359375
-27913.359375
-27920.847656
-27913.160156
-27902.650391
-27910.537109
-27921.175781
-27918.445312
-27902.431641
-27901.664062
-27916.886719
-27923.431641
-27911.148438
-27897.722656
-27914.929688
-27922.529297
-27914.226562
-27905.472656
-27912.982422
-27910.587891
-27906.837891
-27908.363281
-27913.726562
-27918.984375
-27913.335938
-27905.642578
-27909.181641
-27918.060547
-27914.412109
-27904.757812
-27908.716797
-27908.716797
-27915.804688
-27918.369141
-27907.759766
-27911.121094
-27917.539062
-27912.714844
-27906.677734
-27907.814453
-27917.146484
-27916.109375
-27906.509766
-27905.210938
-27914.884766
-27920.191406
-27909.220703
-27903.527344
-27911.390625
-27915.972656
-27912.986328
-27906.509766
-27914.335938
-27921.468750
-27911.175781
-27904.300781
-27909.369141
-27921.798828
-27913.828125
-27901.144531
-27908.472656
-27921.099609
-27921.099609
-27918.189453
-27905.808594
-27904.101562
-27917.027344
-27912.712891
-27911.226562
-27906.091797
-27915.121094
-27922.656250
-27901.238281
-27907.175781
-27914.416016
-27921.039062
-27914.533203
-27903.992188
-27909.824219
-27914.576172
-27911.767578
-27907.210938
-27916.216797
-27915.886719
-27910.191406
-27903.404297
-27911.013672
-27919.193359
-27915.968750
-27902.621094
-27905.986328
-27915.341797
-27915.341797
-27919.482422
-27910.580078
-27907.492188
-27915.259766
-27915.187500
-27910.433594
-27907.019531
-27918.216797
-27913.400391
-27903.091797
-27906.587891
-27914.226562
-27926.748047
-27905.794922
-27899.802734
-27908.406250
-27922.490234
-27917.746094
-27900.007812
-27912.212891
-27914.898438
-27921.119141
-27905.146484
-27907.859375
-27918.306641
-27913.535156
-27908.160156
-27906.001953
-27917.738281
-27913.308594
-27913.308594
-27907.060547
-27908.769531
-27912.732422
-27919.726562
-27905.619141
-27911.402344
-27916.033203
-27919.105469
-27908.146484
-27900.794922
-27919.341797
-27921.423828
-27912.167969
-27898.593750
-27911.332031
-27919.853516
-27916.859375
-27903.751953
-27902.230469
-27919.298828
-27919.916016
-27904.380859
-27907.457031
-27916.138672
-27921.300781
-27910.572266
-27912.095703
-27909.429688
-27903.650391
-27903.650391
-27909.673828
-27912.230469
-27918.603516
-27920.728516
-27906.587891
-27900.958984
-27913.378906
-27923.052734
-27909.154297
-27898.941406
-27913.384766
-27920.314453
-27916.648438
-27905.111328
-27909.652344
-27915.394531
-27913.609375
-27908.076172
-27908.804688
-27918.386719
-27913.708984
-27910.964844
-27910.771484
-27913.025391
-27914.361328
-27908.720703
-27906.960938
-27919.794922
-27916.457031
-27903.580078
-27903.580078
-27903.187500
-27920.707031
-27918.140625
-27908.072266
-27903.476562
-27912.816406
-27918.812500
-27909.496094
-27906.804688
-27915.406250
-27917.634766
-27912.132812
-27900.109375
-27915.884766
-27921.787109
-27918.273438
-27901.515625
-27906.244141
-27920.535156
-27917.966797
-27907.099609
-27903.519531
-27912.843750
-27916.179688
-27907.783203
-27906.837891
-27915.832031
-27915.572266
-27911.310547
-27911.310547
-27905.738281
-27916.296875
-27920.220703
-27910.095703
-27902.253906
-27914.912109
-27917.949219
-27910.675781
-27902.763672
-27911.794922
-27920.226562
-27915.708984
-27905.652344
-27908.837891
-27916.414062
-27916.326172
-27904.849609
-27911.035156
-27917.767578
-27916.005859
-27907.191406
-27907.275391
-27919.898438
-27917.425781
-27905.150391
-27903.083984
-27914.105469
-27921.455078
-27910.148438
-27910.148438
-27904.330078
-27912.472656
-27918.501953
-27912.253906
-27903.146484
-27912.035156
-27916.433594
-27911.263672
-27907.800781
-27917.378906
-27918.158203
-27909.900391
-27906.617188
-27911.582031
-27921.068359
-27912.837891
-27900.585938
-27905.750000
-27919.994141
-27922.369141
-27905.576172
-27901.535156
-27912.869141
-27919.152344
-27910.095703
-27904.314453
-27913.917969
-27916.904297
-27912.308594
-27908.144531
-27908.144531
-27911.722656
-27917.884766
-27909.587891
-27905.855469
-27915.617188
-27917.091797
-27911.906250
-27901.699219
-27912.755859
-27919.470703
-27911.941406
-27901.673828
-27909.265625
-27918.843750
-27916.386719
-27905.841797
-27907.708984
-27919.128906
-27918.951172
-27905.615234
-27905.183594
-27912.851562
-27917.759766
-27910.511719
-27906.617188
-27914.880859
-27918.697266
-27910.279297
-27904.208984
-27904.208984
-27913.115234
-27915.160156
-27907.148438
-27908.128906
-27914.466797
-27919.283203
-27910.056641
-27903.310547
-27914.941406
-27919.851562
-27913.544922
-27899.888672
-27908.320312
-27919.996094
-27921.412109
-27907.042969
-27902.351562
-27917.019531
-27918.722656
-27909.531250
-27905.251953
-27913.949219
-27916.119141
-27908.789062
-27908.021484
-27912.134766
-27917.296875
-27913.296875
-27908.501953
-27910.382812
-27910.382812
-27918.115234
-27915.796875
-27909.660156
-27921.664062
-27916.296875
-27901.972656
-27898.554688
-27911.828125
-27925.529297
-27916.697266
-27896.681641
-27901.445312
-27920.847656
-27929.113281
-27912.208984
-27903.488281
-27910.283203
-27917.224609
-27909.378906
-27905.246094
-27914.357422
-27916.591797
-27909.648438
-27904.728516
-27914.544922
-27919.576172
-27910.070312
-27906.072266
-27914.488281
-27914.488281
-27914.455078
-27912.201172
-27904.224609
-27915.285156
-27917.292969
-27914.648438
-27905.250000
-27906.021484
-27918.416016
-27917.828125
-27903.248047
-27906.072266
-27921.904297
-27917.916016
-27904.251953
-27905.365234
-27921.345703
-27920.728516
-27905.005859
-27893.007812
-27895.185547
-27923.322266
-27926.654297
-27933.378906
-27937.478516
-27898.818359
-27889.337891
-27887.103516
-27908.925781
-27933.386719
-27933.386719
-27926.216797
-27906.898438
-27904.205078
-27918.603516
-27922.167969
-27907.269531
-27908.431641
-27909.230469
-27911.632812
-27904.380859
-27911.236328
-27916.582031
-27917.462891
-27908.177734
-27903.966797
-27921.273438
-27921.054688
-27902.466797
-27908.082031
-27916.294922
-27920.449219
-27912.916016
-27900.621094
-27905.322266
-27897.789062
-27922.978516
-27912.503906
-27927.613281
-27939.507812
-27939.507812
-27894.257812
-27878.216797
-27913.109375
-27938.939453
-27931.619141
-27895.089844
-27886.064453
-27909.681641
-27929.740234
-27921.599609
-27904.521484
-27908.546875
-27917.644531
-27913.359375
-27909.015625
-27913.132812
-27908.933594
-27906.783203
-27912.472656
-27918.933594
-27914.402344
-27904.134766
-27904.451172
-27921.445312
-27925.480469
-27909.855469
-27895.589844
-27911.636719
-27922.056641
-27919.113281
-27919.113281
-27907.705078
-27905.175781
-27913.835938
-27914.027344
-27896.912109
-27903.908203
-27919.156250
-27945.730469
-27932.867188
-27908.140625
-27883.972656
-27875.531250
-27907.542969
-27939.994141
-27937.812500
-27910.314453
-27889.306641
-27901.806641
-27931.583984
-27933.671875
-27902.320312
-27888.693359
-27906.404297
-27925.621094
-27921.900391
-27898.376953
-27901.585938
-27920.763672
-27925.224609
-27925.224609
-27911.068359
-27901.675781
-27910.609375
-27916.875000
-27914.236328
-27913.457031
-27911.958984
-27912.142578
-27907.152344
-27902.781250
-27920.261719
-27926.044922
-27911.572266
-27907.115234
-27911.511719
-27910.453125
-27912.138672
-27910.857422
-27913.103516
-27915.867188
-27908.349609
-27903.417969
-27912.960938
-27918.064453
-27911.562500
-27905.888672
-27921.447266
-27923.501953
-27909.960938
-27909.960938
-27897.984375
-27910.496094
-27923.576172
-27918.128906
-27900.240234
-27900.943359
-27917.863281
-27923.345703
-27910.988281
-27907.261719
-27913.011719
-27917.896484
-27907.544922
-27905.634766
-27915.900391
-27917.095703
-27911.642578
-27910.613281
-27918.660156
-27914.150391
-27908.267578
-27901.662109
-27916.144531
-27921.978516
-27907.916016
-27898.888672
-27909.980469
-27914.976562
-27920.402344
-27922.945312
-27922.945312
-27915.007812
-27907.291016
-27897.613281
-27899.140625
-27916.761719
-27927.345703
-27920.621094
-27902.021484
-27904.914062
-27921.123047
-27924.593750
-27905.828125
-27899.328125
-27912.642578
-27917.052734
-27913.503906
-27905.738281
-27913.343750
-27917.275391
-27912.613281
-27901.759766
-27913.927734
-27918.349609
-27912.943359
-27908.919922
-27916.718750
-27916.542969
-27911.066406
-27902.945312
-27902.945312
-27911.400391
-27921.285156
-27914.257812
-27903.669922
-27905.810547
-27918.923828
-27921.787109
-27909.431641
-27901.220703
-27914.820312
-27911.103516
-27899.441406
-27910.433594
-27919.195312
-27940.943359
-27927.474609
-27903.013672
-27900.634766
-27899.349609
-27899.714844
-27911.582031
-27922.580078
-27921.406250
-27909.642578
-27906.677734
-27914.197266
-27925.468750
-27913.568359
-27901.978516
-27903.677734
-27903.677734
-27913.994141
-27918.392578
-27906.468750
-27905.103516
-27917.880859
-27919.199219
-27909.494141
-27907.718750
-27914.779297
-27916.183594
-27911.501953
-27906.697266
-27912.398438
-27917.306641
-27907.615234
-27907.341797
-27919.039062
-27919.201172
-27889.128906
-27903.560547
-27903.599609
-27939.689453
-27956.939453
-27914.384766
-27890.068359
-27881.410156
-27892.833984
-27923.214844
-27939.027344
-27939.027344
-27923.253906
-27897.966797
-27894.919922
-27920.246094
-27932.117188
-27920.400391
-27889.761719
-27896.169922
-27921.875000
-27925.365234
-27905.044922
-27894.091797
-27912.298828
-27927.074219
-27922.507812
-27908.773438
-27905.472656
-27911.402344
-27910.982422
-27910.365234
-27893.236328
-27915.830078
-27914.658203
-27924.234375
-27939.775391
-27934.876953
-27887.939453
-27882.419922
-27887.173828
-27919.259766
-27919.259766
-27930.087891
-27922.908203
-27910.660156
-27917.851562
-27921.724609
-27911.097656
-27907.765625
-27912.208984
-27907.544922
-27904.076172
-27906.939453
-27916.173828
-27915.738281
-27910.335938
-27910.212891
-27919.035156
-27922.962891
-27908.277344
-27902.154297
-27892.728516
-27922.746094
-27936.123047
-27917.242188
-27900.431641
-27903.111328
-27899.943359
-27918.285156
-27932.634766
-27925.773438
-27925.773438
-27897.326172
-27888.728516
-27915.595703
-27938.181641
-27927.300781
-27896.283203
-27880.908203
-27917.695312
-27938.382812
-27921.794922
-27895.341797
-27899.873047
-27911.312500
-27922.136719
-27916.884766
-27914.320312
-27908.412109
-27905.388672
-27911.310547
-27920.386719
-27921.703125
-27906.046875
-27885.136719
-27914.859375
-27938.156250
-27925.113281
-27899.642578
-27895.419922
-27915.423828
-27923.923828
-27923.923828
-27908.869141
-27900.794922
-27912.681641
-27914.900391
-27917.199219
-27914.099609
-27914.507812
-27910.416016
-27913.634766
-27914.501953
-27916.136719
-27912.410156
-27903.597656
-27899.087891
-27921.771484
-27924.734375
-27913.019531
-27896.914062
-27907.794922
-27924.470703
-27914.119141
-27906.457031
-27910.421875
-27921.154297
-27918.093750
-27906.888672
-27909.365234
-27912.507812
-27911.916016
-27911.916016
-27905.476562
-27915.972656
-27916.316406
-27915.458984
-27905.837891
-27905.150391
-27921.117188
-27915.484375
-27910.236328
-27892.410156
-27926.333984
-27922.652344
-27914.685547
-27905.572266
-27910.675781
-27913.984375
-27912.554688
-27906.125000
-27915.023438
-27915.255859
-27914.970703
-27910.070312
-27909.599609
-27917.765625
-27911.101562
-27906.187500
-27907.060547
-27920.943359
-27917.564453
-27917.564453
-27902.351562
-27910.630859
-27914.246094
-27924.292969
-27904.962891
-27910.283203
-27912.453125
-27921.117188
-27909.126953
-27901.835938
-27915.134766
-27922.734375
-27909.939453
-27902.710938
-27906.394531
-27923.648438
-27917.562500
-27904.439453
-27906.201172
-27914.396484
-27918.412109
-27909.773438
-27910.826172
-27919.437500
-27911.880859
-27903.638672
-27910.302734
-27923.845703
-27917.511719
-27902.572266
-27902.572266
-27905.095703
-27917.894531
-27920.062500
-27913.349609
-27902.876953
-27903.064453
-27920.623047
-27918.451172
-27905.191406
-27913.794922
-27915.519531
-27906.355469
-27907.896484
-27925.246094
-27916.425781
-27906.339844
-27897.904297
-27917.833984
-27926.751953
-27913.896484
-27901.255859
-27907.917969
-27919.439453
-27918.199219
-27905.939453
-27906.218750
-27915.468750
-27922.263672
-27908.802734
-27908.802734
-27905.523438
-27914.160156
-27921.537109
-27912.896484
-27906.503906
-27916.728516
-27916.160156
-27908.628906
-27907.431641
-27918.476562
-27920.339844
-27902.242188
-27903.216797
-27914.177734
-27923.119141
-27915.982422
-27899.960938
-27908.781250
-27918.996094
-27919.546875
-27906.259766
-27910.529297
-27913.410156
-27922.275391
-27906.042969
-27904.859375
-27913.464844
-27921.408203
-27910.070312
-27909.337891
-27909.337891
-27916.203125
-27914.927734
-27903.484375
-27907.830078
-27923.382812
-27918.888672
-27906.673828
-27899.734375
-27915.646484
-27921.001953
-27916.189453
-27905.105469
-27910.166016
-27922.511719
-27916.736328
-27905.228516
-27907.140625
-27917.919922
-27918.572266
-27907.064453
-27906.582031
-27913.718750
-27917.626953
-27911.222656
-27910.279297
-27917.087891
-27915.097656
-27906.570312
-27902.703125
-27902.703125
-27917.414062
-27923.949219
-27911.685547
-27903.453125
-27912.150391
-27920.824219
-27911.826172
-27905.941406
-27914.414062
-27919.400391
-27908.302734
-27904.544922
-27916.085938
-27918.958984
-27912.630859
-27904.648438
-27907.683594
-27921.429688
-27915.109375
-27909.824219
-27905.166016
-27920.173828
-27920.240234
-27905.855469
-27903.482422
-27917.775391
-27924.167969
-27911.921875
-27902.822266
-27915.550781
-27915.550781
-27915.005859
-27907.310547
-27911.007812
-27917.244141
-27920.236328
-27908.011719
-27902.468750
-27910.435547
-27918.886719
-27915.556641
-27910.279297
-27907.550781
-27920.724609
-27913.261719
-27909.472656
-27908.419922
-27924.277344
-27911.890625
-27907.144531
-27903.468750
-27921.197266
-27917.582031
-27907.644531
-27909.207031
-27915.771484
-27918.978516
-27905.949219
-27909.136719
-27916.300781
-27916.300781
-27915.423828
-27912.939453
-27906.296875
-27915.080078
-27918.189453
-27913.601562
-27903.318359
-27912.089844
-27925.447266
-27911.974609
-27902.804688
-27907.148438
-27923.527344
-27919.205078
-27906.193359
-27906.367188
-27913.544922
-27914.253906
-27910.134766
-27910.705078
-27919.333984
-27913.396484
-27908.656250
-27905.560547
-27920.296875
-27920.375000
-27908.185547
-27903.931641
-27913.480469
-27922.587891
-27922.587891
-27914.232422
-27904.117188
-27912.607422
-27916.599609
-27916.781250
-27901.087891
-27910.390625
-27919.074219
-27919.205078
-27909.542969
-27904.732422
-27917.076172
-27918.740234
-27911.218750
-27909.738281
-27914.923828
-27915.484375
-27903.679688
-27907.867188
-27919.351562
-27920.369141
-27909.556641
-27903.921875
-27920.052734
-27915.121094
-27907.742188
-27902.195312
-27917.417969
-27923.746094
-27923.746094
-27914.607422
-27903.751953
-27910.216797
-27917.896484
-27915.529297
-27906.068359
-27911.523438
-27914.177734
-27913.203125
-27908.177734
-27912.564453
-27923.541016
-27910.738281
-27905.355469
-27905.292969
-27922.503906
-27920.980469
-27906.691406
-27903.867188
-27917.892578
-27920.882812
-27904.871094
-27905.128906
-27919.523438
-27914.681641
-27913.318359
-27901.943359
-27912.115234
-27919.787109
-27920.841797
-27920.841797
-27904.138672
-27907.105469
-27921.066406
-27914.662109
-27906.169922
-27912.931641
-27913.792969
-27912.421875
-27910.675781
-27913.875000
-27924.009766
-27914.416016
-27903.142578
-27906.412109
-27921.195312
-27914.759766
-27907.865234
-27911.912109
-27911.966797
-27922.808594
-27905.173828
-27901.054688
-27916.146484
-27925.730469
-27909.794922
-27901.265625
-27906.757812
-27922.777344
-27915.585938
-27915.585938
-27905.777344
-27910.857422
-27927.597656
-27919.361328
-27908.318359
-27902.806641
-27905.472656
-27915.117188
-27909.531250
-27916.466797
-27924.019531
-27912.017578
-27903.791016
-27907.062500
-27918.486328
-27921.773438
-27905.488281
-27904.201172
-27916.712891
-27921.894531
-27907.089844
-27913.212891
-27910.025391
-27917.138672
-27909.380859
-27903.876953
-27922.990234
-27920.244141
-27909.769531
-27900.800781
-27900.800781
-27909.937500
-27927.947266
-27910.408203
-27900.230469
-27906.130859
-27919.968750
-27921.023438
-27908.041016
-27912.564453
-27916.269531
-27911.416016
-27910.416016
-27906.234375
-27917.800781
-27921.724609
-27904.566406
-27900.326172
-27917.000000
-27928.097656
-27909.474609
-27904.031250
-27909.824219
-27917.718750
-27914.955078
-27908.445312
-27912.523438
-27917.531250
-27912.896484
-27910.458984
-27910.458984
-27909.603516
-27918.621094
-27911.705078
-27909.363281
-27907.613281
-27919.613281
-27915.761719
-27906.203125
-27913.042969
-27915.437500
-27914.841797
-27902.439453
-27902.929688
-27925.410156
-27924.355469
-27905.367188
-27900.187500
-27917.183594
-27924.671875
-27912.111328
-27900.509766
-27909.232422
-27921.169922
-27919.988281
-27908.335938
-27910.917969
-27907.152344
-27919.095703
-27910.867188
-27915.500000
-27915.500000
-27915.476562
-27909.333984
-27901.267578
-27913.808594
-27927.384766
-27918.273438
-27901.630859
-27900.570312
-27923.248047
-27921.908203
-27911.580078
-27900.984375
-27912.669922
-27921.150391
-27909.759766
-27903.242188
-27911.339844
-27915.726562
-27916.169922
-27906.378906
-27912.775391
-27915.615234
-27911.507812
-27904.851562
-27916.548828
-27919.951172
-27906.835938
-27904.417969
-27912.654297
-27912.654297
-27924.921875
-27919.009766
-27900.794922
-27901.001953
-27920.283203
-27920.744141
-27914.537109
-27895.935547
-27911.533203
-27919.613281
-27915.003906
-27908.152344
-27911.886719
-27911.400391
-27911.123047
-27912.496094
-27914.500000
-27912.583984
-27908.576172
-27907.970703
-27919.791016
-27918.189453
-27906.443359
-27900.628906
-27915.007812
-27924.712891
-27920.439453
-27899.435547
-27897.439453
-27923.343750
-27923.343750
-27924.207031
-27913.253906
-27902.494141
-27908.509766
-27917.558594
-27913.339844
-27912.207031
-27913.603516
-27910.146484
-27910.162109
-27910.648438
-27921.542969
-27918.382812
-27903.267578
-27901.107422
-27918.783203
-27921.128906
-27913.375000
-27901.875000
-27904.785156
-27922.373047
-27922.025391
-27905.931641
-27902.205078
-27913.714844
-27916.878906
-27911.462891
-27917.841797
-27915.408203
-27915.408203
-27909.501953
-27904.853516
-27913.021484
-27925.238281
-27911.658203
-27901.945312
