538.504272
538.504272
538.520081
538.577393
538.467957
537.811035
536.779907
535.592285
533.304016
529.179810
525.028870
523.667725
525.212646
527.390137
529.150635
531.742981
536.134094
541.071655
544.525391
545.677246
544.798462
542.504578
539.755920
537.722961
536.999146
536.753357
535.000732
530.831177
526.268738
524.123230
524.522400
525.770142
527.686279
531.224121
535.764099
539.516907
542.161682
544.541565
546.091431
544.924805
541.081604
537.499634
536.361694
536.034607
533.521606
528.822266
524.814331
523.472900
524.427612
526.798889
530.181641
533.808777
536.899292
539.969849
543.771240
547.368530
548.595215
546.360474
542.144958
538.868408
537.881714
537.354614
534.783142
530.406555
526.568359
524.660278
524.417236
525.626770
528.403198
532.105103
535.896790
539.629272
543.146790
545.508118
545.731445
543.812378
540.857483
538.309265
536.790344
535.374634
532.691467
528.665649
524.763245
522.830444
523.950378
527.405945
530.844116
532.785645
534.370850
537.270569
541.255676
544.620911
545.930237
544.857971
542.128113
539.075073
536.942993
535.773376
534.055054
530.459229
526.026672
523.474731
523.987915
526.110962
528.413757
531.509705
536.100830
540.815308
543.790283
544.943237
545.028625
543.921204
541.358459
538.335754
536.147705
534.912720
533.588257
531.117249
527.782715
525.201721
524.424255
525.002991
526.690063
530.154724
534.869690
538.854004
541.376343
543.637573
545.708496
545.497742
542.294678
538.660828
536.967285
535.979370
533.090576
528.632568
525.413452
524.656738
525.133789
526.143616
528.519775
532.478333
536.737549
540.315308
543.284363
545.304016
545.561157
544.078369
541.805420
539.727966
538.305664
536.922607
534.377502
530.693176
527.214661
524.821106
523.834961
524.819580
527.826660
531.553894
534.737915
537.743713
541.521790
545.254822
546.580750
544.578735
541.164612
538.678833
537.397888
536.035522
533.457703
529.574341
525.534485
523.222900
523.783875
526.613953
529.885986
532.239319
534.034424
536.600159
540.342712
544.014221
545.823547
545.042603
542.442322
539.529358
537.505676
536.454834
534.984314
531.543823
526.844421
523.659363
523.581177
525.506897
527.925049
530.952271
535.129578
539.551697
542.721558
544.448303
545.179932
544.335266
541.425598
538.078552
536.410095
535.680908
533.231201
528.692078
524.723816
523.354187
523.861816
524.872986
526.517517
529.601685
533.789001
537.766113
540.949097
543.765320
545.865784
545.534607
542.256042
538.523254
536.977783
536.619202
534.317078
529.666199
525.596191
524.232056
524.760925
525.868835
527.888062
531.369324
535.506714
539.334534
542.749268
545.360901
545.813416
543.707886
540.734558
538.913513
538.482300
537.879333
535.531738
531.616211
527.751892
525.209656
524.146484
524.680725
527.021973
530.526611
534.074341
537.444702
541.130737
544.656799
546.197449
544.752991
541.705566
539.250732
537.975769
536.664978
533.941528
529.745483
525.591187
523.466675
524.154602
526.609863
529.253540
531.842896
534.914612
538.312378
541.547302
544.318726
545.841675
545.203552
542.803040
540.124329
538.187195
537.011719
535.548035
532.427368
527.831482
524.089905
523.379944
525.343201
528.109375
531.001831
534.495361
538.394043
541.740906
544.159485
545.456482
544.696411
541.687927
538.452026
537.152832
536.858337
534.390564
529.065552
523.998352
522.188599
523.379211
525.367004
526.819946
528.505432
531.926331
536.724915
540.987549
543.955627
545.813965
545.842529
543.286011
539.606873
537.393860
536.869873
535.483948
531.622620
527.067139
524.461365
524.146729
525.221985
527.621155
531.343567
535.202026
538.318726
541.509766
545.036682
546.735107
544.693481
540.596497
537.908386
537.627319
537.868469
536.583435
533.287415
529.011841
525.396057
523.670471
524.192505
526.599487
529.939453
533.163208
536.218994
539.959900
544.093506
546.388245
545.232422
542.012878
539.325745
537.916748
536.679626
534.391296
530.741577
526.702576
524.019836
523.833862
525.745911
528.526245
531.441833
534.822937
538.839478
542.532166
544.826843
545.474121
544.728882
543.106445
541.085388
538.893982
536.790039
534.907410
532.401917
528.571167
524.831604
523.403137
524.624268
527.148254
530.065002
533.456238
537.246460
540.900391
543.924805
545.676758
545.253235
542.535095
539.201965
537.337585
536.741028
534.742798
530.050964
525.369934
523.872131
524.954407
525.896057
526.010559
527.157898
530.800781
536.009338
540.490417
543.153320
544.550171
544.845032
543.451660
540.873840
538.709045
537.367737
535.328003
531.653931
527.720581
525.240906
524.246582
524.367493
526.416321
530.656006
535.137695
538.133301
540.535217
543.676819
546.104431
545.242798
541.512878
538.158081
537.272095
537.854187
537.444946
534.524231
529.811707
525.657104
523.767334
524.170837
526.163452
529.004028
532.091003
535.478455
539.574768
543.684937
545.854126
544.931763
542.227112
539.947083
538.599487
537.119629
534.741150
531.429688
527.649170
524.535156
523.376831
524.556274
527.385071
530.777466
534.300171
538.167725
542.026733
544.762939
545.878967
545.717407
544.346741
541.728638
538.785583
536.914795
536.025757
534.108521
529.863403
525.071533
522.963806
524.260681
526.836731
529.282959
532.314758
536.375671
540.410583
543.445679
545.282715
545.475647
543.436890
539.909668
537.159668
536.229980
535.069763
531.496643
526.936768
524.464417
524.569092
525.403687
525.983093
527.246887
530.399536
534.973938
539.133179
542.092529
544.397217
545.703979
544.675842
541.469421
538.363953
536.862610
535.665771
532.744812
528.606567
525.639038
524.654236
524.791748
526.084351
529.264160
533.597534
537.450745
540.665161
543.894714
546.147400
545.526917
542.337952
539.220093
537.901062
537.747314
537.035889
534.506042
530.389221
526.352173
524.045654
523.873657
525.489746
528.377502
531.771423
535.232544
538.870972
542.526123
545.120667
545.491577
543.741821
541.118225
538.711670
536.735413
534.759155
532.103882
529.634705
529.683289
532.009888
532.796204
529.792358
525.457642
523.391052
524.349731
526.709656
529.206177
532.402344
536.786316
541.110718
544.063049
545.470032
545.258240
543.216309
540.139648
537.504517
535.844482
534.678345
533.155396
530.352722
526.688293
524.323975
524.455872
525.784424
527.466431
530.605164
535.221863
539.384644
542.153503
544.283508
545.757629
545.049438
541.796570
538.242676
536.486511
535.540527
532.884277
528.458801
524.926880
523.975342
524.782349
526.529480
529.667664
533.849854
537.590088
540.517212
543.241089
545.292847
545.689697
544.326172
541.733948
539.125244
537.725037
536.711975
533.987122
529.651794
525.932007
524.054871
523.864746
525.288574
528.305481
532.150696
535.866455
539.209961
542.456909
545.128479
545.711548
543.634521
540.508057
538.386414
537.287292
535.502258
532.156189
528.125549
524.904785
523.601685
524.713074
527.653992
530.643250
532.472717
534.032288
536.873535
540.921021
544.333008
545.433167
544.045593
541.411072
539.046021
537.498352
536.143372
533.913940
530.283325
526.165222
523.676941
524.205750
526.654785
529.169800
531.727661
535.393494
539.900635
543.512878
545.021667
544.533447
542.714111
540.240356
537.998291
536.581055
534.997925
531.953613
528.195923
525.426453
524.247925
524.274841
525.196472
527.016235
530.187195
534.764404
539.197998
542.018188
543.767456
545.165161
545.024048
542.099426
538.223450
536.403381
536.217957
534.356506
529.824524
525.501160
523.846802
524.328796
525.856262
528.673523
532.887024
537.088440
540.112427
542.612122
545.102234
546.016663
544.034058
540.538757
537.946289
536.965820
536.466980
534.872559
531.561523
527.539368
524.534119
523.521240
524.666138
527.648132
531.547546
535.099731
538.125671
541.534851
544.983398
546.235535
544.144165
540.724976
538.596008
537.720764
536.168396
532.961914
529.004333
525.773804
524.187622
524.473694
526.398315
529.503479
532.907227
535.773865
538.260254
541.036621
543.751343
545.079895
544.413696
542.402832
539.984680
537.789734
535.989624
534.106506
531.328491
527.612671
524.400391
523.560425
525.388672
528.445190
531.574280
534.853821
538.492920
542.014771
544.699951
545.778442
544.601440
541.500183
538.200562
536.394287
535.582092
533.393616
528.978394
524.462585
522.367920
523.132996
525.422852
527.712769
529.802856
532.706665
536.780701
540.915161
544.015381
545.582581
545.100098
542.471558
539.137146
537.190125
536.602173
534.850830
530.646851
526.073486
523.753052
523.871033
525.496582
528.499512
532.611084
536.442993
539.160156
541.779541
544.861511
546.360779
544.249390
539.874634
536.674561
536.307983
537.210693
536.393860
532.641907
527.908142
524.891174
524.117493
524.711792
526.574219
529.955750
534.052368
537.774048
541.148499
544.305603
545.845032
544.447449
541.339783
538.962585
537.887817
536.542236
533.589355
529.656006
526.410217
524.644409
524.264221
525.438538
528.265930
531.998962
535.858337
539.456055
542.450500
544.645752
545.735107
545.067261
542.598328
539.807312
538.189270
537.245544
535.339355
531.773987
527.525024
524.362915
523.533203
524.977112
527.584351
530.576843
534.140747
538.367249
542.293884
544.614685
545.025024
543.999390
541.823853
539.064331
536.949524
535.706970
533.665161
529.789551
525.841187
524.129517
524.755127
526.236511
527.424500
528.598877
531.275940
536.062439
541.035400
543.950134
544.891174
544.828796
543.474609
540.586548
537.623413
535.973511
534.560974
531.496704
527.406311
524.669983
524.151672
525.223938
527.668396
531.446472
535.619568
538.988770
541.486938
543.870789
545.642883
544.833435
541.274292
537.868042
536.902344
537.297607
536.388733
532.869995
528.061035
524.894775
524.775574
526.150635
527.550903
529.666321
533.027588
536.631531
539.967163
543.337708
545.540527
544.700256
541.792603
539.908752
539.474060
537.596375
533.239929
529.152893
527.150574
525.706238
523.840027
523.540344
526.688965
532.076843
536.878784
539.822510
541.620728
543.235107
544.886841
545.771851
544.561462
541.262512
537.931335
536.223755
535.355530
533.465027
529.716736
525.198425
522.541626
523.546875
527.193237
531.019165
534.113892
537.406982
541.245361
544.202026
544.640930
542.768372
540.717590
540.201050
540.208679
538.199463
533.612000
528.971191
526.071533
525.056824
525.387634
525.327209
524.207886
524.769836
529.218567
535.581482
540.711060
543.712585
544.568298
544.237915
543.509583
541.510742
538.113892
535.640869
534.984680
533.379211
529.041809
524.624878
523.101562
524.309570
526.961914
530.590332
534.526550
537.866455
540.746033
543.950317
546.564880
546.006226
541.858704
537.689636
536.609619
537.593262
537.427063
534.238708
529.080872
525.069458
524.145935
525.197205
526.558105
528.579895
532.067017
536.307922
539.707520
541.879395
543.895325
545.758423
545.619995
542.698975
538.569702
534.922424
532.401062
530.950378
529.356812
526.374451
523.393799
523.451172
527.238831
532.211121
535.598816
537.440369
540.004578
543.927063
547.045776
547.218384
544.524048
540.809814
538.150024
537.191772
536.323608
533.534607
529.250122
525.653992
524.237366
524.968018
526.902832
529.122803
531.744385
535.785156
540.921509
544.720520
545.485840
544.083496
542.251160
540.571289
538.701843
536.510071
534.038208
531.080078
527.679443
524.849487
523.955750
525.253784
527.462891
529.505432
531.862061
535.211243
538.927979
541.957092
544.070374
545.193604
544.556702
541.739624
538.148926
536.130920
535.767517
534.186401
529.754395
525.018921
523.396179
524.831360
527.068298
529.419495
532.786194
537.124084
541.208679
544.193542
545.756226
545.192993
542.140930
538.254456
536.227173
536.166870
535.084778
531.360107
526.960022
524.351135
523.836609
524.559204
525.986572
528.143677
531.285706
535.018005
538.547729
541.999695
545.333069
546.594910
544.085205
539.786621
537.342163
537.158081
536.246460
532.680908
528.054016
525.132019
524.620178
525.398499
526.977905
529.774170
533.447021
537.124512
540.699036
544.023438
545.734985
544.979492
542.828552
540.672241
538.871094
537.377869
535.954773
533.817139
530.524780
526.872131
524.204163
523.668945
525.678528
529.261475
532.669434
535.394104
538.566040
542.623840
545.864075
546.207703
543.694824
540.352539
538.011658
536.793640
535.363403
532.346802
527.967224
524.307007
523.417114
525.232361
528.090698
530.858948
533.376343
535.859497
538.690186
541.805176
544.197571
544.981506
544.323364
542.530334
539.809692
537.138977
535.352112
533.603455
530.453064
526.431335
523.793213
523.795715
525.776489
528.811096
532.686157
536.897034
540.368774
542.680847
544.351257
545.207764
543.913940
540.355591
537.041504
535.964233
535.370911
532.306335
527.235352
523.384583
522.484924
523.486572
525.027710
527.217407
530.656250
534.827576
538.611206
541.856628
544.813965
546.346130
544.794250
540.929932
537.929688
537.304871
536.770813
533.692688
528.947876
525.402222
524.202576
524.605530
526.168762
528.991150
532.590088
536.233643
539.891907
543.512817
545.813354
545.254089
542.289490
539.225647
537.799255
537.644470
537.052185
534.743164
531.031494
527.382263
524.987366
524.295166
525.534485
528.359680
531.579590
534.462402
537.683044
541.750977
545.302490
546.160217
543.878113
540.397522
538.002136
536.991699
535.696533
532.668457
528.431458
524.836548
523.459167
524.629333
527.298706
530.111328
532.966003
536.346375
539.765869
542.423157
544.223267
545.086182
544.610352
542.780090
540.230103
537.915955
536.252197
534.250732
530.805969
526.704895
524.077087
524.025574
525.807556
528.268921
531.312805
535.280640
539.393677
542.276489
543.798340
544.530151
543.943115
541.442749
538.459656
536.848511
535.789795
532.921875
528.264709
524.537476
523.502625
524.292175
525.513916
527.074402
529.766357
533.806641
538.101746
541.336914
543.456909
544.782776
544.450439
541.818420
538.566833
537.002502
536.598816
534.591797
530.281311
526.101440
524.097107
524.041199
525.448425
528.520386
532.685242
536.452332
539.297607
542.113770
544.947937
545.831970
543.448181
539.688599
537.544800
537.517029
537.590332
535.769653
531.939636
527.804993
525.132202
524.215698
524.690552
526.802063
530.546753
534.793945
538.448669
541.530640
544.193115
545.500427
544.485474
541.792175
539.047424
536.981079
535.088257
532.788269
529.983398
526.955444
524.530579
523.920410
525.690491
529.028320
532.666565
536.226868
539.911316
543.348755
545.645142
546.338501
545.465149
543.223145
540.308105
537.852478
536.270264
534.563293
531.465332
527.277100
524.149902
523.957336
526.101135
528.556213
530.790039
533.983887
538.410278
542.472229
544.727478
545.142761
544.087036
541.771667
538.992371
536.934814
535.466125
532.911926
528.669495
524.831665
523.708923
524.873718
526.188416
526.994690
528.786133
532.662476
537.337646
540.833313
543.106934
545.001770
545.641357
543.528992
539.738403
537.221497
536.669983
535.402771
531.345398
526.336914
523.693726
523.977051
525.494141
527.681458
531.208313
535.488525
539.062012
541.852356
544.498169
545.967590
544.465088
540.772522
537.818054
536.984741
536.949463
535.703308
532.563416
528.550171
525.396545
523.992920
524.271057
526.208130
529.616394
533.558533
537.198364
540.631592
543.885071
545.698425
544.810791
541.987427
539.345581
537.825989
536.460632
534.066406
530.679321
527.157959
524.393005
523.372803
524.848755
528.316467
532.257629
535.787598
539.137878
542.475586
545.207520
546.403748
545.649475
543.471313
540.852966
538.381104
536.170654
534.207764
532.087402
529.144714
525.768433
523.737427
524.435059
527.243896
530.623535
533.986450
537.585083
541.213501
544.045776
545.383850
544.878174
542.527649
539.176697
536.526611
535.256592
533.768250
530.428955
526.346375
524.079346
524.488220
526.223267
527.749390
529.269531
532.184265
536.542480
540.531311
542.987671
544.469971
545.131226
543.814270
540.446045
537.321899
536.169800
535.280579
532.117126
527.523193
524.594421
524.389343
525.619446
527.545837
530.640320
534.648499
538.235840
541.064575
543.915161
546.036743
545.221008
541.584595
538.314758
537.175720
536.228027
533.529053
529.944214
527.153809
525.461670
524.541992
524.568237
525.982178
528.910095
532.679626
536.310852
539.797485
543.437500
546.020691
545.621643
542.490906
539.256165
537.728210
536.905273
534.756897
530.948120
526.966553
524.371826
523.686340
524.913513
527.935303
531.817200
535.236084
538.194946
541.643250
545.021851
546.602478
545.817871
543.430908
540.529480
538.232239
537.091553
536.163574
533.701538
529.304749
524.854492
522.954590
524.349731
527.403442
530.291626
532.930054
536.404297
540.869385
544.639832
545.975708
544.896912
542.410400
539.434998
537.017883
535.852478
534.674744
531.447815
526.703247
523.417297
523.402954
525.677673
528.491699
531.007141
533.236267
535.829468
539.309814
542.961548
545.377197
545.744385
543.926941
540.577515
537.678833
536.693665
536.080566
533.163269
528.339111
524.771606
524.059692
524.934509
526.441040
529.367920
533.729187
537.729858
540.476807
543.153442
545.895996
546.270691
542.894653
538.444824
536.508667
536.589783
535.037292
530.656799
526.138489
524.016541
524.077759
525.044128
526.520264
528.788696
531.798279
535.136475
538.752808
542.646729
545.618713
545.880554
543.300415
540.045593
538.186340
537.384827
535.648804
532.132629
528.121277
525.166992
523.789307
524.232361
526.779846
530.770325
534.633301
537.757141
540.876221
544.063721
545.745911
544.625610
541.689270
539.076050
537.722717
537.077271
536.009155
533.609436
529.926636
526.237549
524.167664
524.427979
526.419250
529.067139
532.022644
535.675232
539.821899
543.273499
544.900269
544.541748
542.789001
540.331299
537.921875
536.274231
534.980042
532.452026
528.225708
524.424622
523.505615
525.430786
528.303894
531.067810
533.843750
536.705139
539.498169
542.116516
544.256226
545.270996
544.472595
541.829224
538.604858
536.607605
535.784851
533.966858
529.929199
525.594543
523.778381
524.732239
526.796265
529.417603
533.050720
537.054993
540.326843
543.059326
545.488220
546.009399
543.201416
538.941772
536.652100
536.548950
535.384277
531.411011
526.793396
524.262756
524.005493
524.682434
525.715637
527.738586
531.219177
535.252747
538.603638
541.533813
544.548401
546.174683
544.597229
540.861816
537.905640
536.782959
535.729858
532.943054
528.944031
525.575562
523.874695
524.118347
526.455017
530.202576
533.834595
536.835327
540.122009
543.734009
545.837830
544.971313
542.119141
539.566101
538.337952
537.677063
536.338074
533.728210
530.236633
526.912415
524.699097
524.090576
525.346497
528.239868
531.841797
535.462769
539.158325
542.669800
544.946533
545.259644
543.823181
541.345032
538.751404
536.845032
535.416809
533.093506
529.100891
524.955505
523.234924
524.662109
527.570984
530.434387
533.487061
537.079712
540.473328
542.923706
544.469910
545.179443
544.579590
542.306458
539.109192
536.743713
535.851746
534.420898
530.609436
525.992188
523.657104
524.279663
526.193665
528.428589
531.587036
535.858276
539.965027
542.804871
544.585022
545.213379
543.625000
540.298950
537.848816
537.261230
536.185059
532.598022
527.927734
524.935486
524.277527
524.705139
525.363770
526.880493
530.187134
534.664001
538.480225
541.120667
543.607483
545.547241
544.888184
541.589844
538.447144
537.206909
536.304565
533.631897
529.597778
526.230347
524.606201
524.550720
525.966736
528.861267
532.555542
536.123535
539.546204
543.026672
545.462463
545.209595
542.487793
539.406494
537.631042
537.132507
536.710815
534.951965
531.512695
527.670593
525.075134
524.299683
525.173828
527.418152
530.533813
534.042419
537.828918
541.603760
544.357422
545.023987
543.687683
541.439758
539.232727
537.389038
535.716736
533.383240
529.726440
525.799438
523.760498
524.427979
526.759705
529.532715
532.755676
536.845154
541.037537
543.800781
544.786316
544.961121
544.717651
543.228394
540.169983
537.005493
535.473267
534.744690
532.182495
527.555725
523.975098
523.747803
525.846069
528.378174
531.204163
534.857788
538.812988
542.062317
544.323425
545.385437
544.360535
541.195435
537.888428
536.423889
535.811035
533.251282
528.501099
524.620972
523.868042
525.276428
526.809692
528.000366
529.903442
533.228882
537.115784
540.505310
543.540771
545.880371
545.711365
542.614197
539.061707
537.309204
536.543152
534.481201
530.701172
527.034241
524.992188
524.437500
525.126465
527.566589
531.592834
535.735291
539.021851
541.983459
544.771423
545.784851
543.783081
540.285095
537.897339
536.978210
536.127747
534.484863
531.868103
528.406006
525.156250
523.683289
524.591980
527.199768
530.372192
533.357910
536.533142
540.509155
544.361938
546.041748
544.812683
542.049316
539.406128
537.450562
535.922119
533.981262
530.805908
526.813904
523.921265
523.685242
525.766113
528.676514
531.597961
534.985107
539.088196
542.881592
545.204041
545.901367
545.372681
543.637024
540.759949
537.770020
535.963440
535.020752
532.916931
528.786316
524.818787
523.627502
525.144714
527.573425
530.247925
533.697449
537.743164
541.371765
543.944519
545.188782
544.646484
542.147156
538.907471
536.830750
536.003174
534.135742
530.005798
525.811340
524.213440
524.965759
526.403137
527.882141
529.875977
532.836304
536.356140
539.615906
542.560181
545.202209
545.962463
543.399719
539.486816
537.524902
537.478760
536.102722
531.834167
527.009766
524.566589
524.628967
525.637451
527.281860
530.362366
534.551025
538.563171
541.930847
544.643860
545.607361
543.884460
540.869019
538.801270
537.753174
536.017029
533.069885
530.140747
528.001404
526.199463
524.621399
524.390076
526.423279
529.942749
533.320435
536.083923
539.320007
543.373901
546.132385
545.405518
542.084351
539.076172
537.742859
536.968567
535.007141
531.290771
527.042542
524.264587
523.899170
525.438232
528.007385
531.118347
534.753540
538.858337
542.584473
544.691711
544.863647
543.984558
542.805542
541.035095
538.460327
536.133179
534.952454
533.604980
530.228821
525.796875
523.415833
524.357117
527.003723
529.808289
532.950317
536.756531
540.595337
543.677185
545.481750
545.298706
542.726440
538.979980
536.496460
536.085693
535.366455
531.894775
526.963989
524.053772
524.324219
526.061707
528.076782
531.014771
534.970703
538.491760
540.656311
542.337402
544.404724
545.760742
544.443237
540.694092
537.439514
536.598450
536.227417
533.373535
528.552551
524.995544
524.168762
524.922058
526.542969
529.592529
533.666260
537.232971
540.099182
543.259277
545.912231
545.543579
541.890503
538.144958
536.783569
536.501831
534.543213
530.503235
526.503113
524.262329
523.613403
523.965271
525.605408
528.721497
532.300476
535.351318
538.319275
541.918701
545.138367
545.896301
543.679688
540.391479
538.095459
536.890991
535.341309
532.464111
528.696045
525.385071
523.932312
524.869629
527.358154
530.176575
533.147522
536.887207
541.174194
544.584595
545.802307
544.715454
542.203735
539.433777
537.371582
536.402710
535.877563
534.361145
530.973572
526.718384
523.964355
524.176880
526.561462
529.429504
532.241699
535.585205
539.455872
542.825562
544.889709
545.409302
543.905762
540.542847
537.432129
536.436035
535.995117
533.052002
527.890625
524.094604
523.845947
525.897705
528.191101
530.505615
533.810242
537.912354
541.204102
543.011902
544.384338
545.567688
544.916809
541.755920
538.275269
536.832275
536.450867
534.171875
529.577881
525.618713
524.511780
525.288879
526.410889
528.388306
532.107056
536.523804
540.011292
542.623901
544.898987
545.616211
543.413696
539.757874
537.448425
536.727905
535.268921
531.716858
527.454834
524.745300
524.211914
524.763367
525.775208
527.872437
531.161987
534.646790
537.901855
541.448486
544.783020
545.958984
544.095703
540.855652
538.505615
537.366028
535.972168
533.253479
529.589600
526.081482
523.881958
524.009766
526.449341
529.799255
532.858765
535.932922
539.738953
543.634460
545.805176
545.132141
542.439209
539.518677
537.459106
536.397766
535.860840
534.731201
531.995117
528.056335
524.763733
523.776855
525.219604
528.041748
531.291870
534.744934
538.389526
541.781128
544.255554
545.256470
544.254456
541.276855
537.833252
535.972656
535.546143
533.945923
529.794434
525.323364
523.593384
524.832764
527.110657
529.566528
532.879944
537.017517
540.502136
542.371521
543.433411
544.616516
545.059143
543.204285
539.591064
536.944153
536.355347
535.260681
531.291504
526.317261
523.969910
524.751221
526.458313
528.167236
530.902832
534.958008
539.084167
542.363770
544.751709
545.587402
543.924500
540.632874
538.022827
536.908875
535.601074
532.540527
528.622009
525.802368
524.592346
524.123901
524.329773
526.377747
530.422607
534.595337
537.366089
539.788330
543.302002
546.317322
545.919922
542.238281
538.565796
537.062805
536.402283
534.247314
530.391541
526.596252
524.378052
524.044861
525.386536
528.180603
531.885864
535.662170
539.136047
542.359192
544.788147
545.279541
543.485718
540.545959
538.005188
536.588074
535.989807
535.166809
532.899231
528.969849
525.038757
523.398621
524.658813
527.538330
530.702393
533.888000
537.455444
541.289429
544.374023
545.606995
544.686890
542.045593
538.795837
536.608704
535.932556
534.693604
530.891296
525.960327
523.451477
524.583069
527.207031
529.269897
531.407410
535.106567
539.830627
543.526917
545.163330
545.417542
544.945984
543.350281
540.476318
537.659180
536.236206
535.185791
532.282288
527.800659
524.577332
524.116089
525.360901
527.371948
530.447449
534.450134
538.248718
541.291809
543.991089
545.868286
545.141235
541.525574
537.842957
536.704285
536.681213
534.315002
529.404785
525.300537
524.177429
525.055237
526.271301
527.521362
529.509216
532.660645
536.411316
540.025757
543.400696
545.885681
545.851990
543.041931
539.699219
537.954224
537.120300
534.991821
531.083679
527.170227
524.897583
524.330688
525.182251
527.535706
530.917236
534.467590
538.057983
541.851379
544.959656
545.838745
544.071411
541.033997
538.582092
537.214539
535.846130
533.631958
530.913635
528.250916
525.769043
524.011963
524.221191
526.711487
530.031555
532.927368
535.952393
539.945312
543.910950
545.953613
545.260010
542.467834
539.246643
537.281372
536.567261
535.171326
531.510132
526.560242
523.366333
523.852295
526.577148
528.916626
530.737244
533.907410
538.713867
543.065125
545.206421
545.466003
544.917847
543.568542
541.007385
538.166931
536.587341
535.740417
533.286682
528.761597
524.796448
523.693481
524.928223
526.997131
529.675415
533.243591
537.214355
540.840271
543.861755
545.854492
545.627380
542.489929
538.353149
536.470215
536.913269
535.803040
531.048950
525.776001
523.734741
524.672791
526.450317
528.578064
531.317688
534.054749
536.448547
539.171875
542.617188
545.721008
546.398621
543.695801
539.559082
537.077332
536.648376
535.794373
532.742310
528.458191
525.142212
523.900085
524.604370
527.008423
530.552185
534.019348
536.941406
540.240845
544.100647
546.483887
545.454712
541.921570
538.629150
536.978699
536.018372
534.076416
530.804321
527.354492
524.858032
523.627258
523.995728
526.286865
529.597351
532.535217
535.212585
538.723450
542.876404
545.798401
545.966309
543.591736
540.244507
537.593689
536.193054
535.007751
532.413879
528.281189
524.593994
523.566040
525.322693
528.196167
531.062561
534.144287
537.695679
541.146301
543.810242
545.256592
544.845093
542.516052
539.432922
537.056030
536.091919
535.932190
534.552917
530.470764
525.399292
522.881409
523.995544
526.809082
529.619507
532.610901
536.161377
539.658997
542.675903
545.166199
545.954285
543.644043
539.596802
537.176636
536.995789
535.904602
531.834961
526.927917
524.378357
524.528320
525.756653
527.546814
530.705566
535.002625
538.574646
540.402466
541.765930
543.961792
545.706177
544.681641
541.111572
537.905884
536.857117
536.313416
533.804504
529.575439
525.856873
523.947937
523.912537
525.912781
529.648560
533.589355
536.611267
539.438477
542.932190
545.795166
545.736328
542.721069
539.251648
537.320679
536.450928
534.914734
531.848389
527.903320
524.460144
522.628296
522.943176
525.248962
528.499756
531.600342
534.627991
538.310059
542.366211
545.176025
545.396851
543.408875
540.785034
538.625793
536.908142
535.103333
532.611206
529.252502
525.970398
524.291199
524.812744
526.833862
529.593445
533.006714
536.962158
540.740295
543.466980
544.792175
544.684692
543.044312
540.270447
537.485901
535.809692
535.309814
534.496094
531.605835
527.099365
523.890198
523.907288
526.021301
528.528809
531.372131
535.044678
539.035828
542.465637
544.885132
545.651672
543.981873
540.532715
537.723938
536.960388
536.309143
533.031067
527.929688
524.617432
524.515991
525.729797
526.968262
529.351379
533.589111
538.130737
541.071411
542.461487
543.688843
544.998291
544.854065
542.336182
539.074646
537.255066
536.329712
534.069580
530.145996
526.456299
524.445251
524.172302
525.477844
528.344849
532.205688
535.886536
538.896606
542.023743
545.224548
546.258789
543.666077
539.650696
537.408447
537.038879
535.938354
532.401123
527.711487
524.488586
523.636230
524.188110
525.555725
527.825684
530.538086
533.383545
537.063843
541.626343
545.128601
545.594910
543.515930
540.991150
539.138855
537.642151
535.860901
533.350220
530.050293
526.714478
524.643311
524.589111
526.299866
528.989197
532.205383
535.987610
539.975159
543.226624
544.962158
544.885010
543.035034
540.213257
537.800842
536.503723
535.946167
535.029297
532.372925
527.919434
524.104126
523.546631
525.752930
528.263611
530.318848
533.226562
537.554260
541.915710
544.710754
545.450073
544.195251
541.345764
538.297119
536.745483
536.160400
533.838867
529.104492
525.063049
524.317078
525.537659
526.607666
528.237549
531.888550
536.663330
540.521606
542.839722
544.383118
545.593262
545.614136
543.404114
539.852600
537.334473
536.401245
534.941589
531.563110
527.557434
524.832642
523.936279
524.803833
527.650879
531.851746
535.612244
538.146790
540.807739
544.309448
546.456665
544.864868
540.802246
537.784058
537.009094
536.308350
533.479309
529.041138
525.336914
523.952454
524.844360
526.952148
529.142517
531.079529
533.278992
536.276367
540.036865
543.676208
545.549500
544.675659
542.077332
539.536438
537.805481
536.461182
534.551392
531.406067
527.514404
524.443176
523.638428
525.359619
528.534363
531.782227
534.909180
538.458679
542.129639
544.760742
545.516724
544.156921
541.055908
537.749451
535.974854
535.898193
535.914307
533.851807
529.226746
524.538452
523.068665
525.080017
528.020386
530.406921
533.144531
536.978149
540.931152
543.708252
545.033081
544.844604
542.763977
539.360901
536.662476
535.731262
534.665466
531.216797
526.637451
524.101257
524.358948
525.838013
527.987488
531.480408
535.782776
539.358459
541.967590
544.337646
546.283386
546.429993
543.812317
539.612671
536.856628
536.848938
536.739746
533.253845
527.610352
523.815552
523.596375
525.386292
527.500305
529.901367
533.055786
536.831604
540.911072
544.627441
546.348450
544.800171
541.276306
538.625671
537.702393
536.605103
533.638489
529.533081
526.216675
524.510437
524.280090
525.679749
528.531067
531.645325
534.042419
536.091064
538.774292
542.265076
545.302429
546.014282
543.920227
540.580261
537.800110
536.091064
534.656799
532.284912
528.642944
525.072205
523.626221
525.054016
528.113403
531.057068
533.629700
536.939209
541.241760
544.824097
545.749512
544.018433
541.242676
538.826111
537.118896
535.605408
533.348755
530.117676
526.881165
524.759216
524.136963
524.823181
526.414612
528.791809
532.329285
536.702637
540.454773
542.828064
544.335144
544.982056
543.700012
540.392334
537.155457
535.909485
535.412476
532.721313
527.835632
524.187439
524.009766
526.006042
528.266479
530.852661
534.353943
538.254700
541.730774
544.419922
545.585266
544.523926
541.856384
539.075623
537.464172
537.320984
536.919067
533.816406
528.634644
524.921570
524.286011
525.092712
526.165894
528.573059
532.903076
537.477661
540.674622
542.942139
544.884277
545.250854
542.946472
539.439026
537.161987
536.378052
535.093384
531.833801
527.434082
524.004028
522.980164
524.678406
528.341553
532.154724
534.395996
535.307068
537.080017
541.127441
545.699829
547.236328
544.491272
540.181458
537.612244
537.029236
536.089661
533.122742
529.014832
525.816650
524.508850
524.818298
526.403931
529.166504
532.844238
536.995239
540.982056
543.882019
545.118896
544.824036
543.115967
540.109436
536.888794
534.950073
533.957886
531.952820
528.403320
524.788574
522.769897
523.244263
525.892517
529.150208
531.884033
534.729553
538.407593
542.163452
544.746338
545.378052
543.887329
540.960510
538.234497
536.960510
536.022339
532.972656
527.984741
524.479370
524.475586
526.176270
527.470947
529.109985
532.661743
537.428528
541.273560
543.425964
544.636902
544.841309
542.904968
539.173828
536.071289
535.369324
535.872864
534.663818
530.702209
526.246399
523.998901
524.139160
525.635681
528.429321
532.328491
535.963928
538.709229
541.638916
544.928894
546.200439
543.633301
539.361755
537.156067
537.305237
536.421387
532.424683
527.348572
524.353149
524.026367
525.104065
527.136292
530.505981
534.614868
537.896606
539.811279
541.499023
543.787048
545.488647
544.883118
542.157410
539.109314
536.995483
535.566223
533.712463
530.716858
527.093872
524.277893
523.628052
525.543213
529.044250
532.618652
535.938477
539.744995
543.696594
546.003906
545.628784
543.358643
540.511108
537.935852
536.076111
534.653870
532.490417
528.966858
525.392578
523.527527
523.687866
525.257202
527.679993
530.546997
533.813110
537.733582
541.803223
544.765076
545.776550
544.666870
541.807922
538.499756
536.509644
535.827637
534.112427
530.010254
525.601990
523.863159
524.984375
527.048767
529.159668
532.034424
536.032043
540.073120
543.047485
544.891418
545.383301
543.535217
539.772034
536.666565
536.062439
536.659119
535.526672
531.606140
527.016296
524.636169
524.939819
526.347778
528.186829
531.089111
534.924622
538.517578
541.478455
544.152588
545.731140
544.620850
541.207825
538.200806
537.177551
536.384216
533.460449
529.062744
525.674561
524.265747
524.484680
526.362183
529.794861
533.627808
536.898743
539.924377
543.109924
545.795166
546.745911
545.302551
542.191833
539.254395
537.687256
536.636902
534.454407
530.880005
527.062683
524.359619
523.716675
525.400146
528.643005
532.042480
535.041504
538.455139
542.538513
545.554810
545.611511
543.087158
540.012695
537.889893
536.816040
535.709167
533.208984
529.187927
525.372925
523.818726
524.712891
526.571228
528.300232
530.126953
532.852051
536.789429
541.154114
544.413818
545.563843
544.723022
542.332947
539.166626
536.703735
535.726746
534.711365
531.511292
526.797485
523.752930
524.023560
526.203064
528.554932
531.219727
534.936096
539.233826
542.871216
545.183960
545.847839
544.219849
540.611938
537.295593
536.115967
536.339417
535.624878
532.420654
527.751770
524.541260
524.295471
525.664368
527.301697
529.856140
533.758728
537.863281
541.087341
543.591003
545.314941
545.024841
542.203979
538.783325
537.000916
536.170959
533.874268
529.915161
526.520569
524.927490
524.493958
525.239746
528.143066
532.587769
536.504333
539.510071
542.885010
546.522339
548.263062
546.402893
541.951721
538.276978
537.687500
538.376221
536.639893
531.921204
527.176331
524.713806
524.265320
525.101379
527.299683
530.619385
534.179932
537.631897
541.174622
544.365112
545.860596
544.784668
541.930237
538.992432
536.996399
535.590515
533.556641
530.106750
526.009033
523.299011
523.463440
526.121643
529.420166
531.819092
533.603638
536.166870
539.875427
543.402893
545.281860
545.117432
543.135315
540.058044
537.368713
536.091980
535.072083
532.188477
527.600769
524.093994
523.695557
525.537292
527.816589
530.423523
534.087463
538.343750
541.884155
544.270203
545.515198
544.677368
541.257751
537.456665
536.100586
536.301086
534.878845
531.086609
526.935181
524.448059
524.241638
525.487427
526.950134
528.860046
532.312561
536.743530
540.546814
543.200989
544.909180
544.998413
542.748352
539.437073
537.390869
536.673950
534.895447
531.026367
527.040527
524.934692
524.588989
525.403687
527.640381
531.197510
534.903564
538.075378
541.259766
544.430847
545.908142
544.603455
541.701904
539.137695
537.696045
536.858826
535.429626
532.573120
528.891479
525.896484
524.400940
524.651428
526.765076
530.177307
533.648926
536.769714
540.202209
543.701477
545.574402
544.793396
542.213318
539.481812
537.533508
536.134888
534.265747
531.162170
527.376282
524.553894
524.070862
525.807861
528.521423
531.073425
533.240906
535.802368
539.361023
542.980652
545.008972
544.958679
543.435974
540.958435
538.201843
536.189270
534.930725
532.840332
528.930420
524.998840
523.718689
525.184875
527.528748
530.059082
533.417053
537.422302
540.903564
543.339783
544.879517
545.014465
542.886780
539.284485
536.622559
535.784424
534.656433
531.227417
526.594910
523.492493
523.001587
524.113892
525.770386
528.217896
532.078735
536.533752
539.888489
542.045654
544.123657
545.358459
543.659790
539.733093
536.958252
536.484375
535.720276
532.401123
527.859924
524.867737
524.202332
525.031799
527.225342
530.884583
534.839172
537.883789
540.558899
543.594177
545.623901
544.597351
541.109985
538.020020
537.027466
537.160645
536.423462
533.818481
530.038757
526.666931
524.678955
524.262329
525.665894
528.797668
532.537537
535.899902
539.242310
542.814270
545.219360
545.022034
542.825684
540.354492
538.383972
536.526733
534.264465
531.427979
528.220825
525.188477
523.493164
524.365356
527.435059
531.105225
534.785095
538.619202
541.887817
543.626770
543.911743
543.537048
543.173340
542.543579
540.601379
537.476624
534.701111
532.557556
529.774231
526.304749
524.053589
524.277832
526.266541
528.972290
532.265686
536.163696
540.032776
543.026611
544.762146
544.949646
543.139038
539.867737
537.338989
536.665833
535.500427
531.502197
526.380188
523.349304
523.160583
524.726746
527.129089
529.582703
531.528992
533.357178
536.238098
540.877319
545.835754
547.729858
544.790466
539.599792
536.722595
537.235291
537.424377
533.923157
528.299194
524.640930
524.247498
525.247620
526.432495
528.645630
532.526123
537.057434
541.110352
544.167236
545.301941
544.026733
541.772583
540.227966
539.375793
538.244629
536.241028
533.412720
530.380249
527.596252
525.059448
523.479492
524.490173
528.419556
533.069031
536.086060
537.949646
540.785278
544.480225
546.163086
544.043152
539.821106
536.690674
535.929871
535.804871
533.681702
529.099487
524.573364
523.071472
525.009155
528.179382
530.386841
531.934937
535.083618
540.499146
545.718689
547.889832
546.684875
544.024780
541.825867
540.529358
539.140625
536.446106
532.472656
528.562622
526.204773
525.711426
526.158508
526.730164
527.845459
530.767883
535.566162
540.252563
542.954102
544.044495
544.580383
543.930725
541.119263
537.474426
535.526245
535.130188
533.266235
528.827209
524.730042
523.801331
525.182922
526.344788
526.768860
528.644775
533.663574
539.860413
543.665222
544.461731
544.075500
543.287659
541.735779
539.669922
537.808167
536.159851
533.746216
530.135986
526.623535
524.605652
524.003235
524.860840
527.975342
532.555054
536.362793
538.982178
541.951965
545.263184
546.514160
544.148865
539.922546
537.061890
536.792114
537.318359
535.932129
531.933838
527.310425
524.235474
523.261108
524.671143
528.788269
533.607361
535.953613
536.172668
537.916260
542.623901
547.147461
547.418518
543.086182
537.906189
535.602234
535.699097
534.627930
530.703125
525.930908
523.254272
523.856689
526.748230
529.935120
532.450012
535.321350
539.382141
543.330322
545.463928
545.751709
545.016174
543.260315
540.121460
536.737366
535.209045
535.343262
533.934509
529.170593
523.696289
521.522644
523.747070
528.208984
532.169434
534.900757
537.593750
540.944824
544.035461
545.603577
544.786133
541.515686
537.643677
535.774292
535.656128
534.143738
529.921204
525.595886
524.069153
525.187866
526.818970
527.854370
529.310913
532.484070
536.813049
540.489319
542.843567
544.390442
544.748657
542.923340
539.780212
537.621704
536.709595
534.720520
530.752625
526.992737
525.279602
524.925537
525.164124
526.968506
530.892151
535.416260
538.926636
541.615479
544.189575
545.718384
544.476135
540.934143
537.834839
536.586853
535.969971
534.584656
532.255798
529.228088
526.033264
523.992432
524.330261
526.877258
530.371582
533.697815
536.832703
540.323792
543.887451
545.837158
544.707764
541.533813
538.852478
537.628479
536.633484
534.392334
530.718811
526.729797
524.048767
523.777588
525.693481
528.571228
531.508301
534.722412
538.600830
542.598877
545.413391
546.238098
545.293579
543.285645
540.733704
538.158203
536.330750
535.083984
532.733887
528.573059
524.644714
523.511292
525.169983
527.704590
530.165710
533.243958
537.301941
541.217468
543.791443
544.982727
544.727295
542.545227
539.199280
536.848083
536.170593
534.812622
530.789307
525.896851
523.364502
523.868530
525.930542
528.696411
531.915405
535.056824
537.836487
540.384888
542.716187
544.523987
544.984375
543.249573
540.118103
537.923645
537.097534
535.331055
531.356323
527.142822
525.037476
524.845276
525.303345
526.735046
530.123962
534.611694
538.258423
540.897766
543.647522
545.877014
545.342651
541.800964
538.063354
536.406189
535.805420
533.941467
530.642395
527.567627
525.464539
524.101318
523.972229
525.837769
529.170837
532.696411
536.038818
539.532227
542.785034
544.625305
544.816833
544.204041
542.645447
539.326538
535.158508
532.251892
531.156372
530.235718
527.709961
524.253601
523.193604
526.491516
531.822998
535.817871
538.093445
540.307495
543.179688
545.605225
546.208984
544.562561
541.244202
537.708862
535.609253
535.110657
534.211792
531.068420
526.711914
523.991089
524.176941
525.983948
528.406555
532.069580
536.959717
541.278259
543.599304
544.394592
544.443787
543.256165
540.440674
537.479370
535.997009
534.855286
531.682373
527.024414
524.061523
524.111938
525.577942
527.435120
530.440796
534.539490
538.166077
540.453064
542.239563
544.282715
545.557861
544.356262
540.969238
538.024841
537.114014
536.315857
533.117798
528.416870
525.247437
524.593262
525.265808
526.744812
529.406799
532.944519
536.567444
540.146545
543.741333
546.217651
545.759827
542.465759
538.957520
537.267090
536.581360
534.856079
531.477661
527.761597
525.206787
523.948242
523.698669
525.026733
528.166138
531.900940
535.176147
538.406799
542.044067
544.991882
545.599304
543.658630
540.556641
537.828491
536.165955
535.029663
533.070679
529.616455
525.725952
523.427856
524.021912
526.955200
530.488586
533.781677
537.240417
540.851501
543.707275
545.094055
544.809937
542.823364
539.774597
537.045105
535.706299
535.473816
534.560608
531.363342
526.810608
523.903442
524.207336
526.348877
528.699036
531.461609
535.267944
539.384460
542.561401
544.537415
545.260742
543.927063
540.537292
537.239563
535.997070
535.539612
532.994080
528.385132
524.843018
524.183594
525.221863
526.859741
529.728271
534.045654
538.225525
540.701721
541.962708
543.535217
545.178284
544.867737
541.940430
538.580444
537.032043
536.400269
534.182007
530.092896
526.296021
524.341431
524.114685
525.596191
528.941589
533.068176
536.393799
539.001831
542.186890
545.442993
546.187927
543.429199
539.601074
537.444885
536.636536
534.901062
531.353516
527.489014
525.096619
524.283142
524.217224
524.976562
527.246338
530.756226
534.444336
537.842773
541.185913
544.144775
545.442871
544.307373
541.518860
538.624329
536.653198
535.488647
533.850830
530.530762
526.252808
523.454834
523.791016
526.557068
529.838623
532.730164
535.849487
539.648010
543.210083
545.229004
545.183411
543.166565
539.877991
536.856934
535.591919
535.942383
535.676941
532.592529
527.582581
524.152222
524.171631
526.099976
528.080688
530.393738
533.998047
538.385986
541.235474
541.702576
542.765198
545.183655
545.624329
542.506775
538.605774
535.533447
531.580688
526.647705
523.354492
523.315186
525.518372
527.921997
530.538757
533.876831
537.233826
539.809875
542.139893
544.859802
546.655273
545.716187
542.346130
538.816284
537.056519
536.623047
535.235229
531.761536
527.584351
524.777771
523.995300
525.193604
528.152771
532.011108
535.501282
538.322327
541.353577
544.506592
545.886719
544.128662
540.518677
537.650391
536.472168
535.575989
533.204102
529.401184
525.843811
524.073181
524.263367
525.736694
527.878296
530.366760
533.159241
536.479736
540.401672
543.991577
545.612915
544.704895
542.213440
539.421936
537.125427
535.629639
534.216431
531.471436
527.428040
524.325684
524.103027
526.241760
528.971252
531.723450
535.082092
539.018555
542.481140
544.627808
545.241577
544.059143
541.174133
537.890503
535.874756
535.550171
535.422058
533.367737
529.215454
525.421875
524.266113
525.378540
527.271423
529.785950
533.445740
537.647827
541.071716
543.442444
545.053833
545.045593
542.503601
538.927002
536.878296
536.169800
534.096985
529.811707
525.864014
524.560974
525.153381
526.249268
528.255005
531.860962
536.068665
539.471008
542.175415
544.863037
546.792236
546.428101
543.526733
540.005371
538.166504
537.335693
534.868225
530.641418
527.082825
525.627747
525.424744
525.947571
527.851929
531.037109
534.381836
537.271423
540.433655
543.848083
545.534485
544.341187
541.443054
538.955444
537.554443
536.097351
533.517700
529.911682
526.370850
524.312317
524.501282
526.578552
529.216187
531.343506
533.200012
535.858215
539.643555
543.353577
545.411926
545.208069
543.173523
540.277039
537.655457
536.026855
534.698181
532.039429
527.812744
524.306458
523.876343
526.050781
528.673401
531.037720
534.031982
537.881226
541.602600
544.282593
545.375793
544.345154
541.385559
538.252686
536.790405
536.339233
534.809937
531.520691
527.520935
524.469604
523.692017
525.011597
526.926147
529.071411
532.452576
536.731079
540.410950
543.116760
545.147339
545.504150
543.013184
539.124207
536.810791
536.478699
535.288025
531.421387
526.818542
524.417908
524.539612
525.818726
527.949646
531.198975
534.804626
538.002991
541.345947
544.885193
546.564209
544.927856
541.349670
538.254272
536.860107
536.760193
536.228333
533.505737
529.027161
525.212952
523.751587
524.638550
527.010376
529.927551
532.810974
535.890991
539.798584
543.988098
546.287109
545.223328
541.943787
538.897095
537.226135
536.222961
534.479736
531.225952
527.211182
524.317261
523.968323
525.930420
528.771790
531.175049
532.984924
535.144592
538.435730
542.268494
545.042786
545.608765
544.023682
541.124451
538.123718
536.162231
535.173279
533.311829
529.282104
524.863586
523.174072
524.749084
527.545471
530.245361
533.272949
536.927002
540.527771
543.539673
545.615967
545.660522
542.774536
538.471985
535.970337
536.008728
535.386658
531.446960
525.868164
522.296509
522.052490
523.804443
526.065430
528.776550
532.364319
536.144165
539.106567
541.685852
544.448792
545.953979
544.299377
540.394531
537.347961
536.397034
535.455505
532.425781
528.222595
525.167725
524.001160
524.432129
526.715332
530.793274
535.109070
538.252686
540.769104
543.654907
545.897095
545.285645
541.783752
538.108521
536.420654
536.303162
536.013306
534.189636
530.659729
526.663269
523.987305
523.674011
525.692322
529.116943
532.620300
535.746033
539.178955
542.881409
545.242554
544.991699
542.763672
540.076965
537.861328
536.254700
534.598267
531.898743
528.180298
524.862854
523.489136
524.520386
527.296570
530.743469
534.285645
537.731750
540.620483
542.659424
544.147522
545.130859
544.803528
542.411621
538.710632
535.909302
535.036804
533.939514
530.316101
525.657166
523.412292
524.371094
526.604187
528.981812
532.098999
536.167419
540.136475
543.161194
545.187073
545.652405
543.525513
539.534668
536.480103
535.781616
535.218567
532.072266
527.375610
524.466248
524.361694
525.243652
525.867676
527.245178
530.644775
535.281189
539.128235
541.625793
543.835876
545.585327
544.959167
541.625000
538.102173
536.382812
535.393616
533.083679
529.436890
526.138489
524.390381
524.418335
526.306091
529.786560
533.555420
536.542908
539.426514
542.954102
545.746277
545.650513
542.771545
539.441833
537.505493
536.817078
536.015991
533.987793
530.850342
527.610229
525.154358
524.088318
525.144409
528.279175
532.046631
535.322754
538.464844
541.802734
544.452026
545.252441
544.010010
541.447998
538.709412
536.661255
535.070496
532.744690
529.072449
525.282166
523.469604
524.457886
527.161987
530.152832
533.376160
537.241699
540.907837
543.181824
544.209290
544.769104
544.593689
542.908997
540.053101
537.491089
536.027405
534.425781
531.075623
526.877869
524.400940
524.597839
526.116577
528.033936
531.114868
535.623657
540.026367
542.901733
544.579529
545.275146
543.871216
540.484680
537.643127
536.764893
535.872192
532.751343
528.407593
525.406067
524.738403
525.444885
526.439758
527.606873
529.627747
533.077515
537.418762
541.324585
544.332947
546.221985
545.566895
541.862366
537.960205
536.580566
536.174316
533.796204
529.754761
526.391479
524.692871
524.324890
525.420288
528.284912
532.162415
535.880371
539.266968
542.593079
545.090698
545.343689
543.213867
540.159729
537.637939
536.140564
535.330383
534.276367
531.996399
528.555054
525.288757
523.812805
524.781189
527.407288
530.514343
533.935486
537.939392
541.862610
544.486938
545.239990
544.276184
541.945557
538.907349
536.322144
534.764526
533.183960
530.186584
526.358765
524.010681
524.443359
526.691833
529.244812
532.021545
535.656128
539.734802
543.057617
545.065613
545.980652
545.713318
543.576416
539.853699
536.733276
535.761169
535.071106
531.872314
527.005005
524.077393
524.569214
526.560364
528.220276
530.120483
533.360291
537.550659
541.838623
545.708008
547.677063
545.850037
541.026978
536.884766
535.834229
536.064392
533.921570
529.000427
524.832275
523.987061
525.363770
526.872681
528.199097
530.185181
533.112671
536.432129
539.815552
543.243896
545.578186
545.116272
542.248352
539.343079
537.861450
536.860046
534.610046
530.970154
527.445557
525.216248
524.208679
524.591736
527.108948
531.222107
535.163635
538.257446
541.365967
544.447632
545.694519
544.032837
540.768127
538.249573
537.427002
536.914856
535.022339
531.454895
527.022522
523.235962
522.098145
524.418030
528.221191
530.901123
532.631714
535.676147
540.623718
544.919617
546.101685
544.522034
541.902832
539.402283
537.638367
536.522278
534.757751
531.257874
527.067688
524.558167
524.621887
526.067871
527.973694
530.908325
535.138123
539.296448
542.091003
543.883423
545.523132
546.437500
545.015381
541.081116
537.167114
535.847717
535.889587
533.554138
528.257263
523.768799
523.075439
525.343933
528.558960
531.916931
535.096558
537.669617
539.855347
542.424011
544.945862
545.262817
542.259583
538.395386
536.830933
536.790344
534.845459
530.350403
526.205994
524.496277
524.660217
525.904053
528.483826
532.054810
535.179077
537.229309
539.174255
541.990906
544.886475
545.819946
543.788025
540.234192
537.553650
536.379028
535.260803
532.766602
529.128479
525.819336
524.208008
524.929443
527.488098
530.151917
532.218445
535.974792
542.642212
548.182373
547.817749
542.751587
538.431824
537.760864
538.714539
537.647766
533.631287
529.045532
526.224304
525.202576
524.966919
525.221558
526.302063
528.553894
532.174561
536.632324
540.432434
542.682739
544.067139
544.964111
544.129639
540.883484
537.163391
535.469238
535.147949
533.082397
528.502380
524.524719
523.901001
525.873718
528.463257
531.147949
534.237976
537.608459
540.970032
544.120911
546.070862
545.123901
541.244324
537.004272
535.124268
535.832886
536.622559
534.565613
529.755005
525.578491
524.516724
525.535583
526.890991
528.879700
532.346069
536.619385
540.414307
543.386230
545.366150
545.337341
542.884521
539.702881
537.840759
536.895142
534.767822
530.903687
527.001343
524.677124
524.229980
525.480530
528.180176
531.596497
534.574951
536.518005
538.294373
541.267578
544.859863
546.338806
544.219055
540.510132
538.058350
537.162170
535.985474
533.159424
529.237976
525.906494
524.388123
524.838745
526.764160
529.623962
532.984253
536.647156
540.451782
543.747314
545.431641
544.821838
542.405884
539.462280
537.218872
536.086121
534.917419
531.943176
527.347778
523.487366
522.164062
523.230225
525.563599
528.284180
531.267456
534.880371
538.928345
542.431641
544.626282
545.285461
544.250183
541.563538
538.397827
536.524902
535.704834
533.338257
528.627197
524.649231
524.073853
525.691284
527.321289
529.191162
532.559814
537.067627
541.139099
543.954407
545.516174
545.176636
542.310425
538.251953
535.740540
535.907776
536.749512
535.197632
530.824829
526.519226
524.755432
524.951538
525.761780
527.595215
531.154419
535.552734
539.461487
542.688232
545.189026
545.711670
543.333313
539.777039
537.766663
537.290344
535.924011
532.544250
528.467773
525.424255
524.215637
524.999878
527.402222
530.520813
533.625061
536.803223
540.194214
543.305115
545.395203
545.769165
544.200317
541.537292
539.151733
537.557129
535.957336
533.311829
529.742188
526.653381
525.196228
525.359314
526.506958
528.163147
530.724915
535.006409
540.259644
544.052368
545.067200
544.266113
542.872498
540.874573
538.177063
535.829285
534.491821
532.764099
529.317261
525.624451
524.045898
524.645874
526.108887
527.949158
530.358154
533.538696
537.355530
541.001343
543.618225
545.005127
544.801453
542.359436
538.715210
536.435364
535.936584
534.448608
530.214355
525.456055
523.378845
524.307678
526.539062
529.212463
532.599609
536.398743
539.739807
542.562622
545.041504
545.877380
543.559631
539.398132
536.608826
536.390747
536.909424
535.671570
532.084656
527.895874
525.173401
524.320251
524.820374
526.825500
530.449463
534.654602
538.316650
541.452881
544.291565
545.706726
544.244019
540.719299
537.762695
536.529724
535.572693
533.201904
529.626160
526.288757
524.321777
524.329712
526.486755
529.961243
533.257690
536.032043
539.315430
543.320557
546.567871
547.336243
545.235107
541.684998
538.793579
537.467041
536.976074
535.861145
532.801514
527.758423
523.119019
522.144592
525.416687
529.968201
532.902344
534.666260
537.483398
541.632507
545.067078
545.896851
543.984192
540.618469
537.631104
536.245972
535.710754
533.655762
529.273132
525.105896
523.994263
525.616821
527.592346
528.674377
529.853699
532.476746
536.308533
539.953857
542.601624
544.582153
545.845764
544.960083
541.061096
536.178040
533.491760
533.003540
531.795105
528.567383
525.130249
523.647644
524.815796
528.328918
532.901550
536.503784
538.559326
540.791138
544.233459
546.623657
545.048706
540.559998
537.291077
536.833862
537.021057
535.561646
532.029907
527.588684
524.435791
524.013062
525.564941
527.643799
529.986450
532.942017
536.576294
540.685974
544.607422
546.741882
545.541016
541.526733
537.500366
535.865662
536.111023
535.377686
531.779907
526.790100
523.528931
523.588501
526.188721
529.439514
532.130493
534.732483
538.381836
542.594604
545.287659
545.466614
544.073547
542.158203
540.007019
538.039795
536.777222
535.626404
533.080688
528.777954
524.845215
523.940125
525.990845
528.601929
530.611145
533.243958
537.366089
541.565430
544.020691
544.597900
544.003113
542.260010
539.475403
536.930359
535.623718
534.349060
531.194275
526.828003
524.147949
524.510925
526.616943
528.763245
530.685120
533.135315
536.357971
539.651306
542.473816
544.749390
545.622192
543.757874
539.951965
537.099609
536.443359
535.628174
532.171570
527.330933
524.359314
524.230652
525.517822
527.609070
531.112793
535.247009
538.151978
540.018738
542.633423
545.477661
545.638794
542.282776
538.278870
536.436584
535.927856
533.865173
529.636292
525.668030
523.946716
524.016235
524.842102
526.470520
529.147949
532.445312
535.907288
539.668579
543.544678
546.003296
545.463867
542.561096
539.644897
537.924500
536.596313
534.477173
531.350647
527.952759
525.373779
524.482117
525.497986
527.880798
530.892761
534.318726
538.253418
542.038513
544.419128
544.845642
544.032837
542.907410
541.419556
539.166504
536.764709
535.146667
533.631104
530.588318
526.321411
523.445007
523.890198
526.753296
530.002563
533.050293
536.382324
539.939514
543.070679
545.098389
545.205811
542.936401
539.399902
536.820862
536.056335
535.127869
531.797852
527.079468
524.252075
524.593506
526.354797
528.263367
531.174744
535.341064
538.960754
540.731384
541.836182
543.692200
545.275818
544.316833
540.778076
537.589294
536.843689
536.604065
533.734619
528.792480
525.303711
524.715210
525.462952
526.649902
529.182861
533.207275
537.360413
540.789124
543.646484
545.433289
544.904968
542.159485
539.321472
537.856750
536.631836
533.924927
530.103882
526.996094
525.504883
525.028015
524.946655
525.768555
528.338013
532.098694
535.679993
538.847656
542.161133
544.935364
545.387573
543.148376
540.056580
537.896606
536.648438
535.184204
532.724548
529.343201
526.048584
524.350342
524.979797
527.301453
530.263428
533.557251
537.300293
541.043274
543.851074
545.073608
544.518616
542.286560
539.159363
536.502747
535.180298
534.803467
533.952637
531.322998
527.305176
524.245728
524.076416
526.201904
528.933289
531.920593
535.651184
539.566101
542.568176
544.434998
545.081177
543.741455
540.592529
537.662598
536.482544
535.700317
532.799927
528.080139
524.742554
524.479858
525.737183
527.182007
529.742126
533.949402
538.188782
540.793030
542.140503
543.620605
545.132935
544.847656
542.038086
538.716492
537.096313
536.395386
534.072998
529.844543
526.176086
524.668152
524.564941
525.523560
528.673950
533.518555
537.446167
539.547058
541.551147
544.125854
545.338989
543.596313
540.074341
537.282959
536.139282
535.151001
532.576416
528.652100
525.196167
523.440674
523.335510
524.783752
527.866455
531.649475
534.782837
537.435059
540.809387
544.416748
546.017029
544.589294
541.521912
538.686157
536.798462
535.440247
533.560303
530.401428
526.715210
524.285767
524.275452
526.377258
529.459534
532.755371
536.272766
539.989746
543.225708
545.131104
545.194458
543.271790
540.052795
537.103760
535.697449
535.584045
535.115723
532.552429
528.061035
524.360352
523.859802
525.840759
528.193054
530.642578
534.194275
538.474182
541.995239
544.226562
545.312683
544.565735
541.485901
537.837280
536.113037
535.844666
534.025452
529.629028
525.390747
524.023315
524.999573
526.683838
529.190674
533.015808
537.015442
539.988953
542.267883
544.521851
546.319763
546.170410
543.110229
538.714539
536.180298
536.083435
535.343079
531.838684
527.324280
524.709778
524.618408
525.996277
528.293396
531.319031
534.553711
537.921509
541.839905
545.352051
546.150635
543.646179
540.124939
537.964355
537.109375
535.799744
532.941345
529.220032
526.143860
524.548889
524.235596
525.054138
527.292847
530.590454
533.848938
536.755981
540.029907
543.442810
545.307800
544.670837
542.360168
539.735535
537.579041
535.957825
534.133057
531.139282
527.399475
524.758240
524.302307
525.485291
528.131042
532.388000
536.911560
540.037842
541.802856
543.172363
544.369629
544.480957
542.237488
538.064575
534.929749
534.857971
535.982544
534.763794
530.259705
525.211792
523.012939
524.395691
527.564575
530.879456
534.102661
537.380493
540.473755
543.111938
545.019836
545.170654
542.522522
538.356812
535.748474
535.282043
534.267822
531.085938
527.262024
524.872559
524.236084
524.896545
527.308044
531.812744
536.745544
540.166748
542.713257
545.683533
547.946960
547.518127
544.114136
539.506592
536.421631
535.782898
535.222412
532.275269
527.994080
525.114197
524.321838
524.919128
526.963135
530.500854
534.452087
537.940552
541.253296
544.271973
545.559692
544.222534
541.401733
538.922974
537.281494
535.623901
533.146484
530.041443
527.158325
525.194031
524.649902
526.032227
528.909119
531.823059
533.976868
536.119812
539.127625
542.553284
544.869141
544.884033
542.796997
539.836914
537.370178
536.155640
535.224426
532.534485
527.945984
524.163086
523.517700
525.531738
528.233948
530.654419
533.535828
537.573914
541.758057
544.374390
544.958862
544.029846
541.814514
538.951477
536.842041
535.751953
534.472595
532.070740
528.795837
525.718323
524.273926
525.069946
527.036438
529.249084
532.276672
536.276672
540.025391
542.751953
544.809448
545.564636
543.551208
539.607849
536.812988
536.315125
535.564697
532.173401
527.589050
524.934631
524.776062
525.645386
527.315002
530.552673
534.759521
538.436707
541.322144
544.028564
545.738403
544.973450
542.029724
538.843811
537.007690
536.551208
535.873840
533.230774
529.154541
525.924988
524.603149
524.874512
526.597534
529.649292
533.151855
536.273254
539.347473
542.860657
545.572815
545.343384
542.248413
538.983398
537.422485
536.582031
534.563843
531.055969
527.371399
524.986267
524.618652
526.150330
528.766541
531.263245
533.097534
535.101990
538.252319
541.980103
544.549744
545.014771
543.759094
541.484436
538.866577
536.688599
535.100647
533.010193
529.538757
525.774048
523.868103
524.759888
527.432312
530.438599
533.444641
536.790955
540.259399
543.173096
545.003113
545.126343
542.940674
539.311890
536.645203
536.063049
535.376526
531.940857
526.636902
522.826416
522.341675
524.198242
526.526367
528.699097
531.482971
535.190491
538.834229
541.697571
543.994080
545.221558
544.009766
540.508179
537.281677
536.295166
535.931702
533.216736
528.544006
525.140137
524.419189
525.199829
526.953796
530.251282
534.487976
538.129822
540.878174
543.482788
545.397583
544.899780
542.015686
539.014709
537.652222
537.412720
536.612732
534.159424
530.474609
527.160217
525.281677
524.702026
525.457458
528.045776
531.945557
535.755920
539.160156
542.592041
545.170288
545.272583
542.995422
540.227905
538.339722
537.066650
535.313171
532.320435
528.536011
525.466309
524.378113
525.303955
527.405762
530.024658
533.198730
536.884277
540.435059
543.210815
544.894409
545.081543
543.707947
541.452759
539.083191
537.155334
535.833801
534.070557
530.679810
526.543091
524.194763
524.779236
526.951538
529.142517
531.476685
534.851135
538.978394
542.584045
544.872437
545.390991
543.533630
539.802002
536.689941
536.066711
536.043335
533.234436
527.992126
524.118225
523.707153
525.250122
526.701294
527.970947
530.203125
533.830994
537.863525
541.266357
543.987793
545.591797
544.745911
541.404724
538.007629
536.652100
536.140320
533.849548
529.786682
526.465759
525.205627
525.201477
526.101196
528.777771
532.985657
536.861938
539.588623
542.201660
544.835266
545.534973
543.132507
539.344238
536.721252
536.003784
536.002991
534.935547
531.974182
528.124878
525.189697
524.182495
525.240662
528.041687
531.482788
534.555542
537.627930
541.309753
544.554626
545.444031
543.671509
540.934143
538.774353
537.246094
535.483643
532.795593
529.288391
526.077942
524.607727
525.281128
527.186768
529.482300
532.423706
536.428101
540.591309
543.457703
544.677734
544.814636
544.161499
542.607666
540.304138
537.926392
536.119141
534.406311
531.443848
527.365417
524.467346
524.428101
526.312561
528.486755
530.976929
534.487732
538.579956
542.106934
544.438721
545.185547
543.688416
540.315796
537.369690
536.707520
536.635986
533.806030
528.378906
524.396179
524.280334
526.102661
527.138794
527.366150
528.687134
532.205811
536.866333
540.951233
543.817200
545.287170
544.552856
541.522827
538.189453
536.689148
536.439209
534.844055
530.905151
526.705261
524.641541
524.793640
526.081299
528.258667
531.364197
534.770203
538.166626
541.924683
545.308105
546.126770
543.541321
539.710571
537.260620
536.557922
536.235962
534.966064
532.241516
528.702576
525.795776
524.504700
524.982544
527.060486
530.137390
533.410095
536.772888
540.510742
543.921631
545.468018
544.522034
541.976624
539.115540
536.834473
535.362854
533.873047
531.122009
527.214355
524.093994
523.720032
526.030396
529.209229
532.034180
535.058350
538.870728
542.530029
544.714844
545.318359
544.878723
543.404419
540.767639
537.869568
536.021545
534.926453
532.632446
528.563904
525.030823
524.291809
525.713928
527.591003
529.960388
533.577515
537.734131
541.046326
543.196167
544.499878
544.397461
542.093384
538.649414
536.499756
535.984070
534.436707
530.399902
526.174927
524.409546
524.855042
526.266602
528.385376
531.153748
534.103210
536.849121
539.369934
542.019287
544.647888
545.599976
543.318726
539.330078
536.821106
536.377808
535.509827
532.444153
528.293518
525.177979
524.019226
524.779480
527.213257
530.734314
534.384705
537.647400
540.919128
544.107483
545.589294
544.089294
540.785278
538.067505
536.749329
535.672546
533.832825
531.442627
529.006836
526.568542
524.538879
524.163025
526.096497
529.457947
532.931213
536.140808
539.516296
542.851990
544.986023
544.968994
542.939880
539.988770
537.393311
535.800049
534.537537
532.190918
528.523621
525.241577
524.252136
525.633362
528.065186
530.801025
534.107544
538.005981
541.604736
543.981812
544.802917
544.265808
542.773621
540.519775
537.945679
536.241150
535.632812
533.998596
529.864746
525.514343
524.086487
525.387573
527.112305
528.835815
531.975708
536.524109
540.613281
543.264648
544.881409
545.090576
542.838684
539.123779
536.793762
536.478699
535.341309
531.468567
526.975891
524.799133
524.899414
525.930359
527.985657
531.298035
534.638916
536.928467
538.732239
541.188354
544.273193
546.101440
544.485229
540.255798
537.095215
536.553833
536.154114
533.394104
528.997864
525.447510
524.174255
524.992554
527.172363
530.049133
533.096863
536.326782
540.129822
543.868835
545.757019
544.896057
542.274414
539.468933
537.392151
535.924683
534.114929
531.450562
528.629944
526.306519
524.492126
523.787903
525.223267
528.506836
532.187988
535.517822
538.764771
541.985168
544.463745
545.311035
544.089294
541.067505
537.605103
535.513733
534.892212
533.469604
529.593567
525.109985
523.387146
525.017761
527.714355
530.038940
532.793457
536.582703
540.508240
543.502441
545.059143
544.690796
542.517517
539.663391
537.322937
536.163879
535.971252
534.868225
531.094360
526.307922
524.018494
524.791077
526.542542
528.482361
531.460693
535.446533
539.335327
542.451294
544.686951
545.388977
543.514648
539.798828
537.077637
536.590332
535.820862
532.467224
527.990112
525.085754
524.346191
525.075684
527.107910
530.427673
534.192200
537.068420
538.766663
540.559387
543.300781
545.402832
544.534058
541.156616
538.238647
537.239075
536.483093
533.915771
529.915039
526.427063
524.716858
524.829407
526.478394
529.229980
532.292725
535.319275
538.847778
542.834106
545.570496
545.380676
542.736938
539.762634
537.833252
536.691162
535.147339
532.194031
528.147644
524.601929
522.947510
523.484985
525.650818
528.467957
531.075256
533.738525
537.286560
541.372437
544.401123
545.213135
543.920349
541.274841
538.343140
536.411377
535.556885
533.978638
530.334290
526.060974
523.876526
524.552856
526.732971
529.321045
532.524963
536.394409
539.889893
542.340759
544.153870
545.130798
543.825745
540.041321
536.126160
534.557983
535.169312
535.160156
532.216980
527.500977
524.351562
524.135193
525.514832
527.604187
530.898132
535.096130
538.711975
541.306091
543.729797
545.515930
544.749756
541.363220
538.046265
536.660400
535.815674
533.273254
529.337463
526.210754
524.943848
524.960754
526.173523
529.192078
533.461304
537.369385
540.049683
541.959961
543.785706
545.195618
544.881836
542.288391
539.027466
537.139893
536.336548
534.662903
531.301819
527.469299
524.747437
523.981750
525.378357
528.351746
531.685303
534.804199
538.273560
542.231262
545.269348
545.683472
543.442017
540.323547
538.035095
536.755981
535.393066
532.870483
529.212158
525.760376
523.964050
524.070251
525.506653
527.613831
529.899414
532.650635
536.539612
540.963806
544.069336
544.974731
544.248901
542.319336
539.440613
536.886169
535.725891
534.637329
531.377686
526.670105
523.857239
524.453308
526.784363
529.093323
531.572266
534.864746
538.535889
541.822876
544.364624
545.554993
544.264404
540.671936
537.283325
536.353210
537.169067
536.764160
533.168518
527.890137
524.525208
524.510681
525.936096
527.361633
529.768005
533.744751
537.898804
541.004578
543.349976
545.101685
545.056519
542.450684
538.939331
536.846069
535.900208
533.879639
530.228943
526.712524
524.692993
524.262390
525.592896
528.852600
532.876343
536.155701
538.894531
542.038025
545.184937
546.855225
545.997070
543.002380
539.757080
537.975769
537.149048
535.307556
531.812988
527.983337
525.332031
524.376404
525.048218
527.259949
530.585388
534.193604
537.629517
540.932190
543.816895
545.221558
544.268494
541.486267
538.503845
536.648560
535.743103
534.206421
530.754883
526.357605
523.768860
524.489197
527.082031
529.079285
530.023621
531.755676
535.601013
540.399414
543.833984
545.010681
544.590210
542.986816
540.277771
537.469299
535.844299
534.749146
532.128418
527.924072
524.668518
524.090515
525.343445
527.287598
530.230774
534.424500
538.658325
541.704834
543.853943
545.398071
544.970947
541.649902
537.561890
535.656250
536.069763
536.208862
533.673645
528.952209
525.072571
524.099670
525.153748
526.761292
529.091736
532.551941
536.393982
539.865417
543.102051
545.645508
545.752441
542.860474
539.283630
537.400757
536.518005
534.406982
530.667664
527.076538
525.138672
524.870117
525.919922
528.271912
531.474976
534.660278
537.867981
541.575500
544.760925
545.819763
544.740479
542.609558
540.209290
538.167969
536.884888
535.551270
532.915649
529.154846
525.730042
524.059875
524.753418
527.302490
530.419739
533.337769
536.515381
540.333496
543.823242
545.481079
544.782349
542.424988
539.563049
537.243103
535.841675
534.386169
531.353149
527.072937
523.997070
523.870605
525.942749
528.253296
529.836304
531.562988
534.752441
539.033081
542.509705
544.186951
544.522644
543.623657
541.068237
537.856628
535.983887
535.225830
532.960449
528.513367
524.771057
524.022583
525.269470
526.959900
529.502930
533.593567
538.056274
541.327026
543.528320
545.100830
544.917542
542.088806
538.468445
536.724060
536.440674
534.700195
530.547546
526.347107
524.335449
524.222229
524.770874
525.835449
528.198792
532.005554
536.065491
539.362244
542.277100
544.896484
545.592468
543.267700
539.695374
537.472046
536.662537
535.101868
531.662170
527.665039
524.935669
524.003174
524.702759
527.013550
530.398682
533.828735
537.139893
540.825623
544.251160
545.593811
544.270325
541.846924
539.927673
538.601746
537.352173
535.881958
533.708740
530.476440
526.825073
524.225159
523.916260
525.912415
529.099121
532.476624
535.983337
539.745667
543.052856
544.884399
544.903137
543.331421
540.583374
537.667603
535.842529
534.870300
532.726257
528.536743
524.502991
523.469543
525.468140
528.366821
531.136475
534.092773
537.100525
539.650452
541.833923
543.922058
545.275024
544.627136
541.595215
537.877014
535.996033
535.854614
534.453857
530.318237
525.964111
524.329407
525.089844
526.660278
529.135681
532.934204
536.888489
539.857849
542.396729
544.957947
545.870728
543.389221
539.045044
536.371033
536.114685
535.342224
531.905640
527.302368
524.239075
523.462341
524.007385
525.316467
527.852112
531.579895
535.252136
538.142029
541.118042
544.457397
546.175903
544.550415
540.837280
537.780212
536.378601
535.328003
533.067566
529.588745
526.184814
524.140686
524.213989
526.566162
530.285156
533.740601
536.452576
539.572083
543.376282
545.850525
545.117126
541.969666
538.801270
536.963928
536.319397
536.012024
534.676880
531.349121
527.012268
524.138916
524.130188
526.150818
528.692505
531.246399
534.413208
538.539062
542.575867
544.949890
545.105591
543.534851
540.946533
538.230896
536.366760
535.106628
532.803528
528.815735
525.087524
523.860107
525.021301
527.127991
529.818726
533.506592
537.553223
540.490173
542.021545
543.273499
544.711975
544.943237
542.621399
538.859619
536.412048
535.894897
534.579346
530.599487
526.075684
524.037903
524.607910
526.166382
528.320068
531.614746
535.692932
539.422241
542.362244
544.679749
545.587219
543.832397
540.262939
537.610657
536.869812
535.774719
532.323608
527.867554
525.086670
524.550171
524.850586
525.260925
526.724182
529.938782
533.966675
537.509644
540.643127
543.808411
545.833496
545.016296
541.807983
538.574585
536.783142
535.640076
533.653076
530.455872
526.933350
524.385437
523.873901
525.722046
529.007080
532.293152
535.340698
538.922729
542.833740
545.430054
545.429993
543.138550
540.020630
537.647949
536.650085
536.288269
535.169495
532.296204
528.099792
524.721008
524.161377
525.924133
527.986389
529.854431
532.835266
537.425354
542.061951
544.769836
545.171387
544.057617
541.894165
539.040222
536.623596
535.295471
533.662476
530.221130
526.224792
524.271423
524.898193
526.710571
529.079956
532.339539
536.168152
539.619568
542.120544
543.820374
545.048035
545.283630
543.421814
539.861206
537.157043
536.554932
535.561707
531.718018
526.816956
524.349243
524.698853
525.948181
527.648499
530.664856
534.737244
538.495850
541.333374
543.584717
544.853455
543.929321
541.030396
538.321716
537.156982
536.190613
533.566345
529.599121
526.029602
524.113098
524.026062
525.214111
527.209473
529.961121
533.175598
536.256104
539.473755
543.241516
545.876160
545.192688
541.938110
539.041687
537.828491
536.998779
534.938232
531.509216
527.833801
525.107544
524.055847
525.078918
527.874146
531.331421
534.762146
538.404785
542.063049
544.685059
545.396301
543.991760
540.989502
537.801208
535.836853
535.229553
534.915771
533.366394
529.805786
525.700745
523.771667
524.780212
527.014160
529.349182
532.451965
536.652039
540.740051
543.480225
544.804016
544.795776
542.976257
539.598694
536.591125
535.386108
534.505005
531.532715
527.108643
524.385498
524.559204
526.159607
528.303955
531.398071
535.135681
538.436279
541.186829
543.927002
546.291687
546.905396
544.684387
540.591125
537.361572
536.458862
535.866577
532.839905
528.153564
524.989014
524.507751
525.327820
526.747803
529.601318
533.828308
537.858582
540.824158
543.225098
544.913574
544.554871
542.023560
539.144348
537.369080
536.131165
533.929688
530.405273
526.920532
524.862366
524.461853
525.677917
528.371399
531.499451
534.013428
536.227844
539.048584
542.297241
544.686279
544.940430
542.991455
540.128296
537.822510
536.506287
535.187744
532.613098
528.810669
525.200134
523.492126
524.528564
527.528748
530.897705
534.110352
537.710876
541.438232
544.026855
544.700928
543.700806
541.601685
539.102722
536.969177
535.508179
534.390686
532.831238
530.131714
526.773071
524.445251
524.257019
525.633911
527.927551
531.470154
536.079285
540.407349
543.249268
544.609436
544.809753
543.305542
539.920593
536.553406
535.431641
535.394836
533.088867
528.417969
524.948181
524.585388
525.849487
527.534485
530.216553
534.011658
537.958618
541.396118
544.141235
545.510315
544.917847
542.854492
540.218140
537.788025
536.321411
535.481140
533.397156
529.475647
525.968384
524.706238
525.091980
526.282776
528.702209
532.363892
536.190002
539.694336
543.024902
545.363892
545.288269
542.850647
539.920532
537.935181
536.448364
534.101685
530.558838
527.089722
525.053894
524.650146
525.658936
528.105835
531.273438
533.671387
535.113098
537.182190
540.717285
544.247742
545.557983
543.988647
540.887329
538.198364
536.838013
535.858643
533.415527
529.237488
525.237671
523.493958
524.538696
527.325684
530.290283
532.921692
536.114746
540.062744
543.199951
544.344666
543.852966
542.180603
539.562500
537.216858
536.226196
535.406006
532.616089
528.006226
523.901428
522.169556
522.972778
525.297058
528.056763
531.164062
535.104675
539.322998
542.468628
544.245972
544.953918
543.885498
540.618530
537.150208
535.958557
536.079956
534.033203
529.161438
524.977966
524.148621
525.406799
526.858826
529.093506
533.028625
537.480469
540.973206
543.606873
545.390869
545.047363
542.302429
538.986389
536.968750
536.469727
536.217896
534.490173
530.915039
527.299561
525.390808
524.945129
525.495117
527.709106
531.583679
535.525635
538.664001
541.800842
544.913391
546.043152
543.911926
540.113220
537.389160
536.392456
535.277832
532.430176
528.527527
525.462463
524.370117
525.256042
527.559265
530.417786
533.240417
535.897644
538.526855
541.339050
544.032654
545.369446
544.487976
542.048767
539.306519
537.020325
535.401123
533.710022
530.820007
527.083252
524.533569
524.543823
526.507568
529.037048
531.782166
535.393188
539.712219
543.136353
544.581665
544.586487
543.590942
541.240967
538.240845
536.245789
535.081604
532.628052
528.439697
524.791504
523.602661
524.414612
525.883911
527.630737
530.212524
533.925415
537.955383
541.108582
543.250061
544.659058
544.572449
542.181335
538.841553
537.022949
536.592590
534.620850
530.004578
525.545715
524.093872
525.129456
526.774597
528.880310
532.128113
535.979736
539.463501
542.595703
545.130310
545.434570
542.768372
539.252380
537.534302
537.714905
537.723633
535.732117
531.825806
527.813049
525.349243
524.624451
525.317749
527.507751
530.778503
534.129272
537.381104
541.083313
544.635498
546.039917
544.309631
540.933838
538.224670
536.931885
535.854797
533.526062
529.952942
526.489319
524.452148
524.477234
526.585754
529.835205
532.952454
535.862061
539.030701
542.106567
544.349060
545.336243
544.787781
542.566895
539.410034
536.767334
535.474609
534.594360
532.178711
528.053528
524.601868
523.942993
525.735779
528.370850
531.142883
534.331543
538.058716
541.769714
544.542419
545.577026
544.425293
541.351746
537.848999
535.817261
535.199036
533.621887
529.769714
525.768311
524.474976
525.767273
527.319031
528.069031
529.284058
532.424133
536.879578
540.682739
543.111023
544.707275
545.062439
543.067932
539.514099
537.008484
536.313354
534.968933
531.168823
526.925354
525.015564
525.072815
525.703552
527.509644
531.177124
535.402527
538.747803
541.497803
544.247742
545.831604
544.391541
540.598816
537.495789
536.728210
536.965881
536.007019
532.974304
528.863525
525.552551
524.130249
524.644897
526.928955
530.341980
533.754272
536.828918
540.152954
543.594543
545.552795
544.678528
541.778992
538.971863
537.390991
536.260742
534.147339
530.739624
527.092346
524.566101
524.063110
525.747009
528.742371
531.854370
535.057922
538.831726
542.495239
544.794617
545.446106
544.855103
543.173279
540.618225
538.040894
536.320251
535.160583
533.019653
529.182129
525.320862
523.842957
525.153809
527.634521
530.162292
533.275757
537.380188
541.382019
544.020630
545.103943
544.521729
541.967529
538.500305
536.287354
535.712402
534.360352
530.497375
526.073608
524.166321
525.090576
526.847778
528.076599
529.305786
531.758911
535.598877
539.594299
542.775940
545.068848
545.782715
543.695618
539.636169
536.736633
536.351257
535.756348
532.334351
527.661987
524.961731
524.752625
525.650085
527.358032
530.387939
534.251282
537.774841
540.677856
543.416321
545.358459
544.818237
541.740173
538.506592
536.867554
535.753235
533.658264
530.934631
528.513123
526.517273
524.994812
524.644348
526.166931
529.276672
532.811768
536.044861
539.381287
542.871704
545.199951
545.044128
542.719604
539.954407
538.040894
536.627625
534.508240
531.253662
527.704346
525.181702
524.546448
525.693115
527.921631
530.725464
534.111938
538.101868
541.960144
544.406311
544.958130
544.378601
543.323669
541.502625
538.894226
536.637512
535.357849
533.668884
530.129089
525.922485
523.807251
524.694580
527.081116
529.650024
532.658264
536.472107
540.296082
543.098022
544.606506
544.733459
543.089905
539.999268
537.223755
536.077454
535.191223
532.163147
527.616577
524.742920
524.643738
525.716064
527.460571
530.609619
534.439819
537.394653
539.312378
541.132019
543.379578
545.164001
544.531250
541.091431
537.556091
536.373230
536.139771
533.807861
529.369385
525.701477
524.485901
525.073181
526.826721
529.784119
533.367554
536.721008
539.943237
543.276978
545.550720
545.091675
542.151123
539.021057
537.429382
536.626648
534.688354
531.334961
528.155151
526.241089
525.222107
524.765686
525.604370
528.220093
531.741333
535.089233
538.343506
541.906067
544.821167
545.353394
543.266724
540.266541
538.005371
536.587769
535.108948
532.748291
529.370361
525.971680
524.270203
525.094910
527.630310
530.488281
533.286987
536.601135
540.510742
543.935730
545.561401
544.887085
542.627319
540.074036
538.014648
536.645142
535.901245
534.648560
531.284241
526.621643
523.956116
524.757568
527.085693
529.031494
531.210876
534.894775
539.476196
543.043823
544.773865
545.028442
543.631409
540.464111
537.274475
535.967407
535.366028
532.684204
528.107910
524.794800
524.466736
525.744080
527.316528
529.960571
534.070862
537.978027
540.189941
541.425598
543.123596
544.870483
544.769348
542.085144
538.642273
536.682373
535.844055
533.849548
530.081421
526.568054
525.027222
525.075134
526.211914
528.850037
532.542725
535.933716
538.910217
542.244324
545.229431
545.805969
543.287109
539.703918
537.615112
537.014282
535.547913
531.943604
527.745422
525.142395
524.415222
524.510498
525.322876
527.571899
530.890625
534.160461
537.358521
540.963318
544.152588
545.343079
544.145203
541.560547
538.872620
536.944946
535.656616
533.729675
530.253235
526.297974
524.163269
524.815857
527.155518
529.673157
532.098145
535.309753
539.606995
543.616821
545.520386
544.856201
542.472107
539.503967
537.082397
536.104614
536.306335
535.741211
532.443604
527.320984
524.033081
524.570129
526.899414
528.563293
530.149902
533.493286
538.319458
542.510132
544.759583
545.123718
543.735413
540.757690
537.869812
536.964050
536.790833
534.197693
529.130920
525.075684
524.300110
525.628601
527.282349
529.274048
532.459534
536.553772
540.107361
542.360779
543.991699
545.386597
545.205627
542.326660
538.598450
537.018799
537.177673
535.611267
531.084778
526.427673
524.421692
524.767639
526.078552
528.319702
531.731201
535.216736
538.028992
541.100586
544.679932
546.452087
544.537598
540.641418
537.807068
536.676636
535.576904
533.032227
529.298950
525.883545
524.034363
523.784668
524.708923
526.791382
529.882202
533.331482
536.722412
540.235229
543.575500
545.415100
544.649536
541.929260
539.198730
537.602966
536.440857
534.432373
531.145447
527.347839
524.571655
524.220642
526.189087
528.860596
531.391113
534.654541
538.953491
542.801392
544.779663
544.815979
543.209656
540.480835
537.885620
536.494873
536.163086
535.615479
533.265808
528.938599
524.859924
523.605042
525.104858
527.580505
530.374329
533.714783
537.189392
540.216797
542.937805
545.185120
545.530762
542.845215
538.513733
535.873230
535.924011
535.433411
531.682739
526.659973
524.039734
524.377319
526.015442
528.447510
532.016113
535.976257
539.127136
541.299683
543.206177
545.114014
545.873596
543.913147
539.857239
536.826111
536.354736
535.855713
532.599304
527.968445
525.153015
524.657043
525.213318
526.930786
530.271118
534.082336
537.256226
540.406921
543.870911
545.945496
544.860657
541.405151
538.157776
536.567017
535.772278
534.037048
530.761047
527.019653
524.511414
524.342834
526.160217
528.701172
531.069519
533.230896
535.649353
538.715454
542.207458
544.914185
545.273926
543.129028
540.039246
537.631714
536.131348
534.679260
532.236206
528.571350
525.125000
523.932739
525.323730
527.869629
530.502625
533.635925
537.783325
542.009033
544.615051
544.962097
543.679993
541.392639
538.665955
536.430603
535.306458
534.859924
533.657349
530.541748
526.457275
524.116882
524.769470
526.906250
529.237244
532.223083
536.038330
539.724915
542.612732
544.637390
545.169739
543.251465
539.557495
536.775330
536.290344
535.693604
532.178772
527.194519
524.463257
524.862427
526.420959
528.029724
530.563110
534.529480
538.781372
542.034302
544.079956
545.141418
544.883667
542.920105
540.058838
538.052307
537.479980
536.448853
533.182739
528.906494
526.148193
525.338196
525.302795
526.252563
529.279114
533.570496
537.142700
539.792419
542.632324
545.195068
545.414246
542.636536
539.050415
536.980347
536.143127
534.515869
531.360352
527.908875
525.512512
524.520203
525.235474
527.907715
531.478516
534.293579
536.224915
538.421204
541.404114
544.169922
545.226685
543.963745
541.235901
538.425842
536.426941
535.108032
533.289734
530.032715
526.167847
523.853394
524.432678
527.174194
530.249573
532.774841
535.721924
540.297607
545.093384
546.652649
543.806519
539.786804
538.214294
538.696472
538.182373
535.031982
530.397827
526.351379
524.204712
524.307556
525.714905
526.881958
527.861145
530.483582
535.213989
539.752441
542.287537
543.619385
544.737122
544.402283
541.347107
537.352844
535.260315
534.852722
533.307861
529.582275
525.981018
524.812866
525.535767
526.958923
529.711609
534.061890
538.047058
540.594238
542.829773
544.878479
545.271667
543.628235
540.830872
538.051941
536.565125
536.204163
534.555664
530.482361
526.285339
524.355835
524.549683
526.060486
529.002380
532.775024
535.743347
538.057922
541.702332
546.120911
547.363342
543.345886
537.622131
535.534668
537.284973
537.575562
533.021301
526.802795
523.740234
524.321472
526.208984
528.039124
530.102844
532.721924
535.690979
538.914307
542.187500
544.522461
544.870361
543.546570
541.652649
539.601501
537.461609
535.366943
532.974854
529.941467
526.921509
525.357483
525.958313
527.768555
529.215759
530.775085
534.705017
540.713562
545.029541
545.541870
543.845947
541.778625
539.666931
537.806519
536.386414
534.642090
531.676941
527.887939
524.776306
523.616638
524.447205
526.169312
527.913269
530.281067
534.159790
538.390808
541.132507
542.887451
545.046814
546.232605
543.665649
537.961487
533.681335
533.689880
534.961060
532.611267
526.920654
522.831848
523.385742
526.892334
530.425476
533.071228
535.599243
538.837097
542.814697
546.010315
545.923645
542.214600
537.869080
536.051208
536.926575
537.858032
535.933960
530.695923
525.274231
523.254028
524.696594
527.486877
530.466553
533.066467
534.516052
535.825562
539.516541
544.964233
547.592651
544.796265
539.685608
536.943848
537.014648
536.610840
533.493958
528.783630
525.171448
524.092529
525.082947
527.181030
529.944946
533.202637
536.366394
538.941467
541.374878
543.986267
545.550476
544.286255
540.819275
538.006042
537.440369
537.987671
536.954102
532.325195
525.477234
521.275635
523.157288
528.457153
531.933411
532.428345
533.366699
537.437500
542.832703
545.776855
545.053040
542.424377
539.861450
538.001465
536.757812
535.429138
532.857178
529.041260
525.848633
524.871948
525.628174
526.739197
527.535156
528.815735
532.138916
537.516357
542.684937
545.407593
545.273132
543.018677
539.958496
537.987671
537.948303
538.020386
535.212585
529.556274
524.988098
524.319641
525.767700
526.618652
527.597839
530.863770
535.767090
539.767029
542.217773
544.226379
545.483215
544.181519
540.470520
537.120544
536.027466
535.854675
534.382141
531.327209
528.232483
526.814026
527.009033
527.091309
526.804199
528.129578
532.006958
537.050903
541.892517
545.508667
546.413269
544.343506
541.233215
539.043457
537.738037
535.857971
532.623840
528.967102
526.202942
524.665527
524.367859
525.933289
529.311096
532.957886
535.941895
539.040100
542.638672
545.561401
546.485535
545.188660
542.459412
539.542419
537.192627
535.461792
534.007690
532.122742
529.345459
526.478943
524.911255
525.375061
527.654541
530.984375
534.644653
538.346069
541.521301
543.369812
543.967224
543.659058
542.002808
539.191406
536.891846
535.819580
534.078796
530.118652
525.666016
523.660706
524.465149
526.157288
527.590698
529.396118
532.474243
536.592590
540.478394
543.200256
544.739380
544.832886
542.757935
539.253296
536.717285
536.194641
535.420410
531.959778
527.188538
524.569519
524.835754
526.106384
527.790955
530.948181
535.334717
539.159973
541.345093
542.875977
544.631226
544.741943
541.689758
538.232544
537.808167
538.839539
537.285278
532.877747
528.349304
525.523682
524.608337
525.191284
526.870972
529.593445
533.374756
537.328979
540.465576
543.062439
545.155762
545.249939
542.574280
538.983093
536.762329
535.816650
534.343262
531.434021
527.903687
525.208801
524.409607
525.720703
528.484802
531.760559
535.113403
538.617432
542.133667
545.007141
546.347046
545.584167
543.129761
540.272705
538.116943
536.759338
535.366760
532.833069
528.879028
525.027100
523.648132
525.492065
528.790771
531.430359
533.405151
536.163635
540.068359
543.737732
545.538391
544.847229
542.187317
539.026978
537.007019
536.248352
534.769836
530.893494
526.105591
523.643860
524.447388
526.670471
528.526733
530.098938
532.483582
535.998474
539.545776
541.972412
