538.514954
538.514954
538.542236
538.647461
538.464661
537.140991
534.860779
533.552673
534.540039
536.362549
536.586914
535.052856
533.796448
534.221497
535.561768
536.031921
535.121887
533.975525
534.340027
536.683289
538.595154
536.890381
532.485229
530.606628
533.932190
538.268799
538.290588
534.727051
532.638855
534.116394
536.441284
536.746155
535.215027
533.650513
533.223755
533.971497
535.235474
536.092163
535.808777
534.611328
533.930847
534.929932
536.524841
536.453674
534.690247
533.632996
534.451416
535.753662
535.922180
535.173767
534.855225
535.337646
535.612610
535.059998
534.414917
534.431152
534.797424
535.289246
535.981323
536.228821
535.299927
534.054077
534.103821
535.286011
536.063110
535.749146
534.827759
534.175537
534.429688
535.217163
535.557495
535.431885
535.521423
535.596313
535.116943
534.616882
534.720459
534.958801
534.731201
534.551758
535.346375
536.598877
536.666992
535.306641
534.192566
534.243958
534.472900
534.365051
534.778687
535.929199
536.574524
535.822815
534.587830
534.363098
535.307434
536.159973
535.975586
535.305054
535.028870
535.003296
534.816223
534.837219
535.314697
535.492065
534.971313
534.609497
535.151978
535.836121
535.474426
534.527161
534.622192
535.765869
536.152832
535.192200
534.396606
534.635254
535.093140
535.110657
535.057190
535.325317
535.615234
535.452148
535.034058
534.944580
535.072510
534.713074
534.073547
534.278015
535.403687
536.021973
535.353149
534.497253
534.668457
535.367065
535.437195
534.978577
535.003967
535.592407
535.696899
535.023193
534.658936
535.081604
535.324097
534.886780
534.661987
535.111572
535.239685
534.813416
535.138611
536.361206
536.529968
534.581177
532.721130
533.557007
536.007507
536.927124
535.651245
534.386780
534.534363
535.286438
535.484253
535.012634
534.707153
534.982605
535.217590
535.025391
534.911499
535.103149
535.166077
535.029907
535.147339
535.424072
535.270813
534.804932
534.850952
535.516785
535.790588
535.039673
534.238220
534.664124
535.783936
535.952148
535.058716
534.604309
535.028992
535.294312
535.016602
534.903748
535.215637
535.388672
535.106018
534.842102
535.077942
535.416687
535.117615
534.596252
534.896301
535.703369
535.690369
534.783691
534.391846
535.109253
535.764526
535.398743
534.739990
534.832703
535.343750
535.360901
535.008240
534.949951
535.122803
535.065369
534.916504
535.068604
535.251099
534.971497
534.428589
534.342712
535.042847
535.807495
535.661438
534.871338
534.710510
535.404297
535.717529
535.131348
534.705139
535.107117
535.408508
534.901672
534.538025
535.108521
535.682495
535.331116
534.696045
534.725159
535.235718
535.465881
535.280884
535.196045
535.248779
534.959717
534.635803
535.132019
535.913757
535.595764
534.460449
534.041748
534.787903
535.832397
536.164368
535.461914
534.537292
534.510864
535.207581
535.543640
535.331360
535.107056
534.917542
534.639099
534.681274
535.245728
535.615662
535.165771
534.615723
534.924438
535.574097
535.338806
534.503418
534.519043
535.421753
535.751587
535.090759
534.613464
534.967102
535.392151
535.245544
534.798584
534.545593
534.720154
535.094849
535.268188
535.311707
535.505493
535.472778
534.850952
534.482239
535.082703
535.679504
535.266541
534.555481
534.626587
535.203308
535.466187
535.385071
535.385620
535.471191
535.209351
534.666931
534.707153
535.458252
535.700317
534.938721
534.385437
534.805420
535.391968
535.316956
534.879700
534.780090
535.165161
535.478394
535.329224
535.169556
535.390381
535.421997
534.866089
534.566284
535.224548
535.894287
535.448792
534.550598
534.545044
535.281799
535.523254
535.076843
534.944885
535.362488
535.194275
534.388611
534.390137
535.386597
535.879944
535.435669
535.122131
535.298584
535.328064
535.008911
534.805908
535.180420
535.768616
535.708191
534.955811
534.618530
535.250610
535.746765
535.181824
534.477051
534.822144
535.604919
535.515137
534.840454
534.840759
535.504822
535.520142
534.706116
534.525208
535.296143
535.574158
534.883301
534.448364
534.875732
535.383423
535.367188
535.096436
535.026672
535.059082
534.858765
534.760132
535.322144
536.161682
536.175232
535.196533
534.470520
534.921509
535.669434
535.400757
534.578247
534.616272
535.278748
535.395508
534.996460
534.916016
535.225037
535.324158
535.025269
534.899841
535.348022
535.648499
535.078369
534.591858
535.077576
535.570984
535.191284
534.814453
535.113159
535.334290
534.990234
534.748352
535.084839
535.546936
535.537842
535.086914
534.699585
534.608582
534.749023
534.921631
535.029175
535.281250
535.739380
535.820068
535.282776
535.096558
535.648804
535.614624
534.657898
534.315979
535.144348
535.669922
535.154724
534.629272
534.814575
535.187744
535.172058
535.031189
535.317749
535.744080
535.529846
534.770996
534.580383
535.227356
535.593384
535.007263
534.347046
534.657959
535.372864
535.260376
534.741150
534.974426
535.573364
535.336731
534.583313
534.573669
535.364685
535.818542
535.313354
534.609924
534.717651
535.286499
535.350098
535.029541
535.091736
535.401672
535.256409
534.847534
535.084595
535.724487
535.621094
534.887329
534.793457
535.279236
534.988525
533.915100
533.715881
534.893066
535.880432
535.429321
534.520447
534.559387
535.296204
535.580994
535.215881
534.940979
535.177856
535.406616
535.102295
534.752319
535.054688
535.496338
535.094238
534.560425
535.073242
535.815063
535.395569
534.570923
534.714783
535.305054
535.315857
535.097412
535.183899
535.308594
535.052612
534.634216
534.544678
535.021484
535.553528
535.278564
534.461243
534.444519
535.428894
535.905579
535.145508
534.482056
535.020508
535.798645
535.428589
534.613281
534.866089
535.676941
535.579529
534.831909
534.622559
534.969971
535.244873
535.408203
535.465698
535.199219
534.679077
534.515076
535.088135
535.715149
535.380310
534.194458
533.452332
534.084351
535.374878
535.803467
535.150757
534.737122
535.220825
535.604492
535.111511
534.540100
534.841125
535.365234
534.865356
533.808594
534.010681
535.808533
537.147339
536.253540
534.246094
533.727173
534.976135
535.753418
535.172302
534.804565
535.404602
535.668701
534.952271
534.487793
535.024536
535.565002
535.179199
534.387024
534.202454
534.870239
535.729675
535.906677
535.377808
535.078613
535.369385
535.418213
534.866089
534.584167
534.989075
535.310547
535.261597
535.468811
535.788269
535.409790
534.742981
534.880981
535.467102
535.255859
534.509644
534.687256
535.841309
536.260193
535.175354
534.144897
534.637268
535.765381
535.896057
535.020569
534.356995
534.593018
535.260864
535.458679
535.085022
534.931824
535.255859
535.418579
535.231506
535.141296
535.178406
535.060059
534.971619
535.240112
535.524658
535.266235
534.978149
535.652771
536.522827
535.545288
533.050415
532.215820
534.479675
537.202271
537.422119
535.679077
534.470459
534.679871
535.184814
535.025513
534.586975
534.644165
535.077576
535.139282
534.794312
534.868652
535.580139
536.055420
535.738220
535.115540
534.706726
534.503723
534.708191
535.537964
536.171265
535.509521
534.153687
533.987610
535.328369
536.347778
535.853821
534.890991
534.898438
535.497986
535.199097
534.018311
533.762268
535.322327
537.255066
537.982666
537.576843
536.608704
534.976562
532.940125
532.095886
533.652100
536.102417
536.813477
535.539124
534.548828
535.263428
536.449951
536.256592
534.865112
534.067505
534.580994
535.309448
535.332397
535.018982
534.981934
535.103455
535.237244
535.546326
535.690552
535.185913
534.653137
534.717529
534.708313
534.286072
534.583008
536.184143
538.041199
538.596802
537.072937
534.503540
533.375000
534.554077
535.810608
535.157166
534.027954
534.678833
536.370483
536.635986
535.186951
533.984375
534.171021
535.009216
535.377136
535.101440
534.807495
534.925171
535.343445
535.739563
535.753296
535.109070
534.365417
534.626221
535.688171
535.990601
535.125916
534.533264
535.112305
535.839417
535.453552
534.451904
534.281616
535.431763
536.918823
537.349915
536.108459
533.949158
532.671204
533.471436
535.610046
537.112915
536.581177
534.732422
533.783386
534.859070
536.354675
536.054321
534.447754
533.990784
535.268738
536.197266
535.385315
534.132690
534.211609
535.329163
535.977295
535.647156
535.041809
534.786743
534.846497
535.038513
535.380005
535.432678
534.683777
533.902588
534.652649
537.025146
538.508362
536.584045
532.657471
531.268372
534.103333
537.401245
537.401794
535.142090
534.025452
535.052002
536.199341
535.772888
534.517761
534.078003
534.781006
535.585876
535.489990
534.662476
534.297363
535.117310
536.488708
537.144043
536.297058
534.465393
533.477234
534.624084
536.534912
536.317566
534.093506
533.152954
535.231567
538.135864
538.619202
535.901245
532.246582
531.064758
533.742432
537.574036
538.452148
535.565125
532.643677
533.163330
535.936829
537.103821
535.424683
533.562195
534.091064
535.984863
536.471558
535.177856
534.275635
535.010986
536.248962
536.340454
535.258667
534.542908
535.051697
535.637451
535.395996
535.133240
535.430420
535.656128
535.421265
535.056213
534.689148
534.326294
534.370850
535.157471
536.259644
536.460327
535.389587
534.004639
533.600464
534.549011
535.803711
536.206726
536.085083
536.163940
535.893677
534.826233
534.112427
534.545532
535.304504
535.316345
534.772644
534.629028
535.089600
535.367493
535.225342
535.413391
535.974792
535.632202
534.231262
533.613037
534.848999
536.559509
536.920654
535.966309
534.902283
534.238220
533.902039
534.116943
535.094604
536.050964
535.954224
535.042358
534.671204
535.406250
536.045166
535.489685
534.568604
534.504211
535.001038
535.133606
534.983093
535.206177
535.678162
535.624329
534.982361
534.666260
535.071960
535.347839
534.880432
534.434448
534.940857
535.725159
535.405945
534.473450
534.594177
535.868286
536.558716
535.598999
534.220886
534.195618
535.356934
536.112671
535.778564
534.958191
534.223145
534.142151
535.031494
536.040649
536.042664
535.072327
534.151733
534.203369
535.184326
535.913574
535.405701
534.529602
534.737610
535.556091
535.504089
534.735046
534.692566
535.513794
535.852844
535.262390
534.815918
535.066772
535.242981
534.872986
534.583984
534.710449
534.834106
535.197815
536.297180
537.049683
535.963196
533.918640
533.272827
534.487549
535.816589
535.873474
534.931580
534.261047
534.739319
535.844482
536.211792
535.493286
534.764404
534.721497
534.829529
534.722839
534.833618
535.250122
535.367615
535.104309
535.131287
535.430115
535.230713
534.675415
534.784302
535.516357
535.697021
535.033569
534.626953
535.104675
535.626648
535.281372
534.542175
534.522217
535.206543
535.518921
534.977661
534.372009
534.579346
535.272705
535.545959
535.308105
535.166260
535.209961
534.984253
534.649109
534.900574
535.631897
535.835449
535.222717
534.841797
535.202820
535.346375
534.748108
534.410950
534.979614
535.538940
535.269775
534.817932
535.035217
535.518860
535.370789
534.749634
534.518433
535.037659
535.827881
536.183838
535.878357
535.275330
534.640442
534.047974
534.169312
535.483337
536.528137
535.555542
533.653809
533.542603
535.456726
536.818848
535.983704
534.386841
534.193359
535.250610
535.706482
535.011047
534.402405
534.646851
535.171631
535.388733
535.421875
535.340942
534.966675
534.649963
534.940857
535.476440
535.366150
534.590759
534.111755
534.581116
535.418762
535.368469
534.439697
534.194885
535.227234
536.106628
535.734375
534.945068
534.917786
535.359131
535.275818
534.751099
534.710999
535.087097
535.020508
534.738892
535.056763
535.591858
535.487549
535.058655
535.079163
535.354553
535.204407
534.812134
534.947754
535.506775
535.485962
534.802368
534.615662
535.408081
536.168945
535.950745
535.043762
534.437500
534.657654
535.211914
535.283325
534.980957
535.009583
535.273560
535.052307
534.606506
534.844055
535.516663
535.504333
534.868347
534.777039
535.406006
535.660828
535.119324
534.725220
535.108643
535.475525
535.162109
534.859375
535.196838
535.486755
535.127197
534.747986
535.031372
535.599670
535.641968
535.001221
534.514282
534.935242
535.660522
535.560608
534.910950
534.812744
535.274780
535.372070
534.977966
534.853149
535.154358
535.217896
534.916992
534.964478
535.468201
535.509583
534.899658
534.631714
535.128418
535.534180
535.266907
534.963074
535.208008
535.521118
535.242065
534.744751
534.894226
535.641907
536.028992
535.550110
534.882385
534.858459
535.237305
535.277039
535.026001
535.091431
535.359070
535.194519
534.767700
534.885986
535.490479
535.557617
534.866394
534.614014
535.391907
535.942627
535.257202
534.431946
534.760742
535.485596
535.377197
534.863892
534.897766
535.278687
535.316040
535.084717
535.098572
535.371643
535.449097
535.142090
534.904602
535.203979
535.646851
535.450867
534.831787
534.797791
535.383362
535.480042
534.849670
534.696411
535.499634
535.966736
535.254028
534.476318
534.697205
535.231201
535.215088
535.078247
535.313110
535.428223
535.059509
534.816711
535.210083
535.652039
535.375488
534.771790
534.808533
535.592285
536.205139
535.858521
534.971375
534.705933
535.226257
535.455627
535.029846
534.968201
535.502991
535.437195
534.541016
534.247986
535.257996
536.223022
535.811096
534.722656
534.514221
535.306885
535.774475
535.329651
534.809814
534.846802
535.067200
535.138611
535.252930
535.308167
535.015503
534.778442
535.145325
535.803162
535.881226
535.168457
534.580872
535.005737
535.840454
535.693115
534.700806
534.486633
535.467041
536.080200
535.280273
534.276428
534.635742
535.722473
535.794800
534.822937
534.351868
534.936768
535.521606
535.426636
535.200806
535.251404
535.224121
535.002502
535.004822
535.232971
535.218994
535.001770
535.050598
535.425354
535.650269
535.329529
534.755798
534.746399
535.445496
535.737305
534.953430
534.305603
534.987427
535.988037
535.713440
534.642090
534.421814
535.173584
535.572815
535.185059
534.900452
535.124756
535.293579
535.179016
535.248657
535.499451
535.340515
534.850037
534.816650
535.280823
535.329468
534.817017
534.784241
535.500122
535.914856
535.353210
534.460205
534.297424
535.082825
535.824280
535.530090
534.758606
534.798706
535.439758
535.468079
534.895569
534.786011
535.249817
535.379578
535.002502
534.907715
535.306274
535.461731
535.051575
534.804199
535.145447
535.400208
535.116821
534.898438
535.157776
535.279053
534.939819
534.855347
535.385376
535.855591
535.598450
534.875916
534.545532
534.997864
535.542786
535.304871
534.717285
534.887756
535.579468
535.590576
534.897522
534.686707
535.244141
535.546265
535.160461
534.932007
535.310425
535.525024
535.063782
534.710999
535.099792
535.453247
535.088745
534.789734
535.258911
535.642334
535.117554
534.545959
534.968750
535.721802
535.578491
534.715881
534.249329
534.607178
535.215759
535.326294
534.948059
534.843872
535.291199
535.511841
535.076172
534.798096
535.196533
535.397461
534.864136
534.594238
535.250061
535.754456
535.250732
534.719482
535.062195
535.510620
535.241882
534.850159
535.144409
535.594238
535.328979
534.769958
534.894714
535.484253
535.527588
534.909485
534.514526
534.882385
535.478577
535.403564
534.794861
534.735474
535.423767
535.711060
535.112183
534.654663
535.034790
535.473999
535.247803
534.908203
535.105347
535.357361
535.083984
534.784241
535.097107
535.533264
535.363281
534.989929
535.156067
535.477417
535.178589
534.630798
534.760498
535.427124
535.625916
534.978882
534.261658
534.370605
535.130188
535.542664
535.247925
534.972473
535.175415
535.264893
534.911926
534.805786
535.293030
535.544739
535.071655
534.717468
535.131104
535.594116
535.289917
534.729736
534.939575
535.647705
535.714111
535.063843
534.826599
535.353821
535.630188
535.144714
534.762756
535.129028
535.561462
535.277100
534.757507
534.809265
535.141724
534.997314
534.620483
534.912231
535.741394
535.890808
535.009338
534.329407
534.834229
535.671936
535.555054
534.869446
534.872253
535.456421
535.436157
534.758057
534.624695
535.309631
535.671509
535.223999
534.914978
535.269714
535.491028
535.117126
534.899841
535.223511
535.358887
534.983521
534.781982
535.189209
535.744568
535.750732
535.129883
534.644653
534.949829
535.496826
535.342651
534.799438
534.891418
535.488464
535.544739
534.943054
534.737854
535.265808
535.592712
535.257202
534.965515
535.138245
535.265625
535.076294
535.116821
535.472168
535.368469
534.668579
534.438538
535.165344
535.729797
535.218689
534.323669
534.208191
535.012634
535.774719
535.617310
534.909973
534.781311
535.315735
535.458008
534.988770
534.850891
535.301086
535.485840
535.140442
535.027710
535.369263
535.404480
534.908386
534.725464
535.151917
535.321472
534.881958
534.756531
535.341675
535.560059
534.847473
534.347168
534.996460
535.882263
535.675049
534.748230
534.473022
535.212402
536.007996
535.897217
535.087891
534.665283
535.069153
535.447205
535.192627
534.927795
535.083618
535.156616
534.949707
535.053955
535.495850
535.423584
534.748535
534.590210
535.344055
535.795715
535.162659
534.526917
534.986877
535.780884
535.611084
534.809448
534.660828
535.224670
535.483521
535.184448
535.000793
535.207336
535.375061
535.183899
534.927307
535.112183
535.490234
535.243958
534.558594
534.663452
535.605713
535.880615
535.021057
534.449768
534.999451
535.577026
535.184326
534.586426
534.807312
535.448242
535.564514
535.162048
534.902649
534.993530
535.040344
534.939697
535.092712
535.417603
535.262878
534.736511
534.789795
535.653564
536.296631
535.870300
534.894287
534.563660
535.105347
535.552185
535.325012
535.040771
535.216003
535.330017
534.869995
534.466492
534.893860
535.584656
535.472473
534.846558
534.826355
535.399902
535.560486
535.127441
534.893738
535.105042
535.163452
534.985962
535.229431
535.785156
535.570679
534.509460
534.079468
535.089478
536.378357
536.470276
535.451477
534.638672
534.854980
535.510376
535.599670
535.188110
535.044983
535.184692
535.027710
534.762512
534.983154
535.396912
535.310608
534.980286
535.142212
535.567200
535.378052
534.697876
534.638550
535.331787
535.520264
534.856506
534.606873
535.322632
535.800049
535.245056
534.596863
534.776184
535.323792
535.411560
535.046448
534.859680
535.152344
535.477661
535.320984
534.993958
535.109985
535.334534
534.958984
534.445129
534.793213
535.605835
535.591919
534.882507
534.840759
535.532104
535.606140
534.807617
534.450134
535.111389
535.715027
535.416565
534.894531
534.927551
535.068604
534.804871
534.697998
535.170837
535.581665
535.310791
534.723389
534.590759
535.149658
535.757812
535.536743
534.687988
534.438660
535.093872
535.528015
535.182800
534.958557
535.271973
535.276062
534.854797
535.025757
535.740601
535.647583
534.577942
534.090759
534.927979
535.840454
535.621948
534.875549
534.806152
535.295532
535.411743
535.093750
535.038513
535.252319
535.049744
534.380249
534.195007
535.021484
535.890747
535.622803
534.697998
534.489136
535.054626
535.271973
534.906189
534.801941
535.243286
535.457214
535.065247
534.784180
535.101868
535.340515
534.977661
534.677795
535.011780
535.380188
535.200256
534.990784
535.250549
535.345764
534.717346
534.217346
534.859741
535.890564
535.825928
534.723877
533.933228
534.243347
535.165283
535.675659
535.386658
534.931274
534.940857
535.124451
535.118164
535.269409
535.657715
535.572510
534.911865
534.682434
535.191162
535.333069
534.682556
534.439209
535.261902
535.960449
535.417725
534.456299
534.540466
535.453613
535.699402
534.932800
534.443481
534.997498
535.709473
535.608215
535.010925
534.735046
534.828369
534.785278
534.638367
534.939758
535.568665
535.575684
534.796814
534.426819
535.077942
535.603149
535.059998
534.391968
534.761230
535.558472
535.559021
534.967590
534.891663
535.392212
535.494873
534.957581
534.693359
535.102966
535.377563
535.093994
534.909973
535.131775
535.146729
534.666443
534.391846
534.893494
535.584961
535.479675
534.721313
534.510376
535.238342
535.809937
535.386230
534.671021
534.724731
535.310852
535.409363
534.937073
534.744934
535.027222
535.110901
534.928162
535.108398
535.512817
535.328003
534.744751
534.702026
535.151001
535.224792
534.870972
534.871094
535.357544
535.481934
534.918518
534.435547
534.760742
535.565552
535.813538
535.132263
534.445679
534.671936
535.304016
535.336304
534.963379
534.924194
535.123230
535.039856
534.848389
535.107178
535.558716
535.347107
534.576477
534.440430
535.240784
535.793457
535.466919
535.045227
535.075073
535.023682
534.677490
534.708435
535.230896
535.342712
534.735229
534.303467
534.741516
535.657288
536.181091
535.789795
534.883179
534.550293
535.019897
535.258911
534.901245
534.829956
535.275574
535.312012
534.814514
534.828186
535.464783
535.579834
534.931580
534.625488
535.042542
535.231079
534.823303
534.737793
535.351501
535.646973
535.064148
534.596558
535.037476
535.582458
535.239807
534.326965
533.934631
534.596436
535.616455
535.789673
534.928955
534.324280
534.729614
535.268555
535.433655
535.763550
536.015991
535.328613
534.330811
534.409912
535.189880
535.274902
534.539917
534.284058
535.175720
536.073425
535.766479
534.954956
534.962280
535.395020
535.111084
534.450317
534.507324
535.146057
535.400940
535.172607
535.095886
535.336914
535.463745
535.251709
535.053406
535.209839
535.363281
534.936951
534.301392
534.497498
535.460510
535.831909
535.140747
534.681396
535.238831
535.669373
535.003662
534.238525
534.577576
535.378357
535.149780
534.288025
534.428101
535.547546
536.157043
535.825073
535.393982
535.076782
534.590698
534.366516
534.819031
535.589905
535.867920
535.328979
534.543335
534.467896
535.260559
535.741699
535.161621
534.516846
534.741577
535.123718
534.984009
535.030029
535.661560
535.839050
534.917358
534.046143
534.495300
535.612732
535.790833
534.935608
534.481812
534.979858
535.432800
535.179016
534.797119
534.812866
534.961121
535.002258
535.164856
535.536255
535.630920
535.096558
534.538879
534.862305
535.727234
535.741943
534.730225
534.227417
534.972534
535.695251
535.332092
534.693115
534.854309
535.400635
535.268799
534.106628
533.410217
534.527588
536.253723
536.760193
536.237549
535.552124
534.665588
533.925842
534.160339
534.803284
534.969666
534.858093
535.282532
536.316711
536.864624
536.036682
534.673645
534.506714
535.521912
535.761902
534.462402
533.507568
534.477478
536.042786
536.054810
534.890747
534.531128
535.283875
535.686157
535.128052
534.560730
534.701660
535.109436
535.253906
535.333679
535.402588
535.029419
534.451477
534.643738
535.469360
535.460205
534.313721
533.739929
534.951660
537.042969
538.087097
537.022034
534.776733
533.582275
534.402832
535.805664
536.098267
535.221069
534.133911
533.826721
534.723145
536.052979
536.296997
535.080933
533.967224
534.408569
535.592529
535.675781
534.677429
534.354065
535.162476
535.613342
535.013855
534.568604
535.103333
535.705750
535.421753
534.775635
534.712219
535.069031
535.044189
534.612854
534.507019
534.972290
535.295227
534.956421
534.621033
534.994568
535.268860
534.647827
534.113770
534.947754
536.502991
536.943665
535.763428
534.383606
534.087402
534.527161
534.889771
535.229370
535.450867
535.075195
534.507446
534.786499
535.776794
536.118958
535.251099
534.287415
534.413208
535.213318
535.446106
534.812439
534.245789
534.582520
535.334961
535.421448
534.894409
534.785339
535.251038
535.421875
535.139343
535.077515
535.383911
535.417236
534.955017
534.746338
535.138855
535.286804
534.796936
534.639343
535.333069
535.853943
535.397156
534.585144
534.236084
534.396973
534.689941
535.354553
536.706604
537.543457
536.342896
533.730530
531.913452
532.152954
533.924744
535.689636
536.070557
535.351929
534.850220
534.946533
535.221558
535.548645
535.718994
535.169250
534.192810
534.072754
535.014587
535.609497
535.178162
534.782532
535.220642
535.740173
535.399048
534.666199
534.718262
535.467468
535.587280
534.849976
534.539307
535.151367
535.341003
534.010803
532.392883
532.708801
535.116211
537.378235
537.405518
535.345398
533.175659
532.823608
534.443726
536.354980
536.787415
535.581848
534.246277
534.309509
535.452393
535.951599
535.060059
534.093811
534.476318
535.526001
535.596008
534.716553
534.418274
535.139954
535.583862
535.100952
534.728882
535.169678
535.651306
535.480713
534.997192
534.527527
534.171814
534.157471
534.987366
536.675720
537.553833
535.668884
532.428955
532.066345
535.636475
538.639587
537.245911
533.680481
532.767456
535.029907
536.738464
535.752197
533.916687
533.696472
534.955994
535.855591
535.522705
534.655273
534.279419
534.904968
536.084045
536.478638
535.361694
533.964539
533.957703
535.324036
536.399292
535.660034
533.765198
533.601746
536.503418
539.074890
537.318237
533.018066
531.444214
533.919434
536.697876
536.679504
534.858093
533.997742
535.018188
536.366394
536.357117
535.018677
533.710388
533.810974
535.311523
536.396301
535.530640
533.913452
534.014954
535.814209
536.767944
535.566162
533.616272
532.918640
534.010071
535.781677
536.548218
535.454956
533.502136
532.703491
534.252441
537.369873
538.884338
536.066101
531.349976
530.876221
536.115784
540.652954
538.629089
532.934204
531.062744
534.598145
537.657593
536.394531
533.679016
533.167236
534.536804
535.557251
535.157410
534.022705
533.711121
534.861389
536.319946
536.894409
536.508911
535.421204
533.890686
533.285583
534.900146
537.202026
537.445862
535.635803
533.992859
533.530396
533.693115
534.248474
535.365234
536.520264
536.568848
535.445679
534.654297
534.970520
535.311462
534.889038
534.556213
534.903381
535.098328
534.662964
534.561401
535.316528
535.761353
535.018738
534.280762
535.010559
536.648743
537.151062
535.728271
534.186584
534.441040
535.600464
535.658203
534.753845
534.547363
535.457153
536.245544
535.780823
534.719727
534.607178
535.302551
535.373413
534.776794
534.477661
534.472229
534.423584
534.792358
535.635193
535.920654
535.199158
534.259277
533.894714
534.469238
535.910583
537.117188
536.853394
535.363037
533.643127
532.501770
533.167175
535.916748
537.990112
536.488342
533.136963
532.277710
534.635986
536.740051
536.300781
534.854614
534.662415
535.558716
535.874451
535.099976
534.368408
534.450989
534.811584
534.987061
535.219177
535.343872
535.132751
535.211792
535.758057
535.750610
534.764160
533.970764
534.486450
535.947693
536.825989
536.048706
534.635254
534.396240
535.360962
535.996521
535.468994
534.638672
534.433472
534.655640
534.830933
534.982178
535.208801
535.513916
535.861572
535.985962
535.731628
535.234802
534.561829
534.222534
534.857971
535.639648
535.237488
534.430481
534.813843
535.786438
535.567566
534.487854
534.460083
535.625671
536.311157
535.724670
534.638916
534.129089
534.584290
535.360840
535.482056
535.049622
534.856506
534.887146
534.783875
534.811829
535.195801
535.405212
535.031250
534.679932
535.039246
535.590881
535.440796
534.972961
535.179016
535.617859
535.186340
534.430725
534.713867
535.619995
535.535645
534.513123
534.171265
534.975525
535.831238
535.897278
535.429016
535.059204
534.985962
534.885986
534.645447
534.825562
535.575623
535.864868
535.036560
534.185974
534.634460
535.726746
535.920349
535.327881
535.112244
535.159912
534.651550
534.186157
534.823914
535.830505
535.533997
534.025024
533.397400
534.941406
537.067505
537.274048
535.528992
533.981262
533.786926
534.341919
535.067810
535.803833
535.948975
535.082642
534.162354
534.551880
535.791016
536.038391
534.871521
534.046509
534.798157
535.801941
535.300781
534.078857
534.270691
535.804626
536.429749
535.326721
534.161499
534.348694
535.283630
535.774048
535.606201
535.145874
534.660767
534.506958
535.000854
535.688599
535.583435
534.513855
533.565918
533.858582
535.108093
535.830505
535.283142
534.573181
534.979309
535.857544
535.683044
534.644104
534.371765
535.206299
535.760132
535.427063
534.981262
534.772461
534.623596
534.845947
535.520142
535.733948
534.932922
534.109009
534.541992
535.895020
536.358459
535.225769
534.183655
534.656067
535.634705
535.606812
534.779114
534.454102
535.141296
535.605103
535.056152
534.485107
534.729614
535.256775
535.275696
534.898315
534.688232
534.973206
535.409058
535.336731
535.097229
535.160400
535.174316
535.012390
535.052368
535.420532
535.449829
534.825012
534.483337
535.086121
535.595337
535.086365
534.500000
534.903503
535.475830
535.149536
534.374512
534.234375
534.902222
535.567932
535.508972
535.079834
535.090271
535.173767
534.671509
534.384583
535.163940
535.936340
535.570129
534.803711
534.864319
535.378113
535.214905
534.512634
534.507202
535.251770
535.450500
534.796204
534.609863
535.343384
535.805481
535.184021
534.436401
534.642944
535.342346
535.502747
535.033203
534.635071
534.793762
535.173828
535.200256
535.026550
535.268860
535.635132
535.185608
534.273376
534.295227
535.229858
535.594238
535.085693
534.991028
535.569336
535.619141
534.988708
534.723267
534.982178
535.011292
534.789429
534.793457
535.105957
535.289856
535.090881
534.806824
534.885803
535.101562
534.995117
534.796997
534.941467
535.204773
535.740906
536.176941
535.214050
533.951416
534.408813
535.945251
535.945618
534.681396
534.798096
535.859558
535.597290
534.404846
534.393066
535.477600
535.338196
534.419373
534.516479
535.362061
535.471497
535.183044
535.449707
535.884583
535.563538
534.874207
534.710388
534.908569
534.921692
534.714417
534.323914
534.065369
534.638306
535.811951
535.904236
534.916809
534.437561
534.608215
534.470215
534.442139
535.177795
535.768677
535.421692
534.910950
535.228394
535.714355
535.321106
534.641907
534.688232
535.215759
535.301697
535.082153
535.222412
535.474182
535.164612
534.617920
534.724609
535.241333
535.216492
534.711365
534.616333
535.256531
535.937317
535.800964
534.990295
534.602051
535.072815
535.372925
534.949585
534.747986
535.272949
535.650146
535.266907
534.850952
535.100586
535.386902
535.003479
534.500122
534.686462
535.142822
535.118103
534.933289
535.236328
535.664246
535.390625
534.710449
534.673706
535.244568
535.413879
535.053833
535.019470
535.501465
535.684692
535.124756
534.524292
534.791992
535.635254
535.804810
534.978943
534.351318
534.714783
535.257568
535.083069
534.729492
535.003845
535.487610
535.405212
535.025513
535.101196
535.423523
535.248962
534.784668
534.921997
535.507446
535.450256
534.723450
534.518677
535.168579
535.589172
535.226318
534.897949
535.210999
535.577881
535.291870
534.720642
534.738281
535.322510
535.545593
535.118042
534.964600
535.531006
535.847107
535.212769
534.453918
534.574829
535.175964
535.294800
534.996155
535.018982
535.345215
535.300171
534.913513
534.963562
535.416626
535.287476
534.578125
534.659729
535.801208
536.375305
535.549011
534.577026
534.553589
534.999817
535.118286
534.895386
534.748352
534.860535
535.013794
535.042053
535.231323
535.687805
535.741821
534.971436
534.277344
534.654724
535.416199
535.319336
534.824280
535.114746
535.776978
535.620239
534.902588
534.741089
535.124023
535.195740
534.915710
534.941833
535.231079
535.090576
534.658020
534.809265
535.429382
535.454651
534.590210
533.804260
534.108032
535.312012
536.120056
535.691589
534.828491
534.775879
535.317078
535.401550
534.926208
534.705933
534.971863
535.147583
535.061462
535.175354
535.441223
535.234314
534.732727
534.843506
535.416260
535.396423
534.866272
534.983398
535.757812
535.934570
535.182739
534.583923
534.835205
535.283875
535.097595
534.526245
534.383179
534.821899
535.202026
535.105103
534.911316
535.073486
535.243591
534.949463
534.679565
535.100342
535.684692
535.528442
535.028442
535.211548
535.778931
535.510010
534.532776
534.403564
535.405029
535.849304
534.946777
534.164001
534.723267
535.592957
535.407654
534.622375
534.408142
534.871948
535.391846
535.648926
535.658264
535.378784
534.879761
534.619324
535.194092
536.270813
536.422424
535.063904
533.722534
534.051941
535.349304
535.683228
534.950684
534.749512
535.483093
535.823853
535.155151
534.478027
534.608032
535.124329
535.361328
535.393188
535.505249
535.436462
535.016479
534.831238
535.237244
535.456543
534.943542
534.466003
534.829224
535.616882
535.805298
535.184998
534.705505
535.148682
535.805420
535.446350
534.487915
534.453247
535.437317
535.840454
535.067017
534.543762
535.176086
535.854065
535.584412
535.001526
534.816162
534.751404
534.626343
534.837585
535.414062
535.673645
535.260925
534.813416
535.007141
535.404602
535.233643
534.679810
534.510803
534.965149
535.490051
535.514038
535.243103
535.247559
535.401062
535.153015
534.770630
534.940735
535.396545
535.302734
534.764099
534.736633
535.339539
535.557983
535.007996
534.585876
534.890808
535.279175
535.177307
535.111938
535.508484
535.701294
535.166626
534.707092
535.101685
535.570801
535.158691
534.551758
534.919617
535.964783
536.389404
535.710327
534.797302
534.635864
535.085510
535.251526
534.973572
535.032043
535.466431
535.390381
534.766785
534.672729
535.413879
535.869202
535.395447
534.779297
534.781738
535.057495
535.083557
535.126709
535.400146
535.381165
534.856506
534.580688
535.079407
535.600891
535.269836
534.562988
534.530518
535.229736
535.824463
535.737122
535.254089
535.054077
535.265686
535.322937
535.098816
535.123230
535.303894
535.007996
534.467590
534.696777
535.605042
535.795837
534.846802
534.182434
534.837769
535.697388
535.463318
534.786438
534.917419
535.551636
535.549988
535.043518
534.986389
535.328552
535.262695
534.852417
534.871155
535.309570
535.473145
535.125244
534.745850
534.868591
535.288391
535.367981
535.109741
535.194885
535.613220
535.490173
534.821228
534.757874
535.540344
535.859558
535.073914
534.424744
534.922302
535.655823
535.368042
534.561096
534.620544
535.380615
535.516663
534.945496
534.876038
535.518127
535.876465
535.565552
535.023987
534.504761
534.102661
534.094910
534.620239
535.434814
535.985840
535.673279
534.756165
534.467834
535.176575
535.568359
534.927673
534.445190
535.046753
535.771423
535.552063
534.944336
534.904968
535.220276
535.182800
534.947083
535.094055
535.454590
535.471985
535.201782
535.121948
535.231506
535.122925
534.919250
535.141296
535.555603
535.319336
534.416443
533.947266
534.581848
535.538208
535.628296
534.917175
534.596680
535.058655
535.380981
535.128906
535.010620
535.391418
535.490662
534.946228
534.708923
535.403931
536.027161
535.523743
534.674194
534.813538
535.567200
535.590149
534.850037
534.532837
534.919312
535.141174
534.916321
534.898682
535.285889
535.501648
535.220032
534.854492
534.993103
535.530579
535.628052
535.046875
534.725037
535.149841
535.418091
534.961487
534.633789
535.130127
535.699219
535.465698
534.906250
534.949707
535.340210
535.273438
534.959900
535.132263
535.539062
535.393982
534.955994
535.102722
535.597229
535.418823
534.655579
534.509888
535.223877
535.722656
535.354492
534.699951
534.625732
535.151978
535.455139
535.094360
534.725952
534.949768
535.254883
535.190674
535.225464
535.573059
535.599609
535.093262
534.850464
535.305725
535.614258
535.028381
534.332886
534.721436
535.707520
535.764893
534.843140
534.408386
534.968872
535.397766
535.070251
534.798340
535.140015
535.476440
535.233154
534.786804
534.787964
535.182983
535.319824
535.028564
534.945190
535.340210
535.475464
534.967590
534.656982
535.101990
535.468506
535.019958
534.514221
534.874023
535.513428
535.410278
534.911743
535.049927
535.616943
535.542053
534.838623
534.594360
535.075928
535.382629
535.130005
535.019592
535.390625
535.541260
534.967407
534.305908
534.372253
534.913452
535.098328
534.866028
534.932373
535.420776
535.526550
535.018372
534.799377
535.330139
535.665039
535.060486
534.414673
534.848877
535.778076
535.789124
534.966858
534.694092
535.263489
535.543030
535.099915
534.820251
535.100586
535.261230
534.988281
534.863159
535.208374
535.508667
535.327759
534.937195
534.876038
535.246460
535.587708
535.661682
535.768738
535.840454
535.232788
534.154175
533.988586
535.141968
536.009766
535.288879
534.090576
534.371765
535.875366
536.529785
535.667358
534.765137
534.833069
535.123108
534.948059
534.843933
535.176392
535.306458
534.942932
534.834717
535.297485
535.540710
535.177429
534.894592
535.155518
535.506897
535.393494
534.974060
534.877991
535.312622
535.633789
535.240601
534.682190
534.860352
535.411255
535.297424
534.770935
534.966064
535.624084
535.497498
534.829041
534.968384
535.767761
535.643250
534.157471
532.977600
533.665710
535.763916
537.791199
538.493103
537.165039
534.321533
532.041626
532.289124
534.768372
537.372498
538.174377
536.942871
535.293396
534.887634
535.538696
535.802063
535.230164
534.710388
534.641174
534.618286
534.641174
535.065918
535.575684
535.446838
534.930176
535.050964
535.659790
535.600708
534.909790
534.837830
535.560974
535.851135
535.130249
534.065369
533.661011
534.226562
535.264832
536.465881
537.952698
538.775574
537.144653
533.848877
532.617554
534.911316
537.443909
536.755859
533.995605
532.883789
534.507812
536.343323
536.269836
535.219910
534.916748
535.277100
535.377197
535.144043
534.904480
534.720337
534.799927
535.298584
535.633667
535.179932
534.548157
534.903442
535.978394
536.134888
534.976440
534.166199
534.829346
536.034729
536.418274
535.791321
534.962219
534.728394
534.863892
534.501648
533.894043
534.575439
536.855103
538.657532
537.806641
534.536255
531.473022
531.404236
534.498779
537.734497
537.901062
535.332764
533.461792
534.501892
536.680664
536.756042
534.605835
533.253479
534.335449
535.903320
535.691162
534.465698
534.417114
535.815063
536.952881
536.598389
535.310059
534.505493
534.777954
535.415466
535.615845
535.448486
535.212341
534.820068
534.472656
534.863770
535.875732
536.298706
535.660583
534.912781
534.787598
534.964233
535.066956
535.196899
535.354675
535.194641
534.721375
534.593079
535.068542
535.394592
535.231934
535.356384
535.989197
536.199036
535.418030
534.345703
534.135071
535.045654
535.902405
535.444275
534.339905
534.330139
535.408875
535.978455
535.494812
535.042358
535.196594
535.252441
534.902893
534.840210
535.286499
535.555359
535.432678
535.442688
535.595703
535.284546
534.640991
534.640320
535.370239
535.592773
534.801086
534.128235
534.535522
535.577332
536.456482
536.842346
536.582336
535.605957
534.252930
533.416687
533.968445
535.579712
536.591492
535.950195
534.789307
534.853882
535.832275
535.929016
534.873718
534.251526
534.786316
535.393066
535.258423
535.008423
535.242004
535.401978
535.011841
534.731018
535.116028
535.538757
535.454651
535.341187
535.550537
535.525574
534.860474
534.126038
534.212891
535.101196
535.710815
535.290527
534.591980
534.809265
535.677551
535.838257
535.098328
534.593323
534.633240
534.489868
534.262085
535.060974
536.913757
538.033447
537.084656
534.944702
533.380981
533.068604
533.764893
535.092590
536.173523
536.112671
535.284668
535.007690
535.657288
536.084717
535.404236
534.250610
533.782227
534.314514
535.119263
535.280701
534.877136
534.883179
535.464050
535.664429
535.232117
535.006226
535.294617
535.432251
535.116882
534.925232
535.130554
535.194824
535.002258
535.197266
535.481140
534.803833
533.487488
533.399109
535.674316
538.695251
539.286072
536.399841
532.593140
531.184265
532.947388
536.251709
538.726990
538.730530
536.495728
534.159119
533.983337
535.800049
536.891113
535.562988
533.645020
533.772339
535.412598
535.871521
534.628784
533.942566
535.052612
536.439087
536.379211
535.299072
534.640015
534.748657
534.730225
534.216125
533.997070
534.683044
536.090576
537.751831
538.442749
536.699524
533.259216
531.225525
532.214172
534.761353
536.745911
537.285156
536.710632
536.067810
535.954590
535.901001
535.424133
534.924988
534.676147
534.413757
534.276978
534.674377
535.292542
535.443359
535.245544
535.446289
536.009644
535.959351
534.792847
533.610229
534.106934
536.078003
537.209473
536.189575
534.311646
533.471313
534.246887
536.000854
537.525452
537.623291
535.936646
533.776611
533.455444
535.557373
537.443665
536.391174
533.673889
533.010559
535.252258
537.162354
536.280457
534.211792
533.689331
534.844788
535.974121
536.073547
535.414368
534.707153
534.595947
535.295654
536.079956
535.612122
534.032959
533.583618
535.406128
537.236755
536.560791
534.468689
533.810242
535.121521
536.484558
536.312988
535.108276
534.410278
534.793884
535.510742
535.798340
535.654968
535.390991
535.252808
535.369873
535.601685
535.528442
534.844604
534.147278
534.515076
535.765198
536.216003
535.188599
534.275696
534.771423
535.649231
535.561707
535.059387
535.284363
535.835876
535.709412
535.093384
534.825989
535.010010
535.077332
534.905212
534.951355
535.384521
535.658997
535.263306
534.730896
534.928711
535.559448
535.407043
534.558716
534.566650
535.704529
536.352234
535.715149
534.910278
534.875366
535.099060
535.047546
534.997131
535.281433
535.558960
535.420654
535.158875
535.209167
535.305664
534.995483
534.658630
535.002686
535.798096
536.044067
535.418701
534.741699
534.919861
535.605957
535.729980
535.190125
534.987854
535.407898
535.514465
534.945251
534.731812
535.348389
535.717285
535.060730
534.434570
534.931396
535.759460
535.609436
534.812866
534.652710
535.210449
535.510132
535.387390
535.409424
535.448730
535.038208
534.730896
535.280029
535.954407
535.562683
534.414246
533.873840
534.519104
535.583984
535.911255
535.170471
534.374939
534.626526
535.428284
535.614258
535.273987
535.120483
535.028015
534.927979
535.350403
535.949768
535.582764
534.524719
534.413269
535.543213
536.233459
535.502686
534.572327
534.802246
535.563660
535.538330
534.891968
534.830750
535.482361
535.783630
535.247437
534.610901
534.724182
535.428101
535.790039
535.483643
535.208984
535.357483
535.345642
535.037964
535.162720
535.626709
535.410950
534.574158
534.434692
535.359009
535.975952
535.378235
534.580444
534.825989
535.607544
535.680420
535.140076
535.060791
535.516663
535.535828
534.925964
534.703491
535.254883
535.666992
535.338745
534.925110
535.068726
535.332642
535.057312
534.705872
535.138611
535.905762
535.716919
534.717224
534.411072
535.231628
535.906860
535.551819
535.007385
535.286377
535.820862
535.559265
534.879333
534.911804
535.493591
535.535156
534.976318
534.780334
535.196899
535.485962
535.373047
535.358887
535.513000
535.261047
534.469482
533.936707
534.448425
535.580139
536.012695
535.360901
534.808044
535.150391
535.558044
535.308105
535.061829
535.330261
535.418701
534.981812
534.845032
535.376831
535.683533
535.177734
534.672485
534.999146
535.628906
535.561401
535.033508
535.102173
535.672424
535.603271
534.875183
534.788086
535.625977
536.022217
535.403442
534.863281
535.140503
535.528809
535.336182
535.010010
535.243042
535.757202
535.657166
534.864685
534.422668
534.916626
535.594666
535.568115
535.181702
535.223633
535.521545
535.398376
535.128052
535.375854
535.724854
535.333252
534.679871
534.837341
535.527344
535.621826
535.151001
535.083008
535.463806
535.445923
535.029419
534.988831
535.453247
535.793091
535.601440
535.160522
535.051453
535.421692
535.604675
535.159302
534.877197
535.407776
535.849121
535.282043
534.590698
535.002991
535.866211
535.802429
535.008240
534.676880
534.994568
535.210327
535.197876
535.377686
535.593201
535.318481
534.859985
535.061096
535.727234
535.751709
535.003418
534.664368
535.399658
536.354431
536.376953
535.520386
534.886414
535.116699
535.489990
535.174377
534.697754
535.007751
535.733215
535.752319
535.117188
534.929260
535.406799
535.680481
535.415588
535.237244
535.292297
535.045349
534.680176
534.980408
535.722534
535.793823
535.188477
535.007935
535.387878
535.321716
534.701172
534.664551
535.653625
536.653381
536.568542
535.552795
534.787842
534.970581
535.457397
535.383789
535.010315
535.006775
535.204590
535.146484
535.150330
535.564453
535.779236
535.201904
534.575745
534.963318
535.836853
535.820557
535.027893
534.843567
535.425476
535.512695
534.947266
534.846375
535.403442
535.565063
534.991943
534.620117
535.130615
536.076538
536.434326
535.783447
534.976685
534.992676
535.468323
535.449280
535.078552
535.051331
535.227417
535.211182
535.321045
535.815430
536.033997
535.390747
534.649536
534.838013
535.481628
535.524658
535.104431
535.117920
535.539795
535.429688
534.715759
534.599609
535.470764
535.939026
535.146240
534.362915
534.781250
535.730286
535.942749
535.341125
535.005615
535.610901
536.372009
536.100830
534.936646
534.170227
534.337158
534.881714
535.439148
535.973511
536.039551
535.298950
534.558105
534.848694
535.658264
535.668457
534.938049
534.772339
535.403870
535.741028
535.384033
535.096558
535.217285
535.180969
534.925903
535.166870
535.867554
535.937073
534.905396
533.822327
533.964661
535.158997
535.857910
535.180115
534.301453
534.648376
535.642151
535.900146
535.490479
535.287964
535.355774
535.164124
534.856323
535.091003
535.655823
535.516724
534.671387
534.560303
535.573181
536.134583
535.413208
534.645142
534.876465
535.434753
535.443787
535.213867
535.312134
535.524170
535.396973
535.045227
534.947388
535.219238
535.441223
535.229248
534.929749
535.132507
535.529724
535.447754
535.129517
535.213684
535.398987
534.950562
534.403198
534.920715
536.036499
536.052368
534.940430
534.559326
535.456177
535.993835
535.253845
534.490417
534.925049
535.831299
535.933655
535.274048
534.836243
535.013123
535.367981
535.544250
535.638672
535.676575
535.324341
534.649841
534.591309
535.554688
536.338684
535.685181
534.499634
534.581238
535.713867
536.076599
535.227112
534.642212
535.080750
535.477051
535.056213
534.597961
534.902466
535.407104
535.370789
535.113464
535.167969
535.238770
535.020325
535.025269
535.448792
535.498474
534.904724
534.497192
534.930908
535.861145
536.294617
535.557251
534.434875
534.442139
535.529968
535.963135
535.101562
534.355347
534.786621
535.552490
535.574219
535.134216
534.948853
535.018188
535.136963
535.288086
535.336853
535.094055
534.874756
535.185913
535.704529
535.495422
534.644653
534.464417
535.475525
536.304626
535.594116
534.266174
534.270874
535.712891
536.878540
536.599426
535.397705
534.567078
534.729614
535.313049
535.526306
535.374390
535.166809
534.969238
534.997925
535.498596
535.932678
535.464478
534.533386
534.500793
535.460938
535.942383
535.203674
534.403564
534.812866
535.814636
535.855591
534.920776
534.451294
534.919250
535.484985
535.685791
535.772400
535.767578
535.387817
534.814148
