504.726868
504.726868
504.456482
503.588165
506.011169
517.354919
531.153137
536.769714
535.188354
532.925903
533.063354
533.716797
533.229797
533.203247
534.152344
535.258484
534.553467
532.464417
530.252563
531.578918
535.920837
536.361206
534.033813
534.054565
535.119751
534.254395
531.634766
531.143982
532.977417
535.022644
535.341492
534.314270
534.196228
533.682739
532.234070
532.210876
533.729614
535.421082
535.052185
533.151184
532.964172
533.591736
533.518616
533.587341
534.336426
535.428101
534.363647
531.390991
530.908630
537.576965
545.133545
543.002563
536.152771
533.578552
533.870605
533.255005
531.668091
531.930542
533.991821
536.074829
535.799805
533.578247
532.723633
532.673462
532.357544
532.977417
534.534363
535.963074
534.898621
532.232849
531.905396
533.417053
534.564270
534.594727
534.034241
534.240601
533.599182
531.597534
531.522278
537.669617
544.246582
541.991882
535.893494
533.497803
533.489990
533.114807
532.087708
532.433716
534.047363
535.663330
535.053284
532.815918
532.427002
533.160645
533.259949
533.262695
534.060852
535.780334
535.388794
532.631775
531.746643
533.339050
535.164062
535.159973
533.693237
533.337341
533.020813
531.605530
531.582642
536.953186
542.462524
540.395020
535.579651
533.437805
532.744019
532.464539
532.343750
533.249817
534.807373
536.227112
535.205383
532.393372
531.783936
533.133728
534.234192
534.210510
533.745239
534.370239
534.118408
532.278931
531.806885
533.285339
535.349365
535.602783
533.730469
532.709717
532.407166
532.074768
533.218689
535.286682
532.286804
525.491577
525.346252
530.371643
532.668579
533.122009
533.667725
533.792542
533.916077
535.136536
535.087891
532.852417
531.666016
532.570679
534.496521
535.276001
534.245667
533.713623
533.152649
531.999817
532.250793
533.978516
535.815735
535.357605
533.071655
532.536072
533.113586
533.118225
533.551697
534.766418
532.154968
526.868225
527.104370
530.440308
531.421326
532.592529
534.671509
535.200623
534.142334
534.090637
533.978699
532.575745
531.942871
532.881165
534.847656
535.508545
534.075806
533.320007
533.098206
532.497803
532.679382
533.991638
535.782654
535.296082
532.649109
531.816406
532.832947
533.799316
534.335876
534.449951
530.993652
526.461609
527.933838
531.468628
531.976990
532.639832
534.531616
535.184937
534.039062
533.753113
533.606506
532.426880
532.062073
533.467224
535.803711
535.859558
533.344971
532.322632
532.998535
533.527649
533.713440
534.098267
535.358337
535.014954
532.384033
531.253662
532.683289
534.819336
535.163452
533.351013
532.692444
538.250732
546.060974
543.831848
534.813477
532.062561
534.765930
535.638245
533.952454
533.206238
533.441406
533.299377
533.189514
533.718445
535.288330
535.184937
532.641968
531.625305
532.857483
534.240662
534.375305
533.946228
534.832642
534.850159
532.721985
531.545837
532.614014
534.810181
535.446411
533.611694
532.598572
537.930725
545.510498
543.166931
534.741028
532.818237
535.755249
535.918579
532.975037
531.732056
532.755066
533.784607
533.895081
533.729553
534.750793
534.750732
532.626221
531.736694
533.106018
535.007019
535.102722
533.676697
533.637451
533.705383
532.402405
532.041321
533.696716
536.099304
535.941833
533.241577
532.795349
534.452148
530.639343
520.971130
519.419861
529.034058
536.315552
536.101501
533.134888
531.688416
532.690857
534.248840
534.410156
533.624023
534.205994
534.282043
532.510376
531.833191
533.274780
535.325073
535.303284
533.372681
533.089417
533.695862
533.120361
532.522705
533.277588
535.407410
535.593201
532.950684
532.126465
533.799500
530.513306
521.456482
520.230957
529.505249
536.173157
535.601013
532.530151
531.307922
532.943237
535.382385
535.716003
534.059387
533.802917
533.991455
532.627869
531.804565
533.376709
536.340210
536.421936
533.175659
531.758728
532.783813
533.505920
533.418030
533.696655
535.245300
535.140747
532.609558
531.756897
533.117493
534.236206
536.111145
541.140259
543.037170
538.240295
534.034180
532.399353
531.471008
532.925232
535.690369
535.911255
533.414307
532.703186
533.527405
533.273865
532.767761
533.705200
535.955688
535.700806
532.486694
531.373779
532.979004
534.371033
534.256165
533.901978
535.123657
535.132385
532.509827
531.155640
532.489563
534.476013
537.480225
542.759888
543.620544
537.883728
533.663513
532.286804
531.498230
533.177551
536.223145
536.100037
532.878723
532.068115
533.713074
534.314392
533.451965
533.208618
534.960815
535.236145
532.579834
531.329590
532.930969
535.030762
535.136902
533.938416
534.311035
534.305786
532.241150
531.365173
532.957825
535.054626
538.291260
543.430542
543.192078
536.561829
532.782898
532.613281
532.438538
533.534241
535.705811
535.179016
531.930725
531.220215
533.324463
534.640259
533.856018
533.179749
534.845764
535.237549
532.304260
530.561218
532.480225
535.742737
536.164246
533.829163
533.044617
533.291382
532.513855
532.359741
533.979736
536.222107
535.876831
531.587341
524.946106
523.599548
530.129761
534.300598
532.966492
533.030823
535.568176
535.657715
532.111694
530.654175
532.948669
535.455139
535.112976
533.375549
533.835327
534.376343
532.667847
531.601746
533.177673
535.864685
535.749573
533.111511
532.646484
533.450562
532.743958
532.282288
534.095215
536.941589
536.499329
532.657471
528.669739
529.765869
535.215515
536.654907
534.114807
533.477417
534.883728
534.898193
532.171021
531.004211
533.087952
535.824890
535.652527
533.313782
533.094421
533.727417
532.665405
532.130737
533.992798
536.668213
535.943298
532.528687
531.881592
533.384827
533.549255
532.768616
533.411926
535.889526
535.888916
532.122009
528.155823
530.132996
536.257507
537.437134
534.382751
533.198792
534.275513
534.539917
532.294617
531.323792
533.314636
535.894531
535.348694
532.618225
532.368042
533.443542
532.940796
532.320923
533.781006
536.591003
536.080200
532.229553
530.996582
533.019287
534.609741
534.534180
534.432190
530.459595
521.337708
520.096619
528.980957
535.298889
535.863708
534.358398
530.163696
527.293884
529.960388
532.151245
531.567627
532.929993
535.628784
535.763062
533.181274
532.314697
533.135620
533.294495
532.695129
532.626953
534.332886
534.917419
532.740723
531.090576
531.536499
533.505615
535.013184
534.794434
534.302002
532.894958
530.811279
530.867493
533.145325
535.822205
536.152771
532.934265
526.719055
524.408447
529.724976
533.565918
532.411560
532.346375
534.590027
535.293091
532.962769
531.480774
532.047485
533.434814
534.248230
534.023682
534.236938
533.663269
531.830078
531.549133
533.236450
535.165405
534.872803
532.936035
532.946228
533.546509
532.387939
531.224243
532.057129
534.910217
536.198608
533.946167
529.099060
527.643372
531.821106
534.325623
533.781311
534.351379
535.421753
534.501465
531.665100
531.003662
532.896545
534.804626
534.567932
533.063904
533.408203
533.851257
532.262878
530.929443
531.864319
534.836487
536.102478
534.040710
532.350830
532.076660
532.299377
533.126160
534.279541
535.465637
534.593201
531.782837
529.088074
531.007019
536.395264
537.090454
533.839478
532.581116
533.699707
534.388550
532.497681
530.827759
531.586304
534.306213
535.615601
534.183289
533.135559
532.674011
531.979858
532.307251
533.834900
535.681824
535.028320
532.124817
531.432373
532.947937
533.926880
533.505554
533.030640
534.405701
534.991394
532.607422
528.961670
530.067139
535.338562
536.840088
534.973877
533.910645
533.574524
533.074280
531.891907
531.934875
533.396484
535.161133
534.828308
532.690308
532.383545
533.220276
532.945618
532.135315
532.481140
534.848572
535.596130
532.945984
531.017334
531.662048
533.516663
534.461609
534.101196
534.389832
533.947449
531.615784
530.677002
536.469604
543.535645
541.793823
535.506836
532.370361
532.213623
532.811829
532.523010
532.257874
533.042725
535.085327
535.355835
532.844849
531.390564
531.970215
533.089600
533.766113
534.101746
535.172913
534.669617
531.924988
530.861267
532.471375
534.690002
534.866089
533.398865
533.593506
533.934998
532.041626
530.611145
535.227844
541.250183
540.149109
535.783630
533.256653
532.237610
532.458435
532.797913
533.099487
533.745178
535.186584
534.656921
531.789795
530.983337
532.748779
534.408508
534.126099
532.999695
533.724670
534.138428
532.370300
531.137939
532.145508
534.732422
535.584961
533.617065
532.447266
532.480103
532.235962
532.682495
534.162354
531.421143
525.297363
525.439941
530.197205
532.291626
532.919861
533.557861
533.439514
533.408325
534.910095
534.963562
532.170044
530.509644
531.842834
534.650696
535.566223
533.873901
533.028870
532.963318
532.264282
532.208435
533.517578
535.483459
535.115723
532.585999
532.130371
533.158752
533.059021
532.664062
533.370178
531.037903
526.450439
527.420837
531.025269
531.597900
532.257690
534.320435
535.025208
533.807556
533.488770
533.311829
532.069763
531.766479
532.980591
534.737671
534.611572
532.782043
532.776489
533.431580
532.436707
531.576294
532.983887
536.108582
536.316162
532.698425
530.637695
531.810059
533.758118
534.519531
533.980164
529.944336
525.415161
527.315369
531.277344
532.088135
532.910095
534.600891
534.735657
533.300842
533.298462
533.448425
532.072510
531.421448
533.039001
535.816772
535.689636
532.474182
531.258423
532.502441
533.422974
533.174988
533.041016
534.701172
535.197632
532.752319
531.143921
532.113464
534.116394
534.754700
533.637939
533.419250
538.625061
545.585388
542.612488
533.600830
531.724304
535.180786
535.692505
533.071411
532.152466
533.043701
533.233826
532.697876
532.914368
534.895264
535.337891
532.755737
531.266724
532.251831
533.897766
534.402588
533.950378
534.530701
534.229065
532.002930
531.230530
532.890320
535.049805
534.847107
532.377869
531.895752
538.670593
547.264709
544.226440
533.960632
531.007202
534.575195
535.900879
533.286316
531.581421
532.120483
533.023865
533.307129
533.362000
534.424316
534.233093
532.006958
531.386841
533.004517
534.679443
534.366333
533.051270
533.766113
534.272095
532.357849
530.976440
532.315430
535.239319
535.561890
532.741089
531.908081
533.507385
530.035095
520.637390
519.205505
528.912231
536.074768
535.571411
532.549561
531.375305
532.503906
533.856323
533.960510
533.550476
534.503235
534.271484
531.656067
530.605469
532.557861
535.214172
535.045837
532.634827
532.478149
533.619995
533.015503
531.766418
532.228088
534.860840
535.564453
532.908203
531.834412
533.294800
529.735535
520.487305
519.595825
529.287964
535.734619
534.775330
531.888123
531.203918
532.942505
534.755310
534.402832
532.892700
533.507324
534.045288
532.120789
530.717957
532.229309
535.466187
535.882446
532.908508
531.661743
532.638916
533.183228
533.025269
533.379883
534.991394
534.879456
532.336487
531.403198
532.502380
533.412842
535.394531
540.935059
543.375854
538.566467
533.709290
531.421021
530.571350
532.668945
535.752991
535.605774
532.611877
531.946899
533.239441
533.195618
532.236511
532.512512
534.841064
535.487000
532.986938
531.691223
532.612671
533.592896
533.611450
533.507874
534.648621
534.331909
531.720642
530.952087
532.829773
534.668396
536.987122
541.681274
542.367981
536.829346
533.128601
532.175659
531.228088
532.420654
535.487183
536.063660
533.203674
531.739929
532.471680
533.080261
533.178528
533.699646
535.328430
535.098389
532.315491
531.250427
532.756287
534.457947
534.299072
533.143005
533.724121
533.956360
532.080933
531.225830
533.041016
535.898987
536.286499
533.175598
527.509766
525.328369
529.921021
533.168457
532.283569
532.973206
535.454102
535.411011
532.235657
531.171875
532.937561
534.155884
533.385437
532.641968
534.287415
534.878479
532.258606
530.543335
531.955688
534.792847
535.513733
533.773315
533.227051
533.280579
532.205139
531.741272
533.031860
535.348083
535.515076
531.441528
524.356018
522.659302
529.571045
534.335938
533.164673
532.832520
534.881958
535.144287
532.210571
530.844727
532.649658
534.902771
534.678040
532.938110
533.300232
533.845825
532.241516
531.338074
533.085022
536.003967
535.995178
532.966614
531.914734
532.775696
532.717651
532.313721
533.270386
535.622070
535.775391
532.745422
528.831604
529.558533
534.674805
535.832886
533.199219
532.717529
534.389954
534.678650
532.026123
530.650452
532.491333
535.242371
535.161438
532.832886
532.759583
533.779785
532.919189
531.800598
532.765991
535.525513
535.798035
532.723389
531.339478
532.447388
533.331543
533.231995
533.407654
535.029297
535.017456
531.951599
528.461243
530.369934
536.192871
537.115723
534.026611
532.847656
533.748230
533.933838
531.846191
530.953247
532.905151
535.631042
535.183289
532.205017
531.814270
533.288696
533.271362
532.455872
533.074402
535.438965
535.405640
532.075745
530.621460
532.201843
533.931763
533.954529
533.452515
534.598694
534.642456
531.856934
529.079956
532.033875
538.049744
538.343506
534.584290
532.466736
532.669739
533.401062
532.428772
531.710754
533.165955
535.924072
535.662537
532.194153
531.133789
532.920166
533.996521
533.472473
533.322998
534.981506
534.847778
531.830505
530.717163
532.631287
534.706421
534.513123
533.193298
533.743225
533.875183
531.465698
530.291504
536.326599
543.866760
542.510620
536.080688
532.143555
531.695129
532.951294
533.075623
532.492371
533.088623
535.272766
535.140808
531.878723
530.640991
532.487305
534.280884
533.982605
533.109924
534.174805
534.236572
531.701721
530.701416
532.887634
535.725159
535.420837
532.720886
532.408264
533.450867
532.505615
531.485596
536.079834
541.815186
540.280823
535.159790
531.870850
531.204773
532.681702
533.507019
533.080078
533.233215
535.189758
535.123291
531.917542
530.643555
532.768250
535.283020
535.131409
533.355896
533.584412
533.942932
532.187744
531.157349
532.880310
535.787781
535.532593
532.278564
531.405151
532.756226
533.067505
532.977722
534.130249
532.071716
526.810120
526.464966
529.582825
531.041565
532.813599
534.708984
534.427368
533.336060
534.185486
534.232422
531.767761
530.740356
532.727234
535.284790
534.920898
532.562317
532.655945
533.736389
532.844482
531.837097
533.068115
535.889893
535.674988
532.058533
530.819397
532.651672
533.939575
533.820679
533.896240
531.308472
526.991455
527.619385
530.327515
531.027893
532.764954
535.189514
535.132324
533.340454
533.424988
533.593323
531.826294
531.150574
533.349609
536.432007
535.975830
532.495728
531.563782
532.950684
533.255493
532.643311
533.197266
535.331970
534.978882
531.663025
530.641418
532.573547
534.369324
534.202148
532.817749
532.932251
538.476135
545.665039
542.899292
534.061768
532.315918
535.456055
535.228455
532.417419
532.141296
533.281311
532.687866
531.820435
533.107056
536.079895
535.948730
532.202942
530.726379
532.418701
533.834717
533.565918
533.347046
534.916931
534.839050
531.895569
530.749146
532.800842
535.162781
534.647949
532.085938
531.883728
538.373352
545.936035
542.502014
533.488953
532.286011
535.932556
535.658264
532.073547
531.050110
532.417969
533.092651
533.033264
533.668213
535.371399
534.681396
531.462097
530.708130
532.700317
534.239746
533.814148
533.210022
534.588318
534.566406
531.603943
530.305298
532.711182
535.983643
535.576477
531.974976
531.005371
538.089172
546.610413
543.411560
533.966736
532.021729
535.407349
535.491394
531.949524
530.710144
532.376282
533.635498
533.397766
533.405823
535.033813
534.593323
531.250183
530.231934
532.835266
535.566589
534.939148
532.531006
532.776917
533.629822
532.168762
531.023315
532.644104
535.694458
535.530090
532.223999
531.587769
533.572083
529.729309
519.820862
518.875549
529.417175
536.434937
534.780334
530.943054
530.455444
533.056885
534.954224
534.219177
533.040894
534.256836
534.478882
531.708313
530.367065
532.645691
535.887024
535.573181
532.502136
532.028015
533.257935
532.956299
532.309875
533.458130
535.938293
535.425476
531.838318
531.114258
533.570190
530.321350
520.672913
519.479431
529.250977
536.008545
534.900757
531.174561
530.159485
532.846069
535.729248
535.122375
532.681274
532.998291
533.894592
532.335876
531.038818
532.544800
535.599304
535.568848
532.411133
531.488892
532.748291
533.146729
532.908875
533.831177
535.880432
534.897766
531.006287
530.428528
533.636841
531.414185
522.609924
521.128113
529.175293
534.737671
534.230652
531.557312
530.707886
533.058594
536.048462
535.426575
532.183899
531.737671
533.102295
532.823364
532.088501
533.292236
535.915283
535.355347
531.697876
530.764465
532.867737
534.462280
534.141235
533.525330
534.567749
534.253601
531.552185
530.831787
532.833801
534.671997
537.458008
543.054382
543.832092
537.347778
532.515259
531.017456
530.745300
533.295532
536.627197
535.811890
531.957703
531.332153
533.204407
533.450684
532.475952
533.092468
535.559875
535.157898
531.475647
530.383179
533.021667
535.682739
535.258789
533.262085
533.461853
533.637939
531.689392
531.004272
533.177063
536.007507
535.976990
532.396667
526.613037
525.062195
530.179504
532.909241
531.550537
532.933105
536.252869
535.828979
531.699341
530.382935
532.681702
534.632385
534.281250
533.458191
534.465393
534.214783
531.500732
530.583496
532.585754
535.027405
535.139771
533.861511
534.149963
533.606445
530.975281
530.362305
533.401978
536.949707
536.271484
530.421631
522.536499
521.717590
529.960754
535.041199
533.359985
532.752930
534.845581
534.804016
531.495178
530.349060
532.607788
534.956726
534.815491
533.650696
534.304077
533.982056
531.180054
530.061584
532.443970
535.786316
535.856445
533.260803
532.638794
533.112183
532.343628
531.869568
533.319031
536.024353
535.908325
529.813965
520.449463
519.244934
528.712158
535.303040
534.565857
533.764771
534.706177
533.717651
530.544922
530.177246
533.240417
536.073669
535.530273
533.470886
533.873291
534.182495
531.850464
530.311035
532.331726
535.885925
535.551697
531.834534
531.029541
532.958557
533.849121
533.493652
533.711121
535.080627
534.356689
531.139465
528.684326
531.860413
537.772705
537.927307
534.608093
533.862854
534.729919
533.912781
530.960754
530.490051
533.489258
536.350647
535.257080
532.345459
532.727539
534.236694
533.276733
531.797424
532.655334
535.253052
534.873352
531.566589
530.887329
532.848389
534.231262
534.224854
534.213257
535.123962
533.926819
530.416931
528.596252
533.283752
539.836792
539.171631
534.414856
532.289734
533.142639
534.065918
532.567078
531.484253
533.068420
535.766724
535.225342
532.106201
531.707458
533.394897
533.969482
533.515869
533.728882
535.107605
534.258057
531.269714
530.963562
533.223877
534.691956
533.933472
533.171448
534.701172
534.788879
531.471008
529.769470
535.937744
543.445068
541.802551
535.358337
531.779358
531.871948
533.409851
533.463562
532.989746
533.841675
535.684753
534.736328
531.481750
531.089783
533.081970
534.072021
533.442688
533.216248
534.726379
534.469727
531.798645
531.121643
533.141357
535.114380
534.421204
532.591125
533.218506
533.928528
532.203247
531.295105
536.366516
541.716980
539.290344
533.947998
531.405029
531.615723
532.952881
533.048279
532.798462
533.807922
535.865417
535.128601
531.707947
530.799255
532.839111
534.635315
534.190674
533.170288
534.055298
533.985718
531.920776
531.633789
533.785156
535.759949
534.597839
531.971802
532.153748
533.377319
532.781372
532.262390
536.165100
539.999329
537.894104
534.121948
531.870239
531.281555
532.641113
533.618408
533.488892
533.598694
535.109497
534.759888
531.952271
531.137024
533.120667
535.135864
534.469055
532.571350
532.976746
533.568115
532.359375
531.928345
533.784851
536.225830
535.205750
531.721375
531.234253
533.102600
534.047791
534.235474
534.640808
531.387207
526.207031
526.966736
530.695312
532.163513
533.307312
534.338989
533.984436
533.323669
534.288879
534.186096
532.051697
531.507385
533.460754
535.570984
534.760864
532.424438
532.610596
533.485352
532.744080
532.310608
533.811035
536.152222
535.258240
531.622803
530.556335
532.408142
534.313660
534.827515
534.349182
530.878052
527.006042
528.403931
531.125427
532.012573
533.785339
535.302368
534.310547
532.394470
532.932983
533.716125
532.759399
532.430664
533.844849
535.580994
534.618958
532.119446
532.183655
533.384521
533.422546
533.211548
534.103577
535.799255
534.668945
531.189270
530.523376
532.882996
534.996948
534.636780
532.881531
532.939453
538.593811
545.364075
542.323364
534.279053
533.079590
535.801697
535.251709
532.458008
531.979431
532.876465
533.062317
533.339111
534.333435
535.557434
534.341187
531.584106
531.626282
533.685486
534.826843
534.140076
533.227722
534.087341
534.100952
532.282654
531.894287
533.409363
535.076477
534.811890
532.924500
532.541565
538.089172
544.889832
541.913452
534.296143
533.365662
535.911011
535.108154
532.042297
531.477661
532.796326
533.567566
533.613586
533.908264
534.990906
534.048828
531.451965
531.564636
533.907593
535.468018
534.655212
533.026062
533.309143
533.455261
532.229980
532.180054
533.860718
535.671753
534.849060
531.862244
531.080383
537.437134
545.086609
542.418945
534.787415
533.284363
535.242310
534.515930
531.698181
531.142395
532.721924
534.389709
534.832703
534.251099
534.228088
533.281311
531.436157
531.772949
534.034912
535.881958
534.964783
532.512512
532.259521
532.964661
532.757385
532.812866
533.720520
534.971802
534.154480
531.824280
532.017944
533.768982
529.354553
519.820862
519.861450
530.288086
536.466980
534.747375
531.453003
531.015503
533.168518
535.373413
535.211853
533.311523
532.816101
532.723511
531.984863
532.401367
534.010376
535.575378
534.756226
532.287720
531.894714
532.880188
533.479248
533.952515
534.507019
535.187195
534.040466
531.604370
531.690247
533.709167
530.160706
521.597412
521.541199
530.510620
535.506836
533.736694
530.765625
530.662292
533.303467
535.938843
535.572998
533.091492
532.349060
532.651550
532.664001
533.344910
534.507080
535.438721
534.200317
531.774414
531.788086
533.210754
533.903015
533.754883
533.624634
534.475525
533.927490
531.678467
531.236816
532.654419
534.130554
537.883789
544.796936
545.410278
537.433838
531.829529
531.307373
532.030029
533.759705
535.770142
535.444214
533.015686
532.100342
532.472351
532.871521
533.584839
534.506531
535.415710
534.214783
531.492432
531.116089
532.973450
534.837402
534.948486
533.680725
533.353638
532.704651
531.305237
531.752991
533.493225
534.762512
538.300537
544.819458
544.670715
536.693848
532.034241
532.096436
532.417358
533.452637
535.387939
535.258972
532.662720
531.431519
532.136841
533.470398
534.421448
534.637085
534.934753
533.654541
531.090576
530.825562
533.026550
535.515869
535.609924
533.507874
532.579773
532.315552
531.641785
532.137817
533.716675
535.253601
539.165222
545.153687
543.544922
535.062073
531.732544
533.462402
533.988281
533.768127
534.641235
534.415344
532.261597
531.380066
532.253601
533.659180
534.133118
533.628906
533.984070
533.625610
531.841309
531.432495
533.221619
535.770386
535.751221
533.040466
531.761536
532.079102
532.469238
533.217346
534.284851
535.575928
535.107849
530.309387
521.949158
519.917908
527.900269
534.393188
534.593689
533.864136
534.194214
533.700684
531.771545
531.236023
532.687256
534.841431
535.220764
533.629578
533.121887
533.102844
532.215759
531.857239
533.023865
535.409302
535.635376
532.879883
531.290161
531.833435
533.082703
534.049683
534.381165
535.225525
535.038330
529.911255
520.715332
519.038818
528.130859
535.044067
534.913391
533.657471
533.873413
533.744751
532.102966
531.391968
532.918396
535.680115
535.982971
533.293701
531.920959
532.320007
532.757751
533.149658
533.839233
535.272278
534.997314
532.436523
531.217468
532.119751
533.706970
534.356689
533.964294
534.391968
534.124084
532.069763
530.410706
533.753784
538.812012
537.989502
534.320129
532.786621
532.957031
533.356140
532.455017
531.825500
532.990784
535.630188
535.800293
532.603210
530.857605
531.940796
533.730652
534.321167
533.797180
534.202637
534.027466
532.229797
531.484375
532.436707
534.121582
534.758484
534.021973
534.048828
533.735474
531.904297
530.754333
534.776184
539.974915
538.985962
535.192322
532.943848
532.234009
532.846130
533.094727
532.908508
533.234436
534.873291
534.875854
532.167358
530.615356
531.541321
533.572083
534.552795
533.997253
534.158386
533.926392
532.156250
531.375000
532.748047
535.123840
535.381531
533.344055
532.839722
533.404175
532.649597
531.788635
535.320923
539.615784
538.341797
534.940369
532.474976
531.123962
532.082336
533.692200
534.203247
533.793091
534.329285
534.005554
531.893005
531.185303
532.754395
534.975952
535.276978
533.738220
533.541199
533.549866
532.049927
531.149475
532.471558
535.371765
535.879944
533.090027
531.694519
532.557373
533.111267
532.973450
535.428955
537.643677
535.817932
533.881104
532.711853
531.551819
532.479370
534.455078
535.109558
534.031677
533.757751
533.408875
531.875671
531.334106
532.665649
534.927185
535.249939
533.404663
533.035217
533.465759
532.634399
531.866882
532.860046
535.508789
535.831299
532.914185
531.539490
532.759033
534.051697
534.093140
534.890198
534.633606
532.537354
532.476013
532.422913
531.183594
532.336182
534.897400
535.373413
533.437988
532.834412
533.025269
532.131042
531.666504
533.033386
535.791870
536.138184
533.264160
531.866516
532.631714
533.218994
533.106140
533.383423
535.006470
534.934753
532.348816
531.363586
532.814270
534.481873
534.511780
533.316956
529.907959
527.395081
530.241455
532.754883
531.978027
532.937500
535.683228
535.868469
532.940002
531.858948
532.938232
533.331421
532.903320
533.253601
535.297607
535.531677
532.752991
531.414917
532.568054
533.876404
533.776794
533.287598
534.502319
534.810181
532.633606
531.451965
532.895630
535.329407
535.607971
533.275513
528.854614
526.988586
530.874023
533.574097
532.722656
533.453857
535.701477
535.405945
532.020081
530.699585
532.173462
533.488403
533.561646
533.669006
535.226624
535.132324
532.335999
531.176208
532.806213
534.737488
534.380676
532.888367
533.763916
534.631470
532.786926
531.236877
532.523315
535.395630
535.365356
531.880859
530.722107
538.206665
547.629578
544.986145
535.305542
532.385803
535.018738
535.365051
532.179993
530.530518
532.050110
534.356384
534.877075
534.060669
534.606018
534.452393
532.077881
530.985535
532.595703
534.913879
534.673767
532.555176
532.713196
533.756775
532.921692
531.980652
533.092041
535.658508
535.378540
531.565796
530.085449
537.468445
546.875549
544.616333
535.692383
532.841736
534.828674
534.681885
531.574585
530.530090
532.704834
535.158630
535.040039
533.420654
533.816345
534.242615
532.341858
530.911743
532.328674
535.426697
535.635254
532.537354
531.483765
532.823914
533.406738
533.021240
533.453857
535.329102
534.859375
531.264038
530.144348
537.425842
546.103882
543.952881
536.065491
533.094055
534.123962
534.099670
531.626709
530.551025
532.788574
535.900757
535.636230
532.894836
532.651245
533.598022
532.733032
531.756104
532.874084
535.751282
535.989563
532.674438
531.184448
532.596008
533.811340
533.631287
533.736023
535.456909
535.067566
531.608765
530.596741
533.417603
531.833862
524.150574
522.688965
529.383667
534.125977
534.280518
532.299744
531.042114
532.776733
536.050659
536.069580
532.845703
531.835510
533.000549
533.263916
532.760315
533.239014
535.191040
534.922852
531.800598
530.718689
532.500000
534.254578
534.072998
533.356384
534.578369
534.596741
531.777771
531.081299
534.127930
532.639404
525.011414
523.504883
529.528687
533.519714
533.650879
532.119629
531.223694
533.092957
536.415039
535.975891
531.895691
530.691284
532.815857
534.132385
533.457947
533.126587
534.889832
534.876221
531.749573
530.453552
532.587708
535.272766
535.227295
533.388123
533.407898
533.448730
531.629395
530.982971
532.750488
535.129456
539.194824
544.894409
543.644043
535.743530
532.104309
532.623962
532.570190
533.620850
536.054077
535.476624
531.729675
530.672546
533.027954
534.904419
534.062866
532.660339
533.833618
534.373413
532.009338
530.787781
532.842529
535.864807
535.740601
533.053223
532.519165
533.133728
532.419617
532.198914
533.616760
535.509460
539.443298
544.865662
542.776001
534.688171
532.121521
533.687073
533.348938
533.211243
535.165894
535.012451
531.567749
530.271851
532.713745
535.494568
535.097900
532.843994
532.926147
533.455139
531.974731
531.186157
532.971619
535.748108
535.327576
532.153809
531.510986
532.958923
533.367004
533.137817
533.658020
535.116028
539.519592
545.178040
542.510559
534.119934
532.083984
534.543091
534.464355
533.351562
534.295044
534.337708
531.715942
530.562927
532.761597
535.694092
535.191345
532.321411
532.232788
533.496521
532.818787
532.010742
533.480103
536.209900
535.404175
531.421570
530.420227
532.598694
534.106445
533.790649
533.642822
535.412598
535.503479
528.901367
518.296387
517.371521
528.586792
536.553650
535.540588
532.984924
533.045044
533.404602
531.936035
531.350098
533.377808
536.195557
535.376038
531.671204
530.970398
532.863831
533.508728
532.907593
533.438965
535.611938
535.141418
531.542725
530.330872
532.509216
534.837036
534.859314
533.779175
534.377380
534.160461
531.332031
529.284119
533.619446
540.034729
539.489258
534.752319
531.996582
532.251282
533.504456
532.657349
531.661804
533.207703
536.185181
535.619324
531.877380
530.968323
532.998596
534.362244
533.946838
533.512024
534.721680
534.357788
531.610596
531.033142
533.419312
535.697510
535.110962
533.233398
533.582825
533.765930
531.588806
530.535522
535.973206
542.317932
540.700073
535.065613
531.520569
531.268494
533.082275
533.508362
532.826111
533.390198
535.485901
534.841187
531.330017
530.549622
533.074036
535.262146
534.751831
533.330444
534.054016
534.025818
531.496338
530.640076
533.105347
536.038513
535.465515
532.726929
532.600098
533.445312
532.248962
531.766052
537.168091
542.747131
540.512695
535.002930
531.479248
530.895996
532.844971
534.086792
533.671021
533.487610
534.918457
534.411255
531.366760
530.686157
533.178894
535.528625
534.815308
532.813843
533.304688
533.738098
531.816406
530.907043
533.138611
536.300354
535.676697
532.077148
531.105103
532.447083
532.911804
532.873169
535.836426
538.361206
536.280823
533.348022
531.284729
530.785706
532.983948
534.633301
533.887878
532.841248
534.043884
534.212036
531.755371
530.841614
533.155945
536.055420
535.439880
532.445251
532.088745
533.143677
532.666992
532.116943
533.485657
536.046021
535.461365
531.930298
530.924805
532.598450
533.711792
533.659302
535.023193
535.413269
533.287354
532.293030
531.417297
530.749207
533.040161
535.440063
534.693970
532.491699
532.890686
533.617554
532.261841
531.613098
533.387939
535.841248
535.085815
532.057068
531.682312
532.997864
533.128784
532.773315
533.714417
535.792419
534.914368
531.258301
530.393250
532.913147
535.255066
535.092773
533.605286
530.492859
528.326050
530.461914
531.926758
531.446594
533.248535
535.553162
534.751770
532.213074
532.454102
533.709534
532.970581
531.937073
532.979858
535.562866
535.178223
531.847229
531.043457
532.928284
534.276550
533.968323
533.632019
534.709961
533.919006
530.890625
530.387512
533.046204
535.594421
535.287476
533.222656
530.064331
529.098083
532.226440
533.203308
531.649231
532.904602
535.483215
535.217041
532.500671
531.935303
532.959045
533.261414
533.344299
534.302673
535.787231
534.270874
530.561646
530.182617
533.050476
535.318909
534.800354
533.371094
534.037781
534.076904
531.816284
530.979309
533.208313
535.997803
535.266785
531.808899
531.024414
537.749023
545.524231
542.468872
534.349182
532.919617
535.231995
534.423401
531.414795
531.264526
533.313538
534.462463
534.016541
533.677429
534.847717
534.199524
531.124451
530.331665
532.899841
535.798401
535.569458
533.307556
533.040039
533.301086
532.216919
532.002014
533.670227
535.518372
534.173767
530.734497
530.648010
538.394897
546.549438
543.122498
534.446899
532.525208
535.002747
534.889038
531.838745
530.852295
532.654114
534.638306
534.671875
533.738037
534.291077
533.914978
531.522766
530.808167
532.890381
535.300415
534.580811
532.113953
532.304565
533.414429
532.842712
532.275024
533.468445
535.609070
534.763794
531.132812
530.364746
537.708801
545.867798
543.144104
535.355042
533.030945
534.260437
533.474487
530.603882
530.429749
533.305542
535.762939
534.832642
532.409607
532.644043
533.535645
532.662659
532.071289
533.283264
535.261353
534.676636
532.347717
532.478455
533.714783
533.477539
532.711975
533.451294
535.745422
535.296509
531.793091
530.965393
533.588074
531.105713
523.034058
522.577515
530.251221
534.357300
533.094910
531.102356
531.381531
533.900635
536.193665
535.012573
531.923767
531.783997
533.223816
533.258850
532.863098
533.704956
535.420837
534.489685
531.575012
531.514832
533.758972
534.981934
534.004944
532.839783
533.917175
534.262146
532.306396
531.950500
534.015320
531.045288
523.149353
522.709900
529.716858
533.874084
533.724609
532.304993
531.921997
533.545898
535.788940
535.012878
531.968445
531.337646
532.549805
533.210266
533.280396
533.833923
535.268250
534.299561
531.134949
530.824402
533.686218
536.097534
535.189758
532.757324
532.835510
533.437378
532.371277
532.080383
533.328979
534.570496
537.978699
544.133728
543.809326
536.455017
532.644714
532.807617
532.683594
533.318481
534.927185
534.425232
532.041992
531.820068
533.349365
534.318115
533.927368
533.428040
534.425537
534.009094
531.409058
530.718262
532.985779
535.650818
535.245422
532.789368
532.465698
532.887756
532.198303
532.334778
533.773621
535.237122
539.196533
545.260071
543.706848
535.657043
532.626465
533.896912
533.872009
533.655518
534.520569
533.636536
531.235901
531.550598
534.181335
535.904114
534.726746
532.632446
533.121765
533.675049
532.076599
531.184937
532.701355
535.185242
535.011292
532.681641
532.372986
533.242920
533.163208
532.831665
533.120422
534.164612
538.439392
544.245239
542.008606
534.317261
532.368591
534.387024
534.427673
533.709229
534.250610
533.364624
530.813904
530.812195
533.782654
536.527222
535.707397
532.911499
532.582458
533.253479
532.644531
532.293091
533.464355
535.355652
534.626343
531.822510
531.417114
533.098938
534.429626
534.529602
534.109863
534.644897
534.037842
527.993469
518.488953
518.347534
529.518372
537.011475
535.805176
533.248413
533.178223
533.374695
532.084473
531.696899
533.380920
535.699097
535.232849
532.595947
532.133362
533.202698
533.529419
533.343323
533.670227
534.710632
533.690918
531.153992
531.295471
533.582581
535.268311
534.914001
533.595825
533.982544
534.121521
528.078125
517.592041
517.132812
528.837891
536.789062
535.610535
532.826904
532.826111
533.538086
532.861450
532.462646
533.397583
534.942139
534.208252
531.858887
531.904175
533.648743
534.773132
534.559509
533.873291
534.188049
533.331238
531.076111
531.034180
533.404358
535.628662
535.164795
533.203735
533.194580
533.327515
531.748230
531.689331
537.460632
542.519348
539.348572
533.962891
532.010376
532.572815
533.879578
533.791626
532.940918
533.024292
534.530457
534.031982
531.332886
530.845032
532.798401
534.667175
534.697205
533.739380
533.897461
533.182739
531.152588
531.183716
533.701538
536.176453
535.405945
532.718079
532.510559
533.335388
532.680603
533.476990
539.662903
544.051392
539.888184
533.962646
531.327698
531.164001
532.775879
534.186401
534.457153
534.173340
534.438721
533.225098
530.925171
531.315918
534.098389
536.253418
535.271912
532.762207
532.570496
533.011108
532.228088
532.212524
533.778076
535.653564
534.801514
532.083801
531.830933
533.199280
533.666992
533.560303
535.267334
535.609558
532.809387
531.454956
531.209412
531.209290
533.193909
535.090332
534.980408
533.830811
533.958679
533.331543
531.378540
531.378418
533.717773
535.990417
535.066528
532.188049
531.900757
533.201904
533.455933
533.141785
533.531982
534.755737
533.869873
531.272278
531.158447
533.087524
534.538269
534.734009
534.968323
533.231323
530.327148
530.565002
531.427856
531.719910
533.827332
535.657410
534.722656
532.330322
532.286011
533.192749
532.886230
532.659851
533.513367
534.994446
534.262695
531.826477
531.823730
533.508972
534.376648
534.085144
533.668640
534.194519
533.367249
531.230347
531.227600
533.005676
534.552307
534.810974
534.237549
531.523010
529.324829
530.999390
531.789612
531.180725
533.397766
536.222046
535.730713
532.756897
531.898682
532.889282
533.629028
533.920898
534.122864
534.714600
533.588318
531.090210
531.003662
533.022034
534.905457
535.197449
534.285461
533.992004
532.861023
530.989319
531.425415
533.780151
535.661926
535.087280
533.040955
530.232788
530.056396
533.640991
534.471313
532.615784
533.211853
534.966492
534.431641
531.878784
531.440552
532.808777
533.847168
534.057190
534.097229
534.760010
533.732056
531.272949
531.154480
533.222107
535.211853
535.214539
533.855530
533.603210
533.033386
531.557190
531.712952
533.763977
535.817444
534.994324
531.932068
528.807617
529.827820
534.450195
535.355530
533.524292
533.961182
534.967957
533.685547
531.061279
531.290100
533.615601
535.072510
534.404358
533.281189
534.016846
533.934570
531.905396
531.402588
533.244629
535.320374
534.743896
532.413147
532.165771
533.150024
533.505554
533.662476
533.969666
534.690979
533.830383
531.198975
530.699158
537.297058
544.886719
542.466614
535.525696
533.774597
534.701538
533.406555
530.801086
531.038879
533.448792
535.157593
534.423462
532.777466
533.179077
533.729492
532.822205
532.424011
533.564758
535.499146
534.991882
532.088501
531.310669
532.775208
534.127380
534.486694
534.230286
534.335571
533.175232
530.967041
531.181763
537.501404
543.765991
540.980957
534.901245
533.278381
534.061401
533.635864
531.687378
531.324036
533.260193
535.629089
535.212280
532.725525
532.278503
533.034119
533.106079
533.350708
534.257751
535.288940
533.877686
530.952698
530.944885
533.280945
534.967834
534.620728
533.438965
533.687866
533.285217
531.507446
531.959473
534.414734
531.014893
522.509583
522.148804
529.670898
533.886597
533.604553
532.598877
532.570862
533.687073
535.394409
535.150574
532.858887
531.926086
532.299500
532.954285
533.949402
534.950012
535.505249
533.496033
530.547485
531.144714
534.038086
535.614563
534.267029
532.129395
532.743652
533.991455
533.319092
532.764587
533.513977
530.159302
523.613892
524.452148
530.778687
533.263977
532.468750
532.052368
533.075562
534.803467
535.857239
533.971741
530.989746
531.267212
533.499939
534.738403
534.183960
533.213013
533.936890
534.081787
532.302368
531.463623
532.740051
535.049133
535.541443
533.895203
533.086853
532.554199
531.811523
532.597961
534.162598
535.026855
538.377502
544.315796
542.982727
535.169434
532.366699
533.991455
534.263428
533.961609
534.581543
533.789062
531.450867
531.174072
533.100769
535.257019
535.476562
533.928101
533.277588
532.775452
531.917969
532.414734
533.863098
535.068420
534.255371
532.312439
532.436401
533.311035
533.125610
532.883789
533.216003
534.268005
538.917664
545.348694
543.090759
534.399841
531.705933
534.158691
534.948608
534.059143
533.813110
533.008972
531.483582
531.763000
533.535095
535.147217
534.664612
532.826599
532.703979
532.939209
532.184998
532.281250
533.903076
535.875854
535.033386
532.018250
531.277161
532.587646
533.803162
534.223572
533.836731
533.852173
538.295288
544.965088
542.912170
534.727722
532.419922
534.625000
534.725220
533.200317
533.108582
533.071716
532.021301
532.220154
534.153015
536.142151
535.161377
532.140991
531.490051
532.530823
533.061829
533.301941
533.876038
534.948792
534.005737
531.368164
531.074646
533.063660
534.972717
535.051941
533.880188
534.092346
534.308594
529.220703
519.814880
519.066223
529.273560
536.262207
535.385559
532.963989
532.419556
532.626160
532.479187
533.016296
534.207947
535.299011
534.116150
531.599365
531.524231
533.087524
534.109070
534.060791
533.704285
534.338562
533.727234
531.563538
531.405579
533.347717
535.217590
534.968079
533.303406
533.401672
533.975098
528.797058
518.949524
518.589844
529.684448
536.945740
535.446350
532.174316
531.761353
533.086914
533.685974
533.543030
533.605103
534.536621
533.939514
531.843445
531.676331
533.157776
534.467041
534.368530
533.436951
533.696167
533.363403
531.732788
531.641785
533.501770
535.564514
535.188416
532.900635
532.237366
532.549988
532.258667
533.502869
539.438049
543.602661
539.795715
534.361633
531.806580
531.264404
532.429443
533.758911
534.319153
534.245361
534.477905
533.359436
531.404968
531.803223
533.891724
535.541809
534.937927
532.927551
532.619873
532.799133
532.128601
532.359680
533.987061
535.819580
534.958740
532.088684
531.470581
532.460327
532.824829
534.958618
541.737732
545.185791
539.742554
533.708801
531.594238
531.630127
533.399536
535.227966
535.196777
533.776245
533.560303
533.171875
531.828125
531.971375
533.754944
535.599670
535.097717
532.848206
532.298340
532.685303
532.621582
533.013489
534.176270
535.611572
534.680969
531.865906
531.333496
532.697449
533.662659
536.388489
543.057495
545.316223
538.881042
532.887024
531.148438
531.438538
533.490906
535.639587
535.396179
533.259827
532.650452
532.870667
532.661072
533.185730
534.425842
535.520081
534.301025
531.783447
531.841003
533.358398
533.970886
533.801758
533.891296
534.941467
534.307800
531.806824
531.144348
532.598511
534.451294
535.187134
534.591064
531.189758
528.279724
530.243713
532.135498
532.046265
533.720337
535.899353
535.500793
532.982300
532.110474
532.426697
532.585938
533.265503
534.523560
535.772949
534.474487
531.414307
530.941528
532.830261
534.620911
534.873718
534.029419
533.866211
533.000122
531.395630
531.788330
533.835144
535.790405
535.775879
533.025635
527.481445
525.065979
529.448303
532.908569
532.853455
533.940613
535.571045
534.757629
532.130615
531.590393
532.718689
533.655334
533.981323
534.083984
534.780273
533.924255
531.609253
531.457825
533.433838
535.369080
535.217590
533.400757
532.786804
532.577209
531.912231
532.398743
533.962341
535.528198
535.101440
532.813538
529.603821
529.534912
533.341797
534.400085
533.038574
533.837463
535.322754
534.551208
531.829834
531.199402
532.819702
534.585510
534.837891
533.850769
533.750610
533.345886
532.082153
532.158630
533.579346
535.241760
535.102234
533.305298
532.741821
532.593750
532.066223
532.823975
534.742737
536.294312
535.090454
531.947815
528.982178
530.389038
535.377686
536.388550
534.117676
533.592407
534.237976
533.816895
531.983459
531.814941
533.456299
535.187500
535.049988
533.369568
532.956787
532.827820
532.095825
532.628052
534.325378
535.804443
534.900024
532.483887
532.040527
532.840210
533.371338
533.752502
534.226257
535.271484
534.548401
531.519531
530.405151
536.581299
544.112549
542.324890
535.967590
533.542908
533.659241
533.039917
531.586365
531.823181
533.674316
535.516235
535.017029
532.781128
532.306091
532.794861
532.689880
532.948792
534.052795
535.602356
534.917358
532.168701
531.288818
532.398560
533.809875
534.466370
534.274658
534.570496
533.837646
531.517212
531.034790
537.103577
543.769897
541.435547
535.264343
532.857422
532.895447
532.675537
531.781738
532.251953
533.984497
535.618652
534.823059
532.335815
531.947571
533.014526
533.527710
533.548706
533.836670
535.015137
534.524658
532.151550
531.546692
532.800842
534.250366
534.610229
534.052002
534.246338
533.644714
531.928040
532.228882
534.401855
531.347351
523.875610
523.862549
530.166443
533.019653
532.814148
532.884277
533.528992
534.452942
535.505249
534.406006
531.813904
531.794495
533.533691
534.476929
534.134094
533.565063
534.218567
533.860168
531.792419
531.093628
532.488525
534.829041
535.617371
534.142639
533.082214
532.461426
531.856873
532.801941
534.650513
531.205261
523.964233
524.011536
529.833130
532.770752
533.149658
533.335876
533.694702
534.365906
535.334412
534.179077
531.435547
531.197205
533.387451
535.457947
535.185547
533.231506
532.837891
532.985474
532.230835
532.228943
533.460510
535.297852
535.385071
533.503662
532.727478
532.678833
532.380676
533.160400
534.736145
531.524292
525.172363
525.478455
530.177734
532.298401
533.216003
534.181030
534.202332
533.766602
534.456421
534.075989
531.947388
531.384277
533.058899
535.282959
535.320129
533.164978
532.235291
532.353638
532.319702
532.869385
534.036255
535.438049
534.900024
532.673340
532.198303
532.986755
533.397400
533.460693
533.311523
533.895935
538.862244
545.737671
543.343140
534.422241
531.834656
534.437134
534.918396
533.442566
533.264587
533.225769
532.165894
532.139709
533.597595
535.482971
535.186401
532.772400
531.803711
532.077820
532.331360
533.037292
534.226868
535.573425
534.609863
531.675842
530.775024
532.126770
533.846069
534.374390
533.415344
533.221313
538.436890
545.822510
543.597107
534.948425
532.445679
534.762817
534.967468
533.076538
532.457214
532.472534
532.182129
532.880554
534.402832
535.763489
534.617371
531.610779
530.831726
532.283020
533.906494
534.588623
534.621765
535.330872
534.597839
531.952209
531.008118
532.464172
534.567505
534.955994
533.665833
533.782471
534.217957
528.939453
519.036743
518.475098
529.304749
536.516357
535.278870
532.199402
531.457886
532.483459
533.490784
534.177673
534.682739
535.501343
534.406433
531.443665
530.615173
532.345093
534.443726
534.854919
533.817749
533.723389
533.301392
531.770630
531.417786
532.593506
534.489441
534.879395
533.311279
533.144531
534.031677
529.403931
519.710632
519.098389
529.570984
536.365234
535.044556
531.918335
531.066711
532.211670
533.672058
534.476685
534.548401
534.844238
533.543152
530.825684
530.413025
532.584229
535.169861
535.495972
533.742615
533.293640
533.414368
532.558533
532.226074
533.179993
534.863586
534.755920
532.839050
532.678894
533.693420
529.234314
520.045349
519.930969
530.195740
536.584229
535.036255
531.484924
530.300720
531.867554
534.481018
535.827271
535.226562
534.723267
533.465759
531.137695
530.680359
532.916992
535.992126
536.154114
533.310364
531.940063
532.413391
533.049133
533.715942
534.102783
534.518921
533.715027
531.981018
531.970459
532.681885
532.793518
535.228333
542.231201
545.438782
539.941467
533.922668
530.991333
530.009460
532.217102
535.736145
536.395020
533.770142
532.240601
532.298401
532.325256
532.666382
533.520935
534.913940
534.690491
532.635193
532.076477
532.736572
533.203796
533.616089
534.129333
535.158569
534.598938
532.195007
531.162781
531.853943
533.256531
537.302917
544.562561
545.976013
538.507507
532.227112
530.645325
531.235107
533.739563
536.362610
535.995789
533.025513
531.794312
532.537048
533.300354
533.651123
533.955627
535.031067
534.652466
532.421448
531.835632
532.784912
533.507385
533.545105
533.601929
534.792725
534.604492
532.113892
530.791321
532.285278
535.404480
536.641174
534.150879
528.185974
524.941650
528.760681
532.492737
532.905762
534.029358
535.682251
535.189026
532.606079
531.582275
532.127197
532.925537
533.793640
534.384766
534.982727
534.042664
531.926270
531.555664
532.752747
534.303345
534.620239
533.589355
533.716064
533.734619
532.188721
531.385437
532.728882
535.519226
536.571655
533.495056
526.453735
522.992126
527.734863
532.582764
533.853027
535.145508
536.013428
534.423767
531.552917
531.340332
533.095642
534.384033
534.253662
533.617493
534.385803
534.279114
532.109619
531.119629
532.597412
535.136169
535.451965
533.164001
532.190247
532.688782
532.752441
532.758423
533.636230
535.578857
535.707275
532.981873
528.971680
528.843689
533.269836
535.165466
534.262329
534.539490
535.147522
534.193359
531.711365
530.961609
532.455200
534.523254
534.751648
533.301270
533.299133
533.596741
532.570312
532.032104
532.889709
534.764832
535.159668
533.435181
532.560547
532.500122
532.383545
532.970825
534.442017
536.184570
535.301331
531.673828
528.022095
529.651062
535.509705
537.340881
535.234558
533.746094
533.303284
533.088196
532.164734
531.983093
532.896851
534.548279
534.970459
533.688721
533.249573
533.039734
532.246887
532.284973
533.415466
535.098083
534.786011
532.413391
531.775574
532.916687
533.836975
533.831116
533.602905
534.534241
534.364502
531.804993
529.022949
531.442322
537.268921
538.193054
535.199402
533.238892
533.043762
533.637329
533.146118
532.544312
532.949158
534.757690
535.408447
533.655090
532.451721
532.241455
532.252136
532.824524
533.944946
535.441345
534.681519
531.759094
530.907898
532.577820
534.577454
534.953430
533.945679
533.860596
533.372742
531.415833
530.903809
536.380493
542.490967
540.727356
535.629944
533.047729
532.288208
532.486328
532.728699
533.156494
533.945190
535.444519
535.214783
532.769775
531.823242
532.747620
533.716675
533.856506
533.744568
534.580505
533.916199
531.398010
530.972290
533.129089
535.455261
535.298950
533.247559
532.877625
533.157104
532.044617
531.610229
536.322754
541.363770
539.407166
534.938843
532.702515
532.170410
532.723877
532.930115
532.930542
533.444824
535.022705
534.818176
532.042175
530.632019
531.960205
534.524109
535.599670
534.397888
533.603516
532.963806
531.743530
531.720581
533.303894
535.517761
535.488586
533.067200
532.218384
532.709900
532.578918
532.779236
533.937439
531.210327
525.776123
526.597229
530.841675
531.626038
531.767456
533.495605
534.617920
534.164368
534.312744
534.068359
532.296753
531.421204
532.423096
534.382080
534.785645
533.316711
533.050110
533.173645
532.174744
531.819214
533.300293
535.825500
535.710022
532.566772
531.060425
531.989868
533.355896
534.407104
534.838989
531.036072
525.522034
526.533752
530.627258
531.868164
532.797791
534.412842
534.632935
533.530579
533.815674
534.017273
532.399841
531.322998
532.498047
535.184814
535.654724
533.222412
532.167114
532.760559
532.987122
532.974426
533.516663
535.080872
534.985168
532.632019
531.636169
532.549805
533.846313
534.509521
534.301819
530.856140
527.033508
528.706299
531.270813
531.137939
532.406433
535.165161
535.715027
533.495789
532.500610
532.890137
532.770691
532.480957
532.941833
534.768311
535.200500
533.127014
532.021118
532.473877
533.194641
533.715088
534.108032
535.027283
534.335754
531.810974
531.016052
532.574524
534.754272
535.110229
533.183289
532.411438
538.180115
546.206177
543.804504
534.601685
531.921692
534.841370
535.701843
533.542847
532.333496
532.470947
532.594604
533.005920
534.020813
535.520142
534.888245
532.206604
531.452332
532.818848
534.273987
534.340027
533.520630
534.137695
534.230896
532.148987
530.979858
532.637878
535.679932
536.062012
533.022400
531.413513
537.394714
545.842102
543.704651
534.931152
532.330200
534.908997
535.467590
532.872009
531.407776
532.178040
533.392456
533.731689
533.597900
534.630981
534.494080
532.026245
530.827148
532.286011
534.851196
535.456116
533.651733
532.888611
532.938110
532.317749
532.168030
533.172241
535.177734
535.489929
533.207092
532.151855
532.960144
529.189270
520.445129
520.009888
529.855286
536.156311
534.944214
532.168030
531.700806
533.104980
534.257751
533.966370
533.275085
534.336792
534.580078
532.454712
531.314697
532.767212
535.387329
535.646240
533.287842
532.488464
533.046204
532.690552
532.150146
533.027649
535.526123
535.764954
532.683411
531.431335
533.189941
530.239746
521.526306
520.552368
529.502319
535.678894
535.372253
532.821655
531.310364
532.146423
534.463623
535.333191
533.953369
533.402283
533.353577
532.416687
532.004822
533.115540
535.308777
535.257874
532.450684
531.387451
532.601562
533.687256
533.806641
533.754639
534.889282
534.820312
532.544434
531.465271
532.258301
533.446838
536.528015
542.886963
544.658325
538.546814
533.407410
531.781921
531.114929
532.481323
535.236877
535.827576
533.559937
532.536499
533.044678
533.053528
532.720703
533.177856
535.109680
535.409241
532.846985
531.416626
532.365601
533.930847
534.312927
533.727417
534.314392
534.179993
532.015259
530.988159
532.136475
534.062195
538.003052
544.268066
544.358093
536.912170
532.418945
532.260010
532.189209
533.140015
535.360046
535.469849
532.754211
531.558472
532.522644
533.485107
533.526062
533.457703
534.836975
534.981140
532.486877
531.124023
532.421021
534.677734
535.147705
533.826111
533.683533
533.716553
532.433899
531.615295
532.457336
534.905334
536.100342
533.165039
526.211975
523.268982
528.708862
533.387756
533.426514
533.967346
535.595459
534.992615
531.974609
531.130676
532.945374
534.743774
534.686584
533.628540
534.170593
534.284119
532.275269
531.097168
532.344788
534.809692
535.176270
533.092163
532.467285
533.079407
532.799316
532.350647
533.058899
535.247375
535.881409
531.865173
524.105591
521.876831
528.738586
533.929199
533.455261
533.307068
534.910156
534.846008
532.040466
530.748108
532.568115
535.304077
535.452637
533.221863
532.820984
533.516602
532.766357
531.918457
532.799500
535.284241
535.772583
533.280457
531.909851
532.238892
532.557800
532.846802
533.707520
535.631714
535.816895
530.533752
521.193787
519.185791
528.156006
535.209717
534.801880
533.250183
533.776428
534.053772
532.420044
531.775146
533.270691
535.357483
535.061096
532.703857
532.393372
533.532043
533.341309
532.356873
532.728516
535.183899
535.685364
532.720703
530.943359
531.899231
533.656372
534.402527
534.177124
534.846252
534.735168
532.361084
529.540344
531.615906
536.954407
537.584106
534.655396
532.973267
533.029663
533.488525
532.509399
531.831909
533.017151
535.441650
535.507385
532.807373
531.843872
532.923279
533.656128
533.602417
533.896057
535.543640
535.381287
532.455322
531.145508
532.531128
534.316284
534.371765
533.432312
534.073059
534.330078
532.363953
530.470154
533.829895
539.313110
538.969360
534.918762
531.946350
531.398254
533.048035
533.830994
533.235046
533.127136
534.950317
535.506897
533.167297
531.643005
532.196228
533.455383
533.941895
533.739868
534.643127
534.531616
532.204529
531.106567
532.490967
534.637512
534.674255
532.903015
532.998840
533.776062
532.657959
531.663635
535.945129
541.103943
539.385742
534.721802
531.995911
531.386353
532.647888
533.730286
533.868286
533.931763
535.193848
534.890869
532.031494
530.783142
532.469604
534.853333
535.055298
533.508789
533.660339
534.091431
532.671448
531.678955
532.899536
535.516663
535.746460
532.948975
531.703186
532.619629
533.088440
532.937988
535.817017
538.826599
537.051331
534.032043
532.011658
531.067688
532.415710
534.104980
534.312134
533.722656
534.631592
534.765930
532.499146
531.114136
532.257751
534.556335
534.885437
533.223572
533.131836
533.677124
532.826416
532.141296
533.344360
535.966492
535.792664
532.135193
530.458191
532.107483
534.109619
534.715210
534.318298
530.553711
525.864197
527.265503
530.890869
531.668457
532.806213
534.869690
535.048645
533.536865
533.609253
533.769531
532.090149
531.158325
532.788269
535.650391
535.597900
532.532166
531.675903
533.234558
533.898743
533.039490
532.636292
534.421204
535.003296
532.574280
531.161438
532.219788
533.991028
534.791321
534.388489
530.718567
526.805481
528.519836
531.219666
531.338562
532.959717
535.740601
535.587036
532.700439
532.158569
533.432068
533.169495
532.119629
532.640564
535.077454
535.422607
532.657349
531.399231
532.616882
533.992859
534.009277
533.371277
534.177490
534.296387
532.290527
531.443115
533.022644
535.190430
535.033875
532.639771
532.161560
538.546936
546.493652
543.395813
534.043640
532.128662
535.554932
535.751587
532.579163
531.435181
532.666565
533.439819
533.191162
533.426086
535.295715
535.266785
532.055176
530.475586
532.168823
534.587891
534.842712
533.451294
533.571350
533.574463
531.883728
531.442749
533.385742
535.769226
535.291992
532.243530
531.345703
537.826904
545.854797
542.808960
533.909302
532.260803
535.519592
535.445618
531.875549
530.698669
532.729126
534.444641
533.878235
532.849304
534.237976
534.982300
532.661804
531.033691
532.360962
535.100098
535.610229
533.612244
533.007324
533.231262
532.342957
531.942017
533.310364
535.569946
535.174011
532.200439
531.852844
533.956055
530.144409
519.957520
518.399719
528.736328
536.708313
536.337646
532.444580
530.520569
532.255554
535.119263
535.693054
534.008362
533.502319
533.332458
532.050842
531.866699
533.615295
535.713501
534.911865
532.023560
532.007385
533.809875
533.770386
532.590393
532.838135
535.034607
535.208557
532.483704
531.656921
533.203186
529.659058
520.785217
520.127869
529.506531
536.112244
535.728638
532.425964
530.670105
532.458923
535.558411
535.773438
533.372498
532.777283
533.115051
532.192017
531.807312
533.352173
535.797607
535.271057
531.836914
530.894104
532.844116
534.260498
533.907532
533.385498
534.597107
534.667969
532.255310
531.705750
533.906128
531.083374
522.427490
521.232300
529.327454
534.881653
534.474731
531.839844
530.725403
532.779663
535.959595
535.817078
532.548096
531.546082
532.880188
533.333984
532.720886
532.957520
535.025269
535.212646
532.303589
531.086365
532.744751
534.415955
534.099487
533.193542
534.217590
534.322937
531.817444
530.734375
532.489319
534.777832
538.177368
543.533142
543.309998
536.384705
532.447937
532.276123
531.991577
533.114807
535.677612
535.667236
532.550049
531.397888
532.770325
533.611389
533.064453
533.014832
534.846924
534.825500
531.819824
530.745361
532.862732
535.103760
534.654358
532.858765
533.339294
533.925720
532.220276
531.188538
532.613586
535.073608
539.210327
544.681946
543.239014
535.308289
531.815186
532.617920
532.583618
533.232056
535.416992
535.196716
531.878296
530.766174
532.749084
534.474121
533.985413
533.053894
534.348083
534.736755
532.207764
530.813293
532.723877
535.881592
536.057251
533.208374
532.143921
532.674927
532.321228
532.194824
533.750427
536.228027
535.851074
530.452881
522.254517
520.794739
528.945496
534.730225
533.748474
533.031494
534.740479
534.955750
532.157104
530.882812
532.696838
535.092651
535.078552
533.416504
533.673584
534.047913
532.319092
531.323914
533.020569
535.802917
535.533997
532.543396
531.865417
533.097290
533.266479
532.692322
533.169983
535.375366
535.689758
530.143311
520.706116
519.132446
528.733582
535.858215
534.994080
533.450989
534.583923
534.872864
532.103088
530.412109
532.130188
535.166992
535.427002
533.085388
532.608582
533.252319
532.573547
532.178772
533.738831
536.227234
535.487305
531.885254
531.121948
533.214478
534.378601
533.689697
533.355347
535.266357
535.696472
529.468567
518.885254
517.399353
528.269836
536.574402
535.840393
533.165894
533.240540
533.917786
532.449585
531.342163
532.835999
535.747253
535.791016
532.843201
531.956726
533.015930
533.146179
532.795776
533.672729
535.682434
534.897644
531.398071
530.687622
533.082947
534.927673
534.325928
533.200256
534.375488
534.757751
531.834106
528.703064
531.885376
538.549744
539.488281
535.969238
533.130371
532.202515
532.607788
532.260925
532.092712
533.426086
535.762207
535.396606
532.238953
531.340759
532.901062
533.766602
533.240051
533.359863
535.376404
535.130554
531.567810
530.349854
533.087769
536.066650
535.546021
533.031372
533.051575
533.822571
532.214539
530.357544
534.094604
539.920105
539.532593
535.443665
532.508240
531.738831
532.664368
532.825134
532.644348
533.725403
535.835022
534.955017
531.272217
530.519775
533.190491
535.272888
534.370789
532.700867
533.692993
534.294312
531.940796
530.443176
532.299744
535.549805
535.764282
533.057373
532.296997
532.952637
532.233093
531.812683
536.315796
541.107971
539.088013
534.429382
531.693909
531.411865
533.164001
533.890625
533.110168
533.231018
535.528503
535.457947
531.681396
529.981506
532.439880
535.646790
535.616760
533.357544
533.212219
533.650085
532.301270
531.666321
533.494568
536.150696
535.584290
532.529785
532.046631
533.178711
532.788208
532.264099
535.899231
539.598083
537.741943
533.883301
530.658447
529.642761
532.589050
535.620300
535.343567
533.512817
534.028931
534.456970
532.382629
531.195984
532.803162
535.310486
535.084106
532.726501
532.511230
533.209045
532.502930
532.192200
533.833557
536.223389
535.157227
531.276794
530.509033
532.888428
534.315063
533.812622
534.902161
535.920654
534.483948
533.320068
531.576599
530.094727
532.453491
535.742249
535.618042
533.154297
532.977661
533.562561
532.379517
531.749084
533.224487
535.335510
534.577087
531.889465
532.064514
533.844116
533.814453
532.769470
533.404053
535.936646
535.394836
531.160522
529.595276
532.214233
535.125000
535.465637
534.176086
530.609192
527.530945
529.353088
531.172180
530.702393
532.458130
535.470093
535.541077
533.081787
532.800293
533.698669
532.906189
532.056519
533.458862
536.144836
535.234436
531.182129
530.422058
533.087891
534.843384
534.179321
533.424011
534.754578
534.610168
531.495300
530.025940
532.055359
535.081482
535.667542
533.957581
530.569458
528.995972
531.427612
532.122986
531.080505
533.463928
536.603210
535.388306
531.319031
530.912842
533.525818
534.589783
533.568848
533.235352
535.048157
534.949585
531.705322
530.402344
532.534363
535.141724
535.395874
534.265076
534.520386
533.746155
530.960388
530.530273
533.581970
536.568970
535.285522
531.295105
530.851074
538.783752
547.556030
543.955872
534.143311
532.039734
535.431702
535.770874
532.535095
531.272339
532.674744
534.105408
534.364319
534.366638
535.316162
534.318604
531.189392
530.838806
533.837158
536.257751
534.885437
532.228333
532.974609
534.274597
532.653503
531.009094
532.420715
535.832031
536.193359
532.545288
530.587708
536.860962
545.212158
542.906799
535.165649
533.726746
535.982849
534.835266
530.864502
530.188904
533.176514
535.486633
534.566833
532.894897
533.975830
534.494263
532.083435
530.725952
532.696533
535.873230
535.923950
533.145935
532.216614
532.512573
531.946655
532.051208
534.056519
536.411865
534.991760
531.112183
531.218445
534.533936
531.159607
520.783752
518.991333
528.492615
535.597595
535.260864
531.966492
530.731262
532.869263
535.612732
535.491272
533.413757
533.276978
533.482605
532.092957
531.703186
533.860596
536.584473
535.495117
531.772644
531.401733
533.536255
534.016174
532.831482
532.851868
535.168396
535.329712
532.189514
531.288940
533.619202
530.681030
521.930298
521.333374
530.115967
535.474243
534.163330
531.021545
530.440735
533.283203
536.402222
535.528442
532.140320
531.793518
533.309937
533.189453
532.398682
533.187256
535.485718
535.185913
532.064514
531.161438
532.688477
533.892090
533.977966
534.229431
535.462891
534.229187
530.582947
529.989685
532.983582
535.522949
538.033020
542.602356
542.567993
536.567810
533.164246
532.550598
531.686890
532.663147
535.127258
535.162842
532.756958
532.199402
532.942566
532.911377
532.948853
534.297485
536.195557
534.540649
530.296570
529.857605
533.441345
536.227173
535.220947
532.981995
533.520996
534.044495
532.176270
531.227356
532.676636
534.812622
538.885010
544.987732
544.342346
536.647705
532.415039
532.154114
532.050659
533.596191
536.113525
535.127075
531.402832
531.037842
533.722961
535.102600
533.903931
533.047668
534.911560
535.303101
532.205994
530.428223
532.322815
535.466248
535.763428
533.567261
532.974854
533.069336
532.203369
532.316956
533.834045
535.331116
538.898987
544.501648
543.148193
535.663025
532.724365
533.335327
532.622314
532.912170
535.343262
535.295898
531.787231
530.376709
532.597717
535.281860
535.299316
533.682617
533.666565
533.439026
531.846985
531.922852
534.182251
536.090698
534.612915
531.724609
532.229797
533.994080
533.473999
532.297974
533.360107
536.509644
536.855347
530.472534
520.356384
518.715637
528.217224
535.226196
534.937195
534.152649
535.034241
534.319153
531.599182
531.336609
533.790100
535.584167
534.218140
532.037292
532.857300
533.891846
532.503723
531.476562
533.187378
536.213623
535.808716
532.255798
531.135925
532.545105
533.570801
533.777771
534.340698
535.941589
535.521484
529.152283
519.414368
518.994934
529.689148
536.411682
534.570984
532.447876
533.594727
534.373779
532.494934
531.430298
533.176758
535.878479
535.508667
532.701538
532.048584
532.750977
532.664551
532.852661
534.351868
536.277588
535.001770
531.508545
531.299255
533.824341
535.062134
533.783508
532.697815
534.243591
534.644165
531.856262
529.827393
534.225037
540.306702
539.389587
535.131409
533.114075
532.930603
532.996094
532.156982
532.461853
534.632080
536.695312
535.043762
531.384216
531.239014
533.468506
534.402039
533.780884
533.618713
535.099487
534.843872
532.177063
531.364990
533.076355
535.004578
535.022644
533.934021
534.126221
533.635864
531.536865
531.375916
537.337463
543.173096
540.575134
534.510071
531.497009
532.014099
533.955383
534.023376
532.974731
533.240662
535.312378
535.281189
532.422119
531.209900
532.439514
534.141113
534.743652
534.573608
535.004456
533.847046
531.220337
531.277344
534.113037
536.382080
535.117737
532.428345
532.806213
534.055054
532.963928
531.917114
535.934448
540.350708
538.407898
534.334717
532.042847
531.671265
533.147095
534.283997
534.458618
534.429871
535.058777
533.997253
531.529602
531.750305
534.290344
535.936890
534.756165
532.969910
533.920898
534.593323
532.659729
531.420227
532.991394
535.774841
535.697205
533.039307
532.189270
532.765686
532.900574
533.496643
536.954834
538.859253
535.560791
532.144592
530.913269
531.684387
534.334595
535.474487
534.124573
532.897766
534.296265
534.873474
532.735962
531.531738
532.991882
535.456787
535.602356
533.756104
533.365540
533.201111
532.070312
532.274170
534.333984
536.085754
534.450745
531.450134
531.986816
534.498169
535.182983
533.984192
534.281067
534.391541
533.005493
533.165100
532.850708
531.517029
532.590149
534.923096
535.645935
534.514404
533.968262
532.945190
531.345642
532.019836
534.790344
536.833557
535.137756
531.905273
532.080750
533.865601
533.955688
533.104126
533.403748
535.311646
535.192078
532.416199
531.248474
532.554260
534.477173
535.223755
534.486877
530.751160
527.401184
529.342590
531.996826
532.869507
534.773132
536.079407
534.686157
532.586975
533.195068
533.986023
532.871765
532.250549
533.704163
536.061768
535.534607
532.414978
531.394409
532.706238
534.126526
534.435486
534.071228
534.382568
533.519653
531.784302
532.552185
534.789368
535.667419
534.478943
533.005432
530.502747
529.213135
531.890442
533.224548
532.321594
533.821777
536.379456
535.879517
532.487732
531.102844
532.139099
533.521973
534.441895
534.796021
535.201538
534.187683
532.357117
532.682190
533.848572
533.894775
533.081177
533.079651
534.730164
534.604065
532.296265
531.918579
534.049377
536.183838
535.310547
532.018982
530.923401
537.429626
546.007874
544.088257
536.030884
533.613403
535.124329
534.518616
532.246521
532.195496
533.331909
533.574646
533.416565
534.081360
535.655090
534.706787
531.503418
530.959045
533.520508
535.994873
535.308838
532.704773
532.325195
533.110779
533.125488
533.556091
534.748779
535.821167
534.589478
531.718628
531.188538
537.347046
544.350281
541.536926
534.725708
534.130127
536.318787
534.989624
531.160828
530.327881
532.855164
535.495605
535.430786
533.521484
533.257629
533.518555
532.847839
532.971008
534.120239
535.376587
534.792419
532.832581
532.489014
532.809082
532.650146
533.186035
534.683472
536.285889
535.095337
531.380188
530.110229
536.654053
544.778198
543.168030
536.416748
533.661133
533.621948
532.906006
531.748535
532.479187
534.101196
534.957275
534.232483
533.187683
533.832947
533.739136
532.018127
531.773743
533.893066
536.336365
535.444275
532.087891
531.238281
532.856750
534.421448
534.737305
534.057739
534.088074
533.640686
532.321716
532.784729
534.317078
529.996643
521.220886
521.551575
530.656738
535.527100
533.897766
531.186157
531.221863
534.084839
537.047729
536.334534
532.855591
531.704895
532.781067
533.671204
534.036438
534.194031
534.863098
534.397156
532.630310
532.210510
532.960144
534.023254
534.749817
534.732727
534.684998
533.172180
530.921692
531.796753
535.023621
532.476257
524.546509
523.707275
529.833069
533.082397
533.092834
532.977051
533.360718
534.140808
535.190491
534.583191
532.581543
532.243469
532.904419
533.259094
533.518372
534.129089
535.456299
534.673584
531.673584
530.906067
533.069031
535.595886
535.729980
533.854370
533.145996
532.865051
532.070740
532.392700
533.507996
534.572998
538.602356
545.516907
544.960999
536.294861
531.378296
531.836731
532.965942
534.536987
536.270874
535.227722
531.701477
530.434509
532.267395
534.846619
535.494934
534.031677
533.368591
533.136963
532.449341
532.658508
533.488647
534.477478
534.512634
533.535461
533.353638
532.813904
531.748352
532.424133
534.378357
535.854919
539.417725
544.994812
543.010010
534.639587
531.919922
534.179138
534.691895
534.026855
534.585144
534.449951
532.587524
531.723022
532.384399
533.900330
534.784302
534.395325
534.259888
533.332153
531.486023
531.449951
533.835632
536.690613
536.004272
532.174072
530.787720
532.460205
534.238647
534.648865
533.659485
533.306885
538.306335
546.432373
545.237183
535.759399
531.297485
532.755066
534.049927
534.372070
534.867737
533.887695
531.474182
531.036621
533.176208
535.886902
535.778015
533.057495
532.139282
532.955505
533.333435
533.315918
533.545837
534.829773
535.028809
533.118408
531.890381
532.047119
533.054688
534.062744
534.456055
535.370239
535.169128
529.607666
519.795593
518.159546
528.186035
536.229797
536.188416
533.641968
532.773804
533.075256
532.774292
532.733704
533.594238
535.158875
535.048950
533.155151
532.758118
533.254517
533.082764
532.945801
533.921387
536.153198
535.960571
532.462158
530.415039
531.704285
534.562500
535.737366
534.366760
533.745605
533.838745
529.302917
520.194336
519.209961
529.236572
536.421448
535.794800
533.250549
532.350464
532.503296
532.401855
532.619690
533.715271
535.671509
535.404602
532.376404
531.067810
532.480957
534.309082
534.506653
533.563843
533.994446
534.080627
532.379517
531.513611
532.459778
534.401733
535.085266
534.029968
533.798645
533.480286
531.732605
530.995544
535.839417
541.507629
540.190186
535.432556
531.984802
530.976685
532.830566
534.601379
534.343567
533.151062
533.830383
534.575745
533.307983
532.199951
532.271851
533.337524
534.120972
534.033264
534.553040
534.143860
532.086609
531.226135
532.867432
535.857239
536.276855
533.331055
531.719604
532.439697
533.134155
534.226685
539.059814
542.551453
538.908752
534.034485
532.054382
531.837891
533.098877
534.233398
534.200256
533.819214
534.900940
534.749878
531.991089
530.658020
532.712280
536.032532
536.323242
533.483704
532.446228
533.359619
533.515076
532.884399
532.907043
534.752197
535.480896
533.450684
532.171570
532.375183
532.549927
534.426941
540.771484
544.510498
540.034668
534.310974
531.229980
530.264038
532.543213
535.647644
535.655396
533.065918
532.604492
533.680786
533.451477
532.647705
532.758789
534.472229
535.166992
533.527344
532.719788
532.987488
532.957642
533.113831
534.137756
535.915588
535.192444
531.708069
530.437988
532.570190
535.073792
535.152832
534.125732
531.864380
529.867737
531.700073
533.383850
532.589905
532.911316
534.428040
534.827942
533.748474
533.774719
533.674316
532.124023
531.561646
533.612305
536.836792
536.417847
532.231140
530.524597
532.577148
534.742065
534.598083
533.516235
534.324524
534.559387
532.516785
531.663574
533.069031
534.811890
534.894592
533.783142
530.983093
529.425293
531.967468
532.730286
530.983765
532.765442
536.671265
536.802917
532.709473
530.782166
532.411499
534.216248
534.309387
533.737488
534.609070
534.631042
532.440002
531.548889
532.917297
534.581360
534.560242
533.690369
534.624939
534.875671
532.409668
530.842590
532.594971
536.003174
536.665710
533.607544
528.471130
526.926453
531.484314
534.465698
533.505737
533.556580
535.075012
535.278198
533.285217
532.308044
532.655518
533.176331
533.596985
534.257568
535.678223
534.799438
531.187988
529.996094
532.784546
536.101685
535.743042
532.838684
532.478638
533.535645
532.978516
532.401855
533.586121
535.796814
535.676758
532.972656
529.505310
529.774536
534.075195
534.914368
532.696716
533.443970
536.053345
535.761475
531.823914
530.117859
532.558167
535.577759
535.413635
533.176025
533.136963
533.805237
532.761169
532.218384
533.568726
535.633301
535.287170
532.956787
532.831787
533.679749
532.832581
532.062988
533.598816
536.557800
535.993408
531.171143
528.899475
536.611694
547.098633
545.703308
536.581909
532.501526
533.856628
534.689880
532.760376
531.491943
532.604004
534.652161
534.912964
533.726685
534.139587
534.262695
532.302246
531.362549
533.436768
536.657654
536.221497
532.393127
531.152100
532.879150
534.022339
533.630859
533.458374
535.012512
535.002625
531.908875
530.458496
536.905029
544.976013
542.798828
535.460205
533.308411
534.908081
534.590271
531.366150
530.151672
532.891541
536.361938
535.750183
532.260132
531.899536
533.850403
534.024292
532.868591
533.142029
535.535095
535.683655
532.511597
531.190369
532.698425
534.143311
534.051575
533.890015
535.349487
534.874695
531.029419
529.438782
536.690796
545.691467
544.157227
536.478271
532.327942
532.489136
533.646545
532.992126
532.073853
533.059753
535.671082
535.831604
532.966614
531.945435
532.996582
533.415405
533.174011
534.001892
536.226501
535.540466
531.438538
529.950134
532.632690
535.711304
535.512817
533.253540
533.146912
533.594360
532.251282
532.025024
534.082458
531.487610
523.947510
523.291809
529.760742
533.829285
534.121582
532.855530
532.088684
533.832947
536.869690
535.976257
531.494202
530.269409
533.074646
535.504333
535.072571
533.588135
534.061340
534.102112
532.117737
531.538147
533.445740
535.603577
535.053711
533.017212
533.442627
534.073242
532.239136
531.466187
534.094910
533.346741
527.569214
526.288452
529.479553
531.131897
532.509094
534.036682
534.094299
533.812012
534.897766
534.532654
531.949646
531.332520
533.099854
534.599060
534.142822
533.309814
534.577148
534.686584
531.749084
530.270081
532.876221
536.879700
536.845154
533.054810
531.465271
532.331909
532.900269
533.428528
534.329529
535.240601
538.853027
544.509644
542.647766
534.882080
532.648743
534.238342
533.525879
532.990784
535.126099
535.382812
531.784790
529.967834
532.477417
535.920654
535.698242
532.924683
532.525452
533.233276
532.563599
532.503418
534.335083
536.460449
535.258789
531.867615
531.491699
533.258545
533.718567
533.016357
533.084839
534.860535
540.075806
545.746216
542.119751
533.205688
531.794250
535.365356
535.594055
533.528381
533.495422
533.692322
532.097290
531.595581
533.584167
536.069580
535.443298
532.726318
532.567566
533.571899
532.795105
531.932251
533.497437
536.644592
536.080933
531.674194
530.118530
532.723206
535.445007
535.323547
533.822998
534.500610
535.045532
529.218079
518.599365
517.477722
528.608032
536.348145
535.258057
533.150574
533.832397
534.060913
531.811340
530.922180
533.616699
537.190430
536.250793
531.809265
530.616882
532.875793
534.501648
534.148682
533.620239
534.752869
534.536499
532.050903
531.462891
533.279114
534.807983
534.260376
533.392334
534.962708
535.501526
528.317383
516.325439
515.527344
528.333252
537.660339
536.529297
532.318542
531.380615
532.984619
533.498840
532.885620
533.217712
535.166016
534.919434
532.022034
531.410339
533.302612
534.507751
533.896301
533.573608
535.305725
535.065430
531.603638
530.224976
532.892456
536.321167
536.069092
533.093384
532.409546
533.106567
532.352112
532.207703
537.348083
542.401001
539.827209
534.518677
531.854004
531.983582
533.598328
533.847229
533.143372
533.761169
535.950989
535.192200
531.248840
530.162598
533.117371
536.160217
535.713806
533.357605
533.322021
533.765869
532.465210
531.942566
533.563416
535.702393
535.011047
532.474182
532.542725
533.785522
533.099670
532.908325
538.015564
542.782104
540.257812
535.133728
531.538208
530.323853
532.280884
534.558472
534.797241
533.975098
534.411804
533.857056
531.660034
531.553223
533.943237
536.051697
535.081116
532.810120
533.334961
534.208679
532.660522
531.577576
533.524475
536.649902
535.774658
531.621643
530.494934
532.374634
533.544189
535.351318
541.291992
544.555481
539.638977
533.729492
531.130676
531.182312
533.551392
535.340393
534.554260
533.204285
534.197327
534.335388
531.820374
530.848450
533.468079
536.836731
536.019104
532.183777
531.403625
533.212158
534.019897
533.701111
534.013367
535.491760
534.840149
532.108459
531.767639
533.405701
534.045288
533.422119
534.028992
533.901123
532.462158
532.496460
531.506470
530.321045
533.100159
536.631958
536.154541
532.967163
532.379150
533.458008
533.339722
533.002686
533.974609
535.855286
535.216919
532.449646
532.102478
533.401917
533.521912
532.844360
533.519836
535.877075
535.362000
531.436523
530.050232
532.782837
535.988953
536.091187
533.579651
529.160095
527.001404
530.337524
532.955750
532.892090
534.392212
536.109985
534.901062
532.252563
532.505920
533.748352
532.967651
531.910461
533.260254
536.323547
535.806946
531.543640
530.020630
532.498291
535.236755
535.286804
533.734131
533.656128
533.386230
531.946777
532.149170
534.087891
535.570923
534.617004
532.583984
530.474915
530.959534
534.107422
533.589905
531.154175
533.098022
536.697266
536.236389
532.187439
530.814453
532.688843
534.544189
534.854431
534.537598
535.088928
534.107849
531.476074
531.360901
533.773621
535.596985
534.725952
533.158508
534.025757
534.345093
532.165466
531.145020
533.392883
536.666687
536.336121
532.653137
528.836060
529.787903
534.770630
535.883789
533.908997
534.222290
535.368347
534.244202
531.554199
531.578308
533.626709
534.709961
533.882446
533.157532
534.515015
534.395630
531.603943
530.755615
533.307312
536.221802
535.575623
532.682434
532.354614
533.443359
533.343018
533.135376
534.077637
535.662964
534.878357
531.950317
529.590759
531.994873
536.918213
536.492554
533.342651
533.819153
535.931213
535.095703
531.270142
530.192932
533.064087
536.153076
535.749084
533.286194
533.075989
533.701599
533.020386
532.653259
533.596558
535.236511
534.824829
532.681213
532.535645
533.346375
533.062439
532.963867
534.454102
536.478760
534.968628
530.641785
529.812378
537.600037
546.154236
543.852295
536.217773
533.155273
533.792053
533.751465
531.909485
531.427734
533.103882
535.037842
534.619385
532.980591
533.369080
533.738464
532.503296
532.226685
534.180664
536.491638
535.083740
531.258789
530.869019
533.528503
535.288147
534.729309
533.826233
534.782959
534.546021
531.587952
530.358154
536.393555
543.354919
541.302063
535.463074
533.494141
533.975281
533.630981
531.840881
531.712646
534.109558
536.626282
535.380859
531.904053
531.713257
533.735962
534.295776
533.498474
533.569336
535.285889
534.960999
532.077637
531.141785
532.769043
534.597351
534.783752
534.151978
534.670227
533.984070
531.629272
531.834473
534.797791
532.364563
524.440918
523.218140
529.120117
533.235535
534.232788
533.711792
532.983398
533.578430
535.373718
535.031189
532.478821
531.776855
532.923096
533.951477
534.098877
534.061401
534.838379
533.906616
531.504883
531.780579
534.278076
535.668335
534.075134
532.137573
533.496338
534.901794
533.455261
532.399048
533.853455
531.801025
525.937378
525.970459
530.666077
532.755249
533.049622
533.267822
533.505249
534.305237
535.635925
534.456970
531.460815
531.521301
534.114807
535.558899
534.243774
532.585876
533.632812
534.345947
532.601990
531.571167
533.087341
535.643372
535.388367
532.667786
532.058655
533.045776
533.429565
533.779419
534.310425
534.682983
537.996582
543.762695
542.536011
535.684570
533.570679
534.492981
533.442017
532.843628
534.679688
535.022522
532.467346
531.405396
533.290222
535.719666
535.435791
533.232361
532.755493
532.802612
532.204834
532.860901
534.770874
536.119019
534.361023
531.394897
531.875916
534.135864
534.658997
533.585510
532.914490
534.118042
539.591980
546.089783
543.210510
534.506226
532.350464
535.023804
535.469238
534.075378
533.844849
533.345825
531.921509
532.254822
534.393799
536.028687
534.555542
531.920898
532.470154
534.122681
533.833008
532.935303
533.573853
535.584229
535.028564
531.906067
531.067993
532.840759
534.735168
535.092163
534.335938
534.561340
534.286621
528.703674
519.213135
518.826111
529.548645
536.575562
535.346985
533.269287
533.808350
534.203369
532.716125
532.150208
533.936035
536.195251
534.980042
531.513184
531.170837
533.403992
534.876892
534.574097
533.763062
534.179138
533.761597
532.096863
532.287781
533.961548
535.090637
534.533875
533.585938
534.593994
534.883179
528.294373
517.351257
517.210876
529.542969
537.753906
536.215088
532.540466
532.002625
533.345886
533.892578
533.871582
534.314514
535.420898
534.521118
531.977112
531.748962
533.392456
534.732605
534.898926
534.595032
534.951111
533.537170
530.630859
530.752930
534.156616
537.015198
535.682617
532.270569
532.363953
534.490234
530.188843
519.937622
518.821655
529.225037
536.389832
535.605530
532.856201
532.041992
532.705322
533.498535
534.169495
534.705322
535.237305
533.633057
530.953430
531.466980
534.363098
536.134827
534.910828
532.950867
533.574097
534.326416
533.227661
532.605896
533.710938
535.732239
535.641968
533.243042
532.153931
532.300964
532.291199
534.385132
541.220276
545.217102
540.183960
533.494324
530.814636
531.669189
534.325806
535.480774
534.300659
533.058289
534.052063
534.372620
532.562622
531.823547
533.289734
535.472961
535.466248
533.496948
532.861633
532.783997
532.347839
533.070923
534.833801
536.101746
534.547363
531.867065
532.196899
533.813293
533.795288
534.991089
540.880066
544.048462
539.497437
534.471924
532.105286
531.311401
533.017151
535.463013
535.605286
533.703369
533.034241
532.904114
532.454102
533.208069
534.792114
535.750427
534.225098
531.912598
532.570862
534.209473
534.174866
533.590271
534.196960
535.902710
535.110901
531.879578
530.991150
532.624023
534.170959
537.424377
544.068787
545.393921
538.102661
532.219910
531.294373
532.348022
534.500732
535.974609
534.819885
532.657837
532.984619
533.909180
533.311401
532.769348
533.681030
535.613342
535.251953
532.536072
531.591125
532.658020
534.077332
534.904236
534.928711
534.925110
533.385498
531.159302
531.885559
534.590393
536.144043
535.135254
532.670959
528.743103
527.290771
531.195862
533.675659
532.985535
534.048340
536.037109
535.424683
532.618958
531.787659
532.722290
533.619446
534.274841
534.888855
535.558899
534.074097
531.461548
531.944458
534.474976
535.685059
534.415710
532.920959
533.893738
534.480347
532.874329
531.992676
533.197021
535.539001
536.226807
533.197144
526.541931
523.625366
528.503967
532.860107
533.719177
535.254944
536.481384
534.699829
531.638367
531.950134
534.416199
535.450012
534.160767
532.849792
533.967407
534.502991
532.755554
531.918396
533.064026
535.037354
535.472839
533.992310
533.060303
532.242004
531.525208
532.774963
535.246277
536.682861
534.937439
531.900818
530.031311
532.363220
537.062439
536.901367
533.661499
532.661316
533.794678
535.026123
534.113770
532.284729
531.411926
533.236572
536.170532
536.694519
534.395264
530.585022
529.696167
533.432373
536.783997
536.809692
534.062805
531.475891
532.439392
534.397766
533.969482
532.307617
532.505737
535.304321
536.125549
533.053467
529.215149
530.647949
536.018372
537.379272
535.711426
534.966125
534.182617
532.773804
531.790222
533.299988
535.400513
535.734924
533.723877
531.861816
533.143005
534.498413
533.447144
532.603577
534.128906
536.817749
536.074829
532.252991
530.987854
532.527771
534.299988
535.295471
535.259888
534.830933
533.283264
531.268005
531.524536
537.641479
543.887817
541.202209
534.951416
533.141479
534.221558
534.251831
532.442505
532.165039
534.299072
536.547302
535.466797
532.238647
531.437744
532.595093
533.766602
534.710510
535.230652
535.669312
534.512756
532.235657
531.967041
533.120605
534.026917
533.985962
533.627808
534.351746
533.986328
531.750183
531.243591
537.002258
543.200317
541.137146
535.509583
532.607056
532.036072
532.467712
532.913025
534.084656
535.593384
536.464294
534.743896
531.763245
531.479187
533.076111
534.323181
534.538513
534.222534
534.671326
534.102173
532.204834
531.907654
533.294006
534.886536
534.865967
533.459229
533.140747
532.906616
532.293335
533.671753
536.169067
532.657166
524.612671
523.853271
529.332764
532.471069
533.383972
533.814514
533.644287
533.720764
535.125427
535.229553
533.060364
531.831116
532.474731
534.205200
535.275940
534.835693
534.407471
533.309570
531.971252
532.896484
535.016235
535.904419
534.116211
531.815063
532.520508
534.026611
533.799988
533.501099
534.355042
531.683533
526.460938
527.231262
531.225769
531.900513
531.804382
533.283020
534.936523
535.492920
535.506592
533.718323
531.117737
531.479614
534.095642
535.833618
534.597107
532.234802
532.501465
533.658264
533.455566
533.235596
534.108887
535.938721
535.806152
533.158386
531.709656
532.067078
533.202148
534.560913
535.019592
534.827698
538.298645
544.340210
542.456543
534.656250
532.508484
534.668884
534.769775
533.470093
533.567749
533.565735
532.379333
532.202271
533.733154
535.945068
535.876587
533.367554
532.132935
532.340210
532.862244
533.857422
534.985901
535.877502
534.497009
531.758118
531.652405
533.404480
534.536804
534.351929
533.381958
533.408203
538.410583
545.322754
542.891479
534.442993
532.416626
535.248474
535.781250
533.888672
532.820068
532.260620
531.792297
532.777710
534.681458
536.111816
534.817688
531.935059
531.623108
533.093140
533.889587
533.825134
533.846558
534.905762
534.519165
532.179749
531.449524
532.947693
535.125305
535.750793
534.021484
532.585510
536.863342
543.823242
542.149353
535.098450
533.640442
535.582703
534.856201
532.396362
532.069946
532.956299
533.065491
533.027222
533.821716
535.514160
535.105591
532.444885
531.498291
532.635803
534.291626
535.117554
534.764832
534.455811
533.031555
530.990051
531.485413
534.023499
536.113586
535.374817
532.927429
532.933960
534.222595
529.538391
519.486328
518.604370
529.353271
536.990417
536.380493
533.236633
531.734619
532.207397
533.542236
534.676392
534.737610
534.420227
532.948853
531.230713
531.989319
533.962097
535.109192
534.573853
533.493347
534.018250
533.879456
531.952881
531.425232
533.544861
536.614441
536.636780
533.315674
531.706177
532.796692
529.596436
521.396484
521.366333
530.948730
536.178284
534.032043
531.431580
531.836121
533.637024
534.626892
534.196228
533.417786
534.152405
534.174805
532.270325
531.424744
532.830383
535.314331
535.786377
533.609619
532.140442
531.872070
532.303467
533.758484
535.048828
535.398132
533.722717
531.555237
532.535706
534.852600
530.571045
520.657104
519.625610
529.156555
535.950989
535.798523
532.833984
530.933777
531.846252
534.693054
536.252869
534.987549
533.290039
531.893799
531.511353
533.267517
535.311462
536.010010
534.249268
531.767761
532.156189
533.738770
533.923279
533.367371
533.656799
535.319458
535.130188
532.508789
531.428833
532.326416
533.578369
537.203186
544.299133
545.656189
537.997681
532.001831
531.301208
532.179626
533.778687
535.221558
534.738770
533.031677
533.199890
533.816833
533.146179
532.749329
533.767578
535.928650
535.882446
532.857910
531.006348
531.619202
533.487671
534.953796
535.072815
534.788025
533.231567
531.235107
531.794678
533.750549
534.904724
537.862244
544.028320
544.503662
537.157349
532.314270
532.080139
532.705017
534.276245
536.139893
535.395813
532.215576
530.915405
531.957458
533.501221
534.441589
534.479614
534.619202
533.609436
531.709656
531.820496
533.327087
534.532043
534.524475
533.876404
534.357117
534.046692
532.068665
531.367310
533.015381
535.878235
536.826843
533.641357
526.453613
522.902039
527.978577
533.466187
534.819458
535.383850
535.431274
533.764771
531.702209
532.353149
533.976685
534.245117
533.587036
533.638611
535.244812
534.972412
531.931274
530.583252
532.565002
535.786499
536.545837
534.243286
532.491577
531.878723
531.793884
532.907410
534.537537
536.032410
535.686096
531.718018
524.646729
522.736328
529.376892
534.367615
534.070679
534.140686
535.553528
535.164124
532.291077
530.954407
532.478821
535.161621
536.148315
534.796326
533.650330
532.487549
531.324036
532.123779
534.180847
535.861755
535.191895
532.904907
532.542419
533.205078
532.953003
532.676331
533.499390
535.556396
535.782227
532.997620
529.135681
529.713074
534.621216
536.348694
535.077698
534.687805
534.365967
533.140686
531.541565
532.004211
533.899658
535.515503
535.163391
533.524536
533.578430
533.831604
532.448608
531.517517
532.846252
535.902039
536.483521
533.474487
531.368652
531.632690
533.153748
534.679199
535.176392
535.182739
533.810486
531.447510
529.883118
532.971069
538.382751
538.392212
534.838501
533.147339
533.521790
533.926147
532.529236
531.554077
532.708130
535.471497
536.303467
533.986145
532.073486
531.640503
532.324524
533.896240
535.050354
535.529114
534.230530
532.012634
531.941467
533.140564
533.907166
534.047363
534.324463
535.578857
534.904114
531.361084
529.659973
535.774841
543.721313
542.904358
537.142212
533.539124
532.178589
532.094055
532.579224
533.776245
534.841125
535.516541
534.610474
532.699707
532.640991
533.405579
533.312927
532.886597
533.365784
535.345825
535.373352
532.411743
530.697754
531.826782
534.378113
535.554749
534.517883
533.700134
532.922729
531.584656
531.745728
537.100525
542.478027
540.303345
535.395142
533.166138
532.840698
533.175232
532.911499
532.807617
533.782776
535.782776
535.349487
532.025085
530.494629
531.967957
534.523560
535.678528
534.768311
534.145691
533.499573
532.268433
532.064453
532.878052
534.351868
534.978760
534.183655
533.938721
533.360352
531.694397
531.506104
536.586792
541.599243
539.513672
534.763733
531.818054
531.007935
532.615295
534.401123
534.756714
533.985291
534.133789
534.118652
532.950500
532.412598
532.773560
533.872253
534.601135
534.307800
534.497620
533.718567
531.429871
530.889404
533.261169
536.559814
536.574646
533.285095
531.657227
532.333496
533.452576
534.735413
535.467712
531.146545
524.591248
525.464966
530.529419
532.444763
533.057007
534.085022
534.369751
534.027161
534.780823
534.508423
532.168640
531.154175
532.901978
535.896545
536.544006
534.164307
532.622009
532.658264
533.130066
533.778198
534.172241
534.893921
534.598572
532.989624
532.670044
533.175232
533.353760
533.758545
534.524902
531.821960
527.477295
528.389343
530.980408
531.139893
532.545776
535.397705
536.023132
533.784973
532.640869
532.914185
532.914307
533.124390
533.822388
534.916931
534.622681
533.082520
532.970703
533.069763
532.346436
532.481323
534.225586
536.677002
535.925476
531.737854
529.741882
532.092468
535.920471
536.646240
533.365784
531.260315
537.281677
546.818848
545.682434
536.652222
532.836853
533.814636
534.178345
534.000061
534.377197
533.313049
531.131775
531.068726
533.836426
537.343689
536.733093
532.195618
530.303345
532.581848
535.405884
535.584656
533.750488
533.636475
534.455505
533.876892
532.864746
532.538086
533.792114
535.219177
534.716614
533.717712
537.733215
544.136536
541.693237
534.174377
533.366211
536.666382
536.307678
532.660400
531.190796
532.557617
534.158997
534.504944
533.988403
534.455627
534.287537
532.572937
531.963440
532.644775
533.655884
534.323242
534.695740
535.604065
534.806152
531.934387
530.717834
532.458313
535.420166
535.868713
533.105652
531.746643
537.860535
546.156067
543.790771
535.062927
532.488098
534.814392
535.335266
533.148132
531.884888
532.290405
533.366821
534.312805
534.793579
535.403259
534.237427
531.435242
530.754211
532.680481
535.223450
535.690186
533.990967
533.428223
533.466003
532.555115
532.091125
533.000671
535.056458
535.592896
533.972046
533.538818
534.026123
529.113464
519.582397
519.327087
530.013184
537.181702
535.804749
531.584473
530.064392
532.367126
535.621887
536.289246
534.330322
533.494873
533.639771
532.979187
532.377319
532.676697
534.414246
535.616211
534.938599
534.259094
533.098450
531.481018
531.816406
534.369446
536.968567
535.651001
531.526672
530.931152
534.001526
531.787598
523.121277
521.537964
529.210266
534.419556
534.512207
533.178589
532.230835
532.621155
534.524353
535.655090
534.622986
533.730591
532.818298
531.477112
531.635864
533.567322
535.968872
535.772156
533.075745
532.096436
532.953125
533.552185
533.367065
533.171875
534.415100
534.958801
533.496765
532.438599
532.339783
532.964355
536.553284
543.654663
545.432129
538.620911
532.652161
530.957642
531.475281
534.098816
536.618347
535.831848
532.807861
532.274536
533.442688
533.328674
532.425842
532.747925
535.333923
536.435791
533.936646
531.587830
531.547607
533.288330
534.793945
534.773315
534.663452
533.830322
532.312073
532.558899
533.922546
534.731506
537.513489
543.532166
544.046021
537.170715
533.011230
532.679932
531.980042
532.445374
535.078369
536.377319
534.277100
532.124817
531.546021
532.311035
533.781250
534.877625
535.661682
534.423828
531.717957
531.460571
533.509216
535.210327
534.713440
533.235657
533.721558
534.105530
532.552551
531.704895
532.680725
534.486023
538.737549
545.152283
544.516846
536.456055
532.270142
532.864990
533.161682
533.704407
535.389587
535.447021
533.020996
531.797546
532.550476
533.789062
534.172729
533.730408
534.268066
534.273865
532.667175
531.812866
532.612366
534.596375
535.443542
534.155518
533.242432
532.562683
531.675354
532.338379
534.566101
536.791687
536.096497
531.056213
523.413025
521.903076
529.431458
534.821350
533.867554
533.005432
534.493347
535.240051
533.212402
531.321838
531.556946
533.728333
535.288574
534.635376
533.800903
532.832153
531.765991
532.490784
534.461121
535.969177
534.949036
532.498535
532.490540
533.589661
533.253967
532.560303
533.201233
535.681885
536.600342
531.790283
522.301270
519.371216
527.429199
534.748291
535.712036
534.956604
534.599792
533.519165
531.531189
531.381653
533.365906
535.660583
535.482666
533.239502
532.853027
533.489136
532.833435
532.052734
532.659180
534.866577
535.516968
533.345642
531.698181
531.633301
532.730042
534.326111
535.192261
535.426636
533.919373
531.203674
529.410034
532.478821
537.955322
538.054749
534.578186
532.824158
533.144653
533.869324
532.803833
531.486877
531.927856
534.469360
535.854370
534.492249
533.238708
532.402405
531.761902
532.637573
534.765381
536.608765
535.022766
531.092224
530.218079
532.748901
535.340271
535.263733
533.240662
533.187317
534.276855
533.373230
530.749268
532.019470
536.311951
536.933105
535.586060
535.000427
533.679565
531.841125
530.743469
532.214844
534.979004
536.676086
534.945679
531.559265
531.256470
533.182556
534.079529
533.391907
532.935974
534.546570
535.176514
532.989258
531.364746
532.152588
534.561462
535.822327
534.729553
533.780945
532.893921
531.442993
531.363953
536.154236
541.028931
539.068604
534.783752
532.862915
532.498596
532.852722
532.624878
532.430725
533.343140
535.618286
535.722595
532.736755
531.108704
532.171692
534.141541
534.980225
534.447266
534.460083
533.811157
531.978699
531.645508
533.300781
535.475952
535.422241
533.133789
532.325867
532.672546
532.183899
532.099670
536.286377
540.567810
538.884216
535.403809
533.218872
531.747253
531.974365
533.091003
534.014771
534.459351
535.336243
534.533081
531.735229
530.887878
532.780823
535.190186
535.304443
533.453125
533.289734
533.983093
533.270447
532.239868
532.504395
534.738831
535.985596
534.347290
532.551758
531.711914
531.778564
533.296814
537.592468
539.952881
536.572754
532.742798
531.134460
531.378540
533.630066
535.014160
534.020203
532.496887
533.644653
534.912170
533.341858
531.403442
531.811584
534.630920
536.094788
534.351501
532.733887
532.157593
532.137512
533.134460
534.424683
535.506409
534.660950
532.268311
531.703796
532.613953
533.256104
533.659241
534.227661
531.635315
527.678955
528.916504
531.449402
531.157349
532.172058
535.105591
536.262512
534.548401
533.211365
532.504089
531.748413
532.228210
533.787354
535.477295
534.952881
532.507080
532.111084
533.314819
533.449524
532.615234
532.809509
535.182312
535.822998
533.006592
531.036926
531.900330
534.278870
535.748413
534.893616
529.964355
525.510010
527.979858
531.870056
532.403259
533.124634
534.903137
535.274719
533.643005
532.957336
532.942261
532.471802
532.522095
533.693298
535.829407
535.845581
532.993408
531.338806
531.954895
533.459656
534.565125
534.793396
535.021851
533.750305
531.328003
531.219910
533.323914
535.388550
535.155762
532.920166
532.551880
539.106934
547.409302
544.404114
534.403748
531.458191
534.800293
536.302002
534.180115
532.309692
531.964722
532.524353
533.651245
534.666504
535.563354
534.305664
531.194031
530.413940
532.496399
535.070007
535.604248
534.240784
533.883057
533.402771
531.691711
531.294617
533.051819
535.634827
535.959595
533.227844
531.472107
536.936462
545.122314
543.351685
535.412048
533.118530
534.899597
534.578003
532.271912
531.910706
533.340027
534.371887
534.004456
533.188416
534.293274
535.170410
533.518311
531.602356
531.463806
533.542603
535.354004
535.042847
534.374023
533.105286
531.421021
531.665466
533.851685
536.218079
535.686035
532.305237
530.811890
536.955444
545.079651
542.919739
535.176147
533.329834
535.601501
535.438416
532.197937
530.582520
532.219788
535.090698
535.875244
534.042053
533.115845
533.242249
532.942871
532.898438
533.420898
534.611328
534.733398
533.419312
533.351562
533.530151
532.466919
531.944397
533.491699
536.384521
536.243652
532.536621
531.065063
533.081299
530.643921
522.490601
521.629272
529.805664
535.040039
534.795349
533.188049
532.043213
531.999756
533.541992
534.837158
534.327087
533.926636
533.313293
532.107056
532.423523
534.667114
536.953491
535.571045
531.432434
530.421631
532.908203
534.986938
534.575745
533.248840
534.088196
535.028809
533.638550
532.386597
532.510376
528.660828
521.303223
522.205383
531.019714
535.715454
534.254456
531.524414
531.026123
533.339966
536.098877
535.431091
532.204590
531.640381
533.274597
533.926697
533.464111
533.457092
535.213806
535.777283
533.314575
531.164917
531.144226
532.780334
534.363403
534.838379
535.299988
534.352478
532.136536
532.050903
533.726807
534.708313
536.992676
542.267212
542.668640
536.719604
533.760681
533.786438
532.618958
532.635620
535.118286
536.072083
533.389038
531.107544
531.253174
532.790222
534.056519
534.397705
535.109192
534.690369
532.667542
532.035950
532.962769
533.906311
533.582764
532.921997
534.338806
535.145325
533.085449
531.276794
531.900269
534.311707
539.617676
546.524353
545.047058
535.536072
530.867371
532.315552
533.689819
534.544861
535.701538
534.955872
532.175903
531.262329
532.662109
534.247559
534.293762
533.490723
534.450378
535.004272
532.994385
531.304626
532.060669
534.637817
535.657654
533.932068
532.893005
532.901306
532.625977
532.706726
533.718567
535.658813
535.862854
531.554321
523.678650
521.560425
528.798035
534.304199
533.789551
533.508972
535.251099
535.421265
532.418945
530.433472
531.715637
534.743164
535.920471
534.356750
533.400452
533.088745
532.329102
532.423706
533.692627
535.417358
535.130127
532.940918
532.717285
533.904785
533.884583
532.814148
532.589478
534.771973
536.164612
531.910950
522.731995
519.984436
528.040649
535.009644
535.401672
534.336060
534.228394
533.521057
531.683411
531.604980
533.586487
535.663452
535.276550
533.121216
532.932983
533.540222
532.621582
531.558655
532.397766
535.375000
536.288147
533.438660
531.473694
532.333618
534.071045
534.431824
533.557251
534.187683
535.020386
530.890320
521.765442
519.587646
528.394470
535.325317
535.070862
533.686829
534.140564
534.080078
531.945984
530.867249
532.758362
536.210693
536.626404
533.139160
531.058289
532.004517
533.543945
533.942078
533.667847
534.507385
534.494629
532.625610
532.026672
533.086060
534.191467
534.034851
533.287903
534.193604
534.617310
532.636475
530.566833
533.616577
538.792297
538.508606
535.136047
533.005615
532.468201
533.095947
532.860291
532.280090
533.058472
535.576538
536.049988
533.251587
531.489502
532.036499
533.355896
