524.411743
524.411743
524.414307
524.421875
524.385071
524.238037
524.212708
524.753174
525.792603
526.543884
526.635559
526.787170
527.639160
528.592407
528.811646
528.658142
529.085266
530.023438
530.610046
530.736572
531.054993
531.581299
531.757874
531.745056
532.243530
533.035767
533.261841
533.052979
533.431335
534.464172
535.008240
534.721130
534.670776
535.442810
536.219055
536.363586
536.364929
536.797607
537.435120
537.568176
537.155945
537.107361
537.861572
538.328491
537.587585
536.704895
537.056641
538.045837
538.255188
537.719849
537.508423
537.676086
537.450317
536.957336
536.993958
537.360291
537.146790
536.373047
535.985901
536.215515
536.259827
535.761292
535.351074
535.322510
535.023315
534.252686
533.777832
534.060486
534.531555
534.276428
533.202698
532.309814
532.297424
532.432983
531.852966
531.163574
531.215515
531.447083
530.973999
530.279236
530.182434
530.198059
529.501404
528.561951
528.266541
528.386169
528.014832
527.098999
526.484497
526.396301
526.098206
525.360596
524.872192
524.759766
524.267639
523.391113
523.049927
523.540588
524.006897
523.588196
522.474487
521.704102
521.873718
522.255859
521.935852
521.361633
521.335999
521.515869
521.265198
521.058289
521.505615
522.063416
521.844604
521.177368
521.170105
521.906128
522.321960
522.230591
522.542358
523.294556
523.490845
523.119385
523.233093
524.017090
524.543579
524.468628
524.559143
525.385864
526.374146
526.606934
526.132507
526.032776
526.903137
527.903870
528.098450
528.046509
528.671570
529.533997
529.722168
529.666382
530.315796
531.323486
531.648743
531.514648
531.935303
532.814758
533.165100
533.091553
533.535095
534.435608
534.784790
534.575806
534.863037
535.790405
536.328857
536.266724
536.647644
537.944153
539.192261
539.439148
539.097595
539.375488
540.588867
541.719910
542.030884
542.256226
543.244690
544.403320
544.806458
544.924255
545.727112
546.913330
547.572021
547.823303
548.434814
549.301819
549.709839
549.726135
550.100220
550.870911
551.262085
551.113953
551.234924
551.911011
552.381409
552.251648
552.211792
552.631775
552.876099
552.491272
551.970581
552.092407
552.866028
553.287231
552.634644
551.758118
551.853760
552.409485
552.209473
551.534485
551.475769
551.831665
551.588928
550.856506
550.602844
550.720154
550.335266
549.561157
549.301514
549.463623
549.272644
548.763184
548.573181
548.550415
548.023193
547.129761
546.854065
547.344116
547.673828
547.149719
546.111633
545.465088
545.555908
545.607788
544.878235
543.878540
543.332153
542.779114
541.791138
541.050781
540.895020
540.435730
539.013733
537.514648
537.016174
536.964417
536.041443
534.409607
533.522583
533.647827
533.410950
532.194397
530.999329
530.480103
529.988708
529.176941
528.709229
528.642029
528.081543
526.873047
525.992432
526.018555
526.270325
525.759155
524.500122
523.567993
523.681580
524.054749
523.637268
522.803833
522.532104
522.625427
522.141846
521.244507
520.905518
521.154602
521.216553
521.075256
521.278870
521.500000
521.055054
520.478699
520.726868
521.304382
521.025146
520.125366
519.887390
520.510071
520.869080
520.341980
519.589966
519.447754
519.814697
519.999817
519.760803
519.500366
519.540222
519.619019
519.553467
519.871277
520.803772
521.392090
520.909790
520.434326
521.204651
522.416870
522.689087
522.468079
522.933289
523.894653
524.450500
524.593140
524.981140
525.735474
526.302551
526.479187
526.792236
527.424316
527.812073
527.977722
528.721191
530.071716
530.985962
530.751770
530.029541
530.179138
531.419556
532.358765
532.121460
531.841431
532.685608
533.872192
534.177734
533.917358
534.128662
534.769104
535.194153
535.435547
535.740601
535.776917
535.400146
535.382324
536.279846
537.177673
536.932129
536.092773
536.273376
537.531921
538.135986
537.350525
536.446289
536.637085
537.565308
538.181030
538.095764
537.742798
537.590088
537.556763
537.455322
537.503296
537.603149
537.193237
536.328674
535.904053
536.317566
536.680908
536.106567
535.264465
535.361877
535.917969
535.372559
533.934570
533.315613
533.736084
533.821228
533.210938
532.825317
532.789307
532.347290
531.534973
531.104431
531.161255
531.058899
530.424316
529.667725
529.555359
530.042847
529.954102
528.713928
527.567749
527.640930
528.070312
527.551880
526.474060
525.989380
526.087097
526.010376
525.705566
525.514709
525.296204
524.754700
524.315308
524.448730
524.589905
523.871582
522.777710
522.671936
523.534058
523.823242
522.917969
521.924377
521.846313
522.293579
522.387024
521.975891
521.616150
521.551941
521.373413
520.942383
520.918823
521.526306
521.838074
521.343811
521.099426
521.884277
522.625000
522.155945
521.366089
521.762634
523.081909
523.881653
523.851807
523.895630
524.485535
525.182495
525.754456
526.330872
526.618530
526.277649
526.072510
527.110168
529.093872
530.394592
530.054321
529.038513
529.112549
530.422913
531.331421
531.092834
530.971863
531.789917
532.675415
532.974121
533.404846
534.374023
535.098450
535.123352
535.314514
536.354614
537.307251
537.085815
536.554077
537.263428
538.817078
539.418152
538.895752
538.679077
539.221252
539.680603
539.857727
540.311340
540.914612
541.050659
540.790833
540.937317
542.106323
543.823975
544.748840
544.424438
544.157654
545.083679
546.395020
546.957825
547.132812
547.755859
548.588440
549.119507
549.611877
550.365967
550.802856
550.604675
550.575195
551.403564
552.315125
552.346680
551.977051
552.308716
553.146912
553.283264
552.463867
551.891663
552.189148
552.528625
552.294495
552.030701
552.290710
552.562134
552.159729
551.454529
551.391052
551.856445
551.701111
550.726562
550.194031
550.658813
551.003479
550.219849
549.048035
548.621948
548.706543
548.396912
547.796509
547.506958
547.290588
546.673889
546.096130
546.111816
546.055054
545.085876
543.881165
543.751953
544.335144
544.059570
542.761902
541.865051
542.165283
542.878113
542.793152
541.734924
540.639893
540.194153
539.955078
540.145142
542.244019
546.190247
549.881226
551.677063
551.686890
550.794617
550.336853
550.992310
551.734131
551.453064
550.864014
550.983521
551.425842
551.292358
550.706726
550.268738
550.135254
549.836609
549.296448
549.033447
549.340637
549.304565
548.269592
547.204407
547.258423
547.675232
546.988892
545.453369
544.569153
544.591919
544.475952
543.563232
542.570007
542.167358
541.865967
540.974365
539.918396
539.259399
538.603516
537.700500
537.254944
537.217773
536.502563
534.928650
533.673950
533.630432
534.278076
534.274231
533.039429
531.584167
531.185181
531.427063
531.051758
530.041687
529.239990
528.783875
528.152222
527.439819
527.209656
527.187988
526.617310
525.770813
525.572021
525.846130
525.504395
524.463623
523.831787
524.054504
524.254089
523.791870
523.282959
523.255127
523.192749
522.706604
522.303101
522.391296
522.516602
522.091125
521.271423
520.788330
521.029724
521.332275
520.857666
520.082336
520.131287
520.688171
520.423035
519.531616
519.389404
519.925354
519.972046
519.625793
519.786621
520.228271
520.178223
519.922974
520.290894
521.080017
521.305664
520.972534
521.209900
522.314941
523.035339
522.670471
522.380432
523.284119
524.733948
525.419128
525.159912
524.853760
525.104553
525.587341
525.889832
526.310242
527.088745
527.756897
528.083740
528.562744
529.354187
529.750854
529.387085
529.279541
530.520874
532.216370
532.527649
531.724670
531.744751
532.986694
533.951111
533.882996
533.583801
533.799805
534.270996
534.603394
534.914124
535.338623
535.653748
535.541138
535.137024
535.240356
536.201721
537.028015
536.706726
536.060242
536.503052
537.615234
537.974915
537.335083
536.776978
537.052979
537.666016
537.862793
537.717529
537.646606
537.523621
537.169556
536.997314
537.077393
536.888123
536.385864
536.205688
536.439514
536.404785
535.876465
535.566589
535.800354
535.897339
535.283142
534.340942
533.908020
534.208252
534.435303
533.874268
533.124084
533.116150
533.242798
532.371094
531.114563
530.917175
531.551575
531.461365
530.327209
529.366577
529.236023
529.220581
528.771240
528.344177
528.244446
528.018555
527.513672
527.210876
527.141602
526.677124
525.790344
525.485596
526.111328
526.550720
525.875061
524.615723
523.979065
524.379089
524.996460
524.716553
523.645447
522.996887
523.145447
523.275574
522.971069
522.645325
522.372498
521.703857
521.099304
521.447510
522.106934
521.703064
520.734985
520.775635
521.680237
521.943604
521.265320
520.841736
521.357788
522.099487
522.368347
522.578186
523.119446
523.494812
523.337097
523.199463
523.805115
524.882690
525.369873
524.883240
524.518921
525.389954
526.802124
527.314819
527.063171
527.242859
528.040527
528.657104
528.982483
529.546265
530.241821
530.454102
530.408752
531.070801
532.339417
532.809082
532.216736
532.116699
533.287476
534.558716
534.956909
535.009644
535.311707
535.502380
535.161072
534.743896
535.090942
536.221741
537.091736
537.036011
536.895386
537.695862
538.905457
539.381897
539.341187
539.790344
540.692383
541.222290
541.493225
542.260437
543.279785
543.758667
544.036804
544.949280
546.166321
546.726685
546.760742
547.222656
548.330750
549.207336
549.445801
549.707153
550.335754
550.583923
549.893250
549.001038
549.329529
551.304443
553.363037
553.523865
552.024841
550.862854
551.073059
552.022705
552.712585
552.700378
552.180176
551.825134
552.132080
552.833130
552.970398
551.978699
550.715393
550.734863
551.826660
552.063843
550.817139
549.848267
550.260681
550.770813
550.147522
549.179932
548.836365
548.686646
548.152710
547.671021
547.633728
547.596985
547.185242
546.840820
547.123474
547.806763
547.834106
546.674072
545.341980
545.171021
545.733337
545.473511
544.292175
543.563416
543.592712
543.373840
542.608398
541.986572
541.469543
540.432312
539.156067
538.583313
538.620239
538.103699
536.600159
535.218506
534.829468
534.748535
533.971924
532.724426
531.818420
531.399963
530.957581
530.238586
529.613525
529.316833
528.775574
527.607666
526.652039
526.643250
526.710327
525.859131
524.812073
524.676025
524.912720
524.266541
522.936096
522.261780
522.541077
522.589966
521.807312
521.137634
521.238403
521.405212
521.065979
520.697388
520.638245
520.339966
519.644775
519.359131
519.951721
520.680359
520.545959
519.686462
519.283203
519.948608
520.708496
520.413391
519.654663
519.678894
520.339905
520.609558
520.388794
520.476929
520.992432
521.171204
520.899170
521.006470
521.509033
521.476318
521.066223
521.378113
522.322632
522.807861
522.665710
522.694519
523.174805
523.553711
523.560547
523.750854
524.518250
525.425049
525.853699
525.812988
525.921875
526.516113
527.099304
527.214355
527.399658
528.308472
529.404785
529.823853
529.828674
530.264954
531.031982
531.377258
531.410461
531.864502
532.657104
533.089966
533.156372
533.561707
534.404419
534.862732
534.659363
534.709778
535.504517
536.176636
536.256836
536.612915
537.745300
538.657043
538.148376
536.614075
535.829407
536.679688
537.912598
537.984192
537.321228
537.316223
538.027710
538.446655
538.260376
537.985046
537.750671
537.411682
537.304016
537.703735
537.954834
537.372192
536.655701
537.062927
538.076477
537.893127
536.479858
535.736145
536.235107
536.557617
535.952881
535.288086
535.192078
535.244629
534.886963
534.114929
533.408081
533.132324
532.986694
532.524231
532.113953
532.298340
532.387756
531.414062
530.026978
529.597473
529.864624
529.384766
528.174133
527.639771
527.970642
527.917053
527.113159
526.379517
526.010620
525.609863
525.183105
525.051514
525.018127
524.587402
523.960388
523.919434
524.341248
524.127014
522.994141
521.980225
522.037720
522.842651
523.107544
522.217957
521.297974
521.596069
522.339355
522.100708
521.326172
521.327332
521.920227
521.981079
521.475098
521.294434
521.650635
521.902954
521.848938
522.032837
522.600098
522.891418
522.758850
522.967590
523.565918
523.573425
522.917847
522.989685
524.182495
524.965942
524.365601
523.327209
523.174377
523.965332
524.803650
525.130310
525.336243
525.926453
526.512939
526.610535
526.695740
527.290527
528.017334
528.279419
528.483887
529.389832
530.637695
531.160767
531.087830
531.565857
532.772339
533.652527
533.902649
534.317200
535.276611
536.202271
536.751465
537.385559
538.376221
539.195679
539.371521
539.323608
539.814880
540.811523
541.533142
541.678345
542.094116
543.392517
544.580872
544.606995
544.227722
544.745239
545.834045
546.315491
546.225525
546.520630
547.337952
547.995300
548.341309
548.834473
549.366394
549.399475
549.117249
549.289062
549.893738
549.993042
549.590271
549.951843
551.252380
551.826965
550.868958
549.710754
549.639832
550.392334
550.951416
550.830505
550.410645
550.358154
550.697510
550.908325
550.900269
550.959167
550.953491
550.683655
550.595459
551.133850
551.537109
550.977722
550.210022
550.564270
551.591370
551.667603
550.549500
549.699707
549.825195
550.034729
549.597961
549.058350
548.927368
548.868652
548.475098
547.886536
547.440186
547.135803
546.469849
545.308716
544.547119
544.677124
544.543213
543.184998
541.713806
541.622681
542.299316
542.020203
540.654724
539.469604
538.857666
538.186401
537.411926
536.902405
536.383667
535.481445
534.657593
534.565063
534.793579
534.183716
532.679993
531.628174
531.548157
531.334229
530.319519
529.292175
529.069519
529.298706
529.059021
528.192200
527.681580
528.070251
528.291626
527.292603
525.870972
525.355042
525.596924
525.518311
525.008118
524.811340
524.985657
524.947571
524.786194
524.885376
524.639587
523.392639
522.115417
522.101624
522.693359
522.248352
520.814697
520.166992
521.129517
522.349060
522.108582
520.556335
519.251465
519.023804
519.351318
519.665771
520.003113
520.217896
519.884338
519.340027
519.556824
520.535950
520.956299
520.274902
519.841919
520.740051
521.848572
521.613037
520.726135
520.958496
522.253906
523.075562
523.030884
523.164124
523.926147
524.545349
524.622559
524.807129
525.508911
526.129089
526.242859
526.382263
526.985901
527.624695
527.810913
527.857971
528.430969
529.356873
529.710510
529.408813
529.741333
531.264099
532.490723
532.140930
531.291077
531.726135
533.113586
533.757080
533.470947
533.641113
534.635193
535.311951
535.230164
535.215332
535.494446
535.459229
535.322815
535.920166
536.948792
537.315613
537.033203
537.013733
537.359619
537.411316
536.862671
536.184387
536.248718
537.222168
538.048340
537.873230
537.443542
537.733521
538.164917
537.808838
537.130432
537.176270
537.640930
537.408691
536.650574
536.529419
537.008484
536.956726
536.187866
535.654541
535.572510
535.202332
534.462952
534.231384
534.633789
534.683350
533.952576
533.199402
532.916809
532.702148
532.161072
531.606873
531.515381
531.680847
531.377075
530.532227
530.053833
530.282593
530.228333
529.255859
528.326111
528.451233
528.876465
528.253113
526.918518
526.244995
526.385315
526.306335
525.788330
525.513062
525.502747
525.095642
524.412964
524.305420
524.620239
524.174927
522.947876
522.305054
522.755432
523.230835
522.890991
522.177185
521.993347
522.473999
522.772095
522.267456
521.665344
521.738892
521.974365
521.699890
521.473999
521.880188
522.280457
521.915894
521.394470
521.659241
522.300049
522.252686
521.809448
522.047791
522.807556
522.969666
522.480225
522.332214
522.787048
523.161926
523.260437
523.699951
524.601257
525.128845
524.779480
524.246582
524.605896
525.889709
526.953308
527.007507
526.776917
527.453857
528.890686
529.995300
530.433105
530.714294
531.064941
531.317993
531.669006
532.438354
533.326111
533.800354
534.199768
535.234985
536.524109
536.990479
536.799866
537.144409
538.156738
538.772766
538.786743
539.210754
540.375000
541.373413
541.630127
541.796265
542.622986
543.647705
543.749084
542.989624
542.828247
543.972717
545.175476
545.251404
545.019287
545.873718
547.452454
548.382263
548.353088
548.117737
548.119934
548.298340
548.716492
549.439575
549.928467
549.665894
549.363892
550.136719
551.472595
551.804504
550.991882
550.406982
550.657288
550.984009
550.883545
550.784668
550.952148
550.933350
550.394104
549.912659
550.237244
551.091980
551.233704
550.328613
549.638611
550.081848
550.774902
550.633240
550.167297
550.493347
551.278442
551.404358
550.836609
550.536926
550.612671
550.411560
549.909668
549.683594
549.515442
548.790527
547.940430
548.026672
548.631287
548.176697
546.519287
545.274414
545.359009
545.852722
545.495056
544.213989
543.016052
542.663208
542.629761
542.124268
541.415283
540.916016
540.233521
539.053955
538.110107
537.950684
537.862732
537.000916
535.902039
535.605469
535.794373
535.279907
534.001465
532.955505
532.500000
532.000305
531.204834
530.682861
530.562561
530.203918
529.528320
529.162720
529.202515
528.938538
527.885559
526.629578
526.321411
526.916748
526.995728
526.093262
525.571655
526.066528
526.346313
525.584717
524.708374
524.573303
524.567383
523.914062
523.027100
522.688782
522.824402
522.775269
522.414062
522.135986
521.817871
521.073547
520.429382
520.718201
521.313538
520.862793
519.663696
519.390747
520.559448
521.761353
521.588257
520.372314
519.519897
519.665161
520.112000
520.120972
519.925781
520.070923
520.513794
520.964172
521.563293
522.253784
522.348022
521.704163
521.474854
522.391235
523.393738
523.430725
523.317383
524.256165
525.654297
526.080811
525.627441
525.566162
526.223328
526.758850
526.898987
527.320068
528.267151
529.085571
529.280151
529.293579
529.800659
530.564880
530.714172
530.317627
530.656494
532.112976
533.109314
532.598938
532.001831
532.899414
534.417419
534.963135
534.725830
534.713013
534.947449
535.094849
535.385193
535.978577
536.288635
535.862549
535.390686
535.902954
537.086853
537.658569
537.295288
536.965271
537.194885
537.452271
537.245789
536.941772
537.225403
537.876892
537.914368
537.311035
537.304077
538.240540
538.695801
537.846863
536.740784
536.469421
536.715027
536.628479
536.181396
535.906494
535.819641
535.591064
535.424133
535.708252
535.781372
534.739807
533.312195
532.988342
533.512695
533.356384
532.328613
531.723633
531.939819
532.067139
531.615417
531.035889
530.718079
530.470398
529.971558
529.279541
528.842834
528.819824
528.606567
527.839417
527.283875
527.565613
527.874695
527.231934
526.198181
525.821472
525.836060
525.323608
524.531982
524.357910
524.654541
524.595459
524.257568
524.215637
524.115662
523.356445
522.552124
522.656494
523.240173
523.124512
522.221619
521.566895
521.909790
522.785461
523.048767
522.303223
521.494446
521.458801
521.620056
521.172974
520.710327
521.128113
521.910645
522.071899
521.919495
522.223755
522.587036
522.267090
521.862183
522.289429
523.067505
523.200806
523.150391
523.987793
525.320923
525.819153
525.458313
525.543701
526.527405
527.374390
527.334839
527.073914
527.608643
528.732483
529.376343
529.463806
530.094299
531.445312
532.222168
531.970154
531.984924
532.986694
533.942444
534.068970
534.198853
535.201843
536.392151
536.792419
536.776550
537.191528
537.871582
538.243225
538.706055
539.738159
540.690430
540.878662
540.971436
541.909668
543.256836
543.831787
543.536133
543.324158
543.866333
544.861206
545.482361
545.364746
545.260132
545.983154
547.021240
547.461121
547.590637
547.965332
548.202271
548.091492
548.343567
549.152588
549.468994
548.806274
548.335327
549.175842
550.395447
550.392517
549.385193
548.928711
549.377747
549.721130
549.565857
549.573975
550.046936
550.518311
550.746582
551.142639
551.865906
552.223938
551.588684
550.677063
550.846436
551.969604
552.360107
551.435181
550.674866
551.216187
552.084351
551.827759
550.616394
549.585632
549.230774
549.257507
549.314148
549.171021
548.478455
547.481323
547.093384
547.577881
547.622925
546.189880
544.482727
544.265442
544.977112
544.626465
542.974915
541.681641
541.690674
542.279846
542.290833
541.314209
539.958191
539.149109
538.980286
538.749878
538.164062
537.383850
536.351440
535.287842
535.191223
536.046631
535.998535
534.035767
531.988708
531.782043
532.501648
532.026245
530.409790
529.550903
530.084839
530.568176
529.960449
528.937317
528.262390
527.806030
527.501404
527.521912
527.677307
527.412170
526.492371
525.491272
525.340393
525.939941
525.933472
524.764160
523.657410
523.465881
523.378052
522.685425
522.149841
522.322632
522.364990
521.692383
521.053345
520.954407
520.749329
519.971436
519.413147
519.824097
520.502319
520.317627
519.584351
519.466858
519.907043
519.813293
519.178650
519.168518
520.177124
521.203247
521.343018
520.929260
520.814087
521.156250
521.409424
521.397339
521.629578
522.178589
522.378601
522.174683
522.511230
523.706482
524.635254
524.480469
524.173950
524.939331
526.202759
526.537292
526.167908
526.493469
527.585938
528.303772
528.406372
528.681946
529.262268
529.650635
530.028748
530.869385
531.682739
531.602722
530.832764
530.573608
531.519592
532.977356
533.617859
533.346069
533.485962
534.577576
535.362549
534.938782
534.296448
534.534241
535.069397
535.080933
535.047302
535.726868
536.714172
537.213989
537.245667
537.286194
537.299377
536.906677
536.459229
536.757019
537.494202
537.703430
537.549744
537.974365
538.641541
538.364624
537.171997
536.209900
536.152344
536.577820
536.774231
536.650208
536.587036
536.648499
536.402832
535.902466
535.878845
536.291016
535.910645
534.354614
533.254395
533.808167
534.774963
534.503052
533.264221
532.410950
532.382690
532.555664
532.447998
532.081299
531.372681
530.269897
529.547119
530.053040
530.967957
530.537170
528.529907
526.630005
526.439636
527.662415
528.638916
528.469299
527.811035
527.291321
526.707703
526.014099
525.664062
525.579529
525.144409
524.332458
524.130432
525.007935
525.814087
525.293213
524.092346
523.553040
523.537048
523.020386
522.180359
521.973572
522.364441
522.468872
522.149963
522.004883
522.034058
521.692566
521.010132
520.681030
521.017639
521.370911
521.146973
520.880798
521.467163
522.563843
522.775818
521.776917
521.082764
521.940369
523.391846
523.763428
523.412903
523.816101
524.888794
525.407593
525.199158
525.070435
525.434082
526.200439
527.246216
528.126770
528.338501
528.130798
528.538513
529.856323
530.924500
530.712646
529.722351
529.406982
530.610901
532.552490
533.616821
533.471863
533.558838
534.600403
535.416382
535.268005
535.169739
536.044495
537.294128
538.044922
538.433960
538.914246
539.384338
539.601013
539.890991
540.620422
541.260681
541.241577
541.276123
542.329468
543.723511
543.943604
543.163879
542.985779
543.862183
544.476807
544.087036
543.617981
543.906982
544.599854
545.095886
545.517822
546.109070
546.484497
546.113159
545.502991
545.921753
547.494995
548.721130
548.736877
548.614258
549.524780
550.614380
550.516357
549.711121
549.809998
550.901245
551.758789
551.931091
551.982361
552.102661
552.132996
552.332947
552.883118
553.017822
552.194580
551.274841
551.393799
552.387146
553.142883
552.828552
551.623779
550.651978
550.664307
550.922974
550.369812
549.309692
548.649841
548.493530
548.462524
548.519470
548.399597
547.448242
545.900085
545.143799
545.687256
546.270508
545.652832
544.343140
543.624878
543.491638
542.818665
541.524353
540.682373
540.523315
540.168457
539.451538
539.102600
539.336792
539.448608
538.673767
537.194214
536.061096
535.687622
535.315735
534.462463
533.793762
533.749084
533.714722
533.132935
532.338989
531.732178
530.942383
529.672485
528.808167
529.143372
529.771362
529.365417
528.429932
528.224121
528.468018
528.089172
527.276306
526.948730
526.987915
526.638428
526.031189
525.781921
525.845398
525.584351
524.721436
523.743530
523.383118
523.515381
523.155273
522.075500
521.395386
521.734253
522.116333
521.561218
520.646545
520.355347
520.438538
520.168640
519.840881
520.048035
520.392090
520.159119
519.653442
519.647095
519.959473
519.817688
519.393799
519.605469
520.419189
520.868713
520.717102
520.821106
521.712158
522.664734
522.685547
522.085571
522.170959
523.151917
523.713440
523.392456
523.459229
524.504456
525.245972
524.878113
524.597168
525.446289
526.538147
526.763428
526.680115
527.330933
528.372925
528.744751
528.558044
528.854492
529.757874
530.406982
530.741089
531.511108
532.446167
532.591309
532.256226
532.517578
533.256836
533.504272
533.172302
533.099487
533.806213
534.886719
535.488220
535.432861
535.458130
536.077515
536.636475
536.428406
536.095337
536.535522
537.178162
537.095276
536.789673
537.108948
537.465332
537.103149
536.744812
537.297058
538.053223
537.852173
537.089905
537.064392
537.712524
537.850830
537.308289
537.053040
537.327393
537.413635
536.995789
536.546265
536.474670
536.507263
536.104553
535.358826
534.975586
535.048767
534.770691
533.960510
533.567688
533.889038
533.822998
532.738708
531.773071
531.906738
532.217773
531.478088
530.305786
530.026611
530.383545
530.163147
529.406006
529.068420
529.065308
528.524841
527.614502
527.263123
527.379089
527.043701
526.117371
525.392761
525.449280
525.842896
525.617432
524.773010
524.364075
524.674194
524.606567
523.662048
522.920105
523.123047
523.385376
522.831787
522.209229
522.466125
522.919250
522.473389
521.579590
521.348755
521.608032
521.568909
521.477295
521.961670
522.533081
522.291138
521.646118
521.745605
522.460205
522.562134
521.696106
521.007202
521.518372
522.652649
523.142334
522.925110
523.045044
523.657104
523.749084
523.101624
522.753662
523.293030
524.015808
524.115173
523.956970
524.383972
525.352783
526.042725
526.338684
526.740845
527.134705
527.204712
527.554932
528.758728
529.969666
530.161743
530.078186
531.059814
532.767212
533.620239
533.378296
533.287170
533.936829
534.790466
535.410461
535.878906
536.324036
536.814758
537.425476
538.245483
539.384827
540.511414
540.793335
540.281921
540.413208
541.932617
543.337280
543.164673
542.542725
543.317383
545.019348
545.964294
545.892212
545.745728
545.994263
546.487183
547.027954
547.505798
547.775635
547.796448
547.985962
548.832886
550.174438
551.139587
550.942505
549.954773
549.618958
550.509033
551.284729
550.840515
550.103271
550.272705
551.022461
551.564331
551.794556
551.753662
551.206482
550.466980
550.315674
550.729614
550.713623
549.927063
549.388916
550.115234
551.359558
551.555969
550.586487
549.906250
550.159180
550.392395
549.937500
549.463013
549.749695
550.370850
550.323364
549.668823
549.324463
549.374512
548.999207
548.209778
547.858093
547.827515
547.213867
546.046753
545.431580
545.708984
545.781189
544.747131
543.390442
543.030029
543.280518
542.590942
540.870667
539.569031
539.252747
539.023560
538.358215
537.713318
537.148071
536.348450
535.768066
535.897949
536.126221
535.406311
533.683960
532.139832
531.926453
532.554138
532.180664
530.293579
528.728271
528.913025
529.875244
529.784973
528.394409
526.834045
525.898621
525.598389
525.654358
525.556396
524.850891
523.880493
523.668091
524.379150
524.683899
523.450317
521.670471
521.149353
521.738342
521.706238
520.682251
520.163574
521.023376
522.285583
522.649292
521.992737
521.142883
520.686890
520.527039
520.544312
520.865234
521.180420
520.883850
520.255127
520.369446
521.281128
521.637390
520.778015
519.946106
520.362732
521.291321
521.347534
520.725220
520.646057
521.323242
521.852844
521.965271
522.200745
522.484558
522.256042
522.022400
522.742798
523.981262
524.534607
524.196777
523.769287
524.096985
525.169800
526.096436
526.345337
526.544434
527.175964
527.621521
527.592346
527.985413
529.150208
529.992859
529.830322
529.753174
530.654602
531.677002
531.862793
531.780273
532.348938
533.255249
533.645996
533.632935
533.980530
534.712708
535.045593
534.878235
535.005310
535.691895
536.262695
536.274963
536.253479
536.812500
537.519470
537.427124
536.681702
536.563416
537.408813
537.920105
537.324524
536.678467
537.090637
537.958740
538.128357
537.739136
537.605896
537.774109
537.703491
537.356262
537.162720
537.162720
537.104919
537.188416
537.702454
537.910767
537.028137
535.970337
536.107361
536.759583
536.253601
534.676453
533.715515
534.334534
535.682983
536.114868
535.098389
533.825867
533.431946
533.532654
533.326782
532.816101
532.319031
531.882202
531.595459
531.633606
531.550720
530.643982
529.092651
528.159668
528.497070
528.953674
528.200317
526.896729
526.597534
527.025330
526.567932
525.231750
524.477173
524.631592
524.712036
524.302917
523.891235
523.789856
523.740723
523.386902
522.886902
522.884033
523.228271
522.798889
521.533630
521.105164
522.194397
523.064758
522.334534
521.130615
521.013489
521.691467
521.948364
521.587219
521.265808
521.328613
521.688538
522.334412
523.031128
523.062317
522.355774
522.060120
522.905884
523.930664
523.936462
523.180969
522.799561
523.501160
524.912781
525.808777
525.609253
525.311462
525.773804
526.304443
526.249817
526.297119
527.042786
527.985779
528.565491
528.897949
529.117798
529.006897
528.616394
528.792175
529.851440
530.712646
530.481750
530.146057
530.960266
532.261841
532.556335
532.016907
532.077087
533.195251
534.313538
534.785278
535.176331
536.013245
536.831055
537.146667
537.458557
538.350952
539.353638
539.635498
539.579712
540.350159
541.862732
542.885864
543.074951
543.495850
544.701477
545.613647
545.557556
545.510864
546.420715
547.431458
547.514526
547.421326
548.218506
549.342590
549.692749
549.547180
549.982605
550.831787
551.066467
550.632141
550.435181
550.887207
551.504333
551.843811
552.080383
552.515869
552.815430
552.382080
551.681763
551.730652
552.301941
552.292358
551.607300
551.360352
552.043518
552.665955
552.277222
551.442200
551.165710
551.158630
550.618896
549.835938
549.629517
549.887695
549.918457
549.670044
549.489319
549.087646
548.136169
547.207397
547.013489
547.367920
547.328125
546.400940
545.412048
545.652832
546.744629
546.814331
545.322205
543.902893
543.786194
544.194031
543.925293
543.169617
542.693237
542.563293
542.402710
542.168030
541.703308
540.601990
539.130615
538.446472
538.868530
538.880432
537.369385
535.639771
535.356628
535.783020
535.003662
533.067261
531.733337
531.766113
532.171143
531.838440
530.830994
529.882385
529.175659
528.325684
527.441650
527.107361
526.958313
526.023376
524.690491
524.378174
524.998047
524.812927
523.178528
521.797485
522.107239
523.012451
522.725891
521.615662
521.196655
521.465820
521.295288
520.595459
520.123596
519.956360
519.682007
519.657104
520.243164
520.602051
519.859741
518.642639
518.303955
519.179688
520.203308
520.204590
519.448669
519.324219
520.158813
520.781128
520.624146
520.502075
521.000488
521.467957
521.237122
520.855957
521.135010
521.800781
522.200073
522.531799
523.169434
523.583740
523.320923
523.182434
524.026306
525.177307
525.465393
525.318115
525.938049
527.071350
527.513428
527.015808
526.459900
526.615356
527.348328
528.067383
528.655090
529.390991
529.915466
529.689026
529.326843
529.919434
531.113953
531.394287
530.616760
530.583801
532.301453
534.318604
534.805908
534.069458
533.758423
534.254150
534.540771
534.395752
534.653015
535.425903
536.133789
536.862427
537.797546
538.079285
537.075806
535.661072
535.305542
536.357300
537.590332
537.620850
536.688171
536.488831
537.774841
539.127380
539.038513
537.824890
536.736328
536.327942
536.375183
536.655945
536.774780
536.340210
535.914612
536.538330
537.679993
537.403198
535.340027
533.677612
534.033691
535.218506
535.186768
534.031677
533.467834
534.014221
534.304749
533.338379
531.858276
531.079407
531.107483
531.232666
531.144104
531.066345
530.800903
529.988770
529.221680
529.430420
530.030823
529.523987
527.955566
527.027161
527.452698
527.905640
527.207458
526.157837
525.931396
526.179443
525.903198
525.145142
524.606140
524.462891
524.346558
524.251343
524.343018
524.141296
523.266968
522.634338
523.257690
524.482056
524.765991
523.726990
522.369446
521.950195
522.554688
522.909058
522.253113
521.549744
521.765869
522.292725
522.258057
522.020874
521.985962
521.815857
521.528809
521.749817
522.280762
522.188110
521.586182
521.701904
522.872925
523.907593
523.849792
523.566528
524.189270
524.993530
524.694946
524.008972
524.499023
526.066223
527.412537
527.859619
527.708801
527.725891
528.290894
528.919983
529.179077
529.531433
530.300598
530.950256
531.313049
532.167725
533.583252
534.342896
534.040283
533.996948
534.974731
535.889893
535.893494
536.008484
537.320557
538.930420
539.377625
539.077515
539.454468
540.466125
540.915833
540.715515
540.803467
541.477905
542.318298
543.115540
543.961121
544.768738
545.103149
544.758789
544.453613
545.111511
546.278015
546.675110
546.420715
546.842712
548.276001
549.524170
549.614807
549.041687
548.834900
549.116516
549.368774
549.688049
550.528687
551.401123
551.557922
551.380554
551.635742
551.842346
551.335632
550.858826
551.263428
551.999817
552.060486
551.392944
550.862610
551.313538
552.435974
552.602417
551.180664
549.839661
549.921021
550.484558
550.237610
549.607666
549.542297
549.865662
550.005554
549.954285
549.711548
548.940369
547.938110
547.782593
548.624695
549.112610
548.296021
547.184021
547.253357
547.970337
547.743652
546.527588
545.656006
545.674316
545.917114
545.684387
544.915039
544.135010
543.647095
543.100769
542.359253
541.895630
541.473206
540.247070
538.659180
538.148132
538.517761
537.993896
536.209656
534.836609
534.723389
534.765503
533.835632
532.497131
531.823181
531.710938
531.239075
530.208435
529.288391
528.752441
528.202148
527.718628
527.666321
527.503723
526.444153
524.934021
524.209961
524.567688
524.893250
524.241882
523.298340
523.325989
523.929504
523.525024
522.051270
521.105713
521.371033
521.685669
521.041626
520.049500
519.734314
519.979370
520.198181
520.410645
520.662903
520.364197
519.419006
518.887817
519.327209
519.849854
519.677612
519.465759
520.099670
521.031555
521.087524
520.152588
519.315308
519.479065
520.228149
520.488281
520.188721
520.371460
521.377319
522.303345
522.644958
522.795471
522.934814
522.817017
522.669373
523.215332
524.364746
524.962158
524.686218
524.850830
526.178955
527.230652
526.601624
525.342285
525.302185
526.455139
527.394409
527.692078
528.097290
528.945801
529.765991
530.142334
530.204346
530.258728
530.213074
529.948792
530.056641
531.174866
532.590149
533.034363
532.843262
533.356506
534.489624
534.839661
534.180542
533.971985
534.967712
536.046326
536.116699
535.847534
536.338013
537.206665
537.456909
537.137146
536.908997
536.816772
536.704346
536.969482
537.676086
537.959473
537.339417
536.597473
536.731079
537.767822
538.615601
538.106689
536.640320
535.959839
536.534058
536.982483
536.571594
536.105286
536.134766
536.200378
535.945251
535.685608
535.570251
535.179016
534.410400
534.035828
534.258240
534.072266
533.061096
532.468628
533.079407
533.610596
532.745300
531.324158
530.927979
531.406616
531.329590
530.299072
529.283875
528.979614
528.984497
528.796753
528.647156
528.847412
528.823242
527.880249
526.667542
526.490173
527.088867
526.835999
525.473083
524.670898
525.222900
525.921265
525.600891
524.751892
524.269836
524.122375
523.896912
523.699097
523.636841
523.350586
522.837219
522.933838
523.777710
524.071106
522.897766
521.406555
521.246948
522.339722
523.168823
522.711365
521.515991
520.942261
521.341675
521.755310
521.596252
521.465820
521.756042
522.004883
522.065063
522.430786
523.003906
523.049622
522.730286
523.078674
524.079590
524.514954
524.127686
524.246948
525.570068
526.888367
527.057556
526.857605
527.473267
528.477600
528.848877
528.794861
529.122314
529.851807
530.438232
530.731628
531.134277
531.830505
532.384277
532.508301
532.804871
533.841309
534.913208
535.059204
534.815735
535.495178
537.014893
537.943726
537.758240
537.562378
538.252625
539.127808
539.387756
539.667480
540.704102
541.785278
542.082214
542.198608
542.857422
543.541199
543.642334
543.693481
544.473755
545.661194
546.259766
546.062744
545.943176
546.588135
547.399780
547.380493
546.900940
547.242126
548.304504
548.750610
548.445557
548.642517
549.589294
550.123840
549.822449
549.589661
549.930420
550.093140
549.632935
549.409241
550.054810
550.625488
550.357422
550.008728
550.305908
550.555054
550.149963
549.718323
549.997986
550.765015
551.221558
550.973572
550.600891
550.874878
551.456787
551.351562
550.644287
550.339294
550.485596
550.246521
549.697876
549.781860
550.363281
550.323669
549.369507
548.549927
548.441101
548.351562
547.632935
546.801147
546.588562
546.616882
546.160095
545.475037
544.941406
544.138855
542.860474
541.960815
541.926819
541.808167
540.724060
539.263245
538.647522
539.115906
539.571899
538.911499
537.455994
536.431824
536.058960
535.492798
534.645813
534.281677
534.280396
533.674316
532.459961
531.647339
531.415955
530.848694
529.753418
529.112915
529.103088
528.678223
527.528870
526.733643
526.871033
526.944336
526.096130
524.962952
524.612305
524.750916
524.166382
522.822571
522.034424
522.491089
523.239075
523.126465
522.436462
522.042175
521.857544
521.247864
520.547852
520.581482
521.074097
520.978210
520.300598
520.140869
520.723755
520.841553
519.986389
519.435547
520.070496
520.784668
520.497009
520.051025
520.618042
521.620972
521.777039
521.171448
520.828552
521.025696
521.251465
521.287415
521.486572
521.988464
522.337830
522.188416
522.058533
522.560425
523.174438
523.030151
522.644714
523.227173
524.445068
524.798523
524.273621
524.438721
525.707886
526.636353
526.478149
526.348999
527.142883
528.083191
528.299561
528.267883
528.688232
529.298828
529.749939
530.416809
531.441650
532.157104
532.107117
531.716797
531.831665
532.740723
533.643677
533.691528
533.483643
534.180176
535.382751
535.742737
535.321472
535.371948
536.150879
536.544922
536.143311
536.022949
536.795166
537.478333
537.350891
537.193481
537.618408
537.898499
537.499451
537.124146
537.366150
537.630310
537.337708
537.062500
537.455078
537.927429
537.585449
536.690979
536.278503
536.702637
537.178223
536.858337
536.072571
535.780212
535.950745
535.780884
535.245361
535.003662
535.059631
534.817017
534.259155
534.095093
534.376282
534.174011
533.202576
532.584717
532.867371
532.928528
531.994263
531.191345
531.506165
531.988342
531.438965
530.413757
529.992981
530.060181
529.842407
529.234863
528.761108
528.652649
528.473206
527.902954
527.452820
527.647400
527.778870
526.830261
525.417786
525.055054
525.545288
525.168579
523.714050
522.954651
523.475342
523.833435
523.250671
522.636780
522.515320
522.276001
521.691833
521.384155
521.559570
521.680542
521.426880
521.327209
521.710144
521.948120
521.452026
520.902405
521.315552
522.382446
522.855225
522.356567
521.828796
522.227234
523.151550
523.446411
522.993469
522.952332
523.761353
524.451660
524.545532
524.847290
525.761414
526.497253
526.552246
526.567810
527.011414
527.465271
527.711914
528.307373
529.368042
529.987671
529.773438
529.827942
530.971375
532.208252
532.332031
531.996521
532.526001
533.804871
534.741577
534.878967
534.794556
535.238647
536.052856
536.365845
536.141907
536.447937
537.514709
538.350403
538.761963
539.468262
540.232178
540.160767
539.753601
540.239319
541.403442
541.978088
541.778870
541.935303
542.935730
543.709167
543.434021
542.934753
543.327454
544.242065
544.718872
544.846436
545.261902
545.888306
546.130920
545.946045
546.032776
546.775330
547.565186
547.691101
547.570801
548.193176
549.367188
549.946228
549.800659
549.965881
550.685486
550.990906
550.580078
550.473572
551.245483
552.009644
551.954468
551.645325
551.858276
552.181824
551.959412
551.565552
551.634827
551.702820
551.168945
550.619995
550.865967
551.547974
551.616638
550.757996
549.722412
549.324219
549.371948
549.017822
548.264587
547.959473
548.114136
547.865417
546.984009
546.208496
545.825867
545.335266
544.548645
543.971985
543.817688
543.601440
542.912292
542.189880
541.842346
541.343140
540.089661
538.822876
538.567932
538.855164
538.428833
537.381042
536.848450
536.790833
536.049316
534.549988
533.538391
533.589233
533.779785
533.196777
532.208435
531.764221
531.806152
531.356079
530.251282
529.348328
528.940063
528.330627
527.345825
526.787354
526.915344
526.818665
526.034424
525.324341
525.156494
524.814819
523.889404
523.232361
523.448486
523.823303
523.556458
523.024353
522.899475
522.912476
522.489258
521.813965
521.614502
522.133301
522.613525
522.278748
521.607849
521.692505
522.295410
522.158020
521.277405
520.904053
521.324829
521.527832
521.068604
520.744080
521.072815
521.371399
521.061401
520.668762
520.789673
521.035706
520.826477
520.568604
520.959534
521.658752
521.871521
521.799377
522.206787
522.828491
522.844116
522.373413
522.385132
523.321533
524.453674
524.846191
524.740051
525.126953
525.978699
526.277222
526.050110
526.400818
527.432129
528.069458
528.063049
528.343445
529.297668
530.086182
530.165466
530.219666
530.894287
531.610474
531.719849
531.871094
532.828247
533.905640
534.075256
533.769531
534.048279
534.691162
534.799316
534.437378
534.472717
535.215576
536.024658
536.258179
536.195496
536.534180
537.092285
537.033630
536.443298
536.386353
537.153870
537.729004
537.543640
537.415222
537.874512
538.049255
537.365601
536.850952
537.306030
537.826172
537.439331
536.822266
536.933899
537.342712
537.180969
536.628967
536.358582
536.291138
535.911987
535.434814
535.512634
536.120850
536.428833
535.894775
535.014221
534.720825
534.918579
534.555603
533.473938
532.933655
533.380127
533.585754
532.885071
532.328308
532.555176
532.621582
531.791748
530.882874
530.618347
530.480591
529.940308
529.505676
529.553101
529.400696
528.516785
527.587646
527.322266
527.238037
526.524597
525.570923
525.382751
525.953735
526.195618
525.434509
524.289307
523.736694
523.720642
523.461975
522.852600
522.602844
522.789917
522.642395
522.032654
521.807434
522.142761
522.106384
521.435364
521.127075
521.541626
521.754761
521.317505
521.162292
521.861084
522.513367
522.266235
521.779419
522.003540
522.581177
522.668091
522.557068
523.079651
524.149719
524.771790
524.403320
523.780762
524.015320
524.954895
525.455688
525.288574
525.528931
526.494629
527.197083
527.216492
527.377502
528.091492
528.734375
529.012756
529.497437
530.309937
530.778870
530.728577
530.999939
531.974792
532.782349
532.640076
532.375793
533.218140
534.658630
535.172058
534.851624
535.110840
536.157166
536.889587
536.803040
536.564453
536.960815
537.842468
538.397156
538.490723
538.823181
539.413879
539.483276
539.139404
539.478455
540.670715
541.394165
541.006531
540.741394
541.775452
543.298645
543.874939
543.645325
543.802856
544.583069
545.238464
545.596436
546.119263
546.728210
547.109375
547.671570
548.732971
549.601501
549.450562
548.624146
548.393372
549.443909
550.911011
551.349365
550.822266
550.858521
552.017761
552.958313
552.522278
551.589050
551.541931
552.149902
552.464722
552.424927
552.302429
551.862000
551.261597
551.291077
551.962097
552.103821
551.073853
549.941833
550.010315
550.654419
550.230347
548.849670
548.268555
548.883240
549.274902
548.628845
547.578430
546.951294
546.703918
546.397400
546.091309
546.017151
545.612305
544.313660
543.053528
543.062134
543.621216
543.052307
541.310425
540.198730
540.538025
540.852173
539.607483
537.746948
537.281433
538.125916
538.258118
536.914001
535.370850
534.591675
534.165955
533.737366
533.325928
532.675476
531.637451
530.745483
530.651367
531.207397
531.378052
530.306763
528.586304
527.815735
528.280945
528.353271
527.065369
525.821411
526.052002
526.773071
526.424438
525.433228
524.985046
525.008423
524.867065
524.669312
524.602051
524.248413
523.445923
522.960754
523.356750
523.894409
523.535583
522.590515
522.162170
522.302551
522.079590
521.242126
520.592468
520.770264
521.355103
521.437012
520.918945
520.636963
520.926880
520.983582
520.380554
519.911377
520.080811
520.281738
520.179993
520.470337
521.465637
522.186646
521.896667
521.366211
521.627197
522.298767
522.363953
522.183472
522.882385
524.122375
524.527649
524.118652
524.260254
525.255859
525.972778
525.746765
525.340698
525.850952
527.126282
527.919128
527.841919
527.967651
528.842834
529.548096
529.580933
529.808838
530.594482
531.049072
530.959290
531.395813
532.683655
533.509644
533.110229
532.623901
533.276733
534.407654
534.564392
533.993958
534.333618
535.851624
536.942383
536.644165
535.958069
535.905212
536.226257
536.420471
536.608643
536.968628
537.209412
537.089417
537.067017
537.668579
538.307190
537.866699
536.810425
536.782898
537.862366
538.286072
537.334778
536.560852
537.316650
538.593384
538.520386
537.129456
536.186157
536.426025
536.824707
536.623901
536.344299
536.372314
536.367493
536.292542
536.352417
536.050415
534.982239
534.005798
534.165222
535.138184
535.659668
534.935120
533.544800
532.885803
533.305847
533.431946
532.295959
530.955872
530.686096
531.005249
530.759277
530.159607
529.973328
529.775146
528.864197
527.870911
527.570129
527.258789
526.193481
525.354309
525.756714
526.411377
525.832397
524.524231
523.995483
524.274597
524.112122
523.195862
522.516296
522.718201
523.201416
523.036438
522.321533
522.019226
522.383728
522.564758
522.103455
521.645752
521.594177
521.420349
520.824768
520.560242
521.255981
522.211609
522.362061
521.933228
521.876831
522.186646
522.167786
521.972778
522.384705
523.231567
523.544067
523.399841
523.807434
524.691345
524.893127
524.375916
524.405457
525.443726
526.449402
526.433655
525.794312
525.783752
526.811340
527.940491
528.334106
528.402466
528.757385
529.211060
529.475952
529.867798
530.596558
531.164246
531.249817
531.558899
532.482910
533.118408
532.826965
532.688049
533.616272
534.648804
534.530090
533.950073
534.486084
536.064636
537.049194
536.867859
536.633545
537.142761
537.892212
538.254395
538.295959
538.461914
538.973816
539.627502
540.265198
541.179504
542.234009
542.521545
542.071411
542.372742
544.019470
545.398193
545.286072
544.819153
545.587585
547.249878
548.275574
548.205688
548.037781
548.574890
549.448486
549.981262
550.221924
550.516418
550.890381
551.340942
551.943481
552.494263
552.499512
551.798340
551.156128
551.582825
552.686401
552.836121
551.699097
551.020142
551.883362
552.963623
552.613464
551.323425
550.771423
551.284241
551.660400
551.204956
550.518921
550.160767
550.024963
550.089539
550.339111
550.019958
548.599976
547.171997
547.210938
548.113586
547.981079
546.642700
545.809937
546.040344
546.051941
545.169250
544.143555
543.644592
543.478027
543.185669
542.652283
542.177307
541.834656
541.142334
540.070251
539.495911
539.629456
539.313232
537.870300
536.577881
536.732727
537.385376
536.708984
534.979553
534.091370
534.507202
534.711670
533.817932
532.674133
532.158325
532.090637
532.031494
531.938477
531.623779
530.732361
529.584656
529.056885
529.484863
530.103027
529.765015
528.411133
527.367554
527.453247
527.615112
526.702881
525.428528
524.928894
524.932495
524.644897
524.117126
523.733276
523.328003
522.671631
522.236145
522.349792
522.308960
521.464844
520.645020
520.908936
521.578247
521.184021
519.918030
519.424438
520.177368
520.791565
520.238525
519.198181
518.948181
519.690369
520.503113
520.682129
520.638733
520.878174
520.957031
520.673157
520.907959
521.892700
522.403625
521.827332
521.478699
522.553162
524.140625
524.490051
523.672058
523.384888
524.224121
525.078796
525.257385
525.310486
525.776306
526.506531
527.272583
527.968628
528.380493
528.345764
528.051514
528.091553
528.955566
530.136658
530.447510
529.903931
530.147522
531.819641
533.259094
533.108582
532.282043
532.354187
533.306274
534.006653
534.062012
534.050781
534.278076
534.696777
535.496887
536.551514
536.882751
536.111877
535.497131
536.242981
537.462891
537.408447
536.218628
535.823059
536.895996
537.882507
537.602234
536.870850
536.799805
537.207886
537.388062
537.345764
537.496826
537.724854
537.494385
536.968140
537.069031
537.896423
538.190552
537.265503
536.290466
536.492798
537.005127
536.326050
535.058411
534.933899
535.767578
535.934875
535.039307
534.166321
533.805176
533.415466
532.754333
532.263245
532.037109
531.657837
531.146790
531.042053
531.434998
531.675781
531.045471
529.763855
528.986389
529.145508
529.099365
528.039917
527.013611
527.083374
527.495667
527.088928
526.200562
525.784058
525.710083
525.215942
524.475464
524.165527
524.127136
523.738525
523.317261
523.617065
524.082947
523.527283
522.370789
522.107971
522.670227
522.541077
521.502991
521.040405
521.945312
523.131836
523.242737
522.454529
521.936157
522.054932
522.065002
521.606384
521.363281
521.713440
521.987976
521.813049
522.001587
522.981079
523.694702
523.261047
522.568604
522.790955
523.449768
523.366821
522.861023
523.170166
524.314880
525.096008
525.008179
524.779724
525.089966
525.638000
526.010071
526.423157
527.101807
527.587158
527.451599
527.245544
527.918274
529.282410
530.037659
529.769226
529.763794
530.813904
531.877991
532.007996
532.021667
532.991638
534.426514
535.229980
535.477783
536.012878
536.926270
537.562500
537.860107
538.341431
539.089478
539.693787
540.244080
541.223206
542.317139
542.652771
542.415161
542.799072
544.165955
545.364014
545.279419
544.456238
544.490356
545.817261
547.096680
547.343140
547.240784
547.643127
548.333435
548.867676
549.255676
549.591797
549.717407
549.706909
550.102112
551.174011
551.914246
551.209351
549.952332
550.129944
551.628662
552.361023
551.644226
550.981812
551.325684
551.998840
552.245667
552.185852
551.959656
551.435181
550.854126
550.760498
551.206238
551.526062
551.095093
550.268066
550.122864
550.906616
551.352173
550.464050
549.237793
549.118164
549.644531
549.375122
548.386230
547.962036
548.230774
548.141968
547.368835
546.608459
546.173584
545.710144
545.166138
544.967896
545.018311
544.673828
543.994263
543.883118
544.305969
544.161743
543.098328
542.005432
541.751526
542.123474
542.008484
540.877930
539.738159
539.627991
539.915283
539.518005
538.588684
537.790466
537.126038
536.228333
535.271240
534.716248
534.422668
533.825195
533.012817
532.634705
532.403809
531.255005
529.529175
528.758728
528.967163
528.510803
527.016541
526.004639
526.137756
526.218933
525.325378
524.120300
523.547180
523.555054
523.581665
523.308044
522.819641
522.378418
521.938904
521.391602
521.192261
521.628967
521.787231
520.812622
519.650085
519.633057
520.205322
520.010803
519.313782
519.371216
520.052246
520.134827
519.563416
519.434204
519.965942
520.211304
519.916870
519.883362
520.403137
520.793579
520.613098
520.408386
520.957703
521.871521
521.967285
521.225586
521.119995
522.190186
522.995056
522.563599
522.073425
522.880188
524.377930
525.060852
524.900452
524.958557
525.439636
525.666809
525.636902
526.020935
526.762329
527.186035
527.463196
528.309387
529.363403
529.637573
529.386169
529.721130
530.693848
531.209534
530.724915
530.119385
530.644836
532.238403
533.434570
533.328857
532.687622
532.600220
533.016113
533.434082
533.916443
534.605408
535.070618
535.046448
535.066223
535.617859
536.136658
535.961121
535.695374
536.256042
537.147400
537.263184
536.828125
536.988037
537.724365
537.904297
537.273254
536.911743
537.359314
537.733643
537.404114
536.959412
537.081970
537.553894
537.646362
537.175354
536.753906
536.793274
536.723511
536.085205
535.651917
535.996704
536.212097
535.525085
534.751953
534.839722
535.081055
534.339050
533.068176
532.610291
532.947632
532.830811
531.976990
531.428589
531.499756
531.288818
530.415771
529.772949
529.759460
529.568237
528.839050
528.314697
528.433044
528.668945
528.317505
527.471863
526.927917
527.044556
526.961426
525.967651
524.898682
524.792847
525.142883
524.814331
523.959045
523.716309
524.083008
523.875000
522.929504
522.353699
522.361938
522.090210
521.646484
521.922546
522.567383
522.410278
521.631042
521.565247
522.241272
522.269104
521.295898
520.740051
521.574829
522.832153
523.001648
522.033936
521.353821
521.839783
522.647766
522.807190
522.651367
522.822327
523.129700
523.262817
523.603149
524.384888
525.016846
524.918274
524.635010
525.172058
526.323914
526.883423
526.640137
526.646729
527.324585
527.835510
527.827576
528.072266
528.917419
529.609375
529.630737
529.580994
530.156921
530.993469
531.234558
530.952637
531.076233
531.825012
532.320618
532.236389
532.574890
533.898438
535.132874
535.275940
535.056030
535.626282
536.690125
537.152466
537.038879
537.370300
538.479065
539.617859
540.356445
541.033630
541.683838
541.838928
541.791870
542.459961
543.839355
544.766235
544.919434
545.351929
546.645752
548.039001
548.566284
548.189941
547.739014
547.999268
548.699219
549.004517
549.141602
549.941101
551.054932
551.466980
551.321350
551.453918
551.680176
551.402832
551.073792
551.510010
552.183167
552.047607
551.528992
551.841309
552.713806
552.757324
551.791260
551.079163
551.240112
551.503418
551.258057
551.021118
551.310547
551.746460
551.667603
551.051147
550.486572
550.340271
550.053833
549.152954
548.488464
548.906555
549.391785
548.587769
547.150757
546.616211
546.864197
546.550049
545.454773
544.712769
544.649963
544.323914
543.411194
542.748535
542.527405
541.959473
540.989868
540.467712
540.385193
539.768005
538.536926
537.900208
538.223816
538.392151
537.533936
536.039795
534.922119
534.780029
535.094849
534.778015
533.770447
533.014465
532.677063
532.106201
531.274658
530.731384
530.426819
529.869873
529.318359
529.404175
529.723328
529.246765
528.207031
527.799072
528.023560
527.680176
526.587158
526.010498
526.448853
526.755127
526.118286
525.357727
525.304932
525.272400
524.378784
523.133301
522.627808
522.908875
523.056152
522.661865
522.373962
522.706543
522.995911
522.342285
521.192017
520.627991
520.627075
520.305725
519.689392
519.754211
520.591248
521.104004
520.796326
520.439575
520.559082
520.600708
520.332947
520.451355
521.119690
521.535400
521.456055
521.757141
522.705200
523.191772
522.558899
521.680908
521.683655
522.578552
523.523315
523.888489
523.966248
524.534424
525.601196
526.334167
526.557251
526.879395
527.305176
527.265991
527.162476
527.976440
529.301941
529.775269
529.533264
529.936768
531.093933
531.742310
531.534180
531.498474
532.207153
533.022949
533.311646
533.385376
533.774536
534.258972
534.459534
534.617493
535.179993
535.980591
536.314453
535.929810
535.594482
536.075012
536.798584
536.765869
536.376587
536.656616
537.355530
537.541687
537.363892
537.579224
537.995544
537.879150
537.332153
537.227112
537.703796
537.918030
537.554260
537.478210
538.065918
538.266663
537.435486
536.648376
536.833740
537.193726
536.731262
535.960205
535.889038
536.404724
536.594910
536.143127
535.639526
535.611267
535.697144
535.158447
534.234802
533.901123
534.167969
533.991333
533.170288
532.710938
532.875061
532.694519
531.793396
531.031128
530.892151
530.706726
529.954529
529.207153
528.855347
528.338379
527.421143
526.926636
527.149292
527.093811
526.185974
525.413391
525.720032
526.411194
526.066223
524.497925
523.113098
523.113159
523.794006
523.660889
522.790710
522.516052
523.002625
523.042786
522.288269
521.686584
521.703003
521.732849
521.562866
521.688293
521.976562
521.780090
521.362854
521.598022
522.161682
521.912842
520.963989
520.810120
522.017700
523.196228
523.062500
522.454590
522.883667
524.140747
524.804565
524.455505
523.939514
523.966553
524.384949
524.809937
525.315063
526.050537
526.561890
526.460571
526.400146
527.273193
528.558472
528.842712
528.177002
528.211365
529.602905
530.934387
531.028198
530.668091
530.985107
531.770020
532.320496
532.720947
533.255737
533.720520
534.067261
534.637695
535.297241
535.418884
534.835815
534.219788
534.536377
535.997559
537.420654
537.557312
537.031067
537.531372
539.085754
539.986023
539.592224
539.285095
540.134705
541.336487
541.915466
542.198486
542.704407
543.198303
543.624390
544.369080
545.283630
545.661926
545.608826
546.057922
547.286499
548.284363
548.333252
548.118042
548.691467
550.000610
550.989075
550.982056
550.540344
550.557251
550.996643
551.235168
551.336121
551.675903
551.823547
551.356079
551.110901
552.031860
553.227051
553.009399
551.513306
550.723206
551.499023
552.314209
551.781433
550.823914
550.779297
551.147644
550.841614
550.110168
549.663147
549.398376
549.013672
548.769714
548.706299
548.218750
547.093079
546.165039
546.354431
547.328308
547.536255
546.183411
544.565247
544.330688
544.937805
544.624268
543.226868
542.224548
542.223938
542.117371
541.149048
540.167358
539.814636
539.423401
538.575439
537.970459
537.716492
537.027039
535.984802
535.569031
535.715088
535.278625
533.963074
532.914917
532.983948
533.532288
533.474426
532.663086
531.771606
531.458862
531.594421
531.403931
530.616211
529.940613
529.712341
529.372498
528.882568
528.750793
528.701050
528.005676
526.960510
526.522339
526.646973
526.307617
525.215149
524.426453
524.575623
524.767334
524.146545
523.275330
522.864990
522.500610
521.765808
521.232666
521.343323
521.463379
520.888062
519.997009
519.785034
520.472839
521.060852
520.692078
519.994995
520.150269
520.847961
520.771057
519.952637
519.826111
520.735962
521.334106
521.083984
521.074341
521.726318
522.028320
521.684814
521.784607
522.665405
523.275391
523.019165
522.767029
523.381531
524.421326
525.013855
525.243835
525.692810
526.140381
526.104797
525.938599
526.338623
527.352234
528.212219
528.230835
527.901672
528.419495
529.758057
530.493164
530.168152
529.987000
530.708679
531.563171
531.859802
532.108826
532.855835
533.632629
533.979065
534.186218
534.489563
534.561951
534.377197
534.648071
535.578003
536.171021
535.875305
535.731873
536.702698
537.820007
537.701050
536.693237
536.163696
536.642761
537.449463
537.790833
537.593567
537.310547
537.182373
537.137085
537.380554
538.077454
538.476501
537.792603
536.757019
536.826721
537.790039
537.932495
536.775879
535.932617
536.502380
537.355835
537.060425
536.137390
535.840515
536.049744
535.890747
535.410461
535.085266
534.695190
534.004944
533.573120
533.855042
534.309265
533.986877
532.701416
531.418152
531.198059
531.650940
531.384827
530.224792
529.513367
529.730591
529.735901
528.881042
528.044373
527.783203
527.448059
526.739502
526.270996
526.146118
525.711975
524.848145
524.365662
524.548096
524.552856
523.714722
522.833923
523.239014
524.316528
523.966370
522.269592
521.585083
522.325806
522.712158
522.642761
522.827454
522.291565
520.882385
520.512085
521.645325
522.545471
522.270691
521.364990
520.807739
521.522156
523.003296
523.333191
522.057556
521.287598
522.370117
523.750183
523.632385
522.794739
522.960754
524.105042
524.912476
524.977905
524.882385
524.997192
525.343750
526.080139
527.145752
527.953552
527.979126
527.459778
527.326721
528.258423
529.560974
529.830505
529.231567
529.488770
530.985840
532.084839
531.940063
531.723511
532.349304
533.005127
533.303467
534.145264
535.444946
536.014221
535.916504
536.239502
536.985474
537.215332
536.743347
536.606567
537.794556
539.438293
539.674500
538.871338
539.092224
540.583252
541.648560
541.460205
540.965027
541.147827
541.790588
542.230225
542.472900
542.994141
543.681702
544.015137
544.106323
544.598145
545.531494
546.062561
545.918274
546.059814
547.118530
548.108521
548.023071
547.604065
548.123840
549.242188
549.743042
549.609375
549.747070
550.215088
550.560913
550.905151
551.512634
551.830750
551.215881
550.202148
550.141357
551.414551
552.608826
552.244141
550.927612
550.541443
551.509583
552.150452
551.366943
550.295654
550.148376
550.383789
550.191833
549.975830
549.979858
549.564331
548.619507
547.987671
547.925842
547.639221
546.680847
545.859680
545.862488
545.955566
545.091614
543.797546
543.407288
543.737061
543.446350
542.308289
541.308777
541.025513
540.998962
540.590820
539.792603
539.113159
538.663269
537.954346
537.016174
536.567505
536.538269
535.916321
534.566956
533.698120
533.735535
533.502686
532.212280
530.827026
530.460449
530.669800
530.311157
529.340637
528.600952
528.332520
527.956665
527.370178
527.022095
526.704163
525.812134
524.672729
524.276733
524.789978
525.268433
524.913330
524.061890
523.774780
524.269470
524.513123
523.949402
523.343933
523.340271
523.387573
522.981262
522.690186
522.935974
523.100830
522.658508
522.213257
522.263489
522.153564
521.469849
521.071960
521.574707
521.989319
521.292114
520.298523
520.434509
521.514099
521.984619
521.171997
520.107422
519.937134
520.522339
521.088928
521.443542
521.845764
522.187744
522.160400
522.013855
522.381897
523.198547
523.545715
523.211426
523.358704
524.537354
525.498413
525.352539
525.220581
526.193542
527.401184
527.578674
527.196411
527.547974
528.589783
529.279236
529.472168
529.902588
530.558411
530.850464
531.055115
531.849915
532.892700
533.251099
532.789795
532.362793
532.799377
533.934326
534.750732
534.669800
534.411438
534.874817
535.652527
535.819946
535.569336
535.780579
536.393677
536.793335
537.025574
537.315796
537.339111
537.035034
537.067688
537.678894
538.022217
537.472900
536.775696
537.078857
538.036438
538.299194
537.520691
536.638611
536.523254
537.010437
537.290466
537.080261
536.941589
537.097961
536.885803
536.228577
536.081909
536.520142
536.409485
535.441101
534.912476
535.470703
535.828369
534.950317
533.809143
533.692139
534.146973
533.903809
532.974304
532.433105
532.590637
532.645874
532.181763
531.618652
531.063660
530.232849
529.474976
529.471619
530.097778
530.308838
529.267456
527.530701
526.651733
527.029846
527.261719
526.456665
525.570374
525.409546
525.352417
524.699524
523.920471
523.680542
523.733398
523.400574
522.731812
522.346680
522.329041
522.214050
522.022949
522.065857
522.080200
521.611877
521.151184
521.459778
522.107910
522.044617
521.354370
521.080811
521.557373
522.075989
522.069885
521.805847
521.916992
522.447815
522.720825
522.545105
522.720642
523.552551
524.025085
523.615967
523.504272
524.461487
525.355225
525.211731
524.902405
525.477234
526.380737
526.764404
527.054871
527.886169
528.665955
528.644409
528.547974
529.380554
530.594116
531.070496
531.039917
531.566833
532.758606
533.590271
533.419006
532.950012
533.339111
534.540405
535.353027
535.322876
535.502136
536.609802
537.696838
537.766846
537.600891
538.330872
539.471985
539.990967
540.148010
540.665161
541.202820
541.229126
541.279419
542.133728
543.374268
543.921631
543.793823
544.020508
544.877686
545.402527
545.200562
545.202026
545.855469
546.345154
546.109436
545.893738
546.455627
547.287048
547.420715
547.004639
547.132324
547.989014
548.431580
548.025574
547.837219
548.675781
549.640625
549.613281
549.052063
549.185608
549.924744
550.166748
549.833740
549.967285
550.686890
551.011597
550.635193
550.408447
550.672302
550.794312
550.589294
550.663147
551.063782
551.119507
550.572449
550.020813
550.109497
550.638733
550.672180
549.852600
549.001221
548.804016
548.719360
548.207458
547.775024
547.769043
547.342834
545.947693
544.650269
544.589783
545.021912
544.450195
543.007935
542.152832
542.195740
541.950806
541.017456
540.322998
540.015686
539.205383
537.936584
537.355896
537.547485
537.218506
535.864990
534.529175
534.210938
534.538818
534.364990
533.391663
532.524109
532.355530
532.159058
531.225830
530.207642
529.911499
529.827515
529.020996
527.845398
527.322144
527.262451
526.633240
525.594849
525.183411
525.415405
525.256775
524.451782
523.752136
523.461243
523.135864
522.760254
522.792419
523.024780
522.649353
521.610840
520.726135
520.720581
521.452148
521.861450
521.283508
520.560974
520.753540
521.359253
521.307251
520.904480
520.968689
521.219604
521.008972
520.669983
520.875610
521.269653
521.147339
520.865234
521.239136
521.979126
521.960632
521.268616
521.222351
522.009277
522.277893
521.799683
522.005859
523.144653
523.752808
523.311401
522.820862
523.045349
523.791443
524.449829
524.647095
524.742737
525.240540
525.787048
525.886719
526.026978
526.760498
527.607910
527.911011
528.056641
528.693970
529.427063
529.542419
529.488464
530.245667
531.514465
532.088562
531.943359
532.231445
533.253845
533.916321
533.769043
533.833618
534.651672
535.288391
535.135803
534.919678
535.333801
535.956909
536.107910
535.857666
535.910339
536.493591
536.936584
536.787781
536.731567
537.478210
538.305542
537.991272
536.974304
536.749817
537.394653
537.642334
537.212341
537.016541
537.226746
537.150391
536.706726
536.565186
536.747925
536.588806
536.089172
535.957275
536.135986
535.772339
534.784607
534.101746
534.394043
535.214844
535.329773
534.252441
533.145264
533.176331
533.656738
533.271118
532.162964
531.393066
531.366760
531.574158
531.473328
531.116638
530.687317
529.952820
529.074768
528.858582
529.142700
528.675354
527.448242
526.941589
527.354431
527.362671
526.635681
526.178406
526.276794
526.144165
525.366638
524.526062
524.301331
524.589233
524.740417
524.474182
524.159363
524.089417
523.868591
523.127258
522.480835
522.678345
523.145996
522.799988
522.024719
522.120544
522.954651
523.068237
522.200134
521.630493
521.936584
522.248962
521.984985
521.658630
521.728333
521.952148
522.044189
522.276062
522.671875
522.515076
521.696960
521.529175
522.890625
524.547241
524.667236
523.419434
522.743896
523.653442
524.923035
525.098450
524.667725
525.000671
526.127136
527.008118
527.429749
527.959106
528.532532
528.655701
528.833679
529.929626
531.384094
531.837830
531.534180
532.051453
533.611755
534.672485
534.591064
534.591125
535.513306
536.532532
536.759460
536.723938
537.378662
538.522400
539.207581
539.326660
539.695496
540.521057
541.033264
541.024780
541.393738
542.483765
543.200623
542.945007
542.860291
544.083374
545.727234
546.086731
545.338745
545.370117
546.776855
547.904480
547.638306
547.106506
547.613770
548.851379
549.805725
550.143250
550.029175
549.677124
549.547791
550.162842
551.149536
551.461365
550.770203
550.011902
550.296997
551.564026
552.443848
551.930664
550.907166
551.007141
551.997986
552.255920
551.475098
550.985535
551.380615
551.742676
551.348328
550.707458
550.440735
550.417297
550.273376
550.186829
550.134277
549.489624
548.417297
548.196106
549.001526
549.225586
548.069885
546.907654
546.964905
547.409485
546.849121
545.562378
544.946289
545.534973
546.323486
546.138977
545.069397
544.166687
543.890259
543.741821
543.393677
543.061523
542.657837
541.940674
541.306274
541.329773
541.428223
540.556824
539.087463
538.571960
539.033997
538.811707
537.400330
536.227112
536.062561
535.931824
534.926147
533.508972
532.623474
532.475159
532.458313
532.032043
531.320068
530.643494
529.781311
528.543335
527.581482
527.410522
527.258301
526.321777
525.408386
525.492676
525.755615
524.802673
523.010803
522.104187
522.585205
523.055420
522.452332
521.510071
521.334473
521.634705
521.471191
520.858521
520.380371
520.043030
519.802979
520.086060
520.661987
520.485901
519.598450
519.297974
520.137939
521.212402
521.306946
520.108765
518.842529
519.082703
520.529846
521.333984
521.000244
520.785278
521.328979
521.810791
521.640991
521.367737
521.546509
521.956970
522.466125
523.301819
524.122986
524.123291
523.615417
523.983521
525.397888
526.139282
525.290161
524.491516
525.531128
527.531860
528.439270
527.945740
527.352905
527.546997
528.206116
528.681519
529.024475
529.686646
530.544983
531.038574
531.275024
531.729919
532.169922
532.057495
531.857788
532.611572
534.042175
534.599121
533.957825
533.704407
534.727173
535.733215
535.553162
534.907715
534.977844
535.699219
536.330688
536.707092
537.030457
537.054321
536.583069
536.288757
536.893799
537.914001
538.123108
537.241272
536.461792
536.962646
538.175537
538.453003
537.510559
536.821838
537.201538
537.692749
537.423706
536.970703
536.900696
536.786804
536.420044
536.400146
536.720459
536.330383
535.033081
534.346985
535.067749
535.621094
534.658569
533.419250
533.387695
533.773804
533.250977
532.197632
531.687073
531.770081
531.689697
531.068359
530.385498
530.225708
530.278687
529.820190
529.062927
528.780579
528.749695
528.090576
526.998291
526.547668
526.835571
526.817322
526.092224
525.498230
525.534607
525.515015
524.885742
524.171631
523.941406
523.898560
523.596130
523.320190
523.457642
523.494141
522.774048
521.960754
522.232239
523.299927
523.594910
522.479492
521.197632
521.226379
522.193848
522.482483
521.766724
521.286621
521.456604
521.488159
521.326355
521.760132
522.531860
522.604736
522.153503
522.317810
523.160095
523.573669
523.180359
523.009460
523.817322
524.809082
524.894775
524.509277
524.809448
525.726379
526.253540
526.255920
526.495789
527.165283
527.652893
527.696533
527.901306
528.721558
529.592407
529.756897
529.610779
530.124146
531.173401
531.768982
531.781494
532.116760
533.173218
534.130432
534.294678
534.191101
534.568726
535.221619
535.687012
536.257507
537.194397
537.816711
537.599670
537.347046
537.933899
538.756836
538.754639
538.405701
538.916504
540.168945
541.023071
540.994019
540.681335
540.842346
541.493408
542.070129
542.304810
542.555969
542.995300
543.368225
543.822693
544.793213
545.917175
546.159241
545.628052
545.759521
546.973145
547.874878
547.703430
547.605530
548.576294
549.746765
550.006104
549.772034
550.081604
550.793884
551.075989
550.956604
551.096558
551.495605
551.617371
551.504395
551.697998
552.171204
552.254639
551.675232
551.176270
551.561890
552.203613
551.746277
550.415771
549.968811
550.882263
551.564636
550.770447
549.360718
548.755981
548.955383
548.918884
548.339661
547.726379
547.300232
546.952332
546.773926
546.654724
546.025879
544.814636
544.039795
544.240417
544.318176
543.191467
541.580994
540.992126
541.659363
542.282471
541.541443
539.614502
538.202576
538.362000
538.939209
538.248474
536.537659
535.312744
535.060242
535.114563
534.961121
534.293335
533.006592
531.673828
531.311523
531.721863
531.369690
529.708740
528.389404
528.704468
529.273315
528.204102
526.299805
525.652344
526.331116
526.408875
525.012634
523.458252
523.050903
523.521057
523.861694
523.612427
523.018188
522.412292
521.988464
521.955566
522.338196
522.437744
521.423157
520.027283
519.831360
520.787720
521.226379
520.445740
519.668884
519.912292
520.441711
520.088745
519.298340
519.432556
520.363892
520.696655
520.227356
520.086121
520.622925
521.101196
521.203064
521.340759
521.736877
521.939941
521.601440
521.299255
521.814819
522.722473
522.920410
522.321899
522.052551
522.806702
523.673828
523.534424
523.091614
523.716370
524.928772
525.283386
524.955261
525.023376
525.569336
526.131958
526.658569
527.089539
527.191528
527.177979
527.657654
528.845825
530.005859
530.207886
529.607727
529.431396
530.421326
531.743896
532.082458
531.670471
532.034180
533.451233
534.416931
534.259155
533.997986
534.487610
535.312561
535.688416
535.591309
535.621887
535.969360
536.251953
536.531982
537.167114
537.583374
537.216492
536.980713
537.647095
538.164795
537.549744
536.758240
537.042603
537.873169
537.972534
537.290405
536.809998
537.134216
537.750549
537.684143
536.822998
536.209106
536.502808
536.901245
536.678772
536.436768
536.453796
535.972595
535.023682
534.833313
535.459229
535.383118
534.217407
533.428162
533.780579
534.136292
533.487915
532.644714
532.694519
533.105713
532.732666
531.800964
531.406189
531.560547
531.398193
530.814148
530.476868
530.544312
530.344421
529.491943
528.571533
528.416992
528.778198
528.425476
527.190186
526.464050
526.843567
527.059998
526.088379
524.865051
524.657166
525.209656
525.230347
524.315857
523.408264
523.205872
523.229919
523.012268
522.676086
522.130371
521.244263
520.897461
521.789795
522.759338
522.208313
520.780273
520.403076
521.372314
522.209351
522.062439
521.565491
521.578003
522.056274
522.378662
522.335876
522.343567
522.587219
522.714539
522.615601
522.845642
523.653137
524.370911
524.493835
524.648926
525.333801
525.838440
525.682129
525.772827
526.781250
527.804565
527.927063
527.826660
528.577515
529.773376
530.127991
529.750305
530.048096
531.421143
532.669556
532.794556
532.250183
532.204468
533.021912
533.956360
534.393433
534.740417
535.420593
536.003479
536.086182
536.172791
536.937988
538.045776
538.687256
538.932068
539.329346
539.759460
539.927856
540.281677
541.230591
542.122131
542.083618
541.588867
541.923218
543.058594
543.658020
543.416260
543.453430
544.156128
544.646057
544.409973
544.148621
544.668274
545.652649
546.085022
545.891357
546.038818
546.760742
547.159119
547.022156
547.201416
548.092773
548.880432
548.914795
548.768921
549.259460
549.920715
549.893433
549.552856
549.885742
550.674622
550.951843
550.764160
550.983032
551.449158
551.232483
550.501404
550.437988
551.089417
551.316833
550.672424
549.937195
549.956238
550.642944
551.019836
550.431885
549.471497
549.051514
548.926697
548.507812
548.113342
548.137878
547.980469
547.214539
546.506653
546.251099
545.699097
544.493286
543.649780
543.842834
544.022644
543.131958
541.733276
540.985962
540.877686
540.440308
539.372009
538.461670
538.135925
537.774109
536.993103
536.426880
536.409729
536.257080
535.392029
534.181580
533.416565
533.243652
532.953674
532.064453
531.256409
531.167603
530.944763
529.678162
528.285706
527.992432
528.211487
527.629700
526.538391
526.144531
526.468567
526.262573
525.102112
524.039124
523.882263
524.057007
523.841370
523.411011
523.073669
522.549316
521.739746
521.215027
521.341858
521.577271
521.253357
520.620667
520.580627
521.256958
521.572021
520.837952
519.985596
520.180664
520.913330
520.899658
520.347473
520.517822
521.338806
521.491638
520.916931
520.806763
521.376892
521.717773
521.613281
521.564026
521.665283
521.724121
522.024780
522.752869
523.231628
522.787537
522.055969
522.073547
522.953064
524.048096
524.556946
524.114075
523.657349
524.306763
525.363403
525.492310
525.178650
525.570007
526.388855
526.851379
527.224426
527.908508
528.420288
528.325928
528.232910
528.878967
529.911011
530.509338
530.847656
531.595703
532.416565
532.377869
531.819824
532.085693
533.282043
534.050964
533.887512
533.765259
534.411499
535.375854
535.933960
535.954590
535.831299
535.888062
535.998657
536.121948
536.673462
537.532776
537.709595
536.880859
536.332520
537.040894
537.893311
537.421448
536.293274
536.252991
537.375671
538.182251
537.869751
537.116943
536.760864
536.685425
536.509460
536.407410
536.414062
536.079224
535.597961
535.831909
536.762878
537.149109
536.052979
534.148132
533.198059
533.961060
534.932312
534.301147
532.772827
532.416016
533.230591
533.285706
532.120300
531.135315
530.922119
530.819702
530.661438
530.646973
530.331238
529.423401
528.707214
528.911682
529.286255
528.671875
527.472839
527.134888
527.757690
527.875366
526.907166
526.109985
526.528503
527.365967
527.097046
525.570801
524.311218
524.459106
525.239685
525.241211
524.416992
523.648010
523.298401
523.213623
523.354858
523.470154
523.040466
522.126343
521.779236
522.558960
523.238892
522.337219
520.648254
520.351929
521.756653
522.838745
522.309448
521.305420
521.303894
522.007996
522.234192
521.953186
522.073853
522.661316
522.832886
522.502747
522.790344
523.997314
524.759705
524.319092
523.963013
524.851868
526.047913
526.289673
526.229187
527.077576
528.390930
528.798157
528.249939
528.085938
529.006104
530.191162
530.836426
531.248901
531.877563
532.474060
533.059937
534.084839
535.059448
535.046265
534.633789
535.337769
536.958069
537.820251
537.377441
536.694885
537.004211
538.515930
540.125854
540.557678
540.116394
540.331604
541.513794
542.421936
542.556152
542.730103
543.294250
543.791321
544.291016
545.144165
545.810242
545.721619
545.634827
546.536316
547.835693
548.069641
547.322205
547.336853
548.724609
549.855652
549.500671
548.808044
549.255554
550.415527
550.934021
550.558655
550.160156
550.304688
550.634155
550.763428
550.958313
551.469788
551.664307
551.074463
550.412292
550.530396
550.919800
550.568298
549.780457
549.821472
550.599243
550.665894
549.702087
549.213135
549.846008
550.314270
549.638733
548.764771
548.723694
548.990845
548.814636
548.536072
548.446777
548.156982
547.625122
547.347534
547.436890
547.559265
547.169373
546.109009
545.270630
545.535095
545.991455
545.097290
543.357422
542.771606
543.531372
543.710327
542.419678
541.070251
540.730347
540.692871
540.215027
539.695862
539.263367
538.321350
537.052673
536.498108
536.464966
535.691528
534.159363
533.229553
533.321106
533.214600
531.923584
530.140259
529.279541
529.659546
530.179749
529.803894
528.684998
527.627441
526.991516
526.584778
526.411926
526.462952
526.016235
524.567200
523.198914
523.337280
524.322632
524.080872
522.306152
520.983765
521.415894
522.518311
522.634705
521.621460
520.398987
519.664307
519.736145
520.566833
521.356567
521.029114
519.535828
518.174377
518.335388
520.035156
521.624268
521.383423
519.751404
518.804749
519.381775
520.430725
521.063904
521.281433
521.060974
520.613586
520.827942
522.023315
523.032288
522.550659
521.255920
521.259094
523.040955
524.517090
524.190857
523.353638
523.704346
524.774231
525.289856
525.346558
525.736023
526.493103
527.179688
527.627808
527.949219
528.191345
528.212402
528.116516
528.545410
529.772095
530.789734
530.628784
530.164368
530.978943
532.691467
533.346008
532.496216
531.839783
532.559143
533.762024
534.208862
534.109192
534.333862
534.837402
535.124939
535.410095
535.918762
535.959839
535.350464
535.317688
536.519287
537.518677
537.029907
536.193237
536.725830
538.154358
538.691589
537.812683
536.740967
536.685913
537.483704
538.032288
537.800293
537.340149
537.058594
536.834595
536.824463
537.233276
537.357422
536.432251
535.314636
535.616760
537.146057
537.721863
536.134216
534.117554
533.899475
535.069763
535.596680
534.779846
533.540771
532.820068
532.796143
533.105103
533.344421
533.168457
532.144104
530.568420
529.929993
530.837097
531.576782
530.566528
528.716370
527.951965
528.607422
529.278503
528.712524
527.316406
526.400940
526.343384
526.493835
526.376770
525.853027
524.968140
524.338013
524.659180
525.280884
524.741089
523.119385
522.395264
523.534302
524.674500
523.748718
521.740112
521.106934
522.251465
523.485474
523.462280
522.385071
521.323975
520.986145
521.366211
522.092163
522.561279
522.168579
521.301819
521.159119
522.094482
523.007202
522.691528
521.548340
521.460938
523.058777
524.283691
523.425598
522.048706
522.437439
524.020508
524.698303
524.194458
523.812683
524.264404
525.147339
525.938721
526.355286
526.221741
525.675293
525.380188
526.054443
527.466736
528.368103
528.016541
527.404541
528.060364
529.738037
530.615601
530.037109
529.528748
530.442322
531.946472
532.664612
532.703552
532.940247
533.528992
534.232727
535.075928
535.781189
535.743103
535.310974
535.876038
537.716064
539.103638
538.801147
538.113831
538.934265
541.000244
542.510986
542.475342
541.611267
541.363342
542.359985
543.817688
544.700867
544.916077
544.935425
545.057434
545.573730
546.688843
547.868408
548.113770
547.692932
548.046387
549.419556
550.221558
549.676392
549.112854
549.828796
551.113831
551.495972
550.961304
550.816772
551.583984
552.392944
552.470459
552.126831
551.942993
551.928040
551.842346
551.848450
552.185791
552.274414
551.503540
550.789490
551.398743
552.419067
551.919312
550.344116
549.899536
550.896301
551.403992
550.287231
548.853394
548.686157
549.357056
549.313110
548.301758
547.334167
546.917480
546.760376
546.661865
546.353943
545.468933
544.286438
543.716431
543.886230
543.783020
542.738770
541.311523
540.585266
541.014893
541.718018
541.346497
539.871582
538.751953
538.713928
538.822205
538.185669
537.221130
536.639343
536.256104
535.605591
534.989868
534.646851
534.051575
533.010437
532.357239
532.466370
532.515198
531.828979
531.007568
530.888306
531.113464
530.593811
529.460327
528.953003
529.160217
528.849304
527.714722
526.898804
527.125427
527.621826
527.346619
526.524170
526.125366
526.121094
525.634094
524.643921
523.950012
523.770691
523.588806
523.152649
522.797424
522.687988
522.468933
521.987122
521.716370
521.796570
521.529602
520.732849
520.388733
521.050049
521.689026
521.160583
520.166077
520.206116
521.137634
521.365356
520.257202
519.050537
519.196289
520.663025
521.992432
522.096497
521.618713
521.627930
522.051453
522.411438
522.798706
523.217468
523.273376
523.217407
523.877197
525.050110
525.506531
525.139038
525.364563
526.597290
527.425110
526.994019
526.462708
527.245911
528.849243
529.558167
529.002563
528.677673
529.580383
530.809753
531.218567
530.946899
530.788635
531.095947
531.749146
532.657166
533.703918
534.303589
533.953003
533.408203
534.045898
535.524963
535.949280
535.025513
534.655396
535.754028
536.825867
536.663147
536.174316
536.461304
537.073181
537.139282
536.942017
537.223267
537.705505
537.712769
537.520142
537.792114
538.074768
537.564880
536.807251
536.901245
537.833008
538.453796
537.849731
536.622864
536.301514
537.059998
537.393250
536.633850
535.906799
535.893799
535.952820
535.652466
535.502686
535.630981
535.241638
534.211853
533.821655
534.585632
535.026123
533.923645
532.471924
532.464294
533.400024
533.299194
531.868042
530.853394
531.155396
531.634766
531.229248
530.411011
530.001221
529.905701
529.646545
529.306274
529.272034
529.282898
528.691467
527.746094
527.371765
527.454590
526.977051
525.912781
525.487183
526.039307
526.221863
525.115723
523.854065
523.751831
524.142090
523.727234
522.828003
522.430359
522.464905
522.325623
522.158936
522.315674
522.319397
521.633423
520.841614
520.921021
521.796021
522.435791
522.164795
521.381592
521.171570
521.824219
522.281189
521.940125
521.704285
522.123779
522.518066
522.671570
523.248962
524.111206
524.424988
524.176758
524.218750
524.980347
525.796875
525.820923
525.451721
525.844543
526.977600
527.706421
527.920166
528.493774
529.414246
529.849121
529.945251
530.546204
531.498657
531.838989
531.417847
531.240417
532.166504
533.634460
534.405090
534.388062
534.693176
535.613586
536.217407
536.196655
536.532593
537.716797
538.742859
538.770569
538.629456
539.338135
540.374268
540.826416
541.019653
541.733154
542.690369
543.177002
543.381165
543.917358
544.589661
544.804688
544.849243
545.453186
546.372803
546.738708
546.390747
546.185852
546.864685
548.000671
548.562561
548.376038
548.260071
548.665283
549.097961
549.203064
549.352600
549.913635
550.294250
549.864868
549.367188
549.873596
550.687744
550.450073
549.521790
549.340576
549.885437
549.976135
549.424744
549.280212
549.730225
549.855591
549.441650
549.351257
549.716858
549.719238
549.163208
548.915161
549.510742
550.216736
550.026794
549.229431
548.887268
549.120911
549.117615
548.642761
548.407959
548.729431
548.784790
547.959595
547.116394
547.181396
547.379333
546.552246
545.256470
544.837769
545.261841
545.226929
544.254272
543.278748
542.764038
542.149719
541.323547
540.906006
540.730042
539.963806
538.612427
537.533508
537.261536
537.362488
536.877930
535.563660
534.368713
534.129517
534.215515
533.605408
532.528503
531.762451
531.164246
530.353027
529.843140
529.904114
529.558899
528.217224
527.028320
526.979126
527.139038
526.324585
525.129883
524.742615
525.009033
524.869263
524.106750
523.429993
523.137756
522.732971
521.926147
521.251404
521.294434
521.749023
521.817139
521.377563
521.130249
521.247681
521.066101
520.440552
520.145752
520.494995
520.658142
520.145691
519.816589
520.392700
521.006592
520.602539
519.871582
520.053833
520.789124
520.852112
520.377197
520.466797
521.090881
521.369263
521.355042
521.745728
522.415649
522.633606
522.284302
522.040100
522.552490
523.485107
523.883118
523.707153
523.924744
524.731018
525.148560
524.870361
524.933350
525.863525
526.678589
526.559753
526.327209
526.995483
527.918213
527.969177
527.666809
528.224182
529.281616
529.620422
529.480225
529.887329
530.675659
531.057007
531.317261
532.118774
533.041992
533.249146
532.959656
533.076111
533.956238
534.987427
535.256714
534.759766
534.567932
535.180542
535.699402
535.651611
535.888367
536.616943
536.893250
536.545166
536.564087
537.280396
537.788330
537.482178
536.967834
537.146484
537.676697
537.510498
536.858582
536.881165
537.397278
537.212524
536.570190
536.616211
537.015259
536.692932
535.838989
535.350769
535.498230
535.874268
535.792297
534.945618
534.214844
534.424988
534.856384
534.498901
533.777893
533.490356
533.339966
532.770142
532.232300
532.190430
532.047791
531.176270
530.353394
530.430603
530.655273
529.958374
528.869690
528.615051
529.089966
529.079651
528.204834
527.388367
527.215027
527.056885
526.451233
526.024658
526.284302
526.541809
525.951721
524.889587
524.452026
524.798950
524.930725
524.273682
523.593018
523.541992
523.437378
522.686646
522.186768
522.624451
523.105652
522.723572
522.040955
521.920715
522.214417
522.211182
521.913147
521.994324
522.389282
522.285645
521.778625
521.833130
522.469238
522.661743
522.126099
521.767517
522.238037
523.010925
523.188782
522.818054
522.763062
523.249573
523.495911
523.177979
523.216248
524.068115
524.723633
524.497131
524.326294
525.119995
526.161316
526.325012
526.004700
526.298706
527.197083
527.799866
528.078918
528.701355
529.522217
529.862976
529.980103
530.638733
531.679077
532.264160
532.467529
533.103455
534.179810
534.823853
534.682495
534.528687
535.236450
536.625549
537.636841
537.758667
537.906189
538.901917
540.037170
540.382080
540.490112
541.288025
542.248779
542.520874
542.583008
543.315979
544.326538
544.752502
544.912048
545.560974
546.425354
546.694885
546.565308
547.016724
548.078247
548.717651
548.577271
548.598389
549.297119
549.917358
549.832397
549.575928
549.985779
550.896362
551.245178
550.763672
550.546204
551.154968
551.642456
551.505615
551.604675
552.325073
552.679199
552.074829
551.378357
551.562561
552.140259
552.040100
551.334473
551.026978
551.311462
551.333984
550.781555
550.462646
550.596497
550.320190
549.454407
549.052673
549.328674
549.240540
548.465454
547.785034
547.771118
548.085144
547.870178
546.863525
545.960083
545.901733
545.988892
545.347168
544.437073
543.983704
543.654785
542.816833
541.829407
541.383728
541.265442
540.761841
540.067444
539.858276
539.730957
538.739502
537.444214
537.356140
538.031006
537.518433
535.854370
535.054138
535.496277
535.572144
534.724365
533.937317
533.728882
533.709778
533.454468
532.856262
532.218079
531.946533
531.715942
530.993530
530.141968
529.763611
529.542664
528.910461
528.211365
528.013977
527.970032
527.358093
526.432190
526.067078
526.118652
525.616638
524.548584
523.983276
524.203735
524.152039
523.330750
522.618225
522.559998
522.421387
521.602173
520.817993
520.970764
521.647400
521.701355
520.963623
520.424988
520.625305
520.935181
520.816711
520.692200
520.962646
521.078918
520.496582
519.893005
520.212463
521.164795
521.725403
521.686157
521.695984
521.882263
521.743042
521.548523
522.236267
523.535522
524.083679
523.800781
524.008545
524.944946
525.398865
525.095154
525.135437
526.004639
526.898499
527.084229
526.829834
526.983521
527.871338
528.723816
528.778625
528.582275
529.130005
530.257935
530.985352
531.133057
531.400757
531.994934
532.345520
532.443542
532.928284
533.645630
533.760559
533.531494
534.069275
535.242676
535.718506
535.225830
534.994080
535.736877
536.554932
536.568115
536.207520
536.316223
536.846802
537.100708
536.889099
536.891846
537.440063
537.760559
537.282837
536.897949
537.412048
538.000122
537.700623
537.106873
537.225952
537.683411
537.446045
536.731750
536.591187
536.948547
536.758972
536.012146
535.753784
536.081177
536.091431
535.618591
535.352295
535.319031
534.841675
533.887268
533.365417
533.869934
534.721436
534.649902
533.507996
532.589661
532.603455
532.605469
531.826599
531.127502
531.348816
531.629517
530.917297
529.917175
529.891113
530.414856
530.126465
529.149841
528.618469
528.543579
527.977417
527.033325
526.758179
527.045044
526.741150
525.842407
525.474365
525.651672
525.348083
524.498596
524.040100
524.373718
524.828003
524.483337
523.394653
522.701477
522.906311
522.955750
522.116821
521.387939
521.647278
522.141357
521.952332
521.490479
521.455261
521.620178
521.467834
521.213501
521.387207
521.842773
521.819519
521.386292
521.556824
522.504700
523.012573
522.590820
522.429993
523.195679
523.910034
523.921753
524.043213
524.835999
525.555908
525.598816
525.420532
525.721008
526.627991
527.532410
527.791748
527.798523
528.458435
529.521362
530.028809
530.159485
530.755615
531.587646
531.926819
532.155701
533.064392
534.229065
534.608215
534.469543
534.979797
536.151428
536.872803
536.870728
537.114258
538.045959
538.864197
539.083008
539.375244
540.349792
541.540222
542.063538
541.866821
541.886902
542.587097
543.090210
542.920898
543.230103
544.608643
545.691345
545.551636
545.218201
545.785217
546.873779
547.418213
547.407715
547.804016
548.758179
549.291870
549.174500
549.290649
549.817627
550.073853
550.065491
550.363831
550.931030
551.107910
550.813965
550.861145
551.607361
552.151794
551.660461
550.724854
550.606995
551.518372
552.316650
552.062927
551.411194
551.607422
552.274780
552.019409
551.009705
550.643738
550.933777
550.805481
550.344727
550.326599
550.431213
549.916016
549.007141
548.537292
548.602783
548.449036
547.662170
546.995056
546.980530
546.862488
546.051331
545.394287
545.382446
545.104248
544.008118
542.927979
542.743225
543.174927
543.194885
542.346802
541.298828
540.777161
540.483582
539.886597
539.152161
538.557251
537.950928
537.130188
536.404663
536.308350
536.486328
535.792969
534.257935
533.384460
533.668152
533.751526
532.820374
531.860168
531.661194
531.641785
531.183289
530.664001
530.447998
530.123108
529.350220
528.563049
528.328857
528.570374
528.625977
528.139771
527.477905
527.136658
526.940369
526.389832
525.711670
525.567444
525.670227
525.043274
523.945251
523.701843
524.192627
523.906677
522.617615
521.759827
522.035217
522.471558
522.213135
521.737915
521.547119
521.209412
520.535095
520.391663
521.054749
521.334717
520.527710
519.558350
519.609131
520.633301
521.510620
521.351501
520.568420
520.389771
521.065857
521.612854
521.645935
521.777832
522.282776
522.669800
522.742798
522.927856
523.342407
523.576416
523.721802
524.465515
525.642700
526.139893
525.909241
526.160950
527.196838
527.948792
527.835876
527.718140
528.458435
529.466797
529.721924
529.462769
529.691528
530.586487
531.395813
531.649475
531.619019
531.816406
532.274719
532.619934
532.920837
533.531494
534.234314
534.456909
534.367310
534.838989
535.758606
535.920593
535.256287
535.246094
536.394714
537.266052
536.945190
536.476807
536.821411
537.374329
537.384155
537.237244
537.458130
537.675720
537.426636
537.161926
537.610962
538.432800
538.371033
537.226257
536.470520
537.074158
537.872375
537.406128
536.270386
536.073669
536.682556
536.675415
535.887512
535.426453
535.436951
535.167236
534.667053
534.643066
534.940979
534.689575
533.664001
532.847412
532.914124
533.088135
532.516357
531.835205
531.755920
531.564392
530.686584
530.098450
530.649597
531.488342
531.126770
529.522949
528.188293
528.221008
528.841064
528.563721
527.453735
526.770935
526.827698
526.839966
526.532349
526.278992
525.979431
525.334717
524.707031
524.667786
524.967834
524.798279
524.056091
523.551147
523.581055
523.368347
522.631042
522.376343
522.967468
523.298889
522.701172
522.065430
522.280212
522.943909
523.120056
522.467468
521.639160
521.642456
