530.774414
530.774414
530.774414
530.770630
530.768921
530.804260
530.758118
530.723267
531.562622
533.895752
536.598694
537.972046
538.470764
540.154602
543.273926
545.599487
545.576416
544.199219
542.803101
541.332397
539.690857
538.468628
537.504761
535.784058
533.311218
531.210022
529.839844
528.335510
526.256653
524.615967
524.494995
525.641113
527.153564
528.806396
530.710388
532.517273
533.602905
533.815430
533.968689
535.338440
538.064270
540.757996
542.430420
543.549194
544.406677
544.451782
543.620178
542.596985
541.474548
539.786133
537.712524
536.054443
534.932434
533.479309
531.095642
528.423889
526.595215
525.707703
525.062317
524.917908
526.163879
528.315186
529.813110
530.550049
531.897461
534.153442
536.017151
536.670959
537.033997
538.539978
541.196228
543.588501
544.692383
544.801208
544.373901
543.197754
541.352112
539.795532
538.927490
537.776001
535.561035
533.068420
531.346436
529.916504
527.902161
525.953674
525.255005
525.603943
526.035767
526.623962
528.229065
530.661377
532.498535
533.205078
534.059875
535.953430
538.022339
539.377319
540.535828
542.221802
543.907593
544.502197
543.920044
543.208862
542.823669
541.812012
539.559814
537.139404
535.757507
534.815735
533.086853
530.846436
529.015503
527.503235
525.851501
524.746277
525.200684
526.787231
528.136414
528.887268
530.087402
532.311890
534.521912
535.731567
536.737793
538.706360
541.030396
542.392334
542.987488
543.862610
544.854614
544.800354
543.386780
541.672913
540.516785
539.336792
537.336731
535.134644
533.693726
532.455444
530.268738
527.570435
525.916443
525.711548
525.796082
525.665955
526.356567
528.311768
530.342773
531.681213
532.904968
534.370728
535.815674
537.485718
539.832031
542.396301
544.167480
544.650452
544.244446
543.889526
543.943115
543.467590
541.596741
539.292114
537.920837
536.927429
534.996399
532.475830
530.698364
529.609375
527.993713
525.910950
524.889954
525.560425
526.854431
527.923889
529.084229
530.606750
532.129333
533.431824
534.954712
537.075623
539.301636
540.907837
542.174133
543.748108
545.019043
544.893921
543.584106
542.263611
541.423035
540.574341
539.301880
537.794922
536.236938
534.171936
531.459290
529.177734
528.149353
527.497986
525.997131
524.390564
524.560974
526.703308
529.019958
530.244751
531.082336
532.513794
534.272461
535.876160
537.718262
540.187378
542.518799
543.656006
543.846252
544.048096
544.198425
543.555298
542.161560
540.758972
539.639099
538.400085
536.606689
534.505127
532.774475
531.230469
529.008240
526.575928
525.489563
525.860840
526.171509
526.000122
526.766541
529.104736
531.511414
532.615051
533.161316
534.638611
537.094055
539.405884
541.063599
542.458557
543.735413
544.425354
544.265625
543.490479
542.229370
540.569275
539.072876
538.292053
537.826355
536.538879
533.990051
531.269226
529.748291
528.969116
527.244812
524.780884
523.977783
525.807068
528.216370
529.167053
529.265869
530.330383
532.590576
534.637756
535.814758
537.066284
539.190002
541.717896
543.839233
544.995239
544.777832
543.505432
542.384705
541.922668
540.987244
538.572021
535.575195
533.830994
533.863098
534.117371
532.565247
529.163879
526.134705
525.268311
525.877380
526.300964
526.397339
527.220581
528.954041
530.712769
532.102905
533.451660
534.892151
536.537720
538.734863
541.371338
543.502197
544.250854
544.048401
544.001770
543.981201
542.686829
540.199646
538.296265
537.589417
536.744202
534.948120
532.832581
531.072754
529.613403
528.171082
526.743225
525.737976
525.486450
525.781799
526.512024
528.069336
530.111084
531.515198
532.236023
533.507141
535.832336
538.192261
539.687683
540.977722
543.074768
545.216919
545.470215
543.692871
541.904175
541.234558
540.666992
539.115173
536.971191
535.046631
533.301514
531.368652
529.462158
528.141602
527.210632
525.927551
524.601013
524.690674
526.488098
528.284058
528.946472
529.574524
531.546448
534.153320
535.657532
536.184998
537.589478
540.517822
543.367554
544.675293
544.600403
543.801697
542.738770
541.946838
541.502197
540.432434
537.883606
534.832825
533.184875
532.908264
531.737732
528.604248
525.300903
523.930237
524.624512
526.043518
526.711365
526.621826
527.346497
529.469055
531.621216
532.951904
534.071411
535.479004
537.229187
539.523071
541.974548
543.589783
543.977600
543.782288
543.677063
543.296448
541.828430
539.660950
538.195679
537.602051
536.252258
533.331482
530.384827
529.030029
528.483215
527.191101
525.598633
525.134399
525.781738
526.541992
527.293640
528.655151
530.558350
532.078186
532.855469
533.888611
536.079407
538.695801
540.577881
541.961731
543.581543
544.898682
544.781372
543.324951
541.791321
540.889526
539.883057
537.956116
535.817627
534.441406
533.059448
530.578308
527.844482
526.378296
526.054382
525.786072
525.543335
526.061035
527.475342
529.243347
530.738708
531.579224
532.064514
533.061707
535.043945
537.722290
540.350281
541.952698
542.389282
542.982056
544.590759
545.651978
544.120544
540.743164
538.429993
538.368835
538.552002
536.745605
533.385498
530.609436
529.222961
528.212097
526.924561
525.890625
525.590942
525.908325
527.015930
529.164978
531.579346
532.826843
532.602051
532.438416
533.829773
536.350403
538.523193
540.063660
541.869202
543.910400
544.933105
544.367554
543.164307
542.219482
541.210144
539.554626
537.622864
536.197083
535.054749
533.314819
531.002136
529.038391
527.560913
525.887939
524.428650
524.533691
526.259827
528.268982
529.937256
531.558960
532.925171
533.436218
533.248230
533.692871
536.224792
540.346130
543.226501
543.212891
542.404663
543.450439
545.466919
545.501709
542.708374
539.108704
537.006165
536.795044
536.830200
535.219299
531.783630
528.315979
526.711731
526.915100
527.074463
525.891174
524.678955
525.841614
529.100586
531.553284
532.087891
532.550232
534.231995
536.290100
537.711243
538.452332
539.340393
541.309814
543.681702
544.719910
544.352417
543.689331
542.819153
541.297852
539.309326
536.543213
532.674133
529.279663
528.416199
529.489136
529.464966
526.773560
523.678223
523.481323
526.631348
530.651917
533.018311
533.212280
532.794189
533.884155
536.854126
539.839417
541.040955
541.271667
542.690674
544.959656
545.334229
543.048645
540.567688
539.995300
540.718262
540.804077
538.966003
535.671448
532.767822
531.372375
530.635376
529.332458
527.494446
525.501099
523.936035
524.207031
526.842651
530.131226
532.144287
532.620361
532.316040
532.307556
533.801392
537.099670
540.896362
543.204529
543.365662
542.833740
543.396118
544.582031
544.181946
541.567932
538.804504
537.701416
537.639954
537.088745
535.442261
533.124939
531.016602
529.447876
527.976990
526.612000
525.991821
526.110535
526.498047
527.165039
528.212463
529.444275
530.933411
533.348572
536.747559
539.357361
539.306824
537.941711
538.852661
542.811462
546.261780
546.041870
543.312988
541.302063
540.828552
540.164185
538.248779
535.861938
534.070984
533.028137
532.091431
530.639404
528.692322
526.693542
525.316406
525.338074
526.709167
528.034851
528.437256
528.980835
530.817627
533.112000
534.313904
534.849609
536.571228
539.443726
541.405029
541.787720
542.557861
545.051758
547.239685
545.850708
541.005920
536.784363
536.263489
537.795898
537.654785
534.630615
530.807312
528.609192
528.493103
529.042969
528.423645
526.139404
523.965027
524.356873
527.530579
530.810364
531.633911
530.841370
531.551331
534.571350
537.446411
538.574524
539.068420
540.394104
542.494568
544.493591
545.903381
546.322449
544.873108
541.495789
537.891785
535.712402
534.899231
534.703003
534.434326
533.027954
529.914307
526.189026
523.800842
523.847900
525.572083
527.003479
527.016296
526.763611
528.248901
531.264099
533.503906
533.989319
534.323059
536.119568
538.934753
541.426208
543.026611
543.923706
544.227600
543.917908
543.227661
542.151184
540.356262
538.201294
536.723206
536.057007
535.013489
532.724243
529.969482
528.096924
527.215149
526.422058
525.439270
525.030579
525.808472
527.330872
528.685669
529.612671
530.868835
532.884033
534.884338
536.273804
537.673096
539.732422
541.913879
543.530029
544.608948
544.852295
543.639771
541.516602
540.126038
540.044495
539.726257
537.648132
534.712524
532.909180
532.044800
530.236145
527.361328
525.340881
525.272156
526.344299
527.304932
527.860229
528.507812
529.356506
530.079041
531.019531
532.807068
535.077026
536.963867
538.546997
540.548950
542.732178
543.556885
542.894653
542.984009
544.497375
544.781677
542.124023
538.487122
536.464111
536.065125
535.334167
532.913025
529.844910
527.935608
527.281677
526.932739
526.460510
525.997070
526.101624
527.538879
530.051819
532.236267
533.211304
533.318420
533.614563
535.196594
537.924072
540.183228
541.206177
542.214661
543.869812
544.784790
543.928284
542.402649
541.538086
540.833862
539.132019
536.803040
534.984802
533.600281
531.913452
530.060852
528.487549
527.036194
525.467224
524.309692
524.740479
527.446533
531.174500
533.540894
533.687622
532.828369
532.241089
532.541687
534.491638
538.216003
541.672180
542.608337
542.033875
542.863586
545.157043
545.927795
543.664734
540.356812
538.486145
537.913940
536.768127
534.477295
532.310791
530.818726
529.094482
527.114075
526.084656
526.230652
526.508423
526.739685
527.834839
529.778198
531.483582
532.609863
533.881470
535.500366
536.838379
537.715637
538.777832
540.664429
542.921387
544.202698
544.101196
543.498840
542.945435
542.143982
540.782227
538.989136
537.180115
535.413147
533.329041
531.391785
530.389709
529.286804
526.833984
524.640747
524.981995
527.090698
528.626892
529.104614
529.800232
531.471069
533.353882
534.520874
535.496582
537.252197
539.413635
541.078003
542.442749
543.911438
544.868469
544.630798
543.395996
541.885986
540.599121
539.413269
538.053833
536.817017
535.809448
533.991211
530.919067
528.308777
527.642151
527.692749
526.622742
525.127197
525.437988
528.013428
530.758484
531.905334
532.202637
533.224121
535.002686
536.773132
538.681580
541.058411
543.188660
544.178589
544.227356
544.132263
543.941040
543.101562
541.632263
540.284790
539.281067
537.813110
535.544250
533.531860
532.582153
531.609375
529.177185
526.112976
524.666809
525.497192
527.058350
528.017639
528.728516
529.821289
531.047119
532.299316
534.136963
536.472595
538.271484
539.408752
540.949463
543.117065
544.814880
545.222656
544.626099
543.724243
542.697693
541.185608
539.240173
537.846985
537.377258
536.396667
533.687866
530.402527
528.547607
528.142029
527.498596
526.095032
525.221741
525.830872
527.462585
529.304749
530.900024
532.005310
532.779663
534.105774
536.747253
539.931091
541.874878
542.216797
542.547729
543.848816
544.885986
544.295349
542.544983
540.972290
540.058472
539.246155
537.934875
536.247070
534.525024
532.527832
530.018494
527.834473
526.933655
526.737549
526.189392
525.735718
526.574585
528.581055
530.356567
531.333923
532.353455
534.026001
535.835022
537.320251
539.085083
541.515259
543.581116
544.255371
543.987915
543.647156
543.062622
541.835510
540.349365
539.253723
538.463806
537.280273
535.467407
533.568298
531.912354
530.053223
527.790039
526.129883
525.950867
526.562073
526.711914
526.659485
527.896606
530.577759
532.928955
533.772461
534.129395
535.510010
537.830933
540.264343
542.498596
544.110352
544.344604
543.437073
542.727478
542.608643
541.897400
539.853149
537.402466
535.997498
535.777710
535.293884
533.241516
530.258484
528.171570
527.330139
526.404053
525.380066
526.011169
528.357971
530.067566
529.984558
529.601196
530.497009
532.741516
535.568604
538.164856
540.144104
541.519775
542.413940
543.248840
544.272888
544.593262
543.213135
541.076111
539.873535
539.281372
537.865662
535.860229
534.673157
534.219055
532.783264
529.781860
526.954590
526.075928
526.611572
526.814514
526.438721
526.752930
528.271851
530.097229
531.596252
533.090576
534.597656
535.780884
537.180298
539.660461
542.632446
544.329651
544.056519
543.141846
542.797729
542.420593
541.353027
540.198181
539.057800
536.983948
534.083923
531.895996
531.272034
531.452881
530.798645
528.415771
525.702026
524.967957
526.272583
527.617737
528.158691
528.969604
530.623718
532.314453
533.485596
534.731079
536.716431
539.076721
541.091980
542.632507
543.768494
544.259766
543.947571
543.217834
542.274597
540.769836
538.759277
537.132935
536.277405
535.014282
532.350769
529.351501
527.743774
527.652710
527.578674
526.545105
525.433472
525.657837
527.236206
528.973328
530.197083
531.303223
532.688721
534.193237
535.765625
537.898865
540.631287
542.782715
543.556152
543.745422
544.165955
544.131409
542.820435
540.976318
539.701111
538.631714
536.831360
534.531982
532.599487
530.869995
528.749512
526.714844
525.742920
525.799622
526.019287
526.008850
526.210266
527.307007
529.247314
530.989929
532.069702
533.388977
535.519409
537.546265
538.866699
540.391174
542.484436
543.763916
543.197083
541.761780
541.041443
541.532898
542.669250
543.083496
541.229675
537.094604
532.635498
529.782349
528.708069
528.004517
526.363892
524.552490
524.533691
526.367188
527.939514
528.216614
528.449219
529.862488
532.101074
534.005005
535.156067
536.209961
537.752991
539.599182
541.454529
543.278503
544.591614
544.530334
543.162659
541.763977
541.053650
540.177673
538.286011
536.175720
535.009277
534.050232
531.832825
528.876282
526.974060
526.420654
525.997681
525.524475
526.060669
527.838989
529.725342
530.823364
531.451477
532.321411
533.635620
535.203247
536.942505
538.978821
541.136475
542.742737
543.553650
544.175659
544.723694
544.070374
541.711304
539.268066
538.233093
537.669067
536.142700
534.203613
532.843079
531.197937
528.403870
525.815308
525.175232
526.141296
526.982788
527.162170
527.899048
529.964600
532.215454
533.195923
533.347107
534.150940
535.901062
537.711914
539.266296
541.177917
543.305664
544.309814
543.765137
542.916382
542.622253
541.946411
540.070618
537.958862
536.757263
535.872925
534.028320
531.505981
529.636536
528.521240
527.224854
525.853638
525.583374
526.573242
527.812622
528.797363
529.935730
531.671326
533.615479
534.808411
535.211304
536.051147
537.974670
540.191833
542.081787
543.720398
544.638367
544.104248
542.576172
541.411438
540.954651
539.937744
537.478638
534.828003
533.677673
533.283020
531.598999
528.721130
526.694153
526.335327
526.542664
526.579651
526.978455
528.150024
529.660583
531.117310
532.751709
534.567444
535.968750
536.583313
537.084778
538.583252
541.181396
543.581787
544.540222
544.221558
543.501099
542.591492
541.382080
540.195190
539.145447
537.613586
535.369080
533.261108
531.932861
530.591370
528.414124
526.310364
525.724243
526.479309
527.173645
527.352173
528.056946
529.931396
532.026978
533.320923
534.351562
535.938354
537.756592
539.569397
541.786987
544.111511
545.404480
545.028687
543.622437
542.479797
542.113831
541.664551
540.158508
537.980225
536.208923
534.910278
533.139709
530.626770
528.479858
527.389038
526.477783
525.377625
525.339233
526.911194
528.775818
529.798828
530.470642
531.764648
533.714661
535.683411
537.461487
539.189270
540.612549
541.826965
543.653198
545.821228
546.522156
544.882202
542.131165
540.160645
539.672607
539.495422
537.949707
535.244812
533.107178
531.932373
530.458679
528.347107
526.661865
525.874878
525.536865
525.885132
527.585876
529.865479
531.072449
531.240540
532.049377
534.083435
536.191528
537.792908
539.688232
542.157349
543.859375
543.769958
542.966736
543.082764
543.950989
543.913574
541.995911
539.202026
537.307434
536.682861
535.989746
534.171326
531.586609
528.991882
526.963196
526.041321
526.156860
526.496216
526.682007
527.463806
529.411621
531.591980
532.686157
532.984375
534.132385
536.743530
539.430481
541.001343
542.146667
543.767578
544.935547
544.263062
542.427612
541.293823
541.210449
540.938171
539.670532
537.793396
535.806030
533.693909
531.584412
530.009705
529.008972
527.879761
526.279419
525.139587
525.718567
527.663879
529.250183
529.915222
530.964233
533.064453
534.906982
535.676025
536.721985
539.301453
542.246094
543.702515
543.806580
543.731750
543.545349
542.677856
541.235779
539.768616
538.557434
537.532654
536.479126
535.324219
533.965088
531.928650
529.230225
527.092407
526.458069
526.464355
525.923828
525.505188
526.898682
529.824890
531.864136
531.981445
532.100464
534.046631
537.084900
539.529541
540.944458
541.920837
542.941956
543.905457
544.322021
543.671570
541.946899
539.962891
538.673218
537.915039
536.788818
534.986755
532.965393
531.320496
530.345215
529.416748
527.580505
525.470215
525.004272
526.336060
527.671021
528.343750
529.531738
531.695068
533.660767
534.564270
535.199707
536.809265
539.367676
541.770386
543.318359
544.095459
544.173523
543.550720
542.635132
541.683167
540.169983
537.777771
535.606384
534.836426
534.455017
532.648926
529.742798
527.507996
526.624939
526.469604
526.314636
525.997986
526.143188
527.309326
529.054138
530.764954
532.326965
533.584167
534.405823
535.528198
537.888794
540.857178
542.636475
542.846741
543.114563
544.219238
544.571289
542.676514
539.731812
538.242737
538.372253
537.661621
534.924377
531.907104
530.139404
529.038208
527.951355
527.095581
526.341553
525.391846
524.988159
526.189087
528.813843
531.288818
532.159607
531.976074
532.838257
535.474182
538.168823
539.461060
540.227173
541.940002
544.173645
545.115662
544.208191
542.622986
541.190552
539.760559
538.413574
537.377930
536.058044
533.836243
531.342041
529.645508
528.647278
527.356995
525.571106
524.430054
524.924316
526.438721
527.695862
528.664612
530.304993
532.499512
533.812073
533.904175
534.532410
537.063843
540.280334
542.189758
542.802612
543.422668
544.216125
544.046387
542.489563
540.585571
539.317322
538.346558
536.981384
535.259399
533.244263
530.971985
529.205688
528.287048
527.201050
525.518372
524.469971
525.069641
526.997803
529.243408
530.638062
530.918884
531.466431
533.322327
535.439392
536.660828
537.769775
540.005615
542.658630
544.041748
544.007874
543.680237
543.310974
542.112915
540.098328
538.324646
537.153625
535.932983
534.403748
532.860657
530.994934
528.500916
526.442444
525.914734
526.212463
526.265076
526.544189
527.769592
529.541504
531.182190
532.283508
532.748352
533.379944
535.258240
537.859253
539.705139
540.778687
542.180176
543.890381
544.598267
543.720764
542.167297
540.823914
539.656189
538.492920
537.305115
535.626282
533.208984
531.005920
529.945679
529.244141
527.540833
525.382812
524.798096
526.358765
528.459290
529.764282
530.471924
531.228455
532.277161
533.499268
534.687744
536.083923
538.130981
540.469177
542.238220
543.300903
543.928528
543.964905
543.243958
542.143799
540.958923
539.329529
537.076660
535.143860
534.396423
533.698425
531.292786
527.941895
526.086548
526.212158
526.537964
526.218994
526.478088
528.214355
530.397705
531.686279
532.409424
533.555908
535.044373
536.261597
537.307129
538.795227
540.854309
542.773438
543.728149
543.867432
543.791687
543.147583
541.342957
539.204041
538.041077
537.457886
536.061340
533.752136
531.686157
530.315796
528.776001
526.711853
525.348755
525.695801
526.910889
527.802856
528.772339
530.549438
532.417908
533.391968
534.023560
535.360962
537.258484
538.898315
540.203796
541.702637
543.391724
544.391846
543.955017
542.665161
541.725830
541.005005
539.554138
537.547424
536.062866
535.084290
533.505493
531.155212
529.070190
527.799072
526.767212
525.772827
525.705017
526.892761
528.388550
529.550232
530.899170
532.699585
534.135925
534.919861
536.160706
538.687256
541.616760
543.356323
543.510986
543.205688
543.491516
543.956055
543.368103
541.645325
540.006104
538.955383
537.639282
535.644226
533.763733
532.279541
530.398743
528.130310
526.625427
526.308350
526.374939
526.508667
527.399353
529.210388
530.900330
531.777466
532.634705
534.321228
536.269043
537.652283
538.990295
541.162598
543.666504
545.109314
544.945129
544.046875
543.353699
542.595825
541.069702
539.149353
537.823730
536.972107
535.566772
533.384644
531.257080
529.608582
527.897949
526.160095
525.533630
526.338074
527.399597
528.153748
529.320251
531.025574
532.438477
533.360168
534.597961
536.722778
539.160461
540.901794
542.053101
543.444763
544.598145
544.266113
542.760925
541.559204
541.082825
540.470764
539.107239
537.330994
535.878540
534.686707
532.813232
530.149353
527.940430
526.937805
526.433350
525.866821
525.941284
527.187256
528.958313
530.470032
531.777283
533.083069
534.073242
534.874695
536.526855
539.427612
542.217468
543.406006
543.446716
543.659424
543.856323
542.804138
540.573853
538.697876
538.176697
538.320557
537.650879
535.650024
533.309875
531.604675
530.151245
528.308472
526.514038
525.494385
525.371460
526.149231
528.003357
530.235718
531.384888
531.410706
532.216248
534.733582
537.261780
538.315063
539.106262
541.302124
544.076477
545.163574
544.049438
542.421265
541.481018
540.602478
539.148987
537.695984
536.768799
535.946899
534.758423
533.149841
531.149231
528.856567
526.716125
525.510681
525.685242
526.591003
527.216492
527.773499
529.457275
532.115662
533.877625
533.981750
534.219849
536.376160
539.619690
541.821472
542.524292
542.976135
543.833374
544.199097
543.163025
541.185303
539.271790
537.707581
536.408752
535.659302
535.500183
534.758545
532.425232
529.506042
527.751343
527.146912
526.449463
525.584595
525.782776
527.523926
529.665649
530.910950
531.591858
532.813721
534.523499
536.035767
537.592407
539.750305
541.984375
543.355896
543.882935
544.021179
543.492310
541.836182
539.785400
538.569580
537.919250
536.498840
534.162476
532.186096
531.406311
531.134155
530.090271
528.067139
526.285828
525.753357
526.143494
526.891724
528.196167
530.061401
531.585144
532.261536
532.994507
534.817444
537.265808
539.088257
540.321960
541.967957
543.878235
544.719116
544.032776
542.689209
541.231628
539.623596
538.183716
537.236450
536.217712
534.316284
531.796631
529.755615
528.703491
528.029907
526.960999
525.829712
525.772766
526.929138
528.124084
528.881226
530.153503
532.271545
533.926697
534.324402
534.798828
536.968872
540.111084
542.086853
542.504761
542.894592
543.836548
544.066284
542.715942
540.534607
538.606506
537.196960
535.983826
534.783386
533.403992
531.589783
529.570129
527.948242
526.910034
526.158813
525.558289
525.489868
526.597595
528.754272
530.545898
531.155029
531.817017
533.631836
535.611755
536.638367
537.591125
539.866760
542.808960
544.322876
543.852966
542.953674
542.648499
542.032532
540.313660
538.227539
536.652771
535.507446
534.360474
532.955750
531.028931
528.591064
526.524414
525.891968
526.583740
527.273254
527.052307
526.691040
527.763733
530.386353
532.671265
533.244507
533.294434
534.713013
537.345520
539.644287
541.146912
542.493958
543.587646
543.549194
542.557190
541.786804
541.284973
539.992798
537.902588
536.206970
535.146362
533.713745
531.516846
529.360291
527.910950
526.933289
526.238586
526.350769
527.455383
528.717773
529.340698
529.668213
530.657715
532.515503
534.134155
534.706421
535.341553
537.455627
540.330017
542.291443
543.217529
543.815552
543.904297
542.954651
541.365173
540.075684
539.066406
537.491150
535.412598
533.924744
532.997009
531.335266
528.909973
527.126465
526.549072
526.464600
526.449951
526.981506
528.450500
530.316223
531.513550
531.848694
532.421753
533.984192
535.828979
537.128174
538.457764
540.648560
542.863647
543.651489
543.215942
542.784729
542.416931
541.219482
539.398865
538.054260
537.227783
535.948303
533.877136
531.738403
529.987366
528.238098
526.551453
525.930115
526.654846
527.538635
527.942444
528.874023
530.887329
532.769165
533.235535
532.809937
533.242981
535.406494
538.279358
540.369446
541.599670
542.767944
543.699707
543.553711
542.548035
541.609436
540.724243
539.216187
537.268372
535.879883
535.103760
533.718262
531.305420
529.043884
527.733032
526.705261
525.659790
525.742859
527.454346
529.402710
530.313782
530.865051
532.302368
534.247498
535.356567
535.568665
536.299194
538.396729
540.967407
542.725037
543.610718
544.110718
543.978943
542.697632
540.715637
539.162109
538.252991
537.149475
535.479004
533.828308
532.379456
530.431091
528.102173
526.584351
526.311951
526.517761
526.778137
527.733948
529.637512
531.390625
532.145081
532.802979
534.379822
536.239929
537.609070
538.853027
540.402710
542.136658
543.668335
544.289551
543.631714
542.491211
541.592041
540.478516
538.840942
537.288879
536.124817
534.900452
533.380859
531.750549
529.924194
527.786926
525.989868
525.587097
526.583679
527.687256
528.342834
529.582703
531.768982
533.477600
533.844055
534.225342
536.089355
538.802612
540.838928
541.798279
542.408325
543.177490
543.799500
543.667908
542.617798
541.161133
539.823975
538.468323
536.904907
535.584412
534.538818
532.816101
530.332336
528.445618
527.593567
526.707703
525.699951
525.962402
527.873596
530.011902
531.150940
531.783875
532.973083
534.612610
535.975342
537.231262
539.120911
541.330383
542.745544
543.256409
543.738708
544.282288
543.912109
542.240906
540.294495
539.074280
538.173157
536.640320
534.588623
532.955078
531.874207
530.359070
528.044922
526.148743
525.896606
526.759888
527.492859
528.209900
529.655334
531.405518
532.677429
533.752441
535.169373
536.692993
538.209290
540.248962
542.703857
544.233459
543.873230
542.673828
542.498779
543.304565
543.198608
541.108154
538.150208
536.187622
535.571716
534.809021
532.732971
530.143494
528.307190
527.176208
526.291687
526.001404
526.630493
527.661255
528.773560
530.373962
532.356567
533.738342
534.197388
534.978149
537.137878
539.749573
541.293762
542.035828
543.149353
544.116394
543.448914
541.420959
539.819641
539.533325
539.683228
538.909363
536.988586
534.941162
533.341309
531.621521
529.577881
527.931641
526.894836
526.077209
525.803711
526.824646
528.819275
530.441833
531.108765
531.906311
533.733704
535.556458
536.366333
537.338135
539.731873
542.451965
543.724243
543.664185
543.394226
542.973328
541.679565
539.638123
538.004944
537.485413
537.322021
536.331543
534.445618
532.602661
531.134277
529.349487
527.161743
525.812378
526.050781
526.958557
527.591919
528.556458
530.386169
532.125366
532.925232
533.550964
535.107117
537.307800
539.255005
540.929382
542.663147
543.906311
543.808472
542.749207
541.844604
541.182434
539.810303
537.546997
535.813354
535.373657
535.012329
533.502319
531.254700
529.228394
527.656921
526.557556
526.168030
526.575195
527.555847
528.566162
529.500977
530.865295
532.655884
533.894348
534.280945
535.241638
537.838013
540.910156
542.763794
543.300537
543.504761
543.593384
542.853394
541.120056
539.415710
538.424255
537.458557
535.950806
534.472168
533.169067
531.418213
529.361450
527.973816
527.466248
527.092957
526.450928
526.156738
527.125061
529.209412
531.021362
531.779114
532.369934
533.792175
535.646484
537.160706
538.608276
540.573059
542.701721
544.046082
544.201843
543.384583
541.874268
540.134033
538.869995
538.264526
537.460938
535.673584
533.431396
531.751831
530.505859
528.722412
526.372925
524.768799
524.935852
526.376282
527.660645
528.312195
529.282837
531.104736
532.807312
533.589783
534.279968
535.917725
538.014343
539.736084
541.410339
543.308533
544.337219
543.597107
541.995178
540.857483
540.160034
539.040466
537.392700
536.063110
535.120850
533.472595
530.913696
528.772949
527.794434
527.102783
525.937256
525.001221
525.479736
527.388306
529.481628
530.849243
531.736023
532.630493
533.558716
534.648499
536.457642
538.983704
541.125305
542.149597
542.805664
543.777039
544.083313
542.640259
540.331604
538.831726
538.175842
537.097107
535.335327
533.803467
532.548340
530.560425
527.914246
526.197937
526.076843
526.526550
526.899841
527.591736
528.824585
530.264832
531.451355
532.231689
533.029297
534.302002
535.795532
537.234192
539.070984
541.472900
543.489746
544.043152
543.377747
542.574646
541.767700
540.297302
538.568054
537.581604
536.897217
535.256348
532.776550
530.708496
529.422119
528.046936
526.345032
525.499268
526.312256
527.898132
529.189453
530.219238
531.273254
532.156250
532.722839
533.291443
534.424622
536.346130
538.440125
540.091797
541.615967
543.311279
544.305481
543.577087
541.729126
540.276184
539.515076
538.427795
536.712036
535.379028
534.503540
532.870056
530.392761
528.404480
527.314514
526.365234
525.708374
526.287476
528.045654
529.881470
531.056458
531.911011
532.966248
534.087585
534.859558
535.482544
536.818481
539.275818
541.890015
543.282349
543.522888
543.636414
543.440674
542.009155
539.905945
538.568420
537.863831
536.587463
534.684937
533.113586
531.900330
530.131653
527.923706
526.528625
526.371033
526.677612
527.138062
528.399048
530.471130
532.134094
532.666443
533.017395
534.241821
535.923096
537.124023
537.980347
539.433105
541.720276
543.681519
544.048462
543.175354
542.241821
541.256165
539.604858
537.778809
536.725769
536.037720
534.614258
532.516479
530.685852
529.307800
527.731140
526.087280
525.549194
526.575439
528.131165
529.331848
530.580750
532.131226
533.213440
533.634583
534.719360
537.286743
540.045410
541.331238
541.446777
541.936096
543.218750
544.152283
543.616272
541.908630
540.147339
538.803955
537.549072
536.227478
535.051270
533.648926
531.491577
529.194275
527.850403
527.273865
526.486816
525.764343
526.397339
528.486877
530.517578
531.563599
532.439697
533.847046
535.176270
536.149475
537.736694
540.185364
542.225586
543.015137
543.172119
543.460571
543.671326
543.148682
541.751221
540.072571
538.694763
537.420288
535.805664
534.040344
532.648438
531.366028
529.410034
527.143311
526.005005
526.302856
526.869385
527.323975
528.636536
530.857483
532.612854
533.311584
533.966858
535.411011
537.179382
538.766357
540.530090
542.538879
543.965698
544.159668
543.483765
542.752380
542.166138
541.193237
539.462463
537.533630
536.291809
535.556030
534.225281
531.965088
529.770447
528.326050
527.098511
525.957458
525.907349
527.127380
528.491882
529.576294
531.004089
532.610535
533.486145
533.943909
535.404297
538.158081
540.771362
542.137878
542.796753
543.459290
543.723389
543.140442
542.062805
540.946350
539.897461
538.754395
537.230286
535.576294
534.400024
533.249146
531.101196
528.490051
526.881531
526.449829
526.332703
526.426453
527.407776
529.264465
530.962708
531.918762
532.857300
534.262512
535.496704
536.487610
538.227295
540.815002
542.835938
543.374573
543.187073
543.098206
542.560730
540.906006
538.893799
537.826843
537.674438
537.203186
535.657227
533.548096
531.828735
530.449463
528.662048
526.793274
525.999023
526.401489
527.081482
527.923462
529.529724
531.514099
532.802856
533.282471
534.013794
535.753235
537.938965
539.774902
541.443359
543.149536
543.977051
543.376953
542.377563
541.739563
540.706055
538.782654
536.889648
535.969482
535.717407
535.013550
533.203003
530.861572
529.046326
527.863953
526.661682
525.691528
526.046997
527.749207
529.450439
530.376221
531.234070
532.627869
533.980896
534.924316
536.310791
538.699097
541.076233
542.360046
542.903870
543.397461
543.442505
542.382874
540.722046
539.500000
538.575378
537.064209
535.166016
534.047180
533.826477
533.081177
530.861084
528.226013
526.825928
526.703003
526.738220
526.802002
527.779907
529.688843
531.357727
532.260925
533.117981
534.406494
535.711975
536.989197
538.900452
541.411743
543.244446
543.502380
542.988892
542.786865
542.306213
540.532410
538.350159
537.302856
536.900085
535.586975
533.327393
531.389771
530.344177
529.424377
527.825073
526.168213
525.771545
526.615601
527.624939
528.682434
530.395508
532.289001
533.240845
533.378418
534.145935
536.319092
538.877563
540.597107
541.679260
542.840820
543.708923
543.525940
542.493347
541.147034
539.525940
537.747009
536.458313
535.863464
534.929199
532.773621
530.080994
528.235962
527.606262
527.362244
526.701172
526.003052
526.434998
528.131287
529.863098
531.073914
532.328308
533.575500
534.115417
534.413452
536.000977
539.116577
541.939575
543.039307
543.124878
543.325806
543.207947
541.967285
540.225708
539.002441
538.040955
536.572083
534.857056
533.549866
532.247742
530.222839
527.955261
526.583496
526.326233
526.416504
526.387817
526.682800
528.031494
530.198059
531.945496
532.740112
533.416016
534.590393
535.966675
537.573547
539.890198
542.400391
543.754944
543.628418
543.153809
542.942261
541.991943
539.740479
537.591553
536.710632
536.161438
534.772949
532.882812
531.208496
529.593323
527.617615
525.795593
525.327148
526.438538
527.864136
528.604248
529.184387
530.433594
532.051392
533.224243
534.016052
535.248291
537.101929
538.937195
540.561462
542.367676
544.012390
544.269836
542.929749
541.516479
540.904663
539.930969
537.743591
535.589355
534.724548
534.205383
532.532776
529.949951
527.860901
526.945435
526.660278
526.486816
526.765869
527.959351
529.667053
531.013855
531.834656
532.586548
533.412659
534.212402
535.448975
537.746216
540.474426
542.124146
542.160461
542.340576
543.913757
544.758545
542.851318
539.940491
538.136902
536.772827
535.371826
534.581970
533.392639
530.881348
528.501770
527.781738
527.891846
527.223633
526.012756
526.122681
528.497070
531.655884
533.307190
532.822388
531.647949
531.906799
534.350281
537.541077
539.620850
540.574402
541.541504
542.781372
543.757690
544.017334
543.194458
541.186096
538.871887
537.468872
536.897461
535.916199
533.792542
531.315430
529.786560
528.994141
527.622559
525.859863
525.554993
526.944397
528.196106
528.956238
530.605530
532.935120
534.158813
533.817993
533.422974
534.461487
536.999023
539.986084
542.304810
543.563354
543.858154
543.267517
542.142761
541.242920
540.702759
539.513306
537.259949
535.322815
534.715210
534.091064
531.889771
528.935303
526.991760
526.279602
526.081787
526.361023
527.349670
528.713196
530.022461
531.360779
533.002075
534.599670
535.512878
535.768799
536.324097
538.184570
540.959717
542.905273
543.177917
542.892029
543.022888
542.807495
541.437744
539.593262
538.192749
536.988098
535.360107
533.613098
532.266296
530.762146
528.488159
526.413025
525.988892
526.884155
527.536377
527.840820
529.007141
531.017029
532.557312
533.290710
534.063538
535.313354
536.899292
538.943787
541.442871
543.665527
544.676086
544.216980
543.087646
542.444214
542.246399
541.159607
538.932556
537.231995
536.724548
535.803772
533.372437
530.651917
529.122192
528.305054
526.940186
525.407288
525.471985
527.452209
529.519348
530.449707
530.965759
531.995117
533.369324
534.812073
536.514954
538.401428
540.200806
542.050781
544.025818
545.494934
545.437378
543.653992
541.483276
540.552429
540.444946
539.228638
536.696838
534.728088
534.043945
533.110657
530.799316
528.129517
526.638062
526.418762
526.534790
526.763184
527.795532
529.659302
531.235229
532.015808
532.865356
534.196533
535.394958
536.667969
538.990234
541.914429
543.591370
543.482544
542.911255
542.882935
542.946777
542.230774
540.662476
538.956360
537.544250
536.258362
534.991394
533.862854
532.538818
530.352173
527.540588
525.566895
525.354553
526.127380
526.868042
528.033569
530.108765
531.903503
532.367188
532.509827
533.876343
536.277344
538.362854
539.765259
541.305664
543.246521
544.427734
543.918945
542.500977
541.547546
541.198364
540.425049
538.723206
536.964111
535.903687
534.767822
532.637756
530.244629
528.659241
527.433716
525.961121
525.177673
526.121277
528.024902
529.440857
530.360779
531.616577
533.143127
534.137024
534.714783
536.092834
538.731140
541.553284
543.453247
544.326477
544.190491
542.915894
541.305237
540.389709
539.726685
538.256958
536.206543
534.701599
534.261658
534.214172
533.180115
530.577881
527.744324
526.277832
526.033081
526.093994
526.526306
527.938416
529.971497
531.545654
532.449585
533.413574
534.762390
536.143188
537.702271
539.892944
542.212158
543.516785
543.649475
543.489746
543.255981
542.171143
540.173889
538.365906
537.281006
536.320007
535.145569
534.026978
532.937683
531.368958
529.059326
526.668762
525.512268
525.965027
526.736267
526.940796
527.645874
529.886108
532.472839
533.568970
533.563477
534.420044
536.666016
539.009338
540.770569
542.459534
543.991516
544.437134
543.618225
542.245239
540.699890
538.980286
537.411499
536.439758
535.726807
534.223267
531.666443
529.285461
528.382446
528.494629
527.862488
526.026611
524.876465
526.069885
528.588257
530.341309
531.062622
531.909607
533.299500
534.633545
535.719849
537.222168
539.386536
541.363892
542.555542
543.362122
543.957336
543.517822
541.771973
539.938538
538.872437
537.801941
536.117737
534.604004
533.578430
531.924072
529.229004
526.802734
525.884766
526.198059
526.630859
526.576965
526.652527
527.946838
530.233582
532.060791
532.952393
533.758301
534.923279
536.263000
538.109619
540.727783
543.025879
543.645752
543.138123
543.060974
543.214844
542.015991
539.518616
537.621338
536.934021
535.971497
533.851257
531.613892
530.207886
528.922974
527.024231
525.250549
524.805237
525.738403
527.001038
527.923767
528.990356
530.655212
532.314392
533.357239
534.307922
535.854187
537.659607
539.166199
540.786255
542.871399
544.438538
544.184998
542.600891
541.269287
540.465698
539.178406
537.204285
535.709595
535.064758
533.927734
531.600281
529.172852
527.699280
526.808350
526.026123
525.684387
526.197144
527.487854
529.069885
530.476990
531.706726
532.847351
533.712402
534.381409
535.611938
537.943054
540.850220
543.003845
543.667358
543.365845
542.876160
542.277161
541.532776
540.646851
539.099304
536.759583
534.758423
533.942322
533.293274
531.157410
527.866150
525.708557
525.866455
526.803589
526.925415
527.195679
529.042358
531.501343
532.825134
532.874756
532.817261
533.679016
535.532959
537.649963
539.559082
541.451111
543.071533
543.678528
543.365173
542.753967
541.940430
540.528625
538.666992
537.247864
536.515564
535.456543
533.453796
531.373047
529.874756
528.300903
526.462341
525.664185
526.450867
527.585449
528.377075
529.674927
531.715088
533.355164
533.843628
533.690857
534.090210
535.969971
538.749207
540.824768
541.832275
542.719116
543.600098
543.567627
542.541321
541.270874
539.961365
538.400452
536.836060
535.734924
534.709351
532.930359
530.522583
528.468079
527.242065
526.408386
525.780334
526.039734
527.585510
529.559509
530.864685
531.907104
533.504028
535.089172
535.587341
535.421936
536.227173
538.769348
541.812378
543.534363
543.754150
543.674377
543.561401
542.502197
540.462646
538.658081
537.505920
536.342041
534.854797
533.358276
531.796997
529.841125
527.853577
526.576355
526.154541
526.224487
526.792603
528.322693
530.516602
532.139404
532.571594
532.870483
534.292969
536.389648
537.806396
538.346741
539.310608
541.597046
543.811218
544.134583
543.078674
542.305664
541.764893
540.255798
538.044128
536.528931
536.060730
535.376038
533.306458
530.572266
528.506409
527.206787
526.237671
525.933533
526.664124
527.864624
529.057373
530.502747
532.114746
533.022766
533.232056
534.204956
536.829956
540.006958
541.899475
542.105347
542.016907
542.957886
544.382263
544.512329
542.773193
540.469543
538.897278
537.879517
536.693359
535.364929
533.953125
532.004761
529.716309
527.989136
526.889038
525.827637
525.373230
526.716675
529.266602
530.895203
531.034302
531.482239
533.422791
535.677002
536.805054
537.381653
539.022278
541.762817
543.914551
544.323364
543.662415
543.126221
542.796021
541.908630
540.306885
538.549255
536.892090
535.403748
534.410706
533.625305
531.919006
529.009277
526.507385
525.994202
526.890564
527.370605
527.112366
527.829773
530.362488
532.997559
533.773499
533.408752
534.151489
536.424500
538.865784
540.724060
542.236206
543.298035
543.427979
542.930542
542.665894
542.589905
541.567505
539.280273
537.183472
536.538635
536.395508
534.844482
531.864868
529.301270
528.118713
527.353210
526.155273
525.272522
525.769653
527.546509
529.653625
531.378845
532.589600
533.361145
534.083923
535.623108
538.175232
540.514221
541.769653
542.734253
543.957703
544.359619
543.035400
540.806580
539.211792
538.864380
538.877502
537.855469
535.759521
534.034424
533.176575
531.856689
529.493042
527.419556
526.566284
526.287048
526.164124
526.896545
528.727539
530.671570
531.858521
532.712280
533.920654
535.196655
536.316711
537.971558
540.427429
542.542419
543.245056
543.143921
543.191162
542.908447
541.271362
538.893799
537.558228
537.557800
537.369446
535.988586
533.973206
532.243530
530.734375
528.889954
526.877563
525.664917
525.747559
526.518799
527.529724
529.129395
531.105408
532.443359
532.947815
533.789490
535.711487
537.906799
539.562195
541.064331
542.867249
544.196838
544.097351
542.947998
541.726624
540.514648
538.820923
536.930176
535.785217
535.610291
535.389160
533.950867
531.413452
529.092834
527.693115
526.626892
525.705078
525.795410
527.075012
528.572693
529.891052
531.576172
533.410828
534.242676
534.177917
535.182983
538.208130
541.400391
542.731201
542.765320
543.133972
543.706848
543.142517
541.270630
539.304871
537.954163
536.771912
535.392700
534.196228
533.474915
532.610840
530.822449
528.515015
526.885498
526.402222
526.601440
527.110901
528.081543
529.476807
530.749390
531.692505
532.921875
534.595032
535.851135
536.678711
538.408264
541.251038
543.480713
543.815491
543.107056
542.632080
542.143982
540.722351
538.706360
537.359680
536.676636
535.392700
533.091858
530.837891
529.667419
529.143066
528.085938
526.472778
525.638672
526.237061
527.321655
528.307495
529.786926
531.682556
532.871399
533.221985
534.164978
536.401245
538.814026
540.390320
541.605408
543.140137
544.316284
543.987671
542.423767
540.839600
539.620300
538.253418
536.746887
535.661438
534.706238
532.963257
530.520569
528.551453
527.706421
527.325134
526.579468
525.813904
526.220093
528.107971
530.142151
531.217529
531.871521
532.840210
533.847229
534.774536
536.427368
539.075256
541.562439
542.864990
543.373657
543.763489
543.566162
542.080688
540.026306
538.761658
538.159729
536.975220
535.063599
533.408569
532.082336
530.174500
527.793091
526.209412
525.912292
526.101379
526.217896
526.715332
528.174622
530.255798
531.851929
532.515442
533.106628
534.399231
536.030457
537.612976
539.571106
541.980225
543.835754
544.191345
543.445068
542.626404
541.715820
539.986084
537.845154
536.567200
536.053467
534.868042
532.655090
530.600281
529.274841
527.889099
526.251221
525.522339
526.312622
527.655762
528.556702
529.346191
530.737793
532.363098
533.241394
533.453979
534.355652
536.697327
539.364441
541.033936
542.074036
543.312317
544.085083
543.364136
541.803650
540.645996
539.759094
538.266663
536.293518
534.808533
533.787231
532.206055
529.905518
527.966980
526.924805
526.170227
525.726318
526.520935
528.513733
530.371094
531.195740
531.494629
532.169067
533.383667
534.588684
535.513306
536.834961
539.184326
541.859375
543.481934
543.693665
543.238342
542.515381
541.301270
539.847961
538.670654
537.401489
535.578186
533.857971
532.880493
531.781921
529.540710
526.968506
525.795349
526.266602
527.079346
527.548340
528.532349
530.526367
532.420349
533.047546
532.897217
533.296021
534.752869
536.751221
538.742371
540.692505
542.563843
543.741516
543.692200
542.861511
542.018311
540.996765
539.233459
537.213745
536.028992
535.462402
534.225342
532.101074
530.140625
528.778076
527.433716
526.170837
525.957520
527.020264
528.457886
529.681091
531.050171
532.650208
533.802856
534.319580
534.866760
536.081909
537.975708
539.991455
541.452332
542.355408
543.265320
543.921326
543.341125
541.684937
540.090454
538.948608
537.813354
536.529724
535.195801
533.540894
531.358582
529.158325
527.677246
526.956177
526.400940
526.001099
526.790833
529.078674
531.303162
532.097107
532.339539
533.445740
535.174438
536.797791
538.394592
540.077576
541.672180
542.948486
543.564026
543.557190
543.443542
542.934204
541.183228
538.853333
537.513245
537.049927
536.027832
534.017822
531.946655
530.421570
528.916260
527.122986
525.919067
526.063721
527.040955
528.161255
529.616028
531.310791
532.436707
532.919983
533.804810
535.643127
537.665955
539.232178
540.792053
542.686584
544.230469
544.564270
543.707397
542.372620
541.267273
540.424561
539.208435
537.502197
536.106873
535.186218
533.721313
531.378479
529.241028
527.971802
527.030518
526.195190
526.135437
527.062744
528.347900
529.727051
531.481201
533.224792
534.036682
534.281677
535.582153
538.437561
541.322510
542.759888
543.078125
543.400085
544.006042
544.206909
543.234924
541.262329
539.344116
538.079773
536.955566
535.511902
534.056274
532.583130
530.538513
528.185852
526.683350
526.378784
526.415283
526.415588
527.186951
529.084717
531.045044
532.169739
533.048584
534.429199
535.876587
537.008667
538.621216
541.125305
543.214966
543.652222
543.129578
542.800415
542.526062
541.570801
539.899719
538.232727
537.182739
536.478516
535.234985
533.282410
531.406921
529.957275
528.446350
526.801575
525.844421
526.000549
526.668335
527.620789
529.426208
531.752686
533.208191
533.519775
534.094788
535.966736
538.407288
540.205933
541.324890
542.513977
543.641907
543.694519
542.551147
541.164368
540.138123
539.246948
538.052612
536.595154
535.492737
534.818298
533.547607
531.186096
528.743958
527.122864
526.170410
525.834900
526.528564
528.071899
529.501770
530.318604
531.316223
533.049744
534.565735
535.222290
536.275757
538.838257
541.698975
543.110352
543.288574
543.446655
543.501953
542.424011
540.450684
538.929871
538.075439
536.984741
535.476685
534.138428
533.095947
531.919434
530.253784
528.305115
526.912842
526.495300
526.469299
526.669922
527.936951
530.324219
532.225525
532.682129
532.935364
534.335449
536.384949
538.124207
539.792480
541.733093
543.144104
543.248779
542.670044
542.356628
541.845337
540.181335
537.960938
536.614746
536.114014
535.379700
534.058533
532.419189
530.696045
529.071411
527.620117
526.440186
526.040649
526.658813
527.583374
528.429688
529.777832
531.640076
533.034973
533.669678
534.599060
536.592896
539.013611
540.851379
542.103699
543.293335
544.071289
543.542358
541.943359
540.482544
539.521606
538.262878
536.482117
534.997498
533.888367
532.125183
529.601135
527.703247
527.172607
527.108093
526.532532
525.781250
526.084290
527.941284
530.227661
531.548462
532.099182
532.983337
534.360840
535.853516
537.641541
539.940186
541.985229
542.845703
542.941040
543.213867
543.234741
541.852417
539.575317
538.049072
537.357178
536.322815
534.702148
533.099060
531.531433
529.612305
527.591675
526.208496
525.920715
526.471436
527.063599
527.382446
528.175659
530.010986
531.949219
532.866821
533.381836
534.701599
536.599854
538.277832
540.010986
542.146790
543.708191
543.703735
542.747986
542.033142
541.360901
539.817993
537.794922
536.508972
535.880859
534.620056
532.302246
529.915039
528.315796
527.259338
526.307678
525.759216
526.068359
526.994629
528.040100
529.197998
530.742798
532.386719
533.353699
533.743835
534.903198
537.446533
540.123352
541.596375
542.255676
543.040527
543.670410
543.173035
541.606384
540.023743
538.823608
537.442566
535.822510
534.703003
533.870483
532.073547
529.354736
527.243713
526.448242
526.196533
526.054138
526.452393
527.675903
529.410339
530.861694
531.605591
532.285706
533.569885
535.084595
536.311157
537.764465
540.005981
542.384583
543.717712
543.720093
543.061035
542.156616
540.844604
539.419250
538.377808
537.267151
535.514832
533.670654
532.513855
531.441223
529.331116
526.738159
525.523071
526.229736
527.333130
527.839294
528.742798
530.766724
532.850769
533.679626
533.385376
533.331177
534.760376
537.406189
539.687683
540.939941
542.058594
543.375427
543.966736
543.334656
541.948425
540.259338
538.617310
537.532288
536.945618
535.878662
533.626099
530.981323
529.307739
528.490051
527.255432
525.596252
525.208191
526.804199
528.914612
530.241394
531.205872
532.432495
533.668274
534.397095
534.627747
535.231812
537.315247
540.491882
542.940613
543.704956
543.472961
543.001831
542.326721
541.364929
540.220947
538.705322
536.662292
534.696472
533.798767
533.596497
532.337158
529.533447
526.766602
525.448914
525.589478
526.554138
527.764832
528.843506
529.961487
531.397888
533.103760
534.824036
536.041687
536.395447
536.615234
537.999207
540.783386
543.376343
544.014160
543.145386
542.634460
542.550049
541.260742
538.755127
536.950256
536.435547
535.775757
533.939758
531.514404
529.518005
528.067688
526.824768
526.020325
526.087524
526.793640
527.902893
529.689087
531.713013
532.753296
532.863220
533.634399
535.857178
538.392029
539.865601
540.346741
540.995544
542.470947
543.907959
543.918457
542.541504
541.046692
539.983887
538.773132
537.227234
535.974976
535.006348
533.410400
530.950562
528.706665
527.438293
526.571533
525.853271
526.194397
527.852844
529.563354
530.503418
531.430847
532.896362
534.185181
534.888611
535.968811
538.301147
541.143982
543.015259
543.526184
543.544861
543.747437
543.616577
542.340027
540.356567
538.887634
538.027283
536.812134
535.130676
533.776550
532.609009
530.598999
527.901550
526.100708
525.911865
526.301208
526.530273
527.365540
529.356812
531.447021
532.508728
532.998535
534.002686
535.634399
537.470886
539.533997
541.734009
543.309937
543.734863
543.376648
542.967224
542.705627
541.973816
540.219543
538.183044
537.117554
536.686462
535.434937
533.137878
530.937317
529.440918
528.008850
526.284851
525.295959
525.978088
527.580627
528.936584
530.276184
531.974792
533.194458
533.462463
534.018311
536.066895
538.812317
540.790161
542.056458
543.362244
544.278076
543.793335
542.178467
540.800110
540.214661
539.611877
538.221375
536.548096
535.503113
534.674805
532.898438
530.270386
528.151001
527.192139
526.624207
526.058899
526.328308
527.843689
529.640869
530.893982
532.033752
533.440918
534.629089
535.487671
536.841736
539.221924
541.739990
543.107727
543.390564
543.560730
543.502197
542.194641
539.862244
538.094910
537.584778
537.366272
536.394287
534.811157
533.327332
531.910278
529.870850
527.435547
525.911560
525.857361
526.363159
526.831238
528.017090
530.271667
532.317566
533.132019
533.540222
534.698364
536.333252
537.831360
539.582397
541.892090
543.751709
543.986450
542.999878
542.060852
541.300110
539.963196
538.147461
536.820251
536.396667
536.089539
534.831421
532.618591
530.439209
528.801697
527.290405
525.920654
525.593628
526.622253
528.118408
529.428345
530.938843
532.657349
533.591797
533.740662
534.708679
537.264343
539.997070
541.441772
542.030823
542.930969
543.907410
543.726013
542.238953
540.499146
539.013123
537.553772
536.192383
535.289185
534.703369
533.772705
532.001404
529.671631
527.663208
526.487122
525.871033
525.755005
526.761597
528.812012
530.470947
531.052002
531.829529
533.625549
535.294861
536.137146
537.421265
540.090820
542.867676
543.937500
543.385437
542.697388
542.418335
541.621704
539.894714
538.196472
537.114319
536.043701
534.452759
532.681824
531.269775
530.142151
528.859009
527.425964
526.437378
526.216309
526.447815
527.100281
528.673462
530.933044
532.554138
532.974976
533.418701
535.034912
537.246094
539.059448
540.598145
542.316895
543.671753
543.803284
542.986694
542.066650
540.985168
539.185547
537.129822
535.923035
535.308594
533.848389
531.309937
529.159668
528.383850
528.227966
527.495972
526.260559
525.777161
526.784790
528.479736
529.880310
531.151550
532.571838
533.695801
534.367432
535.413879
537.551025
540.148682
541.991394
542.925049
543.630493
543.944397
543.020447
541.147705
539.504089
538.358215
537.090759
535.671265
534.567627
533.384521
531.317810
528.830139
527.131836
526.432739
526.112976
525.884766
526.042969
527.134888
529.133301
530.898193
531.671082
532.353394
533.837585
535.507629
536.732056
538.168823
540.498901
542.881714
543.904663
543.588196
543.026428
542.324524
540.807739
538.900757
537.697083
537.005005
535.779846
533.958679
532.271362
530.628113
528.349060
526.031250
525.282837
526.266479
527.407715
527.757263
527.985107
529.050781
530.906006
532.539795
533.251587
533.792603
535.491516
538.166260
540.368896
541.604797
542.568359
543.476501
543.725159
542.990295
541.533203
539.785706
538.241272
537.264526
536.687134
535.597595
533.263062
530.422485
528.592468
527.928101
527.128845
525.905212
525.678772
527.217590
529.330994
530.658447
531.304138
531.977051
532.788940
533.512085
534.291687
535.779602
538.330322
541.059937
542.510498
542.644348
542.769775
543.049133
542.351074
540.731689
539.492432
538.707520
537.306030
535.416138
533.980774
532.689148
530.530579
527.917847
526.404907
526.324768
526.602417
526.702271
527.324585
528.992371
530.868713
531.759033
531.840393
532.460938
534.126953
535.923340
537.384705
539.297424
541.900940
543.802490
543.869324
543.014648
542.698669
542.460632
540.915100
538.525452
537.069153
536.677612
535.732056
533.557312
531.177429
529.457214
528.026184
526.675903
526.129456
526.647644
527.542786
528.594666
530.225342
532.010437
532.985596
533.165161
533.395935
534.467407
536.540833
538.863892
540.509521
541.678345
543.058350
544.068298
543.578735
541.935608
540.454590
539.560791
538.697571
537.449097
536.080444
534.698669
532.801453
530.331482
528.227783
527.147034
526.461975
525.925659
526.450256
528.225098
529.950378
530.679138
531.304504
532.802307
534.508972
535.629456
