538.514893
538.514893
538.577942
538.737305
538.541016
537.194031
534.757141
533.341919
534.504883
536.432068
536.711182
535.053040
533.679626
534.162537
535.605225
536.105103
535.136780
533.786072
534.348694
536.690430
538.929749
537.012756
532.254028
530.281494
533.817383
538.549133
538.554077
534.677917
532.425232
534.028870
536.532654
536.908447
535.258667
533.549072
533.113098
533.875610
535.307007
536.182922
535.864624
534.575562
533.823120
534.904358
536.629822
536.578369
534.634216
533.524963
534.389709
535.828430
535.924316
535.255127
534.761169
535.373535
535.670532
535.027405
534.409729
534.345032
534.783386
535.314636
536.011658
536.348206
535.291443
533.962097
534.018799
535.305847
536.157410
535.777832
534.838318
534.106812
534.353760
535.234863
535.608215
535.423767
535.557251
535.630371
535.108398
534.584106
534.708130
534.959229
534.672485
534.534058
535.325073
536.689758
536.803833
535.286316
534.146790
534.173157
534.444763
534.315918
534.739136
536.026611
536.639343
535.877625
534.520569
534.266541
535.320618
536.196289
536.052673
535.300781
534.999207
534.997070
534.791748
534.807800
535.348755
535.519897
534.951538
534.566772
535.175781
535.847595
535.532715
534.454285
534.573914
535.808411
536.243958
535.179138
534.357727
534.586914
535.114258
535.080811
535.075745
535.340698
535.615784
535.504883
535.013550
534.943176
535.092041
534.693176
534.009399
534.235718
535.430664
536.106079
535.380432
534.433472
534.652222
535.365723
535.467163
534.957764
535.001892
535.600220
535.751160
535.010132
534.616760
535.085815
535.352417
534.863098
534.658203
535.094971
535.226074
534.835938
535.037109
536.569580
536.574402
534.542053
532.612793
533.334473
536.165527
537.064514
535.643982
534.380981
534.458801
535.273254
535.554993
534.989197
534.696472
534.966980
535.238708
535.020386
534.905762
535.091736
535.192078
534.997742
535.166565
535.442139
535.272034
534.778809
534.827942
535.548767
535.839722
535.034241
534.166321
534.628113
535.822876
536.030029
535.048035
534.557190
535.020813
535.328857
534.969910
534.930969
535.209412
535.398315
535.120178
534.817322
535.073975
535.446472
535.109375
534.570068
534.859985
535.767822
535.728516
534.745911
534.354492
535.085876
535.826233
535.421021
534.702881
534.814270
535.359802
535.373718
535.014771
534.926880
535.138123
535.055908
534.913879
535.074890
535.282349
534.974976
534.365601
534.326294
535.017700
535.865967
535.721558
534.818848
534.691711
535.405273
535.762451
535.132324
534.676636
535.100098
535.439636
534.890991
534.485657
535.119812
535.730835
535.348633
534.648560
534.722046
535.213745
535.494141
535.312195
535.183899
535.247498
534.967041
534.570740
535.144531
535.980896
535.649536
534.393738
533.950867
534.793274
535.849854
536.256836
535.500244
534.469238
534.449036
535.231812
535.562927
535.365662
535.104858
534.911804
534.599243
534.657410
535.265198
535.653625
535.175171
534.582886
534.898499
535.636169
535.331116
534.492493
534.447144
535.458923
535.816650
535.062988
534.600037
534.946289
535.426758
535.265991
534.778503
534.526611
534.694641
535.064758
535.332642
535.288086
535.544678
535.500732
534.819702
534.439758
535.067566
535.754578
535.266296
534.519775
534.588745
535.211243
535.473938
535.407532
535.409119
535.477722
535.205688
534.646118
534.663086
535.473633
535.792847
534.891235
534.346924
534.795715
535.417419
535.319519
534.900085
534.721008
535.186951
535.478699
535.353638
535.167297
535.391846
535.454712
534.828125
534.526489
535.223755
535.966858
535.461731
534.516479
534.492676
535.301147
535.543823
535.088074
534.943726
535.367859
535.209839
534.379944
534.239197
535.514160
535.862305
535.470825
535.120667
535.296631
535.332458
534.983215
534.789124
535.164490
535.818726
535.737915
534.938232
534.575806
535.246216
535.801331
535.192810
534.407043
534.823364
535.622253
535.546936
534.826843
534.804199
535.553284
535.515198
534.732300
534.427246
535.343750
535.639771
534.821594
534.445007
534.848389
535.404846
535.382141
535.131531
534.986694
535.073792
534.829773
534.703613
535.344055
536.225342
536.218994
535.214172
534.387146
534.900452
535.722961
535.410645
534.562561
534.564148
535.286987
535.471985
534.897034
534.999756
535.174927
535.339722
535.031128
534.885559
535.329956
535.716187
535.074036
534.522705
535.092773
535.606506
535.185852
534.800537
535.108948
535.365112
534.961182
534.727234
535.083191
535.581848
535.555237
535.127136
534.639954
534.593445
534.763184
534.823853
535.133667
535.198242
535.811523
535.838013
535.290649
535.058838
535.683899
535.655090
534.619019
534.236267
535.179993
535.704956
535.167908
534.592407
534.812500
535.176208
535.164429
535.052979
535.291443
535.805298
535.558167
534.711975
534.580933
535.191406
535.690796
534.957764
534.344421
534.608215
535.392090
535.307007
534.700806
534.950439
535.661438
535.304077
534.562622
534.540283
535.366943
535.884705
535.323792
534.581665
534.669556
535.309448
535.367615
535.014465
535.099060
535.411987
535.251404
534.829407
535.080139
535.720642
535.730347
534.789673
534.844604
535.278198
535.018921
533.835754
533.654480
534.874756
535.987732
535.449646
534.487366
534.513062
535.321045
535.590515
535.246338
534.911804
535.187561
535.411438
535.115234
534.716858
535.061951
535.510376
535.098083
534.555359
534.971558
536.000244
535.304077
534.603638
534.633911
535.360291
535.298584
535.109680
535.198425
535.325500
535.049744
534.599060
534.526917
535.014771
535.598633
535.303101
534.423889
534.371094
535.485046
535.943359
535.156311
534.430420
535.003052
535.851929
535.429871
534.618469
534.761475
535.803833
535.564636
534.815430
534.599854
534.946045
535.250061
535.438965
535.499451
535.199951
534.641357
534.486023
535.083984
535.799561
535.434326
534.123779
533.385498
534.007812
535.414062
535.891357
535.145569
534.706909
535.239380
535.625061
535.118652
534.520691
534.825989
535.414551
534.862061
533.698975
533.938110
535.861816
537.286682
536.346497
534.174927
533.603882
534.958740
535.823975
535.167664
534.783142
535.436829
535.693542
534.942688
534.444763
535.016968
535.635559
535.176086
534.346130
534.150513
534.840210
535.770081
535.969604
535.381714
535.061218
535.377319
535.437378
534.854980
534.530029
534.982056
535.320312
535.268677
535.471130
535.842102
535.418030
534.698547
534.867310
535.496948
535.252380
534.468750
534.642334
535.898804
536.339050
535.174744
534.064392
534.580322
535.836914
535.952515
535.002625
534.333923
534.532776
535.273926
535.500793
535.086426
534.894653
535.279297
535.428589
535.231628
535.142639
535.180725
535.042358
534.957520
535.255005
535.513489
535.275146
534.953430
535.686890
536.653503
535.596436
532.900391
531.991455
534.441162
537.358826
537.594360
535.702026
534.399414
534.637756
535.177185
535.041077
534.571716
534.618591
535.090637
535.144897
534.768921
534.841125
535.596619
536.126465
535.774658
535.106079
534.669373
534.445129
534.683533
535.564209
536.274353
535.524597
534.083313
533.888306
535.328003
536.460205
535.868774
534.889465
534.882935
535.514648
535.219177
533.942322
533.585999
535.324158
537.321228
538.148682
537.708801
536.701965
534.930847
532.794128
531.889893
533.552673
536.237610
536.942566
535.538330
534.509949
535.205627
536.544250
536.336182
534.827148
533.997070
534.531311
535.336365
535.357971
535.020996
534.958740
535.095398
535.254700
535.537964
535.761963
535.189636
534.632751
534.667542
534.737610
534.139221
534.508240
536.208923
538.204590
538.748962
537.208557
534.373840
533.209045
534.530884
535.848755
535.195068
533.940735
534.617493
536.496338
536.722534
535.201294
533.899597
534.108704
534.999573
535.425537
535.111816
534.775269
534.909607
535.350342
535.785645
535.794983
535.091064
534.324036
534.549316
535.746826
536.061523
535.097229
534.490356
535.122253
535.862305
535.503113
534.378174
534.143250
535.499390
536.943420
537.585754
536.138489
533.867432
532.475403
533.340454
535.673340
537.268921
536.689575
534.682983
533.663208
534.814514
536.458252
536.123779
534.395264
533.896118
535.287170
536.282837
535.415588
534.060486
534.133606
535.349548
536.037415
535.690125
535.036804
534.754883
534.803589
535.071533
535.397400
535.447021
534.696045
533.686157
534.661438
537.147949
538.713684
536.767334
532.412781
530.967285
534.047302
537.585815
537.570312
535.142700
533.912598
535.007874
536.291504
535.817200
534.477356
534.009155
534.763428
535.625488
535.539612
534.618469
534.203064
535.084595
536.589539
537.253662
536.375610
534.390747
533.312622
534.620789
536.619080
536.424988
534.046448
532.815796
535.384338
538.192810
538.984680
535.932251
532.007263
530.753784
533.656189
537.766418
538.764893
535.576355
532.436401
533.001892
536.008423
537.253723
535.478577
533.426758
533.999451
536.051758
536.563232
535.177979
534.176392
534.994873
536.304871
536.400513
535.279480
534.474365
534.994812
535.696594
535.416565
535.037720
535.553772
535.606445
535.459778
535.097412
534.609802
534.298584
534.302124
535.155701
536.344360
536.586670
535.405518
533.872559
533.595154
534.345154
535.966370
536.214905
536.137207
536.220093
535.940918
534.769287
534.039368
534.522705
535.320801
535.352478
534.760864
534.603027
535.063232
535.396667
535.216187
535.434021
536.047058
535.650818
534.197327
533.410828
534.889343
536.594849
537.071289
536.037842
534.853088
534.192017
533.815857
534.030273
535.141663
536.108154
536.013123
535.024353
534.622681
535.392456
536.129456
535.516479
534.510254
534.479126
534.993958
535.113403
535.004822
535.190979
535.716614
535.669006
534.950073
534.647339
535.068176
535.370667
534.870117
534.394226
534.938354
535.757202
535.455017
534.392822
534.519287
535.991821
536.556580
535.712219
534.110352
534.076233
535.426147
536.156860
535.841370
534.963257
534.139099
534.073730
535.010559
536.141418
536.124634
535.039185
534.115417
534.115295
535.194031
535.990173
535.433411
534.484802
534.696777
535.604858
535.518433
534.704712
534.663025
535.520142
535.917603
535.262695
534.788757
535.068359
535.266968
534.852905
534.578430
534.635010
534.829590
535.182800
536.334473
537.244202
535.981995
533.823242
533.142517
534.444946
535.889709
535.962280
534.893677
534.225952
534.665405
535.893860
536.309387
535.501404
534.739807
534.697693
534.805664
534.706360
534.829224
535.249878
535.403564
535.097717
535.123291
535.457886
535.240906
534.622314
534.773071
535.536682
535.743408
535.021667
534.587952
535.101807
535.678406
535.281799
534.523071
534.475525
535.218750
535.588928
534.941895
534.363281
534.519165
535.285095
535.601501
535.302307
535.184021
535.212646
534.964417
534.609192
534.892395
535.643921
535.901001
535.219482
534.815002
535.202759
535.387024
534.703003
534.381409
534.970459
535.575378
535.286621
534.788818
535.035950
535.545593
535.397400
534.709900
534.457642
535.038086
535.823730
536.293457
535.907288
535.300537
534.569458
533.994995
534.090637
535.523254
536.667786
535.598999
533.519958
533.433960
535.484192
536.933777
536.072083
534.316956
534.110840
535.277954
535.742493
535.039001
534.336365
534.628357
535.170532
535.413635
535.454712
535.347717
534.965759
534.602783
534.938232
535.522888
535.404541
534.547180
534.076233
534.553528
535.457764
535.407471
534.424438
534.076965
535.276001
536.167786
535.748474
534.964661
534.866638
535.374634
535.304810
534.726685
534.680359
535.108459
535.011597
534.714478
535.047424
535.633484
535.506653
535.037781
535.086609
535.359375
535.196960
534.805725
534.921143
535.535828
535.518799
534.765503
534.541199
535.454773
536.203674
536.026672
535.021484
534.389221
534.614563
535.225525
535.304016
534.987427
534.998108
535.292175
535.057251
534.565308
534.822510
535.564819
535.513611
534.863342
534.732849
535.431152
535.697144
535.109070
534.704712
535.092896
535.497986
535.181213
534.812378
535.217957
535.512329
535.117798
534.702209
535.051636
535.605957
535.689697
534.989258
534.466370
534.905579
535.709900
535.592773
534.889648
534.782654
535.301331
535.365173
534.997986
534.818176
535.163452
535.229614
534.892700
534.965393
535.480225
535.552490
534.878784
534.576782
535.154236
535.535828
535.289307
534.942871
535.206238
535.553772
535.231750
534.713806
534.851562
535.687500
536.060242
535.594543
534.841125
534.826416
535.247498
535.279846
535.021545
535.096008
535.365784
535.206360
534.738647
534.859863
535.536682
535.563660
534.860352
534.568848
535.393127
536.021790
535.261841
534.370178
534.739807
535.515076
535.399841
534.839111
534.889465
535.288330
535.313721
535.090759
535.081909
535.392395
535.457764
535.134094
534.887085
535.195435
535.679443
535.475525
534.803833
534.763977
535.413513
535.485840
534.841675
534.648621
535.522400
536.036011
535.266235
534.415100
534.673279
535.243042
535.210938
535.092346
535.312012
535.460754
535.031982
534.797241
535.210205
535.686340
535.388672
534.725769
534.760376
535.629456
536.247803
535.903564
534.965210
534.629211
535.240845
535.475037
535.012878
534.974731
535.512512
535.490601
534.467712
534.184814
535.279602
536.280151
535.879272
534.667114
534.465820
535.305603
535.824829
535.355103
534.768616
534.842651
535.045654
535.157471
535.252686
535.329285
535.006409
534.723694
535.147949
535.862549
535.889771
535.192200
534.515869
534.973511
535.912170
535.711426
534.670593
534.425537
535.496521
536.139221
535.301514
534.201416
534.596863
535.771362
535.855408
534.793518
534.305725
534.909302
535.549011
535.464539
535.176331
535.282166
535.212463
534.987244
535.004150
535.231628
535.229431
534.983521
535.029236
535.465637
535.665161
535.335510
534.740723
534.696960
535.474976
535.787903
534.937805
534.235168
534.980896
536.047974
535.769653
534.593689
534.373291
535.176636
535.600769
535.204895
534.868103
535.126831
535.299438
535.166870
535.267151
535.509155
535.363892
534.817627
534.803101
535.283875
535.351685
534.794617
534.736145
535.543396
535.988953
535.330505
534.449890
534.216858
535.074280
535.892822
535.558289
534.728088
534.771362
535.452759
535.510010
534.861572
534.770325
535.261658
535.388123
535.001038
534.887268
535.318542
535.485535
535.045715
534.781555
535.135132
535.437927
535.103455
534.890625
535.160156
535.282166
534.937378
534.796570
535.427124
535.904602
535.598389
534.890747
534.473450
534.991821
535.582703
535.313110
534.691223
534.865295
535.605286
535.638123
534.862915
534.657104
535.250061
535.567017
535.164124
534.915161
535.312500
535.561340
535.048279
534.688965
535.087402
535.481689
535.091736
534.749695
535.281555
535.674194
535.116821
534.493042
534.964600
535.767883
535.633545
534.678101
534.203979
534.588928
535.212463
535.367798
534.947083
534.809448
535.311890
535.540771
535.063782
534.791809
535.184753
535.427368
534.858765
534.525879
535.286011
535.785889
535.265503
534.680176
535.051208
535.546997
535.227722
534.839050
535.142456
535.611450
535.360596
534.720642
534.881042
535.519531
535.558044
534.881592
534.497070
534.850098
535.511536
535.432495
534.771484
534.694580
535.453247
535.749084
535.112183
534.614807
535.024719
535.500549
535.255859
534.891846
535.107239
535.368225
535.086853
534.747986
535.100525
535.549561
535.387634
534.964478
535.162598
535.499817
535.185120
534.585876
534.739929
535.467407
535.664978
534.984802
534.211243
534.315613
535.140747
535.585510
535.260254
534.969299
535.169739
535.275024
534.907898
534.758484
535.333740
535.554749
535.082153
534.669312
535.142090
535.623352
535.288574
534.709900
534.904053
535.680725
535.761230
535.029785
534.815735
535.344482
535.672119
535.139099
534.724365
535.136230
535.588379
535.289429
534.747742
534.778992
535.163513
534.983215
534.583496
534.908630
535.777405
535.956421
534.995361
534.261047
534.817383
535.699219
535.601807
534.838989
534.855896
535.478943
535.458618
534.728577
534.589355
535.313538
535.714294
535.229309
534.881348
535.286438
535.501953
535.119873
534.876526
535.226746
535.388855
534.953735
534.740479
535.215881
535.760498
535.787903
535.150269
534.571533
534.947571
535.525330
535.348450
534.784668
534.866821
535.507690
535.587097
534.909668
534.718689
535.252808
535.644470
535.246643
534.958008
535.132202
535.265381
535.072021
535.123596
535.482422
535.414368
534.611084
534.405518
535.172485
535.794250
535.248230
534.240845
534.187988
534.977478
535.837036
535.665649
534.887695
534.743835
535.331360
535.481018
534.970093
534.837463
535.294373
535.523376
535.123962
535.020630
535.386902
535.419556
534.895325
534.704407
535.144348
535.355652
534.859619
534.734680
535.368469
535.594604
534.832031
534.274658
535.009155
535.919067
535.735352
534.700378
534.400696
535.240845
536.022827
535.975037
535.072327
534.614624
535.052246
535.483887
535.193359
534.910034
535.093079
535.146423
534.939331
535.057129
535.512634
535.457520
534.713074
534.542542
535.371155
535.837158
535.166504
534.476196
534.966980
535.833801
535.640808
534.786377
534.618469
535.228760
535.513367
535.177124
534.991943
535.218750
535.375732
535.179932
534.931946
535.094971
535.514282
535.273804
534.490845
534.641785
535.634583
535.946167
535.006592
534.402344
534.987732
535.620361
535.191223
534.544739
534.786438
535.475403
535.590942
535.171265
534.892883
534.974548
535.031677
534.949280
535.070496
535.455627
535.275146
534.673279
534.761536
535.685303
536.349304
535.934937
534.846985
534.510132
535.094482
535.576294
535.341248
535.038940
535.216187
535.357239
534.842346
534.432251
534.873108
535.625732
535.504150
534.819824
534.794800
535.425171
535.584106
535.126038
534.884216
535.085205
535.164551
534.977295
535.225342
535.847168
535.601929
534.448669
533.982422
535.080505
536.453796
536.559326
535.452148
534.586975
534.806091
535.523682
535.642395
535.183777
535.038025
535.187866
535.022400
534.736084
534.968384
535.431702
535.303833
534.979492
535.132690
535.603027
535.388062
534.675598
534.600159
535.341736
535.569580
534.828186
534.557678
535.357910
535.833191
535.265991
534.551941
534.742859
535.362488
535.405090
535.058533
534.842651
535.132690
535.508911
535.337524
534.975037
535.120239
535.348511
534.949341
534.407410
534.759155
535.651062
535.629333
534.854797
534.817627
535.562744
535.642334
534.776917
534.403748
535.104553
535.761841
535.442200
534.886475
534.905884
535.079834
534.783813
534.661255
535.191956
535.634644
535.297852
534.718567
534.536621
535.155029
535.809753
535.569458
534.665833
534.378418
535.089050
535.570740
535.185791
534.948303
535.269775
535.296997
534.816406
535.016113
535.805786
535.676636
534.543213
534.012573
534.913818
535.901367
535.658569
534.857117
534.774963
535.301392
535.431213
535.095215
535.040649
535.276733
535.056763
534.318176
534.166382
534.990784
535.982178
535.664734
534.667908
534.444763
535.062500
535.280029
534.905212
534.782410
535.255981
535.480042
535.072449
534.751953
535.111328
535.356262
534.981873
534.635193
535.017029
535.396545
535.205139
534.995789
535.257629
535.376160
534.685547
534.156494
534.841431
535.968567
535.908325
534.677246
533.881775
534.178101
535.167419
535.745789
535.413574
534.908386
534.929504
535.105469
535.120544
535.272827
535.682556
535.615662
534.884277
534.648010
535.207947
535.351196
534.655457
534.386719
535.283203
536.026306
535.435669
534.411255
534.494324
535.478821
535.751831
534.919861
534.384888
534.991089
535.751404
535.647400
535.010864
534.721191
534.801636
534.776062
534.612671
534.934631
535.616211
535.607727
534.786865
534.368652
535.086060
535.647827
535.070129
534.327637
534.751404
535.585510
535.588440
534.960999
534.865662
535.409607
535.522888
534.943909
534.666016
535.094910
535.406189
535.103821
534.880493
535.174866
535.141357
534.634521
534.373657
534.862000
535.646362
535.510010
534.688660
534.465149
535.248352
535.856262
535.416687
534.629211
534.697083
535.330383
535.428040
534.946289
534.711182
535.024597
535.118896
534.915771
535.100342
535.562744
535.332275
534.731201
534.660645
535.178284
535.221741
534.862732
534.863037
535.372681
535.522827
534.910217
534.355957
534.781677
535.564087
535.880127
535.162476
534.359863
534.663696
535.318115
535.357483
534.963745
534.915527
535.124756
535.030212
534.840454
535.101135
535.609131
535.353210
534.551270
534.377136
535.238647
535.867371
535.471863
535.045349
535.084290
534.997620
534.670776
534.683655
535.248901
535.395874
534.701660
534.224121
534.746338
535.661682
536.262634
535.842285
534.848328
534.508179
534.997498
535.292725
534.886841
534.810242
535.299377
535.326477
534.789185
534.807190
535.492493
535.618713
534.921631
534.588562
535.049927
535.238708
534.808716
534.714600
535.370178
535.688477
535.065369
534.545105
535.049683
535.637817
535.259155
534.275146
533.885925
534.543762
535.687439
535.859070
534.908630
534.307678
534.613037
535.357300
535.403503
535.793701
536.123413
535.301941
534.276245
534.373474
535.215027
535.288269
534.517029
534.233704
535.153381
536.164612
535.794800
534.944641
534.936279
535.425110
535.119263
534.395813
534.485413
535.145874
535.430908
535.169250
535.092712
535.349365
535.466919
535.261658
535.046692
535.218567
535.383667
534.937134
534.236633
534.467041
535.479919
535.894592
535.142395
534.642883
535.245422
535.727478
534.993469
534.183044
534.577148
535.389771
535.167664
534.286804
534.259583
535.696960
536.138000
535.895569
535.436646
535.013794
534.605286
534.256104
534.828003
535.641296
535.904053
535.361755
534.496033
534.412720
535.271484
535.803772
535.178101
534.473694
534.712402
535.134216
534.971741
535.013123
535.730530
535.879822
534.903564
533.974487
534.444946
535.659241
535.858215
534.920288
534.439514
534.970337
535.466431
535.189697
534.786865
534.788513
534.962280
534.972778
535.185242
535.569214
535.645142
535.113464
534.465393
534.858154
535.763794
535.799255
534.707153
534.151978
534.969604
535.746399
535.352722
534.657715
534.863708
535.450989
535.279663
534.034485
533.400635
534.241821
536.599915
536.682007
536.366150
535.618591
534.560364
533.887329
534.093628
534.806458
534.966797
534.819031
535.281311
536.388306
536.933411
536.105774
534.590271
534.452698
535.558777
535.822205
534.423035
533.407837
534.424622
536.126587
536.140625
534.852173
534.496277
535.286438
535.728088
535.137573
534.526611
534.663757
535.116394
535.267151
535.361694
535.417786
535.041321
534.391541
534.636780
535.503662
535.515686
534.242310
533.586731
534.923767
537.150452
538.243835
537.165100
534.691345
533.415771
534.349060
535.862610
536.192871
535.244141
534.065002
533.729614
534.690002
536.148560
536.387451
535.085510
533.877869
534.357422
535.634277
535.736938
534.652771
534.303040
535.165955
535.667114
534.995850
534.532837
535.106201
535.743774
535.450439
534.757019
534.688965
535.080200
535.056274
534.584351
534.493896
534.972412
535.312195
534.980896
534.595032
534.991577
535.304016
534.633911
533.957275
535.016968
536.510376
537.108276
535.814514
534.289856
534.023071
534.493225
534.882568
535.260132
535.495056
535.069580
534.449097
534.763977
535.818237
536.206177
535.249146
534.237305
534.359314
535.237061
535.503845
534.778809
534.236816
534.522766
535.369080
535.470154
534.867554
534.763428
535.263428
535.437256
535.128723
535.081848
535.399475
535.417358
534.972534
534.706055
535.132629
535.335144
534.748718
534.601624
535.375000
535.892639
535.452820
534.543213
534.189270
534.335327
534.597534
535.438843
536.702209
537.816711
536.444885
533.602112
531.778992
531.951782
533.885010
535.802246
536.189453
535.355103
534.835999
534.907776
535.223938
535.583191
535.766235
535.188599
534.128784
534.001160
535.012146
535.682739
535.155090
534.775391
535.225281
535.771851
535.413391
534.646423
534.665833
535.501770
535.635925
534.824219
534.522705
535.223999
535.372559
534.013916
532.213745
532.523621
535.179504
537.550781
537.592102
535.407837
532.974670
532.670898
534.394104
536.455383
536.941406
535.600464
534.163818
534.247864
535.463379
536.039246
535.060120
534.028137
534.432068
535.569153
535.646606
534.688660
534.386353
535.123474
535.637085
535.101013
534.675964
535.190430
535.686829
535.518005
535.000183
534.510864
534.094116
534.021362
535.085938
536.686035
537.827942
535.679016
532.191528
531.836365
535.670410
538.905396
537.435608
533.531616
532.574097
535.036499
536.857727
535.835938
533.842957
533.589172
534.950806
535.943848
535.550964
534.628357
534.208252
534.871948
536.153931
536.592590
535.372620
533.862366
533.851379
535.400452
536.446350
535.728271
533.616333
533.450500
536.576965
539.368042
537.511475
532.808594
531.174194
533.854431
536.813110
536.841248
534.834290
533.886597
534.990784
536.457153
536.463318
534.997192
533.618408
533.709534
535.332886
536.520325
535.569824
533.810059
533.923950
535.875793
536.920044
535.628845
533.496582
532.807312
533.900879
535.900818
536.703247
535.492920
533.411194
532.432373
534.262817
537.519043
539.170288
536.193970
530.959778
530.533752
536.204163
541.043762
538.913025
532.754639
530.701965
534.552246
537.896118
536.540039
533.530884
533.142883
534.442505
535.639465
535.240906
533.924011
533.621399
534.815247
536.393738
537.032837
536.593994
535.417053
533.769897
533.151245
534.784119
537.441345
537.584717
535.658630
533.963257
533.378967
533.605957
534.207275
535.386353
536.622437
536.667664
535.446594
534.600586
534.940430
535.343750
534.875122
534.533691
534.905884
535.113892
534.627563
534.550659
535.322815
535.824585
534.998108
534.172119
534.992371
536.753418
537.219238
535.825439
534.046265
534.359314
535.680908
535.664429
534.701050
534.552795
535.420593
536.325256
535.846741
534.661865
534.558411
535.334595
535.410828
534.763672
534.454468
534.449524
534.374268
534.780518
535.691528
536.011597
535.212280
534.174255
533.822693
534.386414
535.937195
537.287170
537.006287
535.352478
533.547974
532.321411
533.006104
536.024536
538.246521
536.604187
532.996582
532.039551
534.621765
536.866211
536.392517
534.829224
534.619263
535.560486
535.939514
535.114563
534.313721
534.408203
534.811768
534.984070
535.222107
535.360962
535.150085
535.159363
535.847107
535.799133
534.689941
533.911987
534.398010
536.019287
536.909302
536.148254
534.537598
534.312866
535.416321
535.993530
535.559570
534.607300
534.339294
534.710510
534.760071
534.970581
535.257263
535.479187
535.880676
536.106934
535.687561
535.256836
534.546265
534.120117
534.863342
535.704773
535.235107
534.400330
534.783386
535.842163
535.603088
534.434326
534.374329
535.689148
536.392395
535.739319
534.649658
534.026489
534.547729
535.399536
535.523132
535.060791
534.832825
534.890686
534.763611
534.780823
535.242249
535.407227
535.032898
534.660034
535.007019
535.630615
535.467102
534.940369
535.194580
535.638794
535.203491
534.368896
534.694946
535.668823
535.580200
534.475098
534.079224
534.989563
535.862427
535.939148
535.481201
535.020447
534.984924
534.860535
534.612854
534.811157
535.612976
535.928955
535.030518
534.108337
534.589722
535.760803
535.990906
535.335449
535.112549
535.168152
534.618652
534.122681
534.822083
535.936279
535.546692
533.967896
533.252441
534.902405
537.211853
537.451050
535.532288
533.907043
533.668274
534.291809
535.084229
535.864929
536.036316
535.057312
534.095581
534.500183
535.847717
536.121887
534.842346
533.990906
534.767883
535.870728
535.327515
533.998047
534.207275
535.859314
536.535583
535.343384
534.076721
534.296204
535.276550
535.844055
535.638367
535.154724
534.621521
534.454529
535.007446
535.753723
535.652405
534.478760
533.482849
533.782104
535.130859
535.901306
535.311279
534.521545
534.969971
535.906250
535.724365
534.610291
534.303589
535.205933
535.823242
535.460632
534.939697
534.796509
534.551758
534.828735
535.593445
535.760498
534.929016
534.030334
534.489929
535.957031
536.445190
535.247070
534.093689
534.605042
535.718750
535.606384
534.758423
534.474060
535.059021
535.680359
535.158508
534.233337
534.944092
535.139099
535.284241
535.017334
534.511597
535.059875
535.400208
535.346802
535.109070
535.152832
535.167297
535.014954
535.024963
535.479797
535.426025
534.861633
534.396667
535.103943
535.643311
535.092041
534.446716
534.917603
535.510559
535.176025
534.310913
534.214355
534.865051
535.615784
535.547791
535.094177
535.071777
535.175293
534.689453
534.248962
535.243469
535.954712
535.629089
534.733521
534.925476
535.293335
535.332458
534.409851
534.497131
535.278992
535.466003
534.789001
534.568909
535.361694
535.867249
535.185791
534.390564
534.601868
535.383301
535.523010
535.040161
534.618591
534.759277
535.174805
535.228760
534.995178
535.313843
535.651489
535.214783
534.219421
534.218323
535.265808
535.623596
535.083679
534.977722
535.588928
535.665039
534.981079
534.662842
535.039185
534.963379
534.792480
534.779846
535.139954
535.238892
535.209473
534.677429
534.963562
535.062378
535.011536
534.777893
534.884216
535.240601
535.836792
536.061340
535.472900
533.702454
534.240845
536.401245
535.423401
535.249817
534.306702
536.118958
535.679016
534.168579
534.527893
535.432251
535.351624
534.450439
534.393188
535.424927
535.491699
535.166565
535.395203
536.128845
535.274963
535.197144
534.405579
535.057129
534.946106
534.602844
534.392517
533.977600
534.601074
535.852539
536.107422
534.747925
534.521362
534.568054
534.355408
534.544922
535.040894
535.950073
535.355957
534.921570
535.216858
535.757141
535.335632
534.594421
534.677185
535.192749
535.343628
535.066284
535.222534
535.531555
535.130737
534.617676
534.688965
535.250977
535.268921
534.635071
534.598511
535.284302
535.941833
535.888428
534.971497
534.530090
535.099976
535.368896
534.958740
534.696533
535.307739
535.667603
535.278748
534.842651
535.077698
535.435303
534.995850
534.458374
534.679199
535.135803
535.137756
534.904480
535.265198
535.685242
535.419067
534.682739
534.619873
535.271790
535.425171
535.041260
535.005066
535.544922
535.690796
535.145996
534.456055
534.771851
535.674744
535.857178
534.986450
534.287048
534.700439
535.271667
535.097839
534.697021
535.002869
535.513977
535.413147
535.024292
535.093140
535.431946
535.271545
534.739624
534.922729
535.527222
535.489929
534.687012
534.476990
535.173279
535.620789
535.240417
534.855774
535.244324
535.582703
535.310730
534.694885
534.697266
535.338989
535.568298
535.112122
534.940918
535.552612
535.903687
535.217346
534.396729
534.554932
535.163452
535.333496
534.979675
535.019897
535.357300
535.310059
534.898926
534.960388
535.427185
535.303101
534.534729
534.594971
535.854126
536.468933
535.565979
534.528381
534.523560
534.993408
535.122498
534.914185
534.725098
534.849731
535.002747
535.040588
535.236206
535.728088
535.790466
534.957397
534.221741
534.614502
535.443848
535.347107
534.790344
535.099487
535.846619
535.624695
534.896790
534.711792
535.116760
535.213379
534.907959
534.932068
535.255676
535.085510
534.638000
534.789978
535.477417
535.520447
534.531372
533.757507
534.024353
535.333801
536.211853
535.735413
534.791748
534.749390
535.325562
535.426636
534.918152
534.686462
534.949280
535.168701
535.047241
535.190063
535.461487
535.241150
534.712646
534.806213
535.444824
535.417725
534.823059
534.970642
535.796753
535.987183
535.177917
534.546509
534.819214
535.305603
535.121216
534.494385
534.350464
534.819092
535.210022
535.132324
534.899658
535.078979
535.249817
534.953674
534.625305
535.110596
535.710815
535.546631
535.015503
535.200500
535.827820
535.524536
534.494629
534.344177
535.429871
535.925659
534.931702
534.098022
534.715454
535.619263
535.477539
534.558777
534.381165
534.848938
535.392639
535.701477
535.698120
535.369385
534.851379
534.554626
535.188049
536.349487
536.524536
535.055054
533.618530
533.977478
535.370300
535.747253
534.936707
534.715942
535.515015
535.873779
535.156311
534.433411
534.571045
535.116272
535.376160
535.425659
535.506287
535.465210
534.999268
534.797546
535.256653
535.481812
534.946228
534.380127
534.854675
535.615906
535.860962
535.192322
534.649597
535.154480
535.848083
535.473816
534.434814
534.406250
535.457092
535.891113
535.076172
534.466614
535.186096
535.901978
535.620422
534.984863
534.816589
534.713989
534.590881
534.834595
535.432251
535.717224
535.271118
534.786072
534.991394
535.440613
535.251831
534.630920
534.498718
534.935974
535.507324
535.565002
535.225769
535.254150
535.421631
535.140015
534.751221
534.924927
535.423096
535.318237
534.739136
534.711914
535.353943
535.604919
534.999390
534.548462
534.880310
535.277222
535.190308
535.099121
535.528870
535.742737
535.150635
534.681885
535.085022
535.611450
535.157349
534.478271
534.896851
536.021606
536.442139
535.763611
534.755798
534.571411
535.106873
535.227417
534.998047
535.016174
535.473816
535.452393
534.682861
534.666870
535.420959
535.916138
535.430603
534.738708
534.758423
535.049316
535.087219
535.120361
535.440125
535.389587
534.841370
534.540344
535.082520
535.640869
535.300842
534.502014
534.486206
535.248291
535.837585
535.797974
535.247559
535.023743
535.271667
535.323303
535.110046
535.106079
535.342102
534.990662
534.414612
534.695190
535.615234
535.891479
534.801880
534.131714
534.808655
535.741882
535.507996
534.724609
534.938293
535.531982
535.609558
535.015686
534.969910
535.356323
535.254395
534.843628
534.835388
535.351440
535.476868
535.137268
534.720520
534.849121
535.278503
535.413574
535.069580
535.220154
535.623657
535.509399
534.801575
534.697876
535.592407
535.894104
535.081665
534.354553
534.926514
535.685730
535.393555
534.537231
534.564575
535.411194
535.551147
534.907166
534.860168
535.525208
535.946777
535.583679
535.043457
534.480957
534.033386
534.031067
534.614685
535.466309
536.050049
535.726685
534.719727
534.415527
535.176697
535.619385
534.914612
534.382263
535.058533
535.801941
535.593384
534.919983
534.891846
535.218689
535.184326
534.936096
535.073425
535.491516
535.474304
535.207092
535.123657
535.218140
535.124329
534.912231
535.125488
535.625366
535.343201
534.355225
533.909485
534.522034
535.606750
535.672791
534.912903
534.559082
535.045532
535.409546
535.119385
535.006348
535.411377
535.496216
534.944092
534.640808
535.441589
536.064087
535.560608
534.621094
534.780457
535.608582
535.618408
534.844666
534.493164
534.908447
535.157593
534.902649
534.878967
535.317627
535.519043
535.206848
534.856934
534.955383
535.557678
535.669067
535.039795
534.680603
535.167725
535.431152
534.954895
534.592712
535.130859
535.737915
535.488647
534.885437
534.931946
535.343018
535.293762
534.925598
535.140564
535.555115
535.403687
534.942932
535.084900
535.641296
535.434814
534.619507
534.460327
535.232666
535.790161
535.342224
534.703125
534.576599
535.152039
535.494202
535.105591
534.685486
534.943115
535.259094
535.191528
535.217346
535.608643
535.617249
535.073975
534.836304
535.305481
535.659485
535.020264
534.271545
534.698120
535.749390
535.829529
534.820374
534.360779
534.959229
535.425903
535.072937
534.768494
535.156982
535.501038
535.235535
534.772705
534.770813
535.170776
535.353027
535.017761
534.925781
535.368958
535.485474
534.975281
534.609802
535.113647
535.500305
535.018921
534.469116
534.863708
535.537842
535.431030
534.893250
535.035522
535.651489
535.576538
534.806396
534.564697
535.064880
535.403259
535.132568
535.006592
535.421082
535.582153
534.957764
534.273560
534.325989
534.915405
535.118591
534.849731
534.935913
535.432373
535.558716
535.008423
534.761902
535.357422
535.693054
535.064331
534.345581
534.836914
535.812378
535.842407
534.954529
534.641235
535.281677
535.566040
535.101868
534.795532
535.105164
535.272827
534.969849
534.852966
535.206604
535.543030
535.335510
534.908447
534.865601
535.209045
535.611816
535.702759
535.775024
535.913086
535.226562
534.072693
533.923035
535.152161
536.093201
535.314819
533.999207
534.309326
535.912415
536.635498
535.693726
534.732300
534.797119
535.125183
534.938904
534.827942
535.194641
535.316223
534.936523
534.805786
535.307800
535.578796
535.167725
534.861023
535.176331
535.510803
535.404114
534.978943
534.824280
535.347290
535.653870
535.251709
534.657776
534.828552
535.432922
535.321655
534.736084
534.946899
535.665771
535.510925
534.801147
534.959045
535.850403
535.694153
534.104309
532.829468
533.477600
535.832031
537.935547
538.703186
537.372253
534.167297
531.832153
532.046997
534.718628
537.556885
538.338745
537.043762
535.237183
534.792786
535.540955
535.854004
535.219299
534.709106
534.598450
534.601868
534.602112
535.088623
535.598816
535.467041
534.926819
535.004822
535.704773
535.638977
534.845703
534.838684
535.582764
535.924927
535.154480
533.983582
533.603760
534.053223
535.294983
536.468567
538.128357
538.958679
537.259216
533.666260
532.368225
534.913269
537.603149
536.910706
533.909302
532.706238
534.451538
536.433044
536.367554
535.211365
534.884094
535.283142
535.386902
535.140747
534.906494
534.682922
534.778748
535.322571
535.670166
535.176025
534.499878
534.872620
536.038635
536.204712
534.964661
534.044983
534.806030
536.090942
536.471619
535.857666
534.945923
534.690491
534.857788
534.461365
533.747437
534.527405
536.920410
538.951294
537.988708
534.483887
531.215027
531.098145
534.484924
537.968872
538.104370
535.328430
533.299072
534.415527
536.791016
536.897949
534.559814
533.123169
534.285400
535.959412
535.764893
534.384705
534.338135
535.857788
537.029114
536.700317
535.301575
534.409363
534.739624
535.426941
535.643250
535.492859
535.203735
534.785767
534.432129
534.805298
535.931641
536.391541
535.667114
534.889832
534.763794
534.925171
535.078064
535.212891
535.368042
535.214233
534.697388
534.549377
535.062988
535.404114
535.236206
535.325439
536.063599
536.275452
535.384399
534.328857
534.031189
535.051147
535.979797
535.478088
534.280884
534.262573
535.425964
536.040466
535.512024
535.037781
535.181763
535.266479
534.875549
534.807739
535.297424
535.570923
535.444397
535.453430
535.632202
535.267883
534.623779
534.591064
535.401184
535.655090
534.776855
534.033997
534.489136
535.564148
536.523865
536.946411
536.676941
535.612061
534.180420
533.282166
533.879456
535.629333
536.693237
536.009277
534.735474
534.812561
535.865906
535.996887
534.848145
534.183472
534.775513
535.400024
535.285767
534.998352
535.253479
535.412781
535.017517
534.672546
535.121704
535.557007
535.464600
535.344604
535.594604
535.549927
534.845947
534.062805
534.161133
535.107483
535.775513
535.304932
534.550415
534.781250
535.709167
535.901306
535.122070
534.538452
534.632507
534.428040
534.143188
535.071899
536.957886
538.249512
537.220886
534.889709
533.271057
532.921143
533.674072
535.126343
536.265808
536.175964
535.269958
534.978943
535.660950
536.179077
535.424316
534.184326
533.730469
534.257690
535.138123
535.332397
534.858826
534.857605
535.493225
535.694824
535.225159
534.991821
535.301697
535.439941
535.124573
534.905884
535.117920
535.209717
535.006836
535.207520
535.538147
534.828735
533.248657
533.330811
535.614197
538.924866
539.659058
536.414917
532.409546
530.865906
532.722656
536.347656
538.973999
538.944336
536.539734
533.998413
533.835571
535.845703
537.002380
535.629150
533.521362
533.682190
535.456238
535.940186
534.606262
533.840881
535.042969
536.521301
536.467957
535.305603
534.616028
534.730591
534.701599
534.215332
533.823914
534.666382
536.111267
537.896973
538.684998
536.853210
533.068909
530.997375
531.966919
534.806519
536.825806
537.439148
536.792358
536.034485
535.962036
535.929504
535.414307
534.909485
534.665283
534.366333
534.237793
534.654419
535.315979
535.456177
535.245850
535.453064
536.076538
536.027039
534.721741
533.533691
533.968994
536.157043
537.395447
536.248535
534.219727
533.355103
534.092163
536.047607
537.721680
537.723389
535.999329
533.610168
533.278076
535.607361
537.611694
536.479919
533.578796
532.800171
535.274719
537.324158
536.375671
534.129333
533.584351
534.793884
536.052124
536.138428
535.436279
534.655762
534.536133
535.327148
536.147827
535.640930
533.976562
533.408142
535.442322
537.394714
536.647583
534.400574
533.673279
535.116760
536.549133
536.413879
535.099182
534.313477
534.771423
535.507996
535.843689
535.672668
535.395630
535.224365
535.383301
535.635071
535.547974
534.822083
534.085632
534.442078
535.844971
536.280396
535.208679
534.196472
534.726440
535.700134
535.563232
535.053101
535.274292
535.872681
535.747803
535.066589
534.817139
534.995789
535.060303
534.912842
534.913330
535.429932
535.671997
535.280457
534.699707
534.901672
535.610779
535.390259
534.567566
534.431824
535.801697
536.398621
535.749695
534.891541
534.840027
535.084717
535.049805
534.965454
535.310669
535.563782
535.440125
535.162231
535.194641
535.330261
534.968567
534.618347
534.974121
535.861572
536.070190
535.454041
534.670776
534.910583
535.595032
535.804138
535.143738
535.003845
535.391846
535.545532
534.932434
534.683533
535.376526
535.762817
535.039368
534.400879
534.892395
535.823853
535.641663
534.780396
534.621277
535.191223
535.544312
535.398438
535.414368
535.472656
535.010376
534.692139
535.283813
536.037109
535.602173
534.351257
533.808960
534.464844
535.645020
535.975708
535.183105
534.331848
534.554321
535.466370
535.667236
535.255493
535.125000
535.015198
534.893372
535.351685
536.036438
535.574524
534.493896
534.327942
535.573730
536.313660
535.517456
534.523682
534.770386
535.585571
535.566101
534.867310
534.803345
535.495789
535.851135
535.216370
534.595398
534.674316
535.424683
535.847168
535.498779
535.185852
535.372498
535.336487
535.027771
535.157043
535.658936
535.446838
534.502136
534.400513
535.369202
536.031555
535.411133
534.513062
534.804321
535.626587
535.718201
535.116882
535.072266
535.502502
535.587097
534.886780
534.668945
535.255981
535.716064
535.326111
534.933167
535.052612
535.333435
535.064575
534.659485
535.132568
535.975525
535.741760
534.690430
534.333374
535.244873
535.937805
535.580872
534.981812
535.271118
535.865173
535.571228
534.849060
534.886719
535.512451
535.566345
534.953491
534.753540
535.185974
535.507263
535.382874
535.370056
535.560608
535.273926
534.417603
533.876099
534.392639
535.621521
536.089966
535.370972
534.771362
535.133240
535.584290
535.311707
535.048462
535.336914
535.440491
534.956116
534.813477
535.407471
535.705933
535.181335
534.636169
534.967773
535.675537
535.559387
535.041565
535.067749
535.707275
535.628174
534.833801
534.749939
535.643555
536.081177
535.410767
534.811340
535.156067
535.518799
535.349426
534.986145
535.246704
535.787659
535.701294
534.835388
534.361084
534.901062
535.620056
535.591187
535.191772
535.190674
535.554016
535.384094
535.130432
535.358154
535.790405
535.306396
534.667053
534.777893
535.569702
535.643921
535.138550
535.080627
535.460388
535.479675
534.985168
534.968445
535.475952
535.810242
535.618774
535.161865
535.010864
535.440918
535.613098
535.164062
534.839050
535.409424
535.913940
535.260620
534.551575
534.969788
535.922546
535.848145
534.988464
534.644226
534.972656
535.210327
535.203552
535.384094
535.631165
535.300293
534.846252
535.024475
535.773499
535.785583
534.963379
534.602539
535.397095
536.410889
536.441040
535.533325
534.831543
535.111572
535.485657
535.199341
534.630310
535.010437
535.761414
535.783386
535.115051
534.878967
535.421082
535.703735
535.426941
535.241699
535.288086
535.044067
534.624756
534.970337
535.754333
535.834106
535.193787
534.967285
535.428406
535.303040
534.662842
534.587830
535.684021
536.724792
536.642090
535.566895
534.719177
534.938782
535.470398
535.407532
534.987061
535.007751
535.186646
535.147339
535.145325
535.575745
535.842651
535.165466
534.546204
534.920410
535.886658
535.863342
535.012085
534.807617
535.433289
535.552246
534.909912
534.821777
535.449829
535.553406
535.005737
534.532776
535.124207
536.129822
536.475159
535.845215
534.920166
534.943481
535.504395
535.455261
535.055176
535.059265
535.200500
535.200073
535.330750
535.831665
536.097961
535.390991
534.599243
534.789978
535.524475
535.525818
535.093872
535.146362
535.514709
535.483093
534.666626
534.549866
535.502930
536.005920
535.133240
534.304504
534.732117
535.792969
535.942139
535.364502
534.959351
535.592651
536.480225
536.139587
534.926025
534.101624
534.244324
534.891724
535.442749
536.030579
536.117004
535.271362
534.509521
534.817993
535.677368
535.721191
534.908508
534.727966
535.414551
535.792847
535.356506
535.136047
535.170593
535.185791
534.914062
535.124390
535.967407
535.990295
534.882568
533.749329
533.898499
535.148499
535.974670
535.170532
534.248657
534.603943
535.660889
535.967285
535.482361
535.304199
535.359680
535.126099
534.860718
535.068909
535.687622
535.555054
534.620605
534.504700
535.594055
536.224243
535.400940
534.614197
534.843323
535.440002
535.466309
535.203430
535.315796
535.553101
535.389832
535.034790
534.940063
535.197510
535.480957
535.213013
534.928345
535.099365
535.564758
535.466248
535.106934
535.246460
535.389282
534.942871
534.352905
534.876831
536.117554
536.107117
534.908264
534.502319
535.472412
536.047485
535.254150
534.428833
534.894592
535.875244
535.986633
535.257935
534.830566
534.942871
535.405090
535.533142
535.686707
535.701050
535.310913
534.613464
534.522766
535.581543
536.423279
535.709778
534.443726
534.504456
535.770142
536.115723
535.248535
534.591858
535.069397
535.518250
535.041992
534.563965
534.897583
535.408752
535.410278
535.096863
535.172974
535.234863
535.020386
534.998779
535.479736
535.544373
534.857117
534.434509
534.938904
535.872375
536.386414
535.591187
534.351501
534.381104
535.576904
535.996948
535.143066
534.258240
534.775452
535.584106
535.604309
535.131226
534.941895
534.996765
535.135193
535.305359
535.344849
535.083130
534.859680
535.174683
535.756042
535.513123
534.597412
534.401917
535.511475
536.368774
535.640930
534.174988
534.145020
535.778687
536.943909
536.697998
535.408386
534.477051
534.678284
535.333008
535.541138
535.395081
535.165955
534.927795
534.995056
535.505493
535.990479
535.489441
534.473816
534.437927
535.507690
535.983154
535.212463
534.353088
534.766785
535.871582
535.915527
534.899536
534.383667
534.898315
535.498291
535.691284
535.836853
535.778931
535.381470
534.784241
