530.774353
530.774353
530.774353
530.765564
530.773560
530.783142
530.670837
530.635559
531.400879
533.866821
536.657837
537.992798
538.426575
540.094177
543.389343
545.817749
545.800354
544.293030
542.844910
541.365051
539.639709
538.505737
537.550049
535.844482
533.294250
531.176514
529.828064
528.302429
526.169373
524.430420
524.311829
525.530579
527.080627
528.794434
530.740540
532.626526
533.625488
533.833313
533.832214
535.226807
538.031128
540.847595
542.536194
543.650391
544.543640
544.577942
543.686279
542.675659
541.531250
539.815430
537.691406
536.058228
534.944824
533.564514
531.080566
528.362549
526.479126
525.553406
524.961365
524.743286
526.055237
528.342651
529.802063
530.535217
531.856628
534.193054
536.082336
536.675232
536.953735
538.467346
541.211121
543.730103
544.859802
544.941711
544.503235
543.267822
541.356873
539.790344
538.950317
537.864014
535.574036
533.063782
531.301575
529.907043
527.855713
525.792297
525.139282
525.498657
525.921814
526.534546
528.172302
530.660950
532.590881
533.190247
534.001160
535.945068
538.049438
539.368896
540.582031
542.249451
544.036804
544.643860
543.976440
543.311707
542.867920
541.944458
539.567749
537.106201
535.723572
534.853577
533.126465
530.820251
528.990234
527.434265
525.712708
524.590576
525.036865
526.759644
528.107483
528.835083
530.052917
532.270752
534.585205
535.737122
536.699158
538.695618
541.118042
542.441040
543.056519
543.926697
544.983032
544.951660
543.445129
541.726440
540.509827
539.401855
537.347107
535.119385
533.682495
532.525391
530.237122
527.477051
525.783569
525.571411
525.724609
525.564575
526.206665
528.292969
530.370850
531.670105
532.916931
534.345703
535.756836
537.452576
539.829041
542.519104
544.319641
544.752502
544.338745
543.922180
544.011902
543.609375
541.636963
539.285889
537.903137
536.992065
535.004944
532.457581
530.657104
529.588196
527.968567
525.767395
524.709045
525.440002
526.793335
527.889343
529.055115
530.601562
532.110413
533.391541
534.938232
537.044373
539.355530
540.950989
542.228210
543.828125
545.202087
545.028503
543.617554
542.321716
541.377625
540.649902
539.327881
537.860107
536.287964
534.194763
531.428162
529.055847
528.120361
527.457520
525.922913
524.203857
524.347229
526.647461
529.028198
530.283936
531.067017
532.458496
534.264771
535.821533
537.695007
540.258362
542.606201
543.802795
543.933472
544.088989
544.336487
543.624634
542.173889
540.828857
539.625000
538.455017
536.649170
534.497742
532.781250
531.241272
528.962646
526.448975
525.323975
525.789490
526.098450
525.883850
526.648132
529.078857
531.567810
532.647400
533.098755
534.571777
537.085327
539.439148
541.148621
542.513062
543.860840
544.539734
544.395752
543.568420
542.283508
540.556091
539.018250
538.320984
537.889648
536.644958
534.001343
531.222290
529.686829
528.967590
527.208130
524.582642
523.740234
525.704468
528.256775
529.180908
529.236938
530.242004
532.564941
534.676025
535.794189
537.004028
539.186157
541.779236
543.989624
545.178528
544.920410
543.556335
542.413513
541.986023
541.112122
538.584656
535.457886
533.730103
533.840515
534.258667
532.706848
529.122620
525.947021
525.095154
525.762695
526.260803
526.313599
527.124451
528.935608
530.705383
532.109253
533.421448
534.867920
536.469727
538.724670
541.482056
543.608154
544.413818
544.138367
544.065430
544.133850
542.764404
540.204407
538.214661
537.615295
536.783691
534.997070
532.798340
531.093201
529.531921
528.150391
526.670471
525.614136
525.379333
525.662476
526.432617
527.998291
530.146484
531.541809
532.174744
533.449219
535.828247
538.195435
539.729431
540.993164
543.136597
545.452271
545.641479
543.795898
541.866577
541.259705
540.730469
539.170166
537.008301
535.031311
533.309509
531.315796
529.435120
528.086914
527.164062
525.865112
524.417175
524.550049
526.406860
528.331116
528.891357
529.518738
531.514404
534.171448
535.724854
536.102905
537.508179
540.554321
543.510742
544.881836
544.725281
543.888489
542.753296
541.967224
541.604736
540.543579
537.898987
534.778687
533.097839
532.965942
531.863403
528.575073
525.087891
523.743713
524.470642
526.009766
526.730896
526.569824
527.189392
529.476990
531.651489
532.940369
534.072327
535.431335
537.174988
539.548340
542.075500
543.747070
544.061768
543.905640
543.735291
543.407715
541.897949
539.635986
538.188477
537.671753
536.337036
533.335693
530.293335
528.922607
528.477478
527.154236
525.466675
525.027100
525.698486
526.449463
527.258362
528.603149
530.572144
532.106018
532.813354
533.813965
536.034851
538.722290
540.648499
542.009705
543.692261
545.090088
544.906921
543.409302
541.816101
540.898926
539.939636
538.003540
535.789124
534.463501
533.125122
530.547546
527.734375
526.255554
525.948914
525.709961
525.439880
525.928406
527.474426
529.208557
530.807556
531.597900
531.992981
532.945068
534.996887
537.727173
540.438721
542.075928
542.412659
543.019348
544.725098
545.890015
544.283875
540.699097
538.315857
538.347656
538.694153
536.861206
533.389221
530.514526
529.115234
528.196838
526.818542
525.803284
525.459595
525.750488
526.933716
529.129822
531.716736
532.895264
532.629089
532.297729
533.720947
536.325928
538.525635
540.119507
541.894226
544.084961
545.084351
544.503296
543.221191
542.263672
541.264465
539.564697
537.636475
536.171631
535.112366
533.341492
530.993958
529.003906
527.485046
525.797852
524.220337
524.335083
526.170715
528.253967
529.955566
531.637573
533.023743
533.425659
533.148010
533.518127
536.108276
540.461853
543.430420
543.349976
542.336121
543.503357
545.659424
545.752747
542.819641
539.023682
536.873352
536.765808
536.973511
535.357422
531.777161
528.165955
526.527832
526.866272
527.060425
525.801575
524.502869
525.628113
529.112244
531.676514
532.097412
532.488098
534.260254
536.265686
537.766663
538.421204
539.325073
541.271729
543.821533
544.927307
544.415466
543.817139
542.956055
541.371216
539.452209
536.569763
532.600891
529.000977
528.316895
529.515564
529.583435
526.784241
523.337830
523.168945
526.505920
530.715210
533.217957
533.284973
532.658936
533.782837
536.814026
539.936218
541.127563
541.291077
542.695618
545.189758
545.538818
543.090820
540.482178
539.899963
540.796753
540.963013
539.109985
535.698608
532.630798
531.310181
530.646301
529.361267
527.462280
525.352478
523.744080
523.867859
526.809265
530.206116
532.288208
532.715637
532.284607
532.100830
533.638306
537.081665
540.999939
543.453552
543.447693
542.863220
543.447449
544.713379
544.389221
541.604126
538.702698
537.615295
537.694031
537.123047
535.562012
533.136597
530.953186
529.404907
527.923767
526.487549
525.887573
526.046387
526.403687
527.107605
528.149353
529.348633
530.821533
533.369324
536.812012
539.593994
539.364258
537.782227
538.679871
542.894531
546.543579
546.331116
543.380981
541.243652
540.868469
540.208557
538.300476
535.830200
534.026917
532.991516
532.138000
530.677917
528.650269
526.588074
525.145752
525.180298
526.654480
528.040344
528.411011
528.879211
530.815186
533.123413
534.323059
534.819458
536.479370
539.515930
541.504211
541.727722
542.617432
545.179382
547.590088
546.156067
540.992371
536.503052
536.143250
537.847473
537.880737
534.728699
530.674133
528.427979
528.435791
529.057129
528.544617
526.046021
523.685364
524.138916
527.462830
530.933105
531.757935
530.749146
531.394714
534.561401
537.534180
538.629272
539.028442
540.392029
542.445496
544.660461
546.102905
546.558411
545.129456
541.538025
537.743225
535.587830
534.796265
534.711853
534.603271
533.167297
529.955322
526.003723
523.547241
523.640564
525.511597
527.065552
526.964783
526.670471
528.116821
531.294861
533.622559
533.972656
534.240173
536.042053
538.921997
541.538025
543.148560
544.048889
544.339905
544.033630
543.300598
542.231628
540.402466
538.127258
536.719421
536.080078
535.101501
532.753296
529.925659
527.963196
527.188904
526.325500
525.337219
524.924194
525.668457
527.330444
528.648987
529.583069
530.842590
532.827148
534.942139
536.253479
537.628479
539.766785
541.956604
543.677917
544.758850
545.028381
543.746033
541.466309
540.098145
540.074036
539.833191
537.737732
534.687256
532.848694
532.100647
530.251709
527.224976
525.173523
525.102783
526.264343
527.307251
527.870117
528.471436
529.342346
530.029663
530.918945
532.763550
535.080139
536.952393
538.575195
540.618652
542.832825
543.654968
542.986633
542.872925
544.748779
545.007019
542.184448
538.474670
536.349060
536.056274
535.441528
532.965027
529.744568
527.807983
527.210938
526.862183
526.388062
525.910645
525.928040
527.434692
530.072083
532.348450
533.265259
533.294983
533.531921
535.068481
537.947083
540.262268
541.257324
542.249451
544.002869
544.941895
544.030701
542.447266
541.560913
540.912415
539.181274
536.812622
534.926392
533.649780
531.876099
530.051392
528.471252
526.977539
525.297241
524.104126
524.476990
527.350830
531.287964
533.768555
533.828064
532.824280
532.093567
532.328918
534.351196
538.237793
541.857666
542.754761
542.012207
542.866943
545.339722
546.184021
543.786194
540.362793
538.376587
537.945984
536.810852
534.509949
532.287354
530.778198
529.086731
526.966858
525.965881
526.151917
526.404602
526.659729
527.748413
529.756836
531.523926
532.596497
533.885742
535.526367
536.852295
537.663513
538.766479
540.659485
542.995911
544.414307
544.175842
543.558228
543.071838
542.155029
540.850708
539.076477
537.130554
535.432556
533.331970
531.316406
530.397034
529.317932
526.732056
524.392578
524.807678
527.048828
528.642334
529.082947
529.775940
531.428589
533.350525
534.564758
535.410767
537.233093
539.458191
541.087769
542.522644
544.016541
545.030701
544.759521
543.473511
541.919067
540.582886
539.411682
538.074341
536.856506
535.859863
534.087463
530.851501
528.150146
527.579834
527.660217
526.557861
524.944580
525.240112
527.949463
530.829285
531.989075
532.160339
533.176758
534.937866
536.746704
538.664490
541.122742
543.328979
544.284973
544.341553
544.197388
544.020386
543.179810
541.644531
540.324280
539.304626
537.866028
535.524719
533.494995
532.600830
531.678650
529.168762
525.936951
524.434998
525.359680
527.000916
528.041199
528.692505
529.783020
531.026978
532.218811
534.118835
536.496094
538.298401
539.420105
540.923584
543.221313
544.962708
545.344727
544.767822
543.788818
542.733337
541.231812
539.188782
537.836670
537.433167
536.521729
533.716187
530.303955
528.429382
528.080017
527.479919
526.005798
525.041748
525.710693
527.384338
529.301331
530.947998
531.997131
532.688965
534.039978
536.692627
540.044312
542.024841
542.251953
542.584473
543.916687
545.031494
544.455933
542.540588
540.999268
540.037659
539.266663
538.013062
536.288757
534.538391
532.578064
529.923950
527.727356
526.839539
526.643677
526.146606
525.553345
526.491028
528.544189
530.370361
531.351318
532.303772
534.007812
535.806763
537.310425
539.059143
541.598755
543.720398
544.405396
544.071411
543.733032
543.127136
541.868530
540.325562
539.291077
538.454834
537.366699
535.496155
533.562012
531.950745
529.998535
527.708008
525.985596
525.815979
526.538513
526.613770
526.551514
527.783630
530.575195
533.028442
533.799744
534.066040
535.418823
537.791382
540.324951
542.594604
544.308777
544.467224
543.497803
542.758972
542.677551
542.021729
539.854370
537.347473
535.941345
535.783813
535.422729
533.306580
530.212646
528.076660
527.213806
526.300842
525.228699
525.830200
528.417053
530.167725
529.961731
529.527893
530.333740
532.640991
535.562744
538.255615
540.217712
541.598938
542.472656
543.321350
544.382690
544.765747
543.310730
541.062988
539.845947
539.326904
537.875427
535.817871
534.704651
534.266479
532.883667
529.748779
526.767273
525.944824
526.524353
526.782776
526.368042
526.627014
528.207520
530.090454
531.594543
533.094849
534.598816
535.730042
537.103638
539.682434
542.771545
544.519470
544.198608
543.197144
542.783752
542.532104
541.381165
540.240051
539.191956
536.994019
533.998230
531.783630
531.200928
531.517944
530.885010
528.422729
525.523254
524.744202
526.195984
527.590698
528.115723
528.936340
530.589111
532.323059
533.450134
534.688782
536.674866
539.106445
541.175537
542.703491
543.917908
544.356567
544.055359
543.317566
542.308105
540.855103
538.707275
537.146851
536.312378
535.095764
532.370544
529.199646
527.633911
527.599854
527.546265
526.548401
525.268494
525.509949
527.200012
528.924438
530.231567
531.287354
532.635681
534.167480
535.706665
537.875549
540.715576
542.905518
543.685120
543.809937
544.285767
544.236511
542.915955
540.974548
539.723083
538.690063
536.858459
534.553284
532.580322
530.853577
528.713257
526.556335
525.649963
525.718628
525.964172
525.947998
526.110168
527.234131
529.202881
531.023743
532.047241
533.335632
535.534729
537.549500
538.907043
540.401062
542.622131
543.948914
543.274536
541.738159
540.941040
541.527100
542.790894
543.359985
541.477173
537.163879
532.481750
529.644287
528.600952
527.941956
526.346375
524.349365
524.347717
526.374207
527.928772
528.227295
528.363159
529.785461
532.107849
534.029053
535.190918
536.163940
537.731812
539.583862
541.522278
543.369873
544.793823
544.662476
543.233887
541.786194
541.062622
540.263733
538.279724
536.187256
534.991455
534.140991
531.862976
528.772644
526.864807
526.302002
525.899902
525.404663
525.913330
527.835632
529.735168
530.870789
531.444824
532.273743
533.584351
535.157959
536.914612
538.999390
541.197021
542.824890
543.677612
544.250732
544.918152
544.202820
541.760010
539.214661
538.168640
537.736145
536.160217
534.238403
532.873047
531.245728
528.328003
525.598083
525.035156
526.031189
526.933533
527.129517
527.772095
529.971985
532.299988
533.221497
533.353210
534.052307
535.865173
537.686523
539.274353
541.220825
543.443787
544.472656
543.857849
542.963196
542.701355
542.008789
540.143066
537.887146
536.799255
535.902832
534.061829
531.504761
529.533569
528.501221
527.139893
525.713806
525.441345
526.496521
527.767151
528.745117
529.922607
531.664429
533.652832
534.872009
535.172668
535.950684
537.946960
540.203613
542.170532
543.851868
544.834229
544.210449
542.608154
541.446716
540.993042
540.041260
537.488708
534.758301
533.632080
533.353027
531.650574
528.632568
526.562866
526.195557
526.476074
526.492676
526.893433
528.092346
529.616394
531.102966
532.766418
534.604248
536.044250
536.533630
537.038086
538.480530
541.238464
543.714111
544.732971
544.329773
543.581726
542.636475
541.403870
540.227234
539.189331
537.681152
535.346680
533.252380
531.913940
530.592834
528.379272
526.120422
525.604309
526.401794
527.112610
527.303406
527.967163
529.862976
532.092896
533.307922
534.332031
535.893372
537.740723
539.547913
541.820862
544.310974
545.553650
545.182800
543.672852
542.447021
542.148132
541.766541
540.189392
538.028015
536.191833
534.930481
533.187073
530.567566
528.422302
527.270203
526.419495
525.223572
525.160217
526.870605
528.788269
529.772522
530.467834
531.690735
533.658264
535.745605
537.438049
539.219055
540.637756
541.817688
543.691589
546.062134
546.742981
545.023987
542.117737
540.083557
539.637329
539.590393
538.040466
535.245789
533.055664
531.925781
530.471741
528.273621
526.563782
525.744202
525.376221
525.763611
527.512207
529.924011
531.130615
531.192993
531.965881
534.040405
536.170227
537.789734
539.713196
542.271423
544.008728
543.884949
542.929016
543.115662
544.068665
544.050415
542.122192
539.161560
537.210571
536.718689
536.043579
534.273804
531.580933
528.894531
526.848633
525.858521
526.085571
526.427795
526.563171
527.397156
529.379028
531.634827
532.740173
532.892334
534.047546
536.718933
539.466675
541.100586
542.183533
543.902588
545.109497
544.388062
542.415405
541.260681
541.226501
541.017151
539.769043
537.844421
535.824829
533.671204
531.533020
529.946289
529.001160
527.839111
526.154724
524.992859
525.537598
527.634827
529.273315
529.871887
530.935669
533.064575
534.918762
535.665955
536.606873
539.324402
542.356934
543.874573
543.905945
543.829773
543.640991
542.734802
541.263428
539.763733
538.547913
537.507141
536.541626
535.362671
534.029114
531.964417
529.160706
526.941467
526.372742
526.386597
525.812805
525.351501
526.780273
529.842224
531.995972
531.950134
531.980835
533.961914
537.089600
539.616028
541.030518
541.976379
543.007446
544.015625
544.471619
543.792603
542.009094
539.928833
538.651733
537.921814
536.881042
534.943909
532.988098
531.264465
530.336853
529.431702
527.552246
525.287903
524.828796
526.242676
527.645996
528.279602
529.483704
531.717163
533.700745
534.570740
535.137268
536.726379
539.382202
541.868713
543.446167
544.233154
544.290344
543.634521
542.708801
541.756165
540.224976
537.745300
535.551819
534.794800
534.556091
532.745789
529.628479
527.435913
526.497864
526.379272
526.279968
525.924500
526.006226
527.228699
529.042786
530.753357
532.373535
533.596252
534.330750
535.470886
537.845642
540.957336
542.780518
542.905701
543.170654
544.356812
544.761475
542.745911
539.716187
538.137085
538.435059
537.803833
534.963684
531.831238
530.058533
528.988647
527.884644
527.077881
526.291931
525.253906
524.802612
526.051941
528.830139
531.353760
532.256348
531.893982
532.711731
535.459961
538.224915
539.500305
540.224854
541.979126
544.299622
545.338196
544.344910
542.658386
541.228516
539.739441
538.409851
537.435669
536.115662
533.850647
531.299377
529.579712
528.633301
527.324524
525.443848
524.288147
524.756042
526.388245
527.672791
528.606812
530.322510
532.545959
533.860291
533.856567
534.392273
537.007629
540.373291
542.312195
542.883118
543.536011
544.325073
544.190186
542.576477
540.554749
539.334351
538.352905
537.056580
535.268127
533.255188
530.953125
529.104309
528.266357
527.200134
525.370178
524.260986
524.961914
526.885498
529.312195
530.705505
530.904663
531.390625
533.276611
535.462585
536.635254
537.724426
540.024048
542.762512
544.224609
544.110107
543.790100
543.414124
542.178284
540.125854
538.279846
537.155457
535.960876
534.431519
532.897217
531.007019
528.433899
526.279236
525.788513
526.142029
526.189575
526.427490
527.713806
529.572815
531.176758
532.347778
532.717712
533.263428
535.215576
537.870605
539.778076
540.787903
542.257751
544.018982
544.767578
543.855286
542.193176
540.831055
539.672791
538.515076
537.354431
535.686584
533.169128
530.942932
529.914612
529.250427
527.499084
525.211914
524.572632
526.254395
528.476013
529.795593
530.486877
531.240295
532.218079
533.475464
534.649109
536.023743
538.108765
540.543945
542.328613
543.411499
544.046875
544.083984
543.317749
542.229126
541.010620
539.357666
537.055969
535.093811
534.414124
533.793579
531.349182
527.787659
525.926025
526.104675
526.454529
526.148254
526.340332
528.166870
530.423218
531.729797
532.402771
533.535828
535.064514
536.215881
537.291382
538.763000
540.892456
542.866211
543.868225
543.985596
543.887939
543.290283
541.357056
539.179749
538.014221
537.510376
536.126648
533.745728
531.684021
530.278442
528.743164
526.610962
525.155151
525.566284
526.847473
527.745728
528.733398
530.539673
532.471191
533.405457
533.986511
535.305908
537.286682
538.863342
540.258972
541.727173
543.516663
544.542236
544.073914
542.731689
541.726257
541.083374
539.590515
537.514954
536.094116
535.087097
533.570679
531.131531
528.990417
527.741028
526.649414
525.663879
525.542542
526.816467
528.363281
529.515625
530.899780
532.707703
534.149902
534.865295
536.063293
538.696289
541.731323
543.497009
543.631287
543.223938
543.536011
544.072205
543.450012
541.724976
539.978760
538.994446
537.676514
535.661621
533.754211
532.294678
530.385803
528.025513
526.501526
526.197937
526.272339
526.413330
527.307190
529.206787
530.913513
531.787842
532.580261
534.293335
536.274536
537.629211
538.956848
541.180725
543.814697
545.257202
545.102905
544.120300
543.385132
542.688782
541.076416
539.144409
537.810364
537.011780
535.624023
533.401428
531.238159
529.560547
527.820740
526.028870
525.353516
526.250366
527.363525
528.095276
529.280640
531.053101
532.423523
533.312805
534.563110
536.675110
539.201538
540.979126
542.116333
543.525757
544.782471
544.389709
542.763184
541.586060
541.077759
540.529175
539.156555
537.339661
535.914917
534.710632
532.875977
530.090210
527.820068
526.845459
526.331482
525.749573
525.816101
527.090820
528.958069
530.465149
531.820251
533.078552
534.052673
534.788269
536.432678
539.475891
542.334839
543.569702
543.536194
543.750854
543.996948
542.898010
540.542175
538.619873
538.143616
538.350891
537.798828
535.686279
533.321655
531.569580
530.145447
528.263916
526.384949
525.351318
525.202942
526.016846
527.985901
530.274048
531.449890
531.355652
532.105164
534.713745
537.323303
538.317078
539.058472
541.344116
544.236816
545.380859
544.199402
542.431152
541.497742
540.633972
539.129272
537.675964
536.780518
535.969604
534.834045
533.189453
531.190002
528.770325
526.594604
525.348328
525.548096
526.536621
527.148193
527.676636
529.419556
532.160217
533.976929
533.955383
534.081909
536.314148
539.665771
541.952209
542.624817
543.030029
543.961792
544.327698
543.309204
541.212219
539.250366
537.647949
536.341370
535.648865
535.580261
534.858215
532.515686
529.387817
527.661743
527.072510
526.340698
525.454285
525.636047
527.447388
529.689453
530.951660
531.569458
532.762695
534.519409
535.991211
537.566162
539.783630
542.067139
543.494446
544.008728
544.155701
543.616638
541.880310
539.771240
538.541931
537.970398
536.553284
534.104675
532.122864
531.372681
531.147217
530.163818
528.022461
526.154480
525.607239
526.031982
526.777588
528.177063
530.053528
531.635132
532.245361
532.898804
534.796021
537.249023
539.140930
540.350464
541.992981
544.050354
544.881958
544.171692
542.762695
541.249023
539.619812
538.148438
537.285034
536.269348
534.372986
531.739502
529.686340
528.637146
527.991577
526.902100
525.720093
525.637329
526.851562
528.115540
528.803040
530.147034
532.287903
533.987122
534.287109
534.691589
536.914429
540.169983
542.244629
542.558044
542.976379
543.941528
544.242676
542.817505
540.563477
538.586731
537.146057
535.996033
534.811890
533.409607
531.645996
529.485352
527.887695
526.858459
526.041870
525.444580
525.364746
526.481567
528.748047
530.615112
531.141724
531.771851
533.602051
535.646912
536.590149
537.538147
539.875916
542.926086
544.540710
543.965149
543.007507
542.721741
542.119751
540.362732
538.198059
536.640076
535.493958
534.397644
533.015259
531.035339
528.515930
526.369080
525.734497
526.556335
527.254211
527.015747
526.560059
527.650879
530.379700
532.778381
533.265747
533.210144
534.620422
537.330078
539.705383
541.229858
542.597290
543.723938
543.660339
542.622253
541.807800
541.371826
540.053833
537.887085
536.215271
535.150024
533.777466
531.480225
529.322571
527.795898
526.835144
526.118713
526.230042
527.423340
528.735229
529.322266
529.620544
530.626343
532.488525
534.176147
534.698914
535.202820
537.430420
540.381592
542.412415
543.338745
543.945862
544.045959
543.013977
541.425598
540.072083
539.098511
537.527283
535.387573
533.911438
533.021912
531.390198
528.802124
527.024902
526.451965
526.337280
526.369690
526.885925
528.401611
530.370361
531.546387
531.839172
532.369690
533.913574
535.847778
537.089050
538.449097
540.685486
543.006042
543.802917
543.301025
542.861511
542.492065
541.275513
539.397583
538.034302
537.287720
535.993408
533.895630
531.759521
529.894104
528.197510
526.401245
525.769653
526.590515
527.486267
527.875793
528.820068
530.914673
532.871277
533.275452
532.731506
533.105713
535.310547
538.303528
540.473633
541.668396
542.875610
543.831421
543.662598
542.614685
541.652039
540.785217
539.230652
537.254028
535.877014
535.123779
533.805542
531.290039
528.960388
527.670288
526.572205
525.518860
525.580261
527.381775
529.454651
530.295288
530.854736
532.282471
534.290344
535.396851
535.518555
536.195007
538.364624
541.011719
542.848267
543.748535
544.223633
544.166016
542.730042
540.759827
539.118103
538.250854
537.203979
535.484985
533.862305
532.385498
530.439697
527.989014
526.439758
526.215332
526.391479
526.690308
527.670471
529.603149
531.455017
532.156311
532.733887
534.357544
536.266174
537.591736
538.832153
540.459412
542.162781
543.813049
544.442871
543.738281
542.535889
541.624023
540.537598
538.825623
537.277039
536.142700
534.920471
533.401062
531.799561
529.880554
527.716614
525.810181
525.431885
526.480957
527.642822
528.306091
529.505066
531.836670
533.525085
533.829468
534.132629
536.015076
538.848206
540.935486
541.856934
542.493591
543.217590
543.919617
543.779968
542.691650
541.210327
539.819519
538.473206
536.918152
535.588562
534.561707
532.902222
530.246948
528.367004
527.535034
526.591064
525.549316
525.796875
527.819031
530.042297
531.180969
531.780640
532.927979
534.606140
535.954102
537.193176
539.135925
541.385864
542.861511
543.312439
543.829712
544.410645
544.035278
542.295959
540.301208
539.042053
538.227112
536.660339
534.567078
532.970520
531.863770
530.381836
527.970642
525.966431
525.761902
526.661926
527.441772
528.158997
529.597595
531.445435
532.679443
533.710449
535.178406
536.634766
538.183105
540.281128
542.831238
544.402466
543.985718
542.655273
542.482239
543.429504
543.355713
541.191406
538.131287
536.096680
535.566833
534.895264
532.768677
530.098877
528.208191
527.087341
526.158569
525.890320
526.527344
527.596802
528.731262
530.337891
532.429932
533.756287
534.164551
534.910645
537.072693
539.829407
541.376892
542.094421
543.260559
544.286865
543.570801
541.411804
539.752014
539.519165
539.730835
539.025330
537.054626
534.936401
533.336609
531.640076
529.502014
527.858826
526.802612
525.939697
525.639038
526.742615
528.794556
530.470276
531.124451
531.851440
533.716248
535.588684
536.342407
537.233398
539.775452
542.560120
543.877808
543.808533
543.467590
543.102844
541.711975
539.615417
537.934387
537.463867
537.359192
536.445190
534.446472
532.647583
531.113403
529.318970
527.061218
525.622681
525.935791
526.883972
527.528259
528.503296
530.379272
532.189209
532.895569
533.510315
535.034424
537.293274
539.297424
540.968994
542.792603
544.052917
543.938538
542.815674
541.885071
541.258911
539.830994
537.531555
535.740967
535.319763
535.184082
533.473389
531.325439
529.148315
527.545715
526.450439
526.023926
526.504150
527.485657
528.533691
529.481079
530.834534
532.696533
533.906921
534.220398
535.117432
537.808655
541.016907
542.904907
543.416016
543.647034
543.663147
542.986938
541.130249
539.405334
538.400879
537.505066
535.959290
534.479797
533.200195
531.426941
529.253967
527.927185
527.387146
527.041870
526.362061
526.014282
527.025024
529.187012
531.080261
531.792297
532.321533
533.748352
535.637390
537.138855
538.594788
540.604431
542.814819
544.210449
544.379578
543.478943
541.935669
540.097900
538.834717
538.311279
537.500549
535.752991
533.398499
531.750916
530.516724
528.706421
526.240173
524.590149
524.767639
526.311340
527.646484
528.300110
529.219360
531.126343
532.841675
533.577698
534.239868
535.844055
538.019287
539.771423
541.445374
543.476013
544.522156
543.712646
542.036133
540.857666
540.185730
539.051453
537.429199
536.057434
535.167664
533.556580
530.838196
528.706787
527.736389
527.041748
525.846252
524.845276
525.307739
527.337769
529.507080
530.899902
531.762390
532.616150
533.501953
534.577698
536.413818
539.005676
541.235596
542.226196
542.888794
543.910828
544.249512
542.747498
540.309937
538.804993
538.173279
537.137939
535.359985
533.818604
532.594482
530.563538
527.805420
526.036499
525.935242
526.483032
526.797546
527.540039
528.837830
530.223755
531.497803
532.244507
532.956421
534.283264
535.758606
537.173462
539.081421
541.551636
543.642944
544.216309
543.492310
542.613403
541.846436
540.303223
538.551697
537.576721
536.989197
535.296570
532.770508
530.675476
529.361267
527.994324
526.221680
525.303711
526.197754
527.872864
529.186768
530.237366
531.328064
532.141418
532.718079
533.214172
534.357788
536.299500
538.450317
540.153259
541.642578
543.494263
544.460938
543.732117
541.763794
540.254456
539.538025
538.432495
536.742798
535.361084
534.553284
532.957153
530.306274
528.354553
527.213989
526.237976
525.557617
526.142944
528.018311
529.883240
531.107361
531.921692
532.968750
534.113953
534.805603
535.419250
536.727417
539.284607
541.980469
543.455017
543.625366
543.748230
543.576782
542.068787
539.892456
538.537048
537.899353
536.614807
534.689087
533.129944
531.896545
530.139465
527.824402
526.371338
526.275513
526.551880
527.036316
528.362488
530.465759
532.223633
532.688110
532.958801
534.216980
535.937439
537.077271
537.977966
539.389404
541.786255
543.855835
544.207825
543.288086
542.290771
541.325562
539.597107
537.755188
536.705261
536.091797
534.668213
532.500244
530.694763
529.244141
527.671265
525.942078
525.357544
526.479187
528.084839
529.329041
530.586121
532.159607
533.220337
533.564880
534.620911
537.279907
540.169250
541.411011
541.503296
541.918579
543.314941
544.291687
543.755737
541.998413
540.105591
538.833069
537.503601
536.276733
535.066650
533.695618
531.508423
529.080505
527.793213
527.179626
526.408875
525.582642
526.286316
528.415344
530.571350
531.596863
532.411804
533.857056
535.146545
536.107483
537.680908
540.249268
542.339844
543.102905
543.246948
543.529724
543.764526
543.249268
541.814758
540.083374
538.700623
537.432678
535.820251
534.020020
532.685364
531.347473
529.417725
527.007080
525.839661
526.200073
526.779907
527.223389
528.580444
530.872070
532.681030
533.318237
533.920288
535.374146
537.140076
538.780212
540.533997
542.651367
544.122925
544.251221
543.593445
542.779175
542.224243
541.271057
539.460693
537.515503
536.281311
535.579224
534.306824
531.965149
529.712036
528.254761
526.997070
525.820557
525.747803
527.048279
528.486572
529.525696
531.039185
532.633972
533.477112
533.855713
535.316528
538.158936
540.869812
542.261841
542.864502
543.568665
543.826843
543.219116
542.086975
541.006348
539.894409
538.776855
537.263306
535.567993
534.412659
533.318604
531.120667
528.367065
526.767395
526.336731
526.196167
526.338623
527.309937
529.244141
531.002441
531.938354
532.836243
534.247131
535.493774
536.399231
538.206116
540.895020
542.955750
543.525330
543.280884
543.179565
542.681885
540.918213
538.823120
537.807617
537.656006
537.317749
535.704834
533.564819
531.830627
530.400085
528.652466
526.639709
525.849182
526.309570
526.973145
527.864014
529.495361
531.572876
532.835632
533.258667
533.953979
535.677979
537.938416
539.830078
541.495667
543.287354
544.138550
543.480164
542.414368
541.820862
540.755005
538.766541
536.822693
535.939453
535.747559
535.097839
533.276001
530.823486
528.998352
527.774841
526.560852
525.529541
525.891846
527.713928
529.454041
530.391235
531.223938
532.606567
533.970947
534.880859
536.231079
538.730408
541.163757
542.469421
543.002930
543.512146
543.553162
542.469482
540.737488
539.500854
538.600708
537.071167
535.091736
534.041077
533.854919
533.183594
530.884705
528.123718
526.680420
526.604675
526.631104
526.702820
527.694824
529.674133
531.402954
532.277100
533.086853
534.398926
535.654602
536.947266
538.887390
541.513245
543.381958
543.655090
543.060181
542.867737
542.411316
540.565857
538.303772
537.265869
536.974304
535.627808
533.311523
531.367981
530.303772
529.411194
527.795349
526.028320
525.602722
526.543274
527.536499
528.642395
530.407104
532.348938
533.281006
533.311096
534.061768
536.245972
538.938110
540.670288
541.738464
542.954041
543.823853
543.683533
542.551208
541.223694
539.517822
537.700195
536.452942
535.885681
535.023987
532.823975
529.971436
528.154785
527.521545
527.296692
526.662292
525.876221
526.285461
528.093079
529.870239
531.092651
532.364014
533.617554
534.065369
534.307251
535.890625
539.136047
542.090698
543.193359
543.215698
543.443787
543.302856
542.042236
540.228088
538.995178
538.077393
536.574463
534.874634
533.554688
532.294434
530.203003
527.855957
526.463318
526.236938
526.336121
526.303467
526.572815
527.964661
530.188354
532.034241
532.752808
533.380676
534.551270
535.902466
537.521606
539.925476
542.529907
543.909668
543.755005
543.241333
543.028259
542.100830
539.750244
537.507568
536.693176
536.216064
534.795410
532.916382
531.231384
529.544128
527.549316
525.634583
525.131592
526.373535
527.847656
528.588867
529.163330
530.397217
532.062317
533.236389
533.972656
535.206604
537.070435
538.947144
540.594116
542.465454
544.182617
544.427856
543.028198
541.520630
540.947693
540.015320
537.716370
535.540771
534.718872
534.258789
532.612122
529.871826
527.788391
526.802185
526.560913
526.406799
526.632751
527.925659
529.657837
531.061462
531.858093
532.586365
533.366211
534.143982
535.362244
537.724487
540.602417
542.208435
542.198120
542.466003
543.838928
545.182495
542.909058
539.887756
538.165100
536.712280
535.325623
534.633728
533.497009
530.797119
528.398438
527.724548
527.815979
527.210266
525.828613
525.920837
528.442993
531.769165
533.488464
532.882629
531.516907
531.721375
534.231140
537.593201
539.731445
540.625000
541.562988
542.893005
543.848450
544.183472
543.367432
541.173340
538.888062
537.372375
536.954346
535.990906
533.787354
531.309448
529.709473
528.947815
527.604370
525.691345
525.378967
526.874634
528.156616
528.895081
530.593750
533.064148
534.245239
533.804443
533.323059
534.263672
536.959167
540.030945
542.455139
543.748108
543.984070
543.362671
542.180725
541.260376
540.761169
539.584778
537.233337
535.282654
534.718994
534.196594
531.943909
528.832520
526.870117
526.136169
525.953857
526.258728
527.287476
528.673035
530.001526
531.361145
533.025452
534.656311
535.573242
535.666687
536.281067
538.094604
541.027344
543.086792
543.272766
542.955017
543.128601
542.889954
541.512756
539.616150
538.167419
537.033386
535.346924
533.630859
532.276062
530.773376
528.416809
526.247070
525.839478
526.798584
527.502319
527.763367
528.934692
531.058411
532.587219
533.297485
534.019165
535.257385
536.818726
538.942566
541.492554
543.860596
544.819580
544.338501
543.137085
542.442566
542.331848
541.219360
538.944519
537.159058
536.795410
535.886169
533.375000
530.619751
529.032166
528.263855
526.855408
525.227295
525.289795
527.384949
529.571411
530.476929
530.943604
531.972839
533.303772
534.805115
536.452515
538.425598
540.199768
542.080750
544.183289
545.691345
545.598328
543.763184
541.422546
540.524231
540.516479
539.299622
536.684509
534.678772
534.066284
533.178589
530.806152
528.016418
526.508789
526.279297
526.433411
526.681824
527.696472
529.676880
531.263977
532.039490
532.825684
534.168640
535.348816
536.582886
538.988220
542.057678
543.744568
543.614746
542.913818
542.961975
542.998047
542.328247
540.720154
538.943237
537.520081
536.279785
534.964600
533.941467
532.606628
530.334290
527.472412
525.350159
525.179993
526.043884
526.754089
528.011292
530.107239
532.007324
532.360718
532.422180
533.805847
536.246216
538.393127
539.793518
541.356079
543.362854
544.611267
544.037781
542.514221
541.572754
541.218506
540.481079
538.770630
536.944702
535.919128
534.848694
532.634766
530.214050
528.591064
527.354614
525.837036
524.972107
526.017029
527.984375
529.459839
530.355347
531.623169
533.171387
534.098633
534.671814
535.951355
538.743835
541.643921
543.623413
544.509033
544.334229
542.996033
541.299622
540.378235
539.799744
538.278015
536.119385
534.681946
534.222961
534.302612
533.320618
530.581665
527.634644
526.109192
525.921997
525.938293
526.445557
527.856750
529.980042
531.605042
532.440979
533.397400
534.731079
536.086914
537.682373
539.899902
542.342590
543.640991
543.777222
543.573853
543.370911
542.252197
540.189514
538.314880
537.253479
536.336426
535.118286
534.087280
532.999878
531.390198
529.036743
526.532349
525.332275
525.859558
526.683533
526.838989
527.549438
529.865723
532.552673
533.643066
533.510559
534.315918
536.624512
539.024353
540.830322
542.544922
544.159241
544.602600
543.739746
542.307129
540.737244
538.935852
537.382874
536.463440
535.759583
534.319519
531.615173
529.163025
528.332764
528.466187
527.884583
525.936035
524.639771
525.927185
528.601196
530.354370
531.119568
531.873596
533.287964
534.614258
535.679810
537.182434
539.410645
541.439087
542.653442
543.477417
544.104370
543.646729
541.845337
539.901733
538.882812
537.823059
536.117554
534.620605
533.624329
531.992554
529.152771
526.652161
525.759399
526.095215
526.605286
526.506836
526.553284
527.840027
530.249573
532.124939
532.974365
533.724426
534.889221
536.179321
538.082764
540.804382
543.167358
543.798462
543.214905
543.109070
543.368958
542.096680
539.515076
537.585876
536.925110
536.055725
533.848572
531.604797
530.174744
528.922791
526.946655
525.076172
524.687622
525.587341
526.996277
527.878174
528.964233
530.635315
532.372742
533.319580
534.301697
535.819824
537.624878
539.206726
540.773560
543.008423
544.640930
544.316101
542.711060
541.238037
540.539307
539.172546
537.202515
535.689026
535.080200
534.037720
531.585815
529.095947
527.637756
526.687866
525.947998
525.528870
526.129517
527.387146
529.082397
530.494141
531.733765
532.856384
533.716736
534.279785
535.515015
537.930298
540.912354
543.179138
543.849731
543.410889
542.971252
542.308105
541.599365
540.709534
539.175476
536.719299
534.701172
533.978088
533.357544
531.213867
527.752625
525.497864
525.721741
526.741760
526.850525
527.094482
528.977051
531.619934
532.912231
532.843506
532.846130
533.464111
535.524109
537.635620
539.580505
541.540649
543.211243
543.807556
543.459351
542.855591
541.992859
540.563416
538.663879
537.209473
536.537842
535.536560
533.458984
531.370605
529.833191
528.242554
526.332703
525.490051
526.326477
527.573669
528.271729
529.666077
531.770264
533.440430
533.877808
533.631592
533.975342
535.860474
538.787354
540.932007
541.903687
542.796753
543.753418
543.656494
542.652771
541.291382
540.006897
538.377197
536.830444
535.762573
534.731995
533.032043
530.419861
528.448975
527.101868
526.308655
525.639771
525.895569
527.510437
529.561157
530.886108
531.908081
533.528076
535.197693
535.558228
535.352051
536.085510
538.731506
541.904175
543.726807
543.858704
543.795532
543.679382
542.581726
540.503235
538.602417
537.507324
536.380859
534.817383
533.450012
531.760193
529.841553
527.757141
526.441528
526.042358
526.084473
526.684937
528.265137
530.559021
532.205872
532.588867
532.810486
534.231384
536.443115
537.812012
538.310608
539.313110
541.589600
543.983643
544.372375
543.031311
542.492310
541.767639
540.297180
538.048218
536.427673
536.139282
535.432068
533.400635
530.513306
528.419800
527.089417
526.111206
525.790405
526.562073
527.834229
529.006042
530.538147
532.148682
533.029419
533.166931
534.042480
536.833130
540.101318
542.030212
542.200928
541.991821
542.983398
544.540771
544.674866
542.887634
540.463196
538.849915
537.868042
536.730408
535.378418
534.000610
532.050293
529.626099
527.936035
526.776062
525.665955
525.205322
526.589233
529.299927
530.970947
531.022278
531.386108
533.425293
535.682495
536.827515
537.331055
538.959717
541.844788
544.094971
544.434326
543.787903
543.141113
542.867920
541.998901
540.339661
538.528870
536.898376
535.351746
534.421509
533.741699
531.930542
528.970520
526.322571
525.805664
526.871643
527.280212
527.031982
527.714722
530.325439
533.147644
533.811951
533.375488
534.000366
536.396301
538.879028
540.798340
542.359619
543.398132
543.529419
542.964172
542.735229
542.678772
541.665894
539.271484
537.106750
536.540405
536.477783
534.956482
531.850342
529.202881
528.039978
527.292236
526.048401
525.106201
525.613831
527.470520
529.654419
531.451416
532.616943
533.335205
534.032104
535.526245
538.181702
540.607300
541.843384
542.804138
544.126953
544.529602
543.125732
540.789551
539.134033
538.840698
538.933411
537.945801
535.770264
534.023254
533.181885
531.929932
529.435120
527.299377
526.474609
526.143799
526.043396
526.787598
528.686768
530.704346
531.893738
532.714355
533.883850
535.193237
536.245422
537.929565
540.515381
542.633606
543.402405
543.236450
543.265625
543.082031
541.259399
538.882263
537.437439
537.576172
537.456543
536.056519
533.996582
532.274963
530.689148
528.884521
526.747498
525.503052
525.616211
526.397827
527.485901
529.072510
531.176025
532.473389
532.911438
533.738403
535.640747
537.936768
539.586670
541.095215
542.997314
544.342407
544.258484
543.030823
541.778015
540.545410
538.812683
536.847534
535.729126
535.639038
535.470764
534.071472
531.410034
529.027771
527.585144
526.539795
525.548096
525.650391
526.998657
528.532471
529.872803
531.614746
533.470764
534.257568
534.094421
535.031555
538.199402
541.546692
542.859985
542.857971
543.215576
543.826111
543.282288
541.314819
539.297241
537.923523
536.763123
535.346985
534.208069
533.495178
532.665955
530.873962
528.414246
526.759460
526.286499
526.472900
527.041321
528.053284
529.414795
530.796753
531.654541
532.906067
534.596619
535.845032
536.604126
538.360596
541.349854
543.641296
543.978943
543.200500
542.682068
542.249634
540.736084
538.717041
537.327637
536.713867
535.484497
533.027466
530.816467
529.589783
529.115540
528.101624
526.355591
525.496948
526.125977
527.248779
528.265076
529.767517
531.727295
532.912476
533.151489
534.097900
536.345154
538.876770
540.418640
541.677307
543.251709
544.469238
544.168274
542.473511
540.856140
539.635132
538.223877
536.757263
535.673035
534.752625
533.032410
530.435242
528.477234
527.637146
527.251404
526.528076
525.664062
526.079224
528.061218
530.176208
531.281067
531.856384
532.835205
533.801636
534.681458
536.364319
539.099487
541.664917
543.001587
543.485718
543.893005
543.700378
542.141113
540.013855
538.729614
538.184326
537.034180
535.069763
533.423889
532.108459
530.167542
527.695496
526.074768
525.804199
526.019714
526.123535
526.612488
528.140991
530.250000
531.930908
532.534424
533.042908
534.360291
535.986145
537.567444
539.584595
542.086365
543.991272
544.359070
543.560852
542.676819
541.807617
539.994873
537.802795
536.537964
536.085205
534.941833
532.658813
530.570068
529.229858
527.836365
526.112244
525.362244
526.220764
527.613831
528.539917
529.323303
530.737610
532.402405
533.261169
533.370422
534.268921
536.636658
539.419128
541.139954
542.122559
543.452148
544.236206
543.473633
541.845032
540.660400
539.813599
538.265869
536.315552
534.779236
533.817749
532.266174
529.829102
527.921204
526.784729
526.064941
525.572449
526.373352
528.536621
530.415222
531.237183
531.511780
532.117065
533.357300
534.567627
535.440186
536.771118
539.183594
541.969177
543.660767
543.839600
543.336060
542.591858
541.344604
539.862549
538.679443
537.435852
535.576294
533.816101
532.933960
531.809448
529.537476
526.815002
525.629639
526.139465
527.016357
527.470886
528.484131
530.526672
532.541809
533.078857
532.874207
533.193542
534.666870
536.701782
538.770020
540.741211
542.687866
543.901184
543.810120
542.962280
542.067505
541.065308
539.240417
537.173584
535.997437
535.498657
534.301025
532.083008
530.127319
528.703613
527.356506
526.028503
525.791748
526.943359
528.407349
529.668701
531.068237
532.674194
533.870239
534.298523
534.779358
536.072388
537.902100
540.065125
541.518066
542.426758
543.364319
544.068604
543.473206
541.723328
540.079529
538.961609
537.810486
536.562439
535.251831
533.565063
531.352600
529.075195
527.583313
526.863281
526.273010
525.865295
526.655701
529.042114
531.409729
532.123596
532.307190
533.378235
535.163330
536.777405
538.375488
540.161377
541.708008
543.024170
543.703918
543.625732
543.539612
543.068237
541.224487
538.804565
537.470154
537.084045
536.092346
534.030457
531.966431
530.361511
528.887207
527.030518
525.727905
525.951721
526.940735
528.110657
529.616394
531.334961
532.489319
532.857910
533.758606
535.585632
537.676758
539.246521
540.802979
542.793091
544.382324
544.711914
543.810181
542.406189
541.278259
540.441284
539.243286
537.506958
536.094543
535.235168
533.781494
531.351746
529.170349
527.893616
526.933044
526.078918
526.004211
526.966980
528.302002
529.693787
531.512390
533.277710
534.041199
534.196716
535.453979
538.457825
541.420166
542.901550
543.144775
543.454529
544.112671
544.315369
543.363770
541.304016
539.299805
538.074219
536.963745
535.527527
534.094543
532.608398
530.537109
528.083130
526.550781
526.273987
526.321045
526.300476
527.094910
529.040833
531.088806
532.195435
533.029358
534.417358
535.854553
536.962036
538.594055
541.198608
543.364014
543.808655
543.176147
542.866272
542.634399
541.573120
539.969238
538.181641
537.163635
536.535889
535.274719
533.302795
531.393677
529.927429
528.393738
526.717224
525.678467
525.893555
526.549072
527.545532
529.378723
531.830688
533.273254
533.485596
534.025391
535.903442
538.429199
540.276733
541.379761
542.607422
543.766479
543.848083
542.612671
541.163696
540.183594
539.215942
538.072754
536.607239
535.474487
534.872742
533.668701
531.150146
528.686096
527.005310
526.002808
525.706360
526.410217
528.050720
529.493042
530.323975
531.287231
533.032288
534.611145
535.143982
536.194275
538.837830
541.812439
543.256042
543.397095
543.552734
543.612122
542.518188
540.458984
538.882019
538.095947
537.001892
535.441833
534.171631
533.103455
531.938293
530.261292
528.243225
526.789307
526.377747
526.369629
526.520447
527.864807
530.347290
532.293091
532.735352
532.827881
534.291443
536.357666
538.120911
539.833191
541.835510
543.269653
543.368408
542.748108
542.408630
541.968384
540.203491
537.923157
536.549438
536.115662
535.445251
534.062378
532.482910
530.678406
528.998169
527.568604
526.310852
525.908081
526.568542
527.533447
528.371155
529.743835
531.674988
533.060486
533.627258
534.537048
536.539062
539.053894
540.913818
542.200439
543.403137
544.233765
543.669739
541.993347
540.481934
539.553467
538.267456
536.511108
534.988220
533.928040
532.171143
529.500732
527.604858
527.088623
527.084900
526.446167
525.687439
525.912903
527.882690
530.276428
531.590820
532.119995
532.906616
534.345215
535.784790
537.619141
540.025330
542.056091
542.997681
543.011475
543.306030
543.383667
541.931091
539.559631
537.998535
537.376892
536.357300
534.718628
533.139221
531.537354
529.581177
527.493225
526.068481
525.817139
526.385803
527.029846
527.318237
528.092773
530.002441
531.989319
532.901917
533.324707
534.645752
536.581421
538.264893
540.036743
542.256348
543.879089
543.830750
542.830017
542.087036
541.410095
539.881775
537.730103
536.513184
535.928589
534.682617
532.321045
529.862122
528.221558
527.185547
526.219299
525.617493
526.009888
526.892822
528.017822
529.157959
530.768005
532.400330
533.385376
533.659973
534.801147
537.445007
540.196777
541.708008
542.333008
543.132507
543.816040
543.277100
541.682068
540.020935
538.826904
537.442200
535.812805
534.714111
533.931396
532.152161
529.262207
527.132629
526.339233
526.070740
525.983032
526.303589
527.683167
529.362122
530.916626
531.642822
532.209595
533.558594
535.074036
536.233887
537.752808
540.027222
542.489502
543.916260
543.838928
543.162537
542.214966
540.862610
539.436462
538.365540
537.332764
535.510010
533.639709
532.567078
531.438538
529.344299
526.574890
525.335571
526.109314
527.274719
527.789307
528.654297
530.804932
532.955383
533.734497
533.376526
533.203125
534.638855
537.392883
539.767090
541.002441
542.111511
543.516052
544.117920
543.447937
542.027283
540.257996
538.575562
537.519531
537.006287
535.955566
533.662598
530.931458
529.222656
528.463135
527.185364
525.430420
525.032532
526.668762
528.952698
530.252319
531.209534
532.490784
533.706177
534.357117
534.618530
535.054565
537.242249
540.575012
543.104004
543.864502
543.598389
543.057983
542.388184
541.431213
540.256531
538.755493
536.633362
534.601685
533.835022
533.594849
532.520813
529.482361
526.585205
525.319031
525.386047
526.460266
527.780334
528.771545
529.945557
531.386047
533.111816
534.884583
536.114136
536.358154
536.525146
537.899292
540.844727
543.511719
544.225525
543.212952
542.690857
542.663513
541.339722
538.720032
536.889954
536.452271
535.851074
533.980835
531.528687
529.439209
527.975830
526.757446
525.851562
525.987671
526.683411
527.844788
529.663208
531.802002
532.785889
532.811096
533.535583
535.830200
538.463745
539.936401
540.373291
540.993774
542.526917
544.038025
544.105286
542.594727
541.071777
540.011292
538.748535
537.260620
535.967773
535.062866
533.482666
530.905396
528.644470
527.316284
526.462158
525.716553
526.037292
527.819153
529.577087
530.506104
531.422424
532.908447
534.176514
534.831909
535.879517
538.270996
541.244995
543.146240
543.641113
543.630676
543.835449
543.718933
542.434387
540.342407
538.863159
538.042969
536.825500
535.148010
533.798340
532.662170
530.611145
527.800354
525.935486
525.781921
526.204041
526.428406
527.274231
529.337402
531.508850
532.550842
532.963257
533.950928
535.565125
537.459595
539.542358
541.839478
543.458069
543.839905
543.442505
543.049500
542.746460
542.073364
540.247559
538.131409
537.096130
536.743347
535.519470
533.129456
530.942566
529.371155
527.949829
526.170532
525.094482
525.841858
527.527222
528.917786
530.283081
532.019470
533.248108
533.396423
533.924316
535.990906
538.833679
540.890198
542.114258
543.499268
544.449829
543.890259
542.230286
540.774963
540.206665
539.676331
538.217957
536.567627
535.511902
534.734924
532.973938
530.196777
528.070679
527.077271
526.513245
525.957092
526.165894
527.800842
529.634216
530.909851
532.032471
533.458069
534.617920
535.417175
536.788269
539.232239
541.823669
543.273499
543.482361
543.680908
543.643433
542.275269
539.827881
538.023438
537.536743
537.419800
536.438293
534.865845
533.365417
531.926575
529.872559
527.325623
525.728271
525.754333
526.231384
526.743530
527.944885
530.259888
532.417908
533.165649
533.488464
534.673828
536.272217
537.806091
539.591431
541.981323
543.928833
544.152100
543.080688
542.105286
541.358337
539.973083
538.102600
536.773071
536.405396
536.149902
534.946411
532.631104
530.411926
528.743103
527.187744
525.776245
525.422607
526.518372
528.068298
529.423584
530.953186
532.705444
533.624695
533.663635
534.576416
537.280823
540.045044
541.554504
542.093201
543.006470
544.037781
543.895386
542.297852
540.522095
539.015381
537.498840
536.154785
535.291931
534.730408
533.868164
532.040466
529.641235
527.575928
526.345581
525.730774
525.625061
526.637329
528.819519
530.513367
531.050476
531.782349
533.609497
535.310730
536.072815
537.349915
540.143555
543.011780
544.116394
543.511719
542.728760
542.502319
541.682800
539.927124
538.161377
537.134827
536.069153
534.438354
532.702026
531.218384
530.139587
528.836487
527.351074
526.339233
526.104736
526.325073
527.005798
528.615234
530.967529
532.641418
532.959106
533.346863
534.970947
537.235596
539.090088
540.633484
542.431213
543.791809
543.969238
543.059021
542.145020
541.050903
539.178223
537.111206
535.893066
535.357666
533.921692
531.251892
529.055664
528.334473
528.182678
527.488342
526.168579
525.610046
526.686646
528.435364
529.896301
531.146118
532.612610
533.702087
534.293579
535.354980
537.502075
540.201904
542.116089
543.024658
543.754883
544.103943
543.126282
541.179749
539.485229
538.358154
537.075195
535.695618
534.584595
533.450623
531.346497
528.734436
527.022034
526.358032
526.003601
525.779175
525.961670
527.017761
529.139160
530.951599
531.686462
532.300598
533.825745
535.486267
536.690002
538.140564
540.543579
543.003540
544.093872
543.702637
543.104187
542.421814
540.832520
538.864502
537.687866
537.026123
535.831787
533.990723
532.298706
530.624451
528.292908
525.852661
525.092529
526.201904
527.397705
527.725769
527.927368
529.003723
530.884155
532.597656
533.227295
533.711914
535.423279
538.166443
540.484497
541.656311
542.666443
543.603455
543.849548
543.102783
541.594604
539.767578
538.194336
537.275513
536.737366
535.690125
533.318787
530.325806
528.506287
527.859070
527.047241
525.793091
525.478027
527.154114
529.347595
530.712158
531.334534
531.996033
532.758789
533.459717
534.201416
535.694031
538.343201
541.163391
542.662659
542.751343
542.823486
543.156677
542.463684
540.709167
539.536804
538.721619
537.349365
535.428589
533.981445
532.763245
530.489563
527.827576
526.238281
526.220215
526.529724
526.593018
527.270142
528.956299
530.936279
531.802612
531.812683
532.375793
534.072510
535.890869
537.353821
539.300415
542.009827
543.978455
544.001465
543.088318
542.754944
542.556030
540.992065
538.464111
537.037354
536.712463
535.811035
533.590088
531.158447
529.382935
527.934326
526.593018
525.924438
526.606201
527.434387
528.552002
530.234192
532.075500
533.065369
533.118164
533.342529
534.356384
536.496948
538.892517
540.591980
541.719482
543.182739
544.237915
543.708130
541.983215
540.429443
539.587158
538.677307
537.516968
536.123901
534.713928
532.885986
530.239075
528.152100
527.033325
526.328064
525.828369
526.263428
528.262939
529.932800
530.702393
531.288574
532.725037
534.595215
535.588196
