524.411804
524.411804
524.417664
524.427307
524.369995
524.205383
524.162903
524.704224
525.816162
526.561646
526.650513
526.742859
527.653076
528.617310
528.846436
528.615723
529.074219
530.016174
530.649231
530.741455
531.047791
531.608337
531.747925
531.726013
532.232971
533.059204
533.277710
533.020325
533.409363
534.480774
535.059753
534.707947
534.626099
535.444214
536.240906
536.380188
536.337158
536.836914
537.432190
537.601196
537.164978
537.041077
537.929382
538.359009
537.620483
536.610840
537.028625
538.070496
538.308899
537.724182
537.515503
537.671265
537.467346
536.930908
536.971741
537.423035
537.150208
536.365295
535.969727
536.191589
536.306946
535.763428
535.339844
535.346497
535.038574
534.210571
533.728882
534.082336
534.552734
534.352356
533.203674
532.255066
532.281982
532.454407
531.848755
531.139282
531.197327
531.485596
530.985718
530.266052
530.183167
530.243591
529.500916
528.535156
528.246521
528.418030
528.016846
527.125916
526.434814
526.402161
526.131287
525.329956
524.880920
524.761047
524.275696
523.334106
522.995667
523.563599
524.053467
523.648315
522.448120
521.662659
521.821106
522.295654
521.949646
521.338379
521.311462
521.543762
521.209778
521.061401
521.484802
522.123840
521.844299
521.163574
521.100830
521.907837
522.333801
522.225037
522.515198
523.346130
523.504761
523.088684
523.209473
524.013550
524.565613
524.447021
524.528198
525.382446
526.431763
526.636292
526.117004
525.985046
526.857361
527.961853
528.094666
528.038208
528.646484
529.584290
529.692566
529.675476
530.265259
531.379517
531.659973
531.500366
531.912537
532.842285
533.166870
533.088745
533.501709
534.480774
534.786438
534.576782
534.808716
535.819336
536.328735
536.232178
536.597351
537.962524
539.248596
539.473755
539.072449
539.310303
540.582703
541.742859
542.050537
542.215271
543.246521
544.432434
544.820618
544.894409
545.702576
546.944519
547.585632
547.825928
548.437195
549.322876
549.739136
549.705994
550.102417
550.880493
551.296997
551.100281
551.218689
551.912842
552.425110
552.244446
552.216187
552.640137
552.936401
552.455566
551.949280
552.069397
552.867249
553.376953
552.647400
551.716431
551.818481
552.450623
552.216980
551.525391
551.463440
551.851135
551.630859
550.827148
550.612244
550.714966
550.387817
549.484314
549.335266
549.412903
549.347961
548.698181
548.636230
548.534546
548.050598
547.075195
546.808838
547.348328
547.767822
547.140259
546.134644
545.433960
545.504944
545.720032
544.865540
543.896729
543.328003
542.788025
541.774902
541.032898
540.931580
540.488403
539.009888
537.476929
536.984314
537.006104
536.065735
534.370422
533.468506
533.652100
533.473633
532.198608
530.970886
530.468262
529.968079
529.170593
528.688843
528.671692
528.135132
526.802002
525.968384
526.003052
526.298096
525.822083
524.465393
523.504761
523.659851
524.070984
523.681519
522.777893
522.525208
522.653442
522.144104
521.222717
520.839783
521.160767
521.191772
521.095215
521.267273
521.549805
521.050903
520.435730
520.722534
521.346680
521.058777
520.074646
519.866882
520.494080
520.949829
520.335815
519.569031
519.417419
519.792847
520.041321
519.751099
519.501160
519.514282
519.597839
519.515259
519.859497
520.808716
521.469177
520.891602
520.368530
521.166016
522.454468
522.718811
522.425659
522.919556
523.906433
524.458679
524.585876
524.989685
525.712402
526.342285
526.478271
526.770630
527.430603
527.804749
527.930664
528.686157
530.160034
531.029541
530.802917
529.986633
530.095886
531.432922
532.415344
532.117371
531.796875
532.659119
533.917358
534.224670
533.885925
534.135376
534.735229
535.248962
535.418457
535.797424
535.769836
535.368225
535.338135
536.283447
537.248230
536.952942
536.045349
536.221924
537.564514
538.235413
537.358826
536.359558
536.620300
537.524475
538.256958
538.133850
537.743164
537.586182
537.547913
537.456848
537.520203
537.634277
537.230469
536.273865
535.871033
536.324341
536.701233
536.143921
535.225586
535.344666
535.993225
535.413696
533.900269
533.239990
533.750244
533.833130
533.227722
532.817993
532.815857
532.367615
531.490967
531.098633
531.166504
531.075928
530.419373
529.638672
529.531372
530.078125
530.031982
528.703064
527.511108
527.598999
528.139465
527.552429
526.474731
525.932373
526.082275
526.021729
525.701965
525.533386
525.309570
524.721985
524.324097
524.428223
524.659180
523.857300
522.729248
522.604431
523.573059
523.898315
522.923401
521.878784
521.806152
522.296204
522.409119
522.001343
521.605042
521.542908
521.376099
520.893372
520.904480
521.516052
521.886780
521.311462
521.069580
521.873230
522.709656
522.132812
521.312744
521.678101
523.107483
523.911072
523.875671
523.853271
524.481506
525.168274
525.796631
526.348328
526.660767
526.226807
525.970520
527.048401
529.176270
530.490295
530.131165
528.984192
529.031616
530.417236
531.395508
531.086243
530.927917
531.770752
532.692932
532.946777
533.419312
534.363586
535.157166
535.081299
535.320312
536.349976
537.371521
537.102783
536.470581
537.234192
538.859497
539.492676
538.915894
538.615112
539.238647
539.650574
539.864807
540.302795
540.969910
541.031128
540.738586
540.872803
542.055054
543.892761
544.819763
544.450500
544.072571
545.066528
546.399658
547.011597
547.082031
547.791687
548.555908
549.153015
549.607727
550.408081
550.821167
550.618530
550.494019
551.443298
552.328918
552.390808
551.942932
552.313354
553.182678
553.353516
552.456238
551.854126
552.156860
552.572937
552.261353
552.036072
552.317322
552.553772
552.230347
551.374451
551.417664
551.851868
551.770691
550.675232
550.173828
550.650818
551.089844
550.234497
549.036865
548.570801
548.720764
548.402588
547.799316
547.499268
547.312439
546.660583
546.073303
546.149658
546.066711
545.127380
543.779114
543.757202
544.335449
544.159973
542.685059
541.811279
542.150818
542.891174
542.908691
541.731079
540.619812
540.052734
539.818115
539.938599
542.007019
546.275146
550.077942
551.826477
551.929199
550.712158
550.358826
550.898071
551.869202
551.395081
550.919312
550.897766
551.534363
551.266357
550.741150
550.274414
550.110413
549.843079
549.295776
548.978088
549.426941
549.293701
548.344910
547.074219
547.327637
547.664429
547.109802
545.371826
544.551025
544.585571
544.500305
543.571838
542.594177
542.095886
541.965759
540.947083
539.919983
539.250122
538.591980
537.672485
537.263245
537.234497
536.603882
534.825073
533.613281
533.604187
534.263123
534.409424
533.040344
531.529968
531.149414
531.442322
531.092834
530.053345
529.220093
528.785034
528.125549
527.425598
527.187988
527.212585
526.629150
525.725464
525.565857
525.872986
525.537292
524.438538
523.785706
524.037476
524.282166
523.801636
523.270996
523.244629
523.229248
522.670105
522.293701
522.408569
522.529846
522.131836
521.228699
520.760437
521.019775
521.354004
520.883423
520.043274
520.102478
520.724976
520.459229
519.486206
519.346741
519.939331
519.978394
519.599854
519.780884
520.248596
520.159180
519.898376
520.276489
521.085876
521.333984
520.937256
521.162537
522.352539
523.065063
522.676025
522.290771
523.257019
524.792053
525.470154
525.205017
524.829895
525.063049
525.573059
525.884521
526.267639
527.104370
527.775208
528.065186
528.587585
529.387878
529.760803
529.365479
529.201294
530.486694
532.311279
532.596130
531.686401
531.678833
533.010437
533.984802
533.936462
533.550171
533.795532
534.240234
534.626526
534.890869
535.396362
535.672241
535.523865
535.137329
535.157410
536.225464
537.099609
536.703613
536.027893
536.449829
537.674988
538.045715
537.303711
536.793457
536.962158
537.710205
537.895935
537.718201
537.674744
537.531921
537.159424
536.990173
537.089905
536.902405
536.358643
536.202698
536.433594
536.444275
535.847046
535.570374
535.790283
535.987183
535.252075
534.338318
533.865417
534.180115
534.498291
533.878784
533.112915
533.120117
533.295288
532.374329
531.062195
530.857971
531.612061
531.498962
530.350769
529.311829
529.223450
529.210449
528.790405
528.315247
528.259033
528.035217
527.490234
527.233337
527.148132
526.679199
525.745056
525.445984
526.089600
526.700073
525.839661
524.611755
523.923462
524.311584
525.099915
524.735901
523.656555
522.926697
523.153076
523.266174
523.018616
522.642212
522.379028
521.687134
521.045898
521.408264
522.186279
521.709167
520.675964
520.741211
521.703674
521.980591
521.258057
520.784790
521.314453
522.109985
522.372253
522.581665
523.128540
523.548950
523.276550
523.187500
523.779236
524.900269
525.456848
524.831726
524.473938
525.328674
526.852051
527.361511
527.063599
527.184265
528.074219
528.619263
529.009766
529.544922
530.262085
530.450745
530.382141
531.046204
532.380981
532.882935
532.166626
532.046143
533.269592
534.602173
534.997986
535.041260
535.338867
535.533936
535.130127
534.689941
535.037720
536.217651
537.140747
537.043884
536.839050
537.674072
538.938782
539.402649
539.337708
539.757202
540.703552
541.214783
541.489868
542.220337
543.328613
543.741028
544.013123
544.941223
546.210632
546.738403
546.757996
547.184448
548.343872
549.233093
549.495605
549.681763
550.437073
550.607361
549.876099
548.879517
549.221619
551.297058
553.520325
553.691528
552.000366
550.791687
550.986389
552.023071
552.750671
552.781494
552.128784
551.822144
552.093445
552.911499
553.026794
551.998535
550.631897
550.687317
551.838989
552.191101
550.769226
549.821960
550.222290
550.847717
550.164978
549.179382
548.806702
548.712097
548.114685
547.659790
547.634949
547.583679
547.178833
546.782959
547.139832
547.862366
547.906860
546.716431
545.251282
545.151917
545.743835
545.548157
544.266602
543.540344
543.583557
543.428040
542.593018
542.037415
541.474854
540.452026
539.088318
538.585815
538.633911
538.169373
536.596436
535.162170
534.797729
534.798584
533.976562
532.724731
531.788818
531.380981
530.954407
530.246765
529.603760
529.339355
528.795288
527.591492
526.601257
526.622803
526.760803
525.859253
524.765747
524.680176
524.950989
524.288452
522.917419
522.192688
522.542480
522.620483
521.805237
521.090393
521.231079
521.425720
521.063110
520.716003
520.638611
520.341064
519.615112
519.263611
519.994873
520.699646
520.595764
519.668335
519.214722
519.938416
520.764893
520.443176
519.613220
519.638123
520.354431
520.605957
520.398010
520.463135
520.990234
521.207336
520.883850
520.991455
521.521606
521.504883
520.987366
521.357849
522.348633
522.823425
522.678528
522.682617
523.165466
523.555542
523.553955
523.685730
524.535828
525.454834
525.859131
525.849121
525.882690
526.498413
527.135620
527.171753
527.367188
528.311035
529.415100
529.880249
529.803711
530.261108
531.044312
531.396973
531.376099
531.864990
532.665771
533.096497
533.153076
533.549438
534.422913
534.896545
534.656677
534.656738
535.510254
536.178589
536.249695
536.569336
537.844543
538.741394
538.219421
536.586853
535.684753
536.652222
537.957397
538.027039
537.306458
537.280212
538.030945
538.504089
538.276855
538.004028
537.741211
537.391235
537.265381
537.746704
537.963196
537.385010
536.596863
537.044128
538.140564
537.992004
536.433228
535.676208
536.239014
536.588745
535.964111
535.278809
535.180054
535.290466
534.885376
534.142090
533.381104
533.098572
533.000000
532.503540
532.104309
532.322327
532.455933
531.441101
529.979980
529.562195
529.886963
529.408752
528.148987
527.575500
528.001038
527.955933
527.118469
526.366028
526.012756
525.571594
525.177063
525.055542
525.014465
524.601440
523.926025
523.907104
524.380798
524.213623
522.925598
521.940613
521.986633
522.841431
523.200073
522.207642
521.241943
521.559814
522.381653
522.122070
521.299500
521.283081
521.965698
521.979370
521.473206
521.270996
521.624756
521.911560
521.836487
522.010864
522.615173
522.906860
522.754517
522.965942
523.591309
523.600769
522.855225
522.957703
524.179138
525.116028
524.340454
523.298523
523.114502
523.878601
524.862976
525.109009
525.353210
525.911865
526.557800
526.582581
526.694763
527.257874
528.046509
528.237000
528.481934
529.341248
530.698608
531.179993
531.065857
531.523987
532.787476
533.670166
533.910339
534.271362
535.299438
536.178040
536.777161
537.366760
538.407593
539.246704
539.368896
539.310303
539.772766
540.827332
541.528015
541.676880
542.053467
543.399780
544.666321
544.636719
544.171814
544.743347
545.830566
546.351562
546.217529
546.476013
547.349915
548.003967
548.345947
548.867981
549.392944
549.423157
549.094910
549.287292
549.884460
550.011841
549.551453
549.895752
551.346436
551.912476
550.912781
549.612244
549.614929
550.352478
550.990295
550.885803
550.359070
550.372314
550.652222
550.960876
550.877014
550.996094
550.933777
550.686584
550.554504
551.166016
551.567871
551.004944
550.118530
550.569214
551.627991
551.764282
550.539917
549.671448
549.779785
550.093872
549.567444
549.080505
548.904480
548.914246
548.459167
547.919983
547.448120
547.150146
546.493591
545.284607
544.511292
544.678162
544.641663
543.131775
541.667725
541.562439
542.347229
542.112061
540.673340
539.435974
538.858398
538.175049
537.378723
536.935059
536.371887
535.456482
534.626404
534.556763
534.841309
534.249146
532.667480
531.561096
531.562256
531.358215
530.299683
529.247192
529.055115
529.283569
529.102112
528.161987
527.656921
528.075806
528.390991
527.302673
525.830933
525.294250
525.589966
525.508545
525.023315
524.757446
525.004456
524.960327
524.792969
524.950562
524.689575
523.391418
522.036255
522.072388
522.737427
522.286621
520.733276
520.089050
521.096497
522.470703
522.203369
520.581238
519.151306
518.962402
519.294739
519.674622
520.032410
520.237854
519.907043
519.260864
519.543823
520.548401
521.009888
520.263184
519.770020
520.735657
521.912109
521.642334
520.663330
520.886353
522.261658
523.111633
523.032776
523.149841
523.930054
524.556641
524.634583
524.768066
525.532166
526.133423
526.259583
526.343811
527.006348
527.631592
527.802368
527.852661
528.407837
529.384216
529.729614
529.362000
529.688232
531.292114
532.590332
532.170288
531.227844
531.675598
533.114990
533.821960
533.438843
533.625854
534.636963
535.368896
535.244446
535.217651
535.495483
535.449463
535.263672
535.898682
537.001587
537.342896
537.065247
536.987549
537.420410
537.432129
536.829407
536.166260
536.148560
537.226074
538.123413
537.883057
537.439026
537.743591
538.189453
537.838806
537.090942
537.174133
537.649597
537.458008
536.597717
536.523865
537.029236
537.005249
536.187256
535.656250
535.560364
535.220154
534.411743
534.212158
534.646423
534.747070
533.954224
533.195801
532.903748
532.715393
532.125732
531.611633
531.484192
531.716248
531.400513
530.515869
530.034180
530.284607
530.296875
529.214600
528.310486
528.417480
528.944519
528.297302
526.887756
526.184814
526.390686
526.294006
525.803955
525.499817
525.522766
525.095886
524.392151
524.299866
524.655334
524.227478
522.892456
522.231934
522.760010
523.249878
522.916199
522.147766
521.972229
522.457825
522.833435
522.270752
521.649048
521.694519
522.021362
521.647034
521.478760
521.869995
522.326172
521.903748
521.383362
521.605347
522.348877
522.251831
521.782043
522.023071
522.848999
522.986389
522.485718
522.282288
522.772339
523.161621
523.213196
523.720764
524.611206
525.209839
524.757568
524.191833
524.539307
525.886658
527.010254
527.014771
526.731201
527.379517
528.918945
530.031372
530.475708
530.730774
531.064575
531.291138
531.649902
532.413574
533.340515
533.788879
534.177429
535.226074
536.587891
537.020264
536.801453
537.092041
538.189331
538.769775
538.774353
539.162048
540.391846
541.409485
541.620728
541.811584
542.609436
543.734680
543.771484
542.974121
542.722839
543.979370
545.192932
545.277649
544.949280
545.829895
547.508362
548.451721
548.400146
548.125854
548.087708
548.257568
548.723389
549.446045
549.966797
549.668640
549.285583
550.125610
551.541626
551.889343
550.997986
550.379395
550.620056
551.010986
550.871521
550.796387
550.984070
550.936462
550.381958
549.864990
550.199951
551.161621
551.260681
550.365967
549.525696
550.100769
550.764099
550.667969
550.114685
550.495850
551.291321
551.485535
550.812317
550.560242
550.595947
550.459290
549.874695
549.741150
549.483826
548.828857
547.848938
548.053772
548.670837
548.290039
546.462524
545.201416
545.349609
545.859070
545.608704
544.171936
543.029358
542.567932
542.683472
542.135803
541.417053
540.951965
540.257568
539.000427
538.105103
537.911011
537.906250
537.010620
535.854675
535.588867
535.845093
535.320984
534.006653
532.934509
532.471191
532.000916
531.190308
530.646301
530.574341
530.217896
529.495605
529.160400
529.259766
528.944702
527.910156
526.562683
526.251343
526.925232
527.053772
526.053284
525.552124
526.060791
526.422729
525.583618
524.701355
524.562195
524.598999
523.917664
522.987366
522.668701
522.801880
522.803223
522.435547
522.144104
521.822266
521.070984
520.341614
520.738220
521.346802
520.897583
519.582214
519.296814
520.570679
521.841797
521.692322
520.357910
519.469360
519.605286
520.123840
520.115723
519.904663
520.041077
520.481201
520.968262
521.583008
522.292786
522.408203
521.651123
521.421875
522.355347
523.434753
523.420044
523.267395
524.246338
525.706177
526.151306
525.614319
525.538940
526.203674
526.758362
526.877869
527.287781
528.293823
529.109558
529.295288
529.294189
529.789185
530.595703
530.724548
530.265137
530.612183
532.135498
533.187500
532.617676
531.899841
532.868958
534.462097
535.032349
534.724670
534.737671
534.906128
535.097351
535.366943
536.029663
536.305847
535.869446
535.313538
535.862061
537.123718
537.719971
537.320251
536.947388
537.197021
537.471375
537.215088
536.943909
537.198425
537.889526
537.971497
537.251404
537.283875
538.282227
538.779907
537.890808
536.681580
536.459717
536.689331
536.651978
536.190552
535.884033
535.812561
535.591431
535.404297
535.770447
535.831238
534.783630
533.233276
532.939941
533.535278
533.397034
532.301453
531.694580
531.918945
532.118652
531.606934
531.052734
530.726807
530.462036
529.994263
529.249756
528.839844
528.806274
528.639099
527.808960
527.250122
527.561340
527.939331
527.257080
526.179138
525.803772
525.843750
525.322632
524.501526
524.307129
524.677856
524.596069
524.276367
524.227295
524.153687
523.342712
522.491150
522.635559
523.276489
523.171570
522.178528
521.520874
521.863037
522.821228
523.130554
522.315857
521.479309
521.421509
521.642151
521.135986
520.675049
521.065613
521.966858
522.060974
521.938782
522.226379
522.612183
522.269714
521.809326
522.252686
523.092163
523.167664
523.119568
523.955383
525.383850
525.850525
525.463196
525.483459
526.549194
527.415100
527.325806
527.055725
527.555298
528.732910
529.399231
529.441101
530.056763
531.504578
532.257324
531.976624
531.937622
532.969543
533.991882
534.033386
534.182800
535.184509
536.429871
536.840698
536.753662
537.183411
537.861938
538.222412
538.690491
539.728882
540.757263
540.842407
540.958252
541.877686
543.329102
543.880798
543.555176
543.252258
543.875305
544.843445
545.532898
545.375977
545.199280
545.958740
547.052673
547.496460
547.588501
547.994446
548.200806
548.076416
548.324768
549.201599
549.502686
548.794739
548.254456
549.178589
550.439636
550.510071
549.319580
548.927856
549.319031
549.757446
549.528564
549.561707
550.030579
550.508423
550.750549
551.136963
551.943787
552.254272
551.632568
550.583862
550.817749
551.990295
552.443848
551.432983
550.592102
551.246460
552.110291
551.961853
550.577698
549.571472
549.170532
549.238647
549.359741
549.196960
548.488525
547.461243
547.027649
547.659485
547.667725
546.242188
544.370239
544.236389
545.015686
544.714783
542.939453
541.591980
541.665710
542.282349
542.395142
541.339966
539.953735
539.075073
538.991943
538.762695
538.212097
537.373047
536.333923
535.208435
535.158630
536.110291
536.146118
534.017944
531.905945
531.705750
532.557007
532.050049
530.398682
529.441650
530.092896
530.622375
530.012024
528.932434
528.228760
527.794312
527.425964
527.560852
527.717102
527.428772
526.519287
525.415527
525.307861
525.974182
526.011902
524.772461
523.628967
523.421509
523.414001
522.637756
522.145325
522.304932
522.424561
521.680420
521.045227
520.963562
520.752136
519.930420
519.371826
519.783447
520.556519
520.350952
519.556458
519.454834
519.912781
519.819824
519.124573
519.091248
520.186462
521.245850
521.397461
520.934692
520.788330
521.145264
521.405151
521.395020
521.610229
522.192627
522.384155
522.122803
522.473816
523.725342
524.681091
524.499939
524.115540
524.920593
526.234314
526.583374
526.132996
526.444031
527.612000
528.320068
528.415405
528.678894
529.239990
529.661560
529.999146
530.903381
531.768188
531.627686
530.777954
530.510071
531.443787
533.036804
533.652100
533.361023
533.431824
534.631653
535.412109
534.987122
534.249878
534.502502
535.083984
535.048584
534.999512
535.729553
536.715759
537.284851
537.262756
537.328491
537.304871
536.897217
536.419922
536.699646
537.518250
537.724365
537.518982
538.020752
538.700195
538.461609
537.126160
536.174744
536.088318
536.546692
536.824890
536.629456
536.622498
536.653809
536.403259
535.900024
535.879883
536.345398
535.981567
534.307068
533.148315
533.773804
534.856750
534.560974
533.259033
532.381592
532.314636
532.599854
532.476257
532.122986
531.385193
530.214905
529.465881
530.049805
531.080688
530.657959
528.494263
526.505188
526.315552
527.607300
528.760559
528.516541
527.855347
527.297058
526.724487
525.943298
525.710754
525.535889
525.164917
524.256897
524.083679
524.994385
525.937317
525.331970
524.102722
523.523376
523.542297
523.018799
522.136719
521.919006
522.387573
522.464417
522.174438
522.006897
522.055847
521.713562
520.954590
520.666504
520.982971
521.384705
521.139404
520.818542
521.466736
522.628784
522.827637
521.765137
520.978027
521.882996
523.431274
523.802612
523.395447
523.764221
524.965149
525.407349
525.226196
525.015259
525.389099
526.169922
527.274658
528.164368
528.376587
528.064392
528.528992
529.851868
531.060547
530.737976
529.646179
529.324890
530.500000
532.615051
533.689026
533.492920
533.523560
534.619507
535.456787
535.256958
535.102722
536.024963
537.295593
538.084534
538.453247
538.923218
539.404663
539.569885
539.910706
540.594116
541.300476
541.225159
541.209229
542.344299
543.793884
544.007263
543.157776
542.927795
543.878235
544.519226
544.110901
543.539978
543.905090
544.554993
545.095825
545.568054
546.101868
546.578369
546.057251
545.458008
545.806763
547.532288
548.749207
548.794067
548.553162
549.564026
550.658447
550.577759
549.635803
549.772644
550.856140
551.851685
551.908203
552.038574
552.078979
552.128479
552.339233
552.928955
553.070618
552.216614
551.157715
551.350647
552.425537
553.193787
552.944153
551.612610
550.598267
550.645386
550.974548
550.385803
549.316589
548.572754
548.492859
548.447876
548.572144
548.458435
547.490723
545.813843
545.072876
545.666382
546.355774
545.692871
544.364563
543.591919
543.512268
542.854980
541.493286
540.630310
540.532349
540.145203
539.426270
539.073181
539.384888
539.496948
538.744934
537.199097
535.992981
535.680420
535.321411
534.421570
533.783447
533.726562
533.766174
533.148376
532.375610
531.738220
530.944092
529.618958
528.728271
529.095337
529.842651
529.380188
528.425232
528.189514
528.515930
528.086975
527.274719
526.927124
526.992554
526.663818
525.988098
525.795532
525.883606
525.593750
524.755737
523.695862
523.363342
523.527344
523.197449
522.022339
521.361816
521.704834
522.180176
521.579834
520.628845
520.322083
520.434937
520.156494
519.808777
520.049866
520.420776
520.166443
519.642822
519.627930
519.964417
519.821533
519.345642
519.563049
520.435669
520.887024
520.680298
520.812073
521.700745
522.724609
522.728271
522.046204
522.134705
523.148071
523.748596
523.382141
523.406677
524.532898
525.295837
524.860352
524.551453
525.416687
526.571167
526.776794
526.648621
527.322388
528.407410
528.758911
528.557129
528.802185
529.751404
530.418762
530.731506
531.513123
532.512939
532.625305
532.215515
532.527649
533.263245
533.536804
533.137512
533.048279
533.781677
534.902344
535.532288
535.453674
535.425659
536.109436
536.649536
536.458740
536.054199
536.520020
537.215027
537.116760
536.758850
537.130188
537.479736
537.096619
536.696716
537.304565
538.091675
537.896606
537.049805
537.043213
537.715820
537.909180
537.278198
537.052734
537.331787
537.447205
536.985596
536.559875
536.466248
536.523560
536.144165
535.318665
534.986816
535.030090
534.811035
533.925293
533.549622
533.911926
533.880981
532.717590
531.743835
531.875061
532.282837
531.490540
530.261841
529.994507
530.392212
530.193176
529.401672
529.063416
529.088013
528.546631
527.573059
527.253052
527.403442
527.067871
526.085693
525.357666
525.427734
525.847168
525.679382
524.741577
524.338135
524.704773
524.633911
523.656555
522.874451
523.106323
523.412231
522.831543
522.169373
522.462402
522.970459
522.494141
521.554077
521.306885
521.587097
521.565857
521.430359
521.993408
522.565674
522.310730
521.624207
521.707703
522.512329
522.610840
521.649597
520.958740
521.439209
522.669128
523.203674
522.906433
523.064270
523.680481
523.795654
523.066406
522.708191
523.268066
524.027161
524.121033
523.925415
524.336304
525.365967
526.052917
526.385132
526.697632
527.187744
527.126770
527.525940
528.757568
530.007812
530.176697
530.014709
531.028748
532.824524
533.688599
533.405151
533.220215
533.942017
534.770691
535.415955
535.906738
536.297607
536.800232
537.384583
538.247925
539.401428
540.587646
540.820679
540.258911
540.317627
541.960388
543.397400
543.208496
542.453735
543.255432
545.077393
546.019897
545.925598
545.747375
545.960083
546.467102
547.047607
547.522705
547.767822
547.789429
547.907715
548.806946
550.263672
551.189941
551.037354
549.921570
549.535583
550.517761
551.352417
550.848816
550.059448
550.218811
551.020752
551.607544
551.829407
551.832581
551.182617
550.467773
550.246460
550.791077
550.697998
549.919739
549.282776
550.118896
551.381470
551.696411
550.538330
549.914185
550.114014
550.433777
549.912537
549.420776
549.767090
550.349731
550.435669
549.619141
549.358215
549.368042
549.039551
548.185547
547.860535
547.867432
547.222595
546.011719
545.394348
545.722229
545.839111
544.773254
543.348572
543.014648
543.325256
542.672913
540.839172
539.510132
539.234314
539.009155
538.390320
537.698608
537.136841
536.350525
535.678833
535.941345
536.236511
535.407593
533.727966
532.025452
531.869446
532.639160
532.237549
530.276306
528.617371
528.841614
529.958374
529.874023
528.449646
526.778381
525.848206
525.533691
525.677551
525.576538
524.859314
523.817261
523.636414
524.414551
524.791687
523.478638
521.621582
521.047180
521.769714
521.711365
520.634949
520.070374
520.991455
522.351501
522.735657
522.052307
521.124878
520.641785
520.486511
520.531494
520.856445
521.230469
520.884033
520.202759
520.353088
521.296143
521.724487
520.760620
519.890381
520.309631
521.345398
521.359924
520.713684
520.598755
521.299927
521.880737
521.981750
522.198486
522.519287
522.224731
521.955627
522.705811
524.047546
524.587036
524.189148
523.746948
524.019714
525.145264
526.165955
526.330994
526.562195
527.175049
527.625732
527.568848
527.947632
529.164551
530.058472
529.810242
529.728149
530.620667
531.748291
531.838135
531.787598
532.319458
533.276917
533.674072
533.614441
533.984680
534.720886
535.077759
534.862061
534.971497
535.707947
536.281189
536.264038
536.261658
536.802795
537.574890
537.470032
536.633972
536.535278
537.408569
537.989746
537.314026
536.630859
537.052246
537.993103
538.169189
537.741150
537.606567
537.790588
537.700500
537.372253
537.131653
537.144958
537.097961
537.174866
537.754517
537.956604
537.076721
535.870789
536.130676
536.802551
536.332397
534.576904
533.639648
534.256592
535.738220
536.249023
535.125610
533.815796
533.351562
533.585022
533.291626
532.861389
532.292236
531.866150
531.593689
531.662842
531.616638
530.686584
529.019287
528.110291
528.454773
529.019104
528.239929
526.847229
526.575500
527.061035
526.616455
525.200439
524.407104
524.639160
524.704285
524.306946
523.892761
523.788940
523.737366
523.392822
522.868896
522.886414
523.256775
522.845276
521.450134
521.034058
522.189453
523.173828
522.359314
521.078857
520.965759
521.692383
521.968872
521.608826
521.211975
521.298340
521.658020
522.350891
523.082397
523.108215
522.325806
521.979675
522.911682
523.978821
524.006348
523.112610
522.743652
523.439575
524.915588
525.907166
525.635681
525.277466
525.764832
526.337830
526.189697
526.289062
526.994019
528.026062
528.586304
528.948975
529.147644
528.998718
528.571411
528.753967
529.822205
530.812622
530.436157
530.125000
530.910950
532.341064
532.567261
532.014648
531.979309
533.197327
534.307800
534.822815
535.137329
536.058533
536.808533
537.173889
537.425415
538.341736
539.417847
539.588501
539.593079
540.240051
541.934448
542.894653
543.079773
543.497925
544.694153
545.682007
545.568787
545.440979
546.462280
547.417297
547.566162
547.346924
548.222717
549.379578
549.707886
549.549011
549.975220
550.858215
551.138000
550.586609
550.411438
550.873962
551.468018
551.889832
552.078674
552.556335
552.858337
552.410889
551.634460
551.697754
552.350464
552.286865
551.595947
551.318237
552.035645
552.741821
552.322998
551.430237
551.166992
551.175659
550.615784
549.800842
549.593811
549.882629
549.950378
549.688049
549.532227
549.113586
548.145081
547.107483
547.029175
547.369873
547.348267
546.432068
545.289795
545.653259
546.782837
546.959595
545.288147
543.881531
543.693054
544.243469
543.936768
543.167297
542.676880
542.560181
542.418091
542.227600
541.740845
540.621033
539.063354
538.401978
538.882507
538.971863
537.392029
535.549255
535.351257
535.829529
535.067322
533.039246
531.615540
531.753784
532.178467
531.903625
530.870667
529.875671
529.155396
528.334473
527.389832
527.118713
526.984314
526.029724
524.623108
524.343201
525.046448
524.883362
523.150330
521.713135
522.031555
523.085266
522.759583
521.609497
521.154846
521.495117
521.303955
520.603699
520.095337
519.929688
519.648743
519.642578
520.247803
520.726929
519.840454
518.574768
518.242798
519.120667
520.275818
520.251587
519.414795
519.272705
520.156189
520.810791
520.634705
520.476990
521.024841
521.481567
521.254639
520.815491
521.083130
521.808472
522.190674
522.536621
523.198120
523.611877
523.297729
523.131592
523.996399
525.212036
525.488403
525.293518
525.903992
527.166382
527.553345
527.019592
526.453796
526.501831
527.342529
528.065369
528.658875
529.440002
529.958740
529.688660
529.268433
529.915833
531.127991
531.459473
530.530884
530.473938
532.292542
534.414062
534.901978
534.111267
533.712036
534.230408
534.579224
534.315674
534.635559
535.400452
536.129333
536.898987
537.893127
538.183289
537.117065
535.528748
535.251282
536.290344
537.665039
537.690308
536.610657
536.436951
537.750366
539.261414
539.140686
537.850403
536.690125
536.270508
536.331299
536.686035
536.754089
536.361145
535.834351
536.562195
537.793335
537.523743
535.308411
533.556519
533.953491
535.270569
535.238159
534.028442
533.421204
534.043091
534.384949
533.385864
531.807800
531.027161
531.048218
531.234741
531.177856
531.082153
530.828064
529.993042
529.134033
529.458374
530.079834
529.595642
527.910828
526.963989
527.417908
527.977783
527.217896
526.132996
525.898865
526.211487
525.912781
525.152344
524.571533
524.442505
524.327148
524.284607
524.331909
524.195435
523.217529
522.528015
523.245117
524.556030
524.861877
523.771545
522.305237
521.898682
522.516296
522.985657
522.243530
521.498901
521.743652
522.309143
522.278259
522.032837
521.968872
521.840332
521.460388
521.767822
522.288940
522.210815
521.509155
521.653809
522.865662
523.953430
523.882568
523.554138
524.165161
525.072693
524.678772
523.917969
524.410522
526.096375
527.436707
527.945679
527.718506
527.691772
528.272522
528.928528
529.169739
529.506165
530.295227
530.937378
531.292786
532.146667
533.636719
534.411072
534.033142
533.954285
534.966309
535.917847
535.852783
535.970947
537.286804
539.010193
539.429626
539.061157
539.436401
540.494446
540.943970
540.704712
540.743774
541.466187
542.282959
543.117676
544.019836
544.802307
545.153137
544.763245
544.378174
545.082581
546.305359
546.693237
546.378296
546.780884
548.319702
549.582031
549.709229
549.033630
548.802795
549.079895
549.338745
549.662231
550.525146
551.457642
551.600647
551.373962
551.678101
551.837585
551.377563
550.740540
551.297363
552.036621
552.072144
551.407166
550.786255
551.305420
552.497864
552.720215
551.197083
549.749695
549.869568
550.532654
550.200867
549.632019
549.481079
549.881042
550.046021
549.975220
549.772766
548.919067
547.880127
547.703918
548.677124
549.152832
548.337769
547.137329
547.199707
548.042480
547.816467
546.472412
545.655151
545.622253
545.944763
545.740295
544.924316
544.149963
543.615784
543.133423
542.342285
541.941040
541.469116
540.324036
538.517395
538.166077
538.538818
538.062500
536.206970
534.748962
534.719116
534.808289
533.838013
532.496704
531.773193
531.730164
531.265686
530.219360
529.249634
528.744385
528.165344
527.725098
527.666504
527.596375
526.446106
524.856689
524.173462
524.515137
524.948303
524.255066
523.255676
523.306641
524.005798
523.566345
522.042908
521.023376
521.369080
521.718384
521.062256
520.014832
519.667908
519.957031
520.200500
520.427307
520.725220
520.390198
519.399658
518.808838
519.309692
519.870178
519.640137
519.462036
520.069031
521.122681
521.162598
520.118225
519.299622
519.386841
520.242126
520.503723
520.151245
520.306763
521.390869
522.326172
522.691589
522.820007
522.950317
522.788269
522.615051
523.195984
524.358582
525.027344
524.644592
524.816406
526.227600
527.329712
526.652344
525.267151
525.195740
526.448120
527.379089
527.718445
528.062073
528.977661
529.789368
530.182861
530.250183
530.254883
530.200317
529.900452
529.975464
531.148071
532.647339
533.066467
532.836426
533.334473
534.559692
534.863831
534.177490
533.889832
534.959045
536.093994
536.125549
535.847107
536.294617
537.277588
537.486328
537.161377
536.904053
536.785339
536.679504
536.946167
537.717407
538.025635
537.338745
536.503113
536.722595
537.764099
538.716553
538.202576
536.584045
535.885803
536.512817
537.036072
536.550293
536.130188
536.103210
536.229004
535.944580
535.709167
535.580505
535.194031
534.393616
534.013306
534.262451
534.126648
532.996277
532.439453
533.075195
533.703613
532.778381
531.274292
530.886414
531.427124
531.387146
530.301819
529.253357
528.929932
528.968262
528.786072
528.648315
528.897827
528.857239
527.916321
526.586426
526.472778
527.111084
526.899597
525.428101
524.587036
525.205383
525.985107
525.621155
524.793701
524.204346
524.145142
523.863281
523.716370
523.623474
523.356201
522.775879
522.927063
523.818115
524.185120
522.895081
521.324158
521.134888
522.382080
523.216675
522.793457
521.498413
520.852295
521.328918
521.767395
521.585815
521.458618
521.738892
521.998291
522.061462
522.418762
523.031250
523.067017
522.677124
523.058899
524.100708
524.533691
524.093750
524.181091
525.555603
526.957581
527.082153
526.831177
527.457336
528.507202
528.868103
528.780212
529.099060
529.862671
530.422607
530.747375
531.128967
531.819519
532.418274
532.468445
532.784668
533.838013
534.963623
535.069397
534.764893
535.450256
537.052612
538.013428
537.763916
537.544983
538.213379
539.129578
539.406372
539.591614
540.738464
541.811584
542.104126
542.189819
542.862793
543.564453
543.622498
543.660950
544.446045
545.718689
546.289246
546.088501
545.900818
546.598389
547.419800
547.413879
546.858765
547.192505
548.336670
548.780518
548.420349
548.622742
549.613281
550.170227
549.842163
549.573425
549.953979
550.085388
549.642090
549.341980
550.068970
550.652832
550.404541
549.933533
550.387024
550.513550
550.189453
549.625183
550.001526
550.764832
551.254517
551.010864
550.553345
550.892578
551.463562
551.441162
550.585388
550.376343
550.440674
550.284119
549.637207
549.778809
550.411316
550.387268
549.361694
548.559265
548.393555
548.417969
547.600281
546.796875
546.563049
546.632263
546.217163
545.468445
544.983276
544.161560
542.806885
541.932495
541.926147
541.860901
540.739136
539.177185
538.596558
539.104675
539.640503
539.000122
537.448730
536.391663
536.050476
535.485413
534.610168
534.290894
534.300842
533.723022
532.442871
531.622253
531.428467
530.851868
529.740723
529.080933
529.113708
528.729248
527.463989
526.727539
526.847046
527.000000
526.118652
524.910461
524.635254
524.732971
524.244263
522.726135
521.973999
522.449768
523.272217
523.188416
522.454102
522.032043
521.880615
521.224487
520.493347
520.566589
521.086975
520.995483
520.294617
520.096985
520.758972
520.876160
519.966919
519.369629
520.055725
520.815002
520.503052
519.990234
520.612793
521.666992
521.829102
521.182678
520.786011
521.023071
521.222046
521.279663
521.483887
521.989990
522.368408
522.178650
522.045715
522.536987
523.225708
523.004211
522.613281
523.179932
524.490906
524.834473
524.237305
524.381104
525.723938
526.684998
526.479553
526.319763
527.119751
528.125427
528.313904
528.246338
528.671631
529.280579
529.727966
530.412354
531.479187
532.231689
532.114990
531.679810
531.813538
532.690002
533.708679
533.698242
533.430908
534.168457
535.433655
535.776733
535.322937
535.347107
536.162109
536.576599
536.137573
535.964172
536.810669
537.504700
537.374329
537.176147
537.639771
537.933655
537.497375
537.100220
537.368530
537.635132
537.339172
537.035583
537.459290
537.993225
537.613403
536.646729
536.258118
536.672424
537.226501
536.905457
536.049500
535.754761
535.968872
535.789429
535.228760
535.014160
535.048340
534.837280
534.233215
534.099915
534.382446
534.242493
533.155701
532.578491
532.844299
532.995972
531.956970
531.157898
531.476135
532.069031
531.453613
530.399292
529.969421
530.066162
529.846558
529.240845
528.751648
528.639343
528.494446
527.876709
527.447510
527.664673
527.839172
526.862732
525.360474
525.015869
525.582825
525.207214
523.681519
522.874390
523.452881
523.914368
523.216309
522.674683
522.491516
522.291260
521.653564
521.369141
521.533813
521.701660
521.397217
521.336060
521.699524
522.005249
521.412781
520.860596
521.252930
522.439392
522.901245
522.355835
521.797485
522.178711
523.176331
523.490784
522.963623
522.912415
523.738647
524.477234
524.522766
524.827942
525.779114
526.531189
526.569946
526.551636
526.991516
527.465332
527.667236
528.314331
529.383545
530.031433
529.754883
529.772949
530.960876
532.278931
532.342041
531.959595
532.470703
533.839722
534.773743
534.900818
534.807434
535.194702
536.088623
536.378479
536.113647
536.388123
537.506226
538.378479
538.760742
539.494324
540.293457
540.163025
539.707886
540.188354
541.453003
541.974976
541.795837
541.898926
542.947693
543.779846
543.450623
542.866943
543.317322
544.214661
544.755676
544.835144
545.262268
545.932861
546.122009
545.943542
545.992981
546.764709
547.592285
547.701538
547.518860
548.182556
549.377502
550.005737
549.797180
549.954407
550.718872
551.013855
550.561401
550.428955
551.249023
552.037781
552.005554
551.613098
551.880066
552.199280
551.975586
551.557739
551.651917
551.697144
551.203308
550.509888
550.895996
551.591309
551.657715
550.832153
549.660339
549.314636
549.364197
549.041138
548.229492
547.963867
548.114014
547.941772
546.956787
546.230713
545.798950
545.362610
544.504639
543.974670
543.805542
543.628296
542.924683
542.202332
541.844727
541.405457
540.045654
538.787842
538.496216
538.916321
538.421021
537.420227
536.808838
536.850647
536.093323
534.473877
533.512878
533.538696
533.823669
533.212097
532.207825
531.728882
531.850891
531.388550
530.255554
529.334717
528.934692
528.326782
527.316162
526.742065
526.923035
526.855591
526.038940
525.307312
525.175171
524.809265
523.879578
523.155396
523.437195
523.858093
523.553101
523.050049
522.872742
522.953857
522.476440
521.763489
521.590698
522.119690
522.647522
522.319580
521.562134
521.675537
522.341919
522.187256
521.260132
520.859802
521.329590
521.545654
521.062256
520.722534
521.065125
521.402649
521.072815
520.632874
520.804260
521.021790
520.821228
520.539429
520.913025
521.692078
521.875488
521.784607
522.214722
522.862427
522.866516
522.304749
522.359131
523.261780
524.510742
524.866943
524.743347
525.101624
526.009277
526.290466
526.024475
526.354492
527.454834
528.093567
528.035034
528.339294
529.291382
530.118469
530.189636
530.177551
530.905518
531.615784
531.712402
531.831726
532.835205
533.953918
534.120728
533.755554
534.032288
534.732666
534.806824
534.391907
534.462769
535.169128
536.067688
536.283264
536.185608
536.550049
537.127441
537.052917
536.413818
536.342590
537.139282
537.782227
537.540649
537.420410
537.896912
538.087341
537.360107
536.800476
537.294983
537.884033
537.432800
536.811401
536.908325
537.383484
537.196106
536.640259
536.352051
536.289917
535.903259
535.381836
535.485535
536.163818
536.466858
535.944153
534.992493
534.710571
534.925415
534.610229
533.407288
532.916199
533.341187
533.662476
532.856262
532.320435
532.566833
532.676331
531.794678
530.874207
530.578003
530.510864
529.901794
529.517212
529.560242
529.451172
528.521057
527.557983
527.317566
527.254944
526.512756
525.524231
525.323608
525.999390
526.246033
525.481384
524.272888
523.688354
523.718872
523.465820
522.823120
522.600403
522.779297
522.675781
522.001526
521.794495
522.145386
522.145508
521.402344
521.096375
521.540649
521.769775
521.284607
521.138977
521.840637
522.584412
522.263550
521.761597
521.970886
522.591248
522.651489
522.521790
523.048035
524.214966
524.805420
524.446167
523.730286
523.954041
524.970337
525.474609
525.260742
525.515503
526.471008
527.266052
527.181824
527.371887
528.077454
528.747742
528.992676
529.513611
530.309998
530.816528
530.699768
530.973694
531.993652
532.825989
532.617065
532.357178
533.135315
534.739136
535.204163
534.837036
535.063171
536.212585
536.900330
536.819519
536.563660
536.879089
537.887634
538.394043
538.518250
538.809265
539.458557
539.472290
539.103027
539.436218
540.690979
541.450256
540.985474
540.666199
541.744019
543.343018
543.933105
543.638550
543.777649
544.563110
545.256226
545.588440
546.111755
546.730347
547.097961
547.642334
548.789612
549.697815
549.450195
548.622681
548.263489
549.431091
550.958069
551.398865
550.818970
550.795166
552.062561
553.025085
552.584961
551.542603
551.486450
552.164062
552.490417
552.448425
552.346313
551.844482
551.222595
551.261475
552.019470
552.158386
551.093506
549.882874
549.982056
550.700867
550.284424
548.799072
548.202148
548.886475
549.364380
548.626465
547.615540
546.913513
546.641357
546.461975
546.042725
546.094543
545.644531
544.310669
542.958313
543.067749
543.661560
543.129517
541.268250
540.144653
540.518860
540.961548
539.588379
537.715393
537.163269
538.187561
538.347229
536.961426
535.327576
534.562744
534.140137
533.734314
533.350525
532.705627
531.581665
530.683655
530.627136
531.227722
531.491577
530.332886
528.542664
527.749084
528.276611
528.423889
527.046204
525.751587
525.994202
526.845398
526.449585
525.422974
524.954590
525.005493
524.848511
524.702698
524.608398
524.275818
523.401855
522.912781
523.347656
523.951050
523.574463
522.584229
522.135803
522.315247
522.116760
521.186768
520.564270
520.725769
521.365356
521.485352
520.913452
520.613770
520.950989
521.000488
520.386047
519.867004
520.049133
520.281677
520.115662
520.459290
521.483704
522.248169
521.928650
521.322632
521.613403
522.286011
522.367004
522.135315
522.846008
524.184387
524.558716
524.100464
524.222900
525.281067
526.015686
525.738770
525.301880
525.791321
527.134216
527.972534
527.847107
527.924011
528.865784
529.560120
529.585876
529.795349
530.589233
531.083008
530.899597
531.379944
532.723450
533.567688
533.136719
532.551147
533.279114
534.414917
534.609924
533.926208
534.278992
535.879395
537.044067
536.689636
535.952393
535.855225
536.238586
536.372192
536.639221
536.974976
537.203552
537.101501
537.034485
537.692993
538.369629
537.899475
536.750916
536.723450
537.906677
538.335449
537.326904
536.477600
537.302490
538.676147
538.613342
537.129333
536.115356
536.381348
536.856018
536.607361
536.359985
536.346008
536.402405
536.289246
536.407227
536.090942
534.959961
533.897888
534.119080
535.191589
535.717285
535.025574
533.499268
532.830627
533.327148
533.495117
532.312073
530.900452
530.632019
531.016785
530.770935
530.182068
529.963318
529.848206
528.848633
527.861755
527.561646
527.270203
526.159729
525.277344
525.748657
526.482971
525.877136
524.494324
523.960266
524.286926
524.128845
523.189758
522.438110
522.730774
523.196960
523.079224
522.313354
521.967834
522.399292
522.602173
522.105652
521.645508
521.603210
521.399170
520.791138
520.492798
521.218445
522.279724
522.385193
521.950378
521.853943
522.192017
522.146851
521.946960
522.346924
523.253235
523.565918
523.375122
523.801819
524.728516
524.923645
524.336243
524.343689
525.467407
526.495300
526.470215
525.766479
525.699402
526.783325
527.991516
528.348328
528.424133
528.735596
529.226135
529.439331
529.880371
530.584656
531.187012
531.246887
531.538330
532.491943
533.191528
532.779053
532.675476
533.585327
534.737732
534.495239
533.933289
534.378113
536.127197
537.098938
536.907898
536.584351
537.146606
537.897278
538.257202
538.317810
538.408630
538.960266
539.583496
540.283630
541.176086
542.290405
542.560059
542.009155
542.300659
544.041870
545.466797
545.323120
544.725891
545.565002
547.260864
548.351318
548.237976
548.002441
548.548035
549.463318
549.996216
550.231201
550.509583
550.882690
551.338257
551.968140
552.578430
552.515686
551.803955
551.087280
551.543945
552.747253
552.908325
551.666199
550.939514
551.885193
553.033447
552.690491
551.290527
550.712524
551.281006
551.700562
551.239929
550.502625
550.126221
550.020325
550.092651
550.408386
550.091492
548.583130
547.075012
547.167236
548.138550
548.075806
546.615906
545.773010
546.037109
546.128113
545.142090
544.149902
543.620728
543.439941
543.231812
542.634766
542.214722
541.827271
541.180969
540.015259
539.493713
539.638611
539.386047
537.824585
536.523254
536.688477
537.468811
536.761108
534.938293
534.020447
534.504211
534.770691
533.842346
532.637451
532.117432
532.073242
532.025452
532.007874
531.632874
530.775513
529.490051
528.994934
529.497498
530.141907
529.853210
528.411011
527.304260
527.441711
527.691467
526.692993
525.423889
524.856506
524.962097
524.627380
524.139038
523.737793
523.316528
522.663086
522.207947
522.356689
522.345825
521.450562
520.580994
520.900391
521.635376
521.213135
519.887756
519.340393
520.181213
520.870850
520.241821
519.153992
518.889771
519.617859
520.567993
520.687134
520.665894
520.867249
520.971985
520.628601
520.871887
521.928894
522.448120
521.791138
521.400818
522.532715
524.206299
524.565979
523.676392
523.290955
524.224670
525.101624
525.240784
525.311035
525.742981
526.480164
527.318542
527.981018
528.451111
528.350830
527.994141
528.064453
528.921997
530.174988
530.497253
529.841919
530.064880
531.854187
533.358215
533.159912
532.252808
532.304688
533.278625
534.071533
534.051025
534.047241
534.233826
534.682190
535.480835
536.651428
536.922485
536.125854
535.406799
536.236877
537.527649
537.470581
536.175110
535.746521
536.876038
537.967957
537.640015
536.833984
536.799805
537.170532
537.401123
537.362671
537.491272
537.761963
537.491150
536.928589
537.045593
537.942505
538.250366
537.298462
536.225708
536.497314
537.040405
536.363159
534.984009
534.882263
535.805969
536.010315
535.043030
534.199097
533.753174
533.454529
532.716003
532.263977
532.018616
531.662842
531.084473
531.032898
531.476624
531.715332
531.118713
529.731140
528.946289
529.137207
529.161255
528.006653
526.977661
527.036438
527.550964
527.108948
526.194092
525.783508
525.705933
525.233337
524.454834
524.131592
524.145325
523.693970
523.312256
523.607849
524.142456
523.572021
522.317139
522.072632
522.698547
522.564941
521.437195
520.968140
521.914124
523.194946
523.327393
522.459106
521.919800
522.049927
522.058167
521.605530
521.319641
521.694580
522.000977
521.762756
521.985840
522.998901
523.776245
523.271301
522.554077
522.738647
523.498291
523.341187
522.829041
523.096069
524.357361
525.122986
525.045776
524.755432
525.057922
525.627930
526.011841
526.401917
527.155762
527.597351
527.440979
527.197266
527.867065
529.315491
530.092957
529.760864
529.712952
530.803162
531.920227
531.987732
531.984680
532.947266
534.463928
535.256348
535.483704
536.005310
536.934204
537.580750
537.860535
538.309265
539.110352
539.645203
540.267273
541.206604
542.381042
542.682434
542.365479
542.751465
544.209290
545.428894
545.326904
544.428955
544.361450
545.839905
547.123962
547.396973
547.212219
547.638733
548.325867
548.883606
549.274597
549.617920
549.693542
549.683899
550.084351
551.226562
551.985901
551.275818
549.819519
550.085999
551.635071
552.463806
551.648071
550.935547
551.293762
552.021301
552.267273
552.250671
551.968384
551.441589
550.800476
550.725159
551.233459
551.551575
551.124084
550.220398
550.082947
550.929382
551.441101
550.484436
549.200317
549.066223
549.687988
549.400757
548.366577
547.938904
548.236816
548.207642
547.351257
546.637817
546.127686
545.722107
545.116333
544.984863
544.997620
544.708130
543.952087
543.866882
544.350464
544.247986
543.052185
541.993835
541.720947
542.106873
542.121643
540.845337
539.694397
539.598145
539.953796
539.557129
538.616577
537.795776
537.134155
536.212891
535.252869
534.689880
534.429871
533.827209
533.015259
532.656006
532.437195
531.310730
529.454590
528.700989
529.017212
528.516418
527.016907
525.927979
526.139099
526.274658
525.333923
524.083740
523.505066
523.530396
523.590149
523.339050
522.831177
522.375366
521.908691
521.382874
521.142334
521.671631
521.848694
520.824158
519.587463
519.581909
520.234741
520.005920
519.294067
519.329163
520.083313
520.160278
519.545044
519.401855
519.976074
520.218201
519.917236
519.838806
520.433350
520.799805
520.593140
520.397156
520.934082
521.903809
522.043396
521.146057
521.096558
522.178467
523.052612
522.557678
521.989502
522.838196
524.412598
525.116333
524.928467
524.938049
525.458496
525.649475
525.626282
525.982300
526.768250
527.173645
527.447205
528.300354
529.420715
529.671265
529.347717
529.719421
530.728760
531.257080
530.716980
530.042664
530.558533
532.272949
533.522400
533.398987
532.665955
532.563354
532.972717
533.429626
533.893860
534.648621
535.085693
535.055847
535.049194
535.629700
536.148682
535.986938
535.628845
536.250793
537.196594
537.268616
536.832275
536.964600
537.748596
537.966797
537.245483
536.889465
537.352234
537.768005
537.412231
536.914856
537.096313
537.549500
537.690247
537.198120
536.731873
536.804626
536.734314
536.079407
535.609009
536.006714
536.269043
535.517334
534.730774
534.855530
535.110596
534.392639
533.003723
532.580566
532.946533
532.871277
531.961548
531.422302
531.496521
531.335266
530.387268
529.771973
529.723877
529.631470
528.774292
528.295105
528.447449
528.677979
528.353638
527.483521
526.876038
527.082153
526.997742
525.966309
524.849182
524.754822
525.173157
524.817566
523.954285
523.685669
524.101318
523.940063
522.898926
522.331055
522.345642
522.077332
521.592590
521.918945
522.608582
522.430176
521.614502
521.534180
522.267700
522.331543
521.216370
520.685669
521.532410
522.906677
523.073792
522.030090
521.294312
521.773132
522.695862
522.810791
522.645630
522.822998
523.105713
523.236877
523.599731
524.382812
525.078918
524.897644
524.607422
525.125000
526.355774
526.930603
526.643616
526.610229
527.334412
527.838074
527.815979
528.041260
528.935791
529.638733
529.630432
529.564514
530.141296
531.030640
531.255066
530.946960
531.034668
531.832825
532.314087
532.208435
532.517334
533.902466
535.207825
535.288757
535.038757
535.597961
536.719177
537.157715
537.033203
537.282776
538.491028
539.605347
540.408630
541.047058
541.726135
541.830322
541.745789
542.404236
543.871338
544.770874
544.941589
545.256714
546.708984
548.090088
548.636536
548.244141
547.676697
547.978210
548.662292
549.032898
549.066711
549.961792
551.084167
551.526978
551.337402
551.460754
551.711243
551.380737
551.042664
551.500793
552.206238
552.078796
551.477844
551.836609
552.771362
552.825378
551.777222
551.058533
551.187134
551.530090
551.241943
550.988770
551.325806
551.789551
551.687988
551.097290
550.472046
550.341858
550.072632
549.131531
548.418457
548.929993
549.459290
548.638977
547.107056
546.583557
546.882507
546.575500
545.460999
544.678589
544.648315
544.369446
543.384094
542.752930
542.527893
541.986572
540.949280
540.481934
540.386353
539.798706
538.491089
537.844055
538.233215
538.505188
537.522400
536.060120
534.846130
534.708740
535.158630
534.802673
533.790039
532.990234
532.695068
532.096619
531.272949
530.704834
530.423584
529.847107
529.282288
529.402039
529.764954
529.283142
528.187439
527.764404
528.062378
527.692078
526.554443
525.965149
526.431580
526.817322
526.126221
525.352051
525.314575
525.328552
524.382080
523.078552
522.585938
522.865417
523.087158
522.642395
522.363220
522.730896
523.054565
522.386536
521.178833
520.569885
520.645508
520.254822
519.655151
519.697388
520.597595
521.168701
520.803345
520.442078
520.542786
520.601868
520.299377
520.412109
521.126282
521.545654
521.427856
521.763794
522.728821
523.294556
522.562439
521.597473
521.643677
522.511230
523.560181
523.894836
523.948486
524.495361
525.630920
526.352966
526.602966
526.867615
527.336792
527.239136
527.107178
527.943787
529.343201
529.815125
529.505737
529.905457
531.132996
531.774719
531.538269
531.458252
532.200012
533.040527
533.326111
533.396179
533.750916
534.282654
534.449402
534.574646
535.221313
535.987183
536.371521
535.938660
535.545410
536.058594
536.835938
536.778503
536.346863
536.638916
537.365051
537.574524
537.344788
537.594299
538.032227
537.888855
537.309448
537.222595
537.661011
537.986206
537.507568
537.485291
538.089600
538.332581
537.431702
536.615295
536.807861
537.239868
536.739258
535.898682
535.892822
536.383118
536.649475
536.157166
535.622559
535.628540
535.723877
535.166443
534.232666
533.839844
534.199341
534.024109
533.142700
532.705078
532.890320
532.732239
531.790833
531.017273
530.873291
530.756287
529.938965
529.225525
528.828796
528.372620
527.354126
526.921021
527.132263
527.154053
526.141418
525.367004
525.716675
526.485291
526.151428
524.473450
523.056885
523.008850
523.852112
523.667480
522.783081
522.479553
523.025696
523.085571
522.288025
521.651245
521.681763
521.723267
521.549988
521.682190
521.999329
521.790039
521.322021
521.614990
522.181335
521.958862
520.859802
520.769470
521.968323
523.286072
523.078613
522.409363
522.830444
524.195129
524.858704
524.487549
523.928406
523.899780
524.368530
524.779724
525.325317
526.061646
526.602051
526.436218
526.352112
527.271362
528.593506
528.913940
528.113220
528.141113
529.603088
530.992065
531.083679
530.634583
530.953003
531.769653
532.314819
532.728577
533.254578
533.732178
534.057251
534.662292
535.353760
535.481384
534.785828
534.158691
534.440735
535.982483
537.506348
537.592712
536.973999
537.496582
539.107605
540.057739
539.606140
539.203613
540.113403
541.343567
541.953674
542.181580
542.727295
543.166809
543.625671
544.352417
545.336426
545.655396
545.596985
545.997070
547.331116
548.305542
548.387634
548.023254
548.695435
550.001648
551.059448
551.057251
550.504517
550.549866
550.976379
551.252136
551.334351
551.708252
551.824585
551.346252
551.024963
552.058716
553.323792
553.085815
551.481873
550.654236
551.449646
552.410889
551.799377
550.798218
550.761719
551.187378
550.855469
550.127563
549.636414
549.403259
548.999329
548.781067
548.742310
548.259460
547.032043
546.093689
546.321350
547.369812
547.656250
546.213745
544.479675
544.301392
544.960632
544.698792
543.204041
542.202209
542.199219
542.165527
541.163025
540.135071
539.810242
539.449646
538.546021
537.983887
537.709045
537.064819
535.910645
535.582947
535.730469
535.332336
533.918762
532.859314
532.916748
533.585144
533.526917
532.650696
531.787292
531.397705
531.611328
531.456909
530.603271
529.929382
529.693176
529.383972
528.856689
528.763733
528.754761
528.001221
526.946777
526.488892
526.676208
526.325256
525.210754
524.367065
524.560181
524.830505
524.147705
523.293884
522.839172
522.517273
521.726807
521.200623
521.347412
521.499084
520.884949
519.939331
519.748047
520.437683
521.140808
520.689758
519.972778
520.128052
520.868164
520.815430
519.892212
519.787781
520.706665
521.395447
521.065674
521.057800
521.747742
522.038696
521.664062
521.739441
522.694153
523.306213
523.008545
522.729492
523.323730
524.449097
525.023438
525.277710
525.688232
526.186584
526.099792
525.859741
526.349121
527.333801
528.254211
528.269775
527.834961
528.376770
529.809509
530.527466
530.194763
529.926697
530.691833
531.575500
531.859863
532.082153
532.872803
533.642639
534.023254
534.184387
534.526978
534.539856
534.356995
534.615173
535.581421
536.229980
535.842957
535.694458
536.709045
537.901794
537.788025
536.632690
536.133423
536.581360
537.464783
537.860596
537.597412
537.320679
537.142456
537.111511
537.364258
538.124390
538.531067
537.837952
536.663635
536.813782
537.816406
538.004639
536.758484
535.862427
536.468811
537.425903
537.098877
536.125122
535.818909
536.056885
535.913757
535.425842
535.083069
534.713806
533.958557
533.518799
533.883423
534.364624
534.051392
532.718811
531.343811
531.152100
531.686218
531.416992
530.220459
529.467163
529.724548
529.803833
528.865112
528.047546
527.760376
527.477234
526.703064
526.280273
526.150696
525.727112
524.810059
524.355530
524.528809
524.618835
523.644409
522.813599
523.206909
524.354370
524.112244
522.179932
521.485291
522.311218
522.772278
522.621277
522.899780
522.375183
520.729309
520.432617
521.671631
522.609741
522.282227
521.377747
520.695007
521.483276
523.074463
523.437805
522.002991
521.217346
522.310181
523.840393
523.663330
522.741089
522.906555
524.111267
524.938904
525.035156
524.836121
524.990295
525.279114
526.064270
527.184631
528.036194
527.987732
527.448364
527.253906
528.222839
529.629395
529.849121
529.211670
529.393250
531.022888
532.144470
531.960876
531.700195
532.315186
532.977722
533.322266
534.050232
535.559509
536.055115
535.859619
536.312500
536.988892
537.214722
536.729797
536.526184
537.744324
539.545471
539.713074
538.838318
538.992554
540.659485
541.673218
541.518860
540.960083
541.066406
541.823303
542.192627
542.481506
542.987488
543.697632
544.014893
544.095093
544.576233
545.555176
546.091553
545.898132
546.020874
547.132080
548.153259
548.064270
547.531494
548.114136
549.246704
549.799438
549.598877
549.737732
550.197693
550.582397
550.869812
551.625793
551.844177
551.257812
550.103760
550.065552
551.422607
552.706299
552.323730
550.862366
550.508850
551.483459
552.256836
551.402771
550.244812
550.119141
550.397949
550.173462
550.016968
549.995422
549.618225
548.587646
547.978699
547.933105
547.666138
546.657349
545.849731
545.832947
546.031189
545.089417
543.767639
543.358276
543.770569
543.512695
542.271240
541.303711
540.990173
541.003723
540.633362
539.796631
539.114563
538.665466
537.960632
536.983887
536.565002
536.559753
535.966064
534.527649
533.672546
533.738586
533.575684
532.183960
530.796570
530.394897
530.701782
530.337891
529.342590
528.578674
528.323547
527.954529
527.387329
527.013855
526.750977
525.811768
524.571350
524.249695
524.755615
525.321716
524.946838
524.028931
523.741882
524.263245
524.572998
523.950256
523.329102
523.330383
523.388550
522.982056
522.652649
522.953735
523.129333
522.656921
522.229736
522.233093
522.204407
521.418579
521.034668
521.600220
522.023315
521.312683
520.215149
520.387451
521.554810
522.064209
521.199524
520.055908
519.851868
520.491150
521.088684
521.443298
521.885864
522.192871
522.167969
521.976929
522.371033
523.204346
523.573730
523.184509
523.295959
524.549500
525.547058
525.351135
525.164246
526.198608
527.444946
527.607178
527.175415
527.493225
528.597168
529.306091
529.465881
529.908936
530.557556
530.855164
531.010681
531.861206
532.960632
533.297424
532.783569
532.316040
532.729614
533.957092
534.806824
534.674194
534.413147
534.829895
535.695862
535.843628
535.536011
535.766968
536.383789
536.828979
537.011475
537.379028
537.317627
537.042847
537.022522
537.724976
538.056824
537.475708
536.723694
537.040649
538.075684
538.402893
537.494873
536.621094
536.484558
536.953064
537.370728
537.058228
536.957092
537.122559
536.894226
536.210388
536.062500
536.543701
536.460876
535.392883
534.895691
535.453918
535.925232
534.949463
533.762390
533.673767
534.158447
533.945923
532.959106
532.397766
532.580688
532.695068
532.197571
531.643494
531.069031
530.203308
529.395264
529.448730
530.161133
530.373840
529.349121
527.462158
526.577881
527.001892
527.328003
526.452515
525.557190
525.398987
525.386108
524.672729
523.929504
523.630127
523.773010
523.393616
522.736328
522.304138
522.324219
522.211792
522.011169
522.080078
522.096924
521.590149
521.120728
521.421387
522.168457
522.065674
521.333130
521.033142
521.551636
522.086853
522.086182
521.792603
521.895020
522.447998
522.726379
522.541931
522.674622
523.591003
524.042908
523.614441
523.440674
524.458801
525.424133
525.193176
524.880310
525.439697
526.378296
526.776978
527.031921
527.908752
528.696960
528.645630
528.492981
529.353333
530.638000
531.074585
531.025146
531.541565
532.800232
533.638245
533.454651
532.883484
533.300049
534.535278
535.386963
535.320007
535.455505
536.621277
537.738159
537.789673
537.553406
538.300110
539.507874
540.003418
540.164246
540.665771
541.229065
541.200012
541.226624
542.132019
543.384460
543.989136
543.776062
544.004272
544.904114
545.417297
545.229431
545.144714
545.894165
546.370239
546.083557
545.887939
546.412720
547.346680
547.419800
547.011658
547.074036
548.027039
548.454712
548.016663
547.773560
548.698608
549.655090
549.689575
548.992676
549.184021
549.916443
550.204651
549.802185
549.955933
550.701294
551.064453
550.624451
550.410950
550.648071
550.822632
550.562073
550.658508
551.107361
551.152039
550.549927
550.017944
550.064819
550.681519
550.741821
549.860168
548.980164
548.792847
548.708069
548.236206
547.756836
547.828735
547.391235
545.929993
544.573181
544.577332
545.048279
544.519836
542.980957
542.106140
542.198669
541.976318
541.033325
540.307312
540.053528
539.210022
537.881592
537.343567
537.555969
537.302246
535.832336
534.474304
534.174377
534.534241
534.420105
533.407043
532.485107
532.369507
532.191589
531.215393
530.199097
529.885010
529.875427
529.022339
527.838806
527.274109
527.299561
526.625549
525.565491
525.134399
525.457642
525.256104
524.499329
523.695068
523.464905
523.111023
522.730530
522.803467
523.073364
522.694702
521.576782
520.656921
520.678223
521.443665
521.918335
521.322693
520.474792
520.758484
521.362122
521.329529
520.905518
520.941711
521.265747
520.974426
520.673645
520.844177
521.294922
521.140869
520.829407
521.244019
522.005615
521.993835
521.256714
521.159790
522.027832
522.296448
521.762512
521.949646
523.197632
523.818481
523.300781
522.788635
523.015503
523.747314
524.490295
524.659424
524.723694
525.241028
525.800537
525.876709
525.988281
526.760132
527.626343
527.914124
528.062012
528.674011
529.468994
529.525513
529.445251
530.223755
531.541565
532.133179
531.928223
532.205811
533.276489
533.938232
533.793152
533.776489
534.687744
535.324707
535.139526
534.887268
535.350403
535.945435
536.152466
535.829895
535.897034
536.483154
536.970215
536.759766
536.718140
537.492676
538.364563
538.064758
536.921936
536.698486
537.415039
537.657349
537.220886
537.012695
537.228882
537.178711
536.679626
536.574829
536.738220
536.632446
536.048584
535.989685
536.145447
535.828430
534.724426
534.030457
534.401123
535.213684
535.446655
534.256958
533.082642
533.146179
533.727783
533.279358
532.171875
531.336914
531.329285
531.585266
531.509949
531.151550
530.695312
529.959351
529.039734
528.826477
529.177795
528.725769
527.389221
526.899597
527.354797
527.413330
526.592041
526.207520
526.265015
526.196289
525.346375
524.500122
524.239807
524.596191
524.756042
524.482544
524.191772
524.077515
523.911499
523.092407
522.447510
522.640015
523.200684
522.784546
522.002197
522.077576
522.987549
523.145447
522.169312
521.599670
521.924683
522.262451
521.988220
521.645630
521.697571
521.951538
522.027954
522.317688
522.671204
522.565613
521.599426
521.435303
522.890320
524.647095
524.758240
523.400818
522.649292
523.597534
524.980713
525.107605
524.647217
524.932251
526.128601
527.020142
527.461914
527.952332
528.565369
528.611816
528.794922
529.903442
531.448669
531.859497
531.510925
531.982727
533.650269
534.725586
534.600037
534.556152
535.507996
536.571106
536.747925
536.721436
537.318420
538.570740
539.212280
539.346802
539.674927
540.536194
541.049438
541.000366
541.379639
542.487244
543.263550
542.899963
542.792725
544.092529
545.764709
546.183960
545.284485
545.314453
546.777039
547.994080
547.641113
547.052063
547.560059
548.857849
549.858704
550.216614
550.039246
549.659607
549.492493
550.140259
551.211182
551.544189
550.730530
549.976318
550.208801
551.600464
552.531860
551.970764
550.852356
550.973389
552.000061
552.356628
551.425659
550.981384
551.370361
551.781311
551.374573
550.704407
550.403442
550.429993
550.260193
550.237549
550.131409
549.535889
548.334839
548.149597
549.043457
549.302429
548.075439
546.854553
546.955078
547.436584
546.904785
545.479919
544.887390
545.521484
546.357117
546.260742
545.042236
544.165771
543.836914
543.772827
543.367432
543.114136
542.631104
541.958618
541.257507
541.353760
541.478577
540.587585
539.032166
538.543030
539.030457
538.931702
537.347473
536.215027
536.058533
535.977478
534.934875
533.497986
532.541138
532.460388
532.483643
532.041443
531.392822
530.627197
529.809082
528.522888
527.516418
527.402649
527.293335
526.286560
525.390442
525.486938
525.839661
524.839600
522.944275
522.025146
522.547058
523.112854
522.468994
521.482544
521.305786
521.650574
521.506165
520.859070
520.356506
520.008179
519.779846
520.048950
520.732605
520.510132
519.547241
519.206055
520.174805
521.255493
521.412537
520.110229
518.729858
518.976868
520.553345
521.386230
521.024292
520.749451
521.358337
521.812561
521.670959
521.327576
521.502808
521.933594
522.447632
523.313049
524.195923
524.121094
523.577148
523.944397
525.431458
526.229919
525.270569
524.366394
525.473877
527.590088
528.551025
527.967712
527.341187
527.485718
528.177734
528.684814
529.000427
529.677673
530.573303
531.053284
531.296204
531.733948
532.210938
532.011292
531.826172
532.563293
534.100403
534.671204
533.941833
533.644653
534.731506
535.799561
535.587402
534.862061
534.946838
535.658630
536.359070
536.742981
537.060425
537.087646
536.561829
536.209534
536.898804
537.975647
538.165710
537.267090
536.353210
536.941284
538.218445
538.534424
537.512878
536.776367
537.170532
537.739258
537.440308
536.962769
536.904114
536.789429
536.389893
536.434265
536.749390
536.373962
535.001160
534.265137
535.071411
535.712463
534.675964
533.367065
533.373840
533.813354
533.273499
532.171448
531.666077
531.767334
531.701904
531.085815
530.360657
530.210449
530.303955
529.837830
529.048767
528.782043
528.781006
528.102417
526.958435
526.500732
526.846863
526.842041
526.094299
525.477966
525.529419
525.555542
524.884155
524.146606
523.929199
523.887695
523.578491
523.335571
523.449097
523.537415
522.765259
521.868042
522.205872
523.371277
523.654541
522.520020
521.110779
521.152283
522.222656
522.535461
521.776855
521.257263
521.427368
521.488464
521.268494
521.763672
522.557373
522.642700
522.098145
522.316284
523.161438
523.609131
523.166626
522.954346
523.807739
524.849731
524.923584
524.475952
524.774719
525.735046
526.277100
526.249451
526.478027
527.185974
527.644958
527.693542
527.875366
528.708069
529.644043
529.756348
529.588928
530.083008
531.201477
531.778625
531.771301
532.079956
533.189880
534.163574
534.341919
534.154968
534.549194
535.212769
535.660217
536.276306
537.211609
537.884399
537.597656
537.318726
537.910217
538.806580
538.732727
538.384216
538.829224
540.241455
541.052979
541.023499
540.694153
540.765015
541.511780
542.070862
542.313843
542.542175
542.987366
543.329712
543.812378
544.793640
545.983887
546.197205
545.606873
545.684143
546.996216
547.914673
547.694275
547.562256
548.567139
549.783386
550.062927
549.731750
550.103149
550.776794
551.131653
550.926636
551.112122
551.493530
551.628723
551.494995
551.689392
552.228760
552.258240
551.693481
551.124878
551.576050
552.245544
551.822388
550.324646
549.919800
550.892273
551.657349
550.822876
549.344238
548.679688
548.978210
548.920471
548.376465
547.696533
547.306213
546.930298
546.794006
546.698669
546.043091
544.797363
543.988586
544.246216
544.408691
543.191833
541.496948
540.934448
541.645996
542.396362
541.624756
539.576477
538.133057
538.295227
539.043762
538.299988
536.531860
535.223999
535.042114
535.106628
535.028564
534.335266
533.007874
531.582764
531.320557
531.700500
531.497498
529.633484
528.342407
528.675964
529.361572
528.249695
526.225159
525.586487
526.369202
526.467957
525.047668
523.372131
522.951599
523.554626
523.828430
523.720276
522.995972
522.381104
521.971924
521.921570
522.388916
522.499084
521.446106
519.934204
519.755981
520.811829
521.274719
520.465759
519.623596
519.895142
520.476562
520.079529
519.277100
519.352539
520.402466
520.739258
520.201721
520.055054
520.625732
521.094177
521.207703
521.368042
521.733337
521.974609
521.593567
521.232422
521.813782
522.754700
522.970337
522.282410
522.037598
522.754272
523.731506
523.544617
523.029175
523.684143
524.976868
525.328857
524.931580
524.997070
525.565063
526.109802
526.687012
527.118652
527.168091
527.134155
527.618408
528.857849
530.070740
530.291626
529.530457
529.409302
530.363159
531.791992
532.127502
531.626953
531.980042
533.475708
534.496826
534.258911
533.974670
534.487549
535.299500
535.742981
535.596680
535.592590
535.961609
536.248047
536.525085
537.187134
537.622131
537.235718
536.920349
537.681396
538.236206
537.527222
536.723267
537.012085
537.893188
538.044922
537.255188
536.777100
537.145996
537.745850
537.777344
536.793823
536.158691
536.485168
536.917725
536.711914
536.444458
536.475342
536.010254
534.946838
534.823853
535.481506
535.452087
534.186218
533.379700
533.776917
534.163940
533.509033
532.603699
532.677368
533.150085
532.758972
531.779907
531.388062
531.548279
531.437927
530.776367
530.495483
530.563599
530.367249
529.508362
528.506775
528.427734
528.774048
528.500793
527.150330
526.403503
526.868958
527.113953
526.086121
524.829407
524.587219
525.262146
525.248108
524.373352
523.332275
523.199646
523.230591
523.043213
522.674133
522.146912
521.164490
520.826965
521.794373
522.853699
522.258240
520.725464
520.290466
521.390503
522.226196
522.111267
521.540833
521.559570
522.032288
522.417664
522.324219
522.345947
522.591553
522.694031
522.596313
522.805115
523.644836
524.402893
524.500305
524.636353
525.337280
525.875916
525.638184
525.741455
526.765259
527.855591
527.924011
527.796936
528.569458
529.800842
530.164856
529.715942
529.959229
531.474731
532.721741
532.840759
532.258423
532.119080
532.994385
533.984863
534.380310
534.758972
535.430054
536.021423
536.075073
536.136414
536.902100
538.069580
538.733154
538.925110
539.349731
539.755554
539.901123
540.259094
541.256348
542.169250
542.111389
541.556885
541.858826
543.094971
543.693542
543.419128
543.421631
544.192200
544.664673
544.390564
544.138611
544.597839
545.707092
546.093079
545.913574
545.984314
546.803345
547.149658
547.015564
547.149841
548.128723
548.878845
548.970520
548.727905
549.267090
549.945251
549.922791
549.488403
549.901428
550.658569
550.994629
550.770020
550.977783
551.496582
551.268311
550.434875
550.439636
551.088379
551.394775
550.643494
549.916626
549.903137
550.670715
551.082581
550.490356
549.451477
549.022888
548.931946
548.498474
548.089844
548.176392
547.995300
547.249939
546.483337
546.285522
545.710876
544.461426
543.596924
543.841003
544.097900
543.165161
541.695496
540.986267
540.849243
540.486328
539.371826
538.419739
538.130676
537.789185
536.950745
536.430359
536.411133
536.322205
535.402405
534.161987
533.395874
533.215515
532.992737
532.044983
531.265625
531.142761
531.044250
529.646973
528.235046
527.959229
528.235168
527.631470
526.528870
526.086914
526.533447
526.280212
525.130859
523.955872
523.866455
524.043640
523.883179
523.407471
523.110962
522.547424
521.698486
521.185852
521.311340
521.615356
521.239075
520.596680
520.543213
521.282227
521.629333
520.847290
519.927917
520.140442
520.938110
520.904480
520.335571
520.473145
521.378296
521.527405
520.903931
520.743347
521.428589
521.689880
521.655029
521.534241
521.664001
521.676514
522.041870
522.752258
523.322021
522.796814
521.979736
522.001770
522.957825
524.055847
524.635620
524.130554
523.585815
524.270935
525.417969
525.504089
525.145020
525.538879
526.400452
526.829285
527.252258
527.910339
528.474609
528.291626
528.207825
528.826843
529.923157
530.520508
530.852478
531.614685
532.480713
532.389771
531.779175
532.028748
533.288879
534.116272
533.874390
533.716248
534.423706
535.359863
536.008606
535.976807
535.833679
535.868652
535.974182
536.097900
536.673340
537.593079
537.767334
536.864746
536.280273
537.025696
537.975281
537.441467
536.228699
536.177734
537.394592
538.250732
537.920654
537.144409
536.704529
536.700317
536.497864
536.400513
536.424500
536.080750
535.518433
535.822021
536.852356
537.231506
536.142090
534.051514
533.100708
533.929749
535.007874
534.359924
532.735413
532.332336
533.291748
533.344727
532.130981
531.089050
530.899231
530.798889
530.671448
530.670898
530.377625
529.383484
528.666565
528.919556
529.306091
528.735352
527.391296
527.113037
527.756165
527.941589
526.869873
526.062378
526.514587
527.443787
527.181213
525.546570
524.247742
524.356995
525.325562
525.260498
524.464050
523.593323
523.290344
523.158386
523.397400
523.490234
523.060303
522.077698
521.727905
522.576538
523.334839
522.373901
520.541382
520.251648
521.749939
522.930237
522.356750
521.263245
521.255554
522.019165
522.223083
521.975159
522.028625
522.690308
522.827087
522.460510
522.757690
524.008362
524.833862
524.302551
523.908691
524.808289
526.096924
526.273621
526.211853
527.055298
528.469116
528.829163
528.250305
528.004028
528.961487
530.213989
530.848999
531.252563
531.867920
532.463013
533.062256
534.089111
535.131836
535.063416
534.547729
535.315125
536.992981
537.936707
537.354858
536.640137
536.919800
538.470398
540.225403
540.608154
540.096252
540.284180
541.509705
542.464661
542.577759
542.693176
543.303101
543.777832
544.270203
545.184875
545.840332
545.710510
545.586426
546.535461
547.886475
548.122864
547.285645
547.257996
548.749573
549.927673
549.532898
548.748657
549.212891
550.467957
550.961731
550.612061
550.121826
550.282898
550.621948
550.765137
550.949646
551.530457
551.684265
551.124939
550.332153
550.563904
550.909302
550.602722
549.723206
549.808899
550.605469
550.752014
549.646729
549.185913
549.841736
550.387024
549.635437
548.768860
548.643188
549.049377
548.804077
548.529297
548.490601
548.153809
547.588257
547.344177
547.456848
547.581909
547.215881
546.100464
545.195984
545.561035
546.048584
545.150330
543.284790
542.712585
543.533936
543.829712
542.402283
541.060364
540.663086
540.729248
540.200745
539.752441
539.261169
538.368530
536.994019
536.485107
536.502136
535.734375
534.094177
533.212280
533.327148
533.273132
531.969910
530.035767
529.207886
529.621155
530.236145
529.882019
528.701538
527.594360
526.954346
526.547302
526.431641
526.502502
526.072937
524.546753
523.091553
523.300659
524.393616
524.161255
522.280457
520.861877
521.360718
522.578857
522.723877
521.664917
520.345581
519.577393
519.663574
520.584045
521.467346
521.112488
519.499268
518.036255
518.214050
520.046387
521.752991
521.506409
519.730896
518.662720
519.335327
520.426514
521.105347
521.334656
521.063171
520.552124
520.770081
522.071167
523.110229
522.585754
521.183533
521.123718
523.062195
524.611511
524.243469
523.297485
523.660461
524.772461
525.309570
525.328003
525.714539
526.512268
527.166992
527.674927
527.979065
528.183655
528.212158
528.065918
528.488098
529.809387
530.835938
530.640869
530.104675
530.930115
532.765686
533.450867
532.476562
531.775146
532.519897
533.755249
534.285583
534.079590
534.339355
534.828979
535.141235
535.409241
535.969116
535.960388
535.326477
535.231812
536.553406
537.583435
537.056458
536.110229
536.686646
538.230957
538.767212
537.855835
536.680176
536.610352
537.494446
538.069702
537.858582
537.331970
537.028687
536.845947
536.767944
537.309570
537.390991
536.424622
535.211914
535.570435
537.218506
537.863037
536.184204
533.995117
533.801331
535.096619
535.685974
534.821777
533.534607
532.745728
532.738037
533.131409
533.411133
533.225708
532.171265
530.502808
529.812622
530.862000
531.700623
530.601562
528.654114
527.880127
528.564697
529.375061
528.774109
527.304199
526.329346
526.320618
526.504883
526.409851
525.870056
524.942017
524.274719
524.662659
525.348328
524.791260
523.039795
522.315369
523.518982
524.809814
523.816101
521.645325
520.965027
522.267517
523.518066
523.588440
522.423157
521.216309
520.944702
521.315735
522.102539
522.649353
522.179382
521.247009
521.092834
522.114136
523.057922
522.737244
521.471191
521.390137
523.053589
524.428894
523.444153
521.950989
522.358765
524.063965
524.744446
524.220032
523.746155
524.233643
525.126831
526.008057
526.393738
526.279053
525.604919
525.313904
526.006958
527.481140
528.475830
527.991333
527.359070
527.984802
529.795532
530.682251
530.057251
529.423218
530.409424
531.963867
532.724976
532.691467
532.938416
533.488281
534.246643
535.101501
535.822388
535.759949
535.210205
535.832336
537.718567
539.226990
538.795654
538.037720
538.830017
541.074951
542.600769
542.554199
541.606323
541.220764
542.346924
543.808655
544.798096
544.912720
544.964172
544.970032
545.568909
546.673340
547.933899
548.152100
547.663147
547.985840
549.480286
550.282043
549.679565
549.049927
549.797607
551.147827
551.562744
550.936890
550.780640
551.570374
552.448730
552.501953
552.156494
551.921570
551.928650
551.813660
551.868896
552.204590
552.293762
551.527527
550.680115
551.422546
552.487671
551.992310
550.269836
549.841614
550.923767
551.489929
550.307617
548.816406
548.596802
549.427612
549.347473
548.341370
547.280029
546.910278
546.737793
546.702148
546.387817
545.500854
544.220703
543.699036
543.888000
543.861145
542.746765
541.228577
540.544800
540.951111
541.817566
541.426453
539.851990
538.710205
538.676880
538.873901
538.184570
537.255127
536.585632
536.292297
535.582092
535.006775
534.631470
534.105286
532.931030
532.343018
532.449097
532.553406
531.822998
530.995667
530.867188
531.152893
530.624207
529.444275
528.907471
529.195068
528.891846
527.649658
526.875610
527.079895
527.651733
527.404480
526.514465
526.113647
526.161438
525.657898
524.612244
523.942200
523.737122
523.590637
523.156433
522.781067
522.689209
522.484802
521.963074
521.726562
521.796265
521.544617
520.701416
520.306763
521.090576
521.720215
521.192749
520.127930
520.136353
521.220032
521.423401
520.242310
518.950806
519.086792
520.637573
522.074829
522.171387
521.591980
521.606812
522.044373
522.386597
522.823914
523.223877
523.255920
523.190002
523.836243
525.093201
525.547485
525.106812
525.324585
526.630310
527.493774
526.965332
526.418335
527.177307
528.904968
529.632629
528.996521
528.609375
529.557068
530.858948
531.267578
530.954224
530.754700
531.035156
531.708984
532.684265
533.740845
534.376221
533.959412
533.335144
534.021057
535.562622
536.045349
534.986694
534.578979
535.760315
536.867676
536.710632
536.135559
536.459656
537.079163
537.147461
536.938110
537.206604
537.726196
537.736694
537.499084
537.830444
538.092590
537.597229
536.705811
536.877441
537.882996
538.482849
537.946594
536.555298
536.233276
537.080200
537.467712
536.610718
535.925415
535.831970
535.989624
535.623657
535.538574
535.640076
535.275513
534.161804
533.762878
534.625366
535.103638
533.941345
532.400818
532.417297
533.443726
533.385315
531.837036
530.796265
531.117493
531.685913
531.252380
530.405518
529.991455
529.882874
529.648193
529.297485
529.295959
529.296814
528.745239
527.696106
527.368530
527.472717
526.991455
525.857544
525.473145
526.030090
526.320190
525.118713
523.796997
523.719299
524.169861
523.754272
522.801697
522.400879
522.458374
522.295044
522.185547
522.311523
522.376282
521.614075
520.765015
520.868408
521.815552
522.484131
522.205872
521.357117
521.124207
521.799683
522.338562
521.933228
521.654114
522.115662
522.513245
522.623108
523.266785
524.139160
524.466309
524.131409
524.224976
524.946045
525.845459
525.842102
525.398254
525.796509
526.973938
527.733337
527.908386
528.482544
529.451904
529.841248
529.951965
530.515503
531.585083
531.837036
531.408630
531.162476
532.120728
533.650879
534.479065
534.364563
534.691895
535.620789
536.229065
536.175720
536.497559
537.723389
538.796448
538.792542
538.578369
539.321045
540.392944
540.826111
541.003906
541.734985
542.687744
543.229004
543.347656
543.940918
544.602173
544.801331
544.834229
545.433533
546.428772
546.774658
546.361267
546.157715
546.806213
548.041870
548.624695
548.373352
548.251038
548.658447
549.088379
549.213318
549.343201
549.952087
550.301758
549.918213
549.266296
549.908997
550.716309
550.519836
549.457581
549.348816
549.848511
550.038269
549.380249
549.278320
549.713379
549.912231
549.391846
549.373962
549.712463
549.754211
549.113892
548.888733
549.506042
550.256470
550.105957
549.189331
548.876160
549.121826
549.124939
548.623169
548.427673
548.713867
548.858459
547.966370
547.063782
547.206848
547.420166
546.575439
545.201782
544.806702
545.263977
545.295776
544.289978
543.251587
542.764648
542.164307
541.262329
540.954468
540.735229
540.032104
538.548401
537.510193
537.227783
537.390015
536.941895
535.544861
534.326782
534.087585
534.263733
533.629761
532.544617
531.732605
531.162048
530.325134
529.815552
529.945679
529.606873
528.205200
526.972168
526.956116
527.186157
526.335571
525.080688
524.708740
525.029114
524.875244
524.162048
523.377808
523.179138
522.719482
521.896362
521.205261
521.252441
521.759338
521.846313
521.392517
521.106689
521.279175
521.073364
520.410400
520.129883
520.486328
520.671997
520.149292
519.748718
520.414001
521.049744
520.614624
519.839294
520.008911
520.821472
520.860352
520.373291
520.401917
521.127075
521.350647
521.338867
521.756653
522.442627
522.667480
522.260315
522.009399
522.506897
523.503845
523.922729
523.686829
523.906555
524.753479
525.169006
524.847168
524.904419
525.851746
526.740173
526.547119
526.311646
526.965515
527.964539
527.975159
527.631592
528.193420
529.308167
529.654785
529.447205
529.868103
530.692993
531.027100
531.320923
532.109497
533.107544
533.264893
532.939758
533.013794
533.991882
534.987366
535.350220
534.748718
534.509216
535.188110
535.693359
535.667542
535.842957
536.677124
536.906738
536.521851
536.548401
537.294067
537.834290
537.493408
536.958191
537.126831
537.691772
537.562195
536.809937
536.873352
537.416382
537.247131
536.533691
536.610596
537.072021
536.719238
535.792603
535.336304
535.482971
535.879028
535.868896
534.916565
534.187744
534.366394
534.953857
534.470215
533.823120
533.457031
533.366150
532.756958
532.227234
532.189392
532.092957
531.153137
530.326965
530.405640
530.720520
529.957397
528.819092
528.598083
529.087463
529.146240
528.211975
527.367004
527.191284
527.078674
526.403870
526.007507
526.301636
526.572388
526.005676
524.827820
524.430603
524.782898
524.983765
524.267883
523.610107
523.494812
523.485779
522.648804
522.117249
522.637451
523.156372
522.712769
522.052368
521.877319
522.210938
522.219543
521.908447
521.968079
522.424011
522.300964
521.730896
521.828430
522.478027
522.705078
522.101807
521.723511
522.215332
523.038879
523.213196
522.828186
522.730530
523.253784
523.516235
523.135925
523.202759
524.036804
524.805664
524.444519
524.308899
525.094604
526.205933
526.348083
525.988708
526.236572
527.218384
527.779968
528.095215
528.676575
529.562988
529.855164
529.955017
530.617188
531.698669
532.265564
532.470886
533.069031
534.242737
534.857056
534.662354
534.496277
535.157898
536.666016
537.655579
537.789917
537.858643
538.887024
540.090271
540.372620
540.495789
541.257324
542.300659
542.517822
542.546082
543.326050
544.313904
544.805542
544.863525
545.586365
546.450867
546.694763
546.557617
546.973511
548.105469
548.761780
548.578308
548.570312
549.311340
549.958008
549.812927
549.570007
549.954041
550.925964
551.291016
550.777283
550.476929
551.169861
551.653931
551.491577
551.595703
552.372864
552.721985
552.095886
551.330505
551.548279
552.160278
552.094482
551.294800
551.038208
551.286255
551.375549
550.782349
550.454041
550.603271
550.380615
549.385559
549.060791
549.315735
549.308655
548.420349
547.761719
547.788574
548.063171
547.973389
546.834473
545.934875
545.870850
546.055786
545.332397
544.463745
543.969177
543.676331
542.825317
541.789673
541.364075
541.272156
540.754456
540.077576
539.857910
539.769714
538.742310
537.381165
537.319702
538.084961
537.602600
535.779236
535.016357
535.471863
535.648621
534.687012
533.936279
533.717590
533.702637
533.483459
532.865112
532.220215
531.920959
531.771118
530.985779
530.118835
529.764221
529.543945
528.904846
528.198914
527.999939
528.006531
527.364075
526.415894
526.048889
526.140869
525.646912
524.501770
523.966248
524.187866
524.201172
523.335693
522.576538
522.590820
522.424011
521.576050
520.771912
520.921875
521.680420
521.759399
520.940186
520.403564
520.593262
520.937134
520.830933
520.678528
520.990601
521.107727
520.481079
519.821655
520.160034
521.178528
521.751282
521.728577
521.692017
521.880920
521.724915
521.478027
522.198181
523.573486
524.132568
523.785706
523.991455
524.959290
525.440613
525.066711
525.078308
526.038025
526.902100
527.126587
526.803589
526.948914
527.855835
528.778259
528.778503
528.536743
529.104370
530.255981
531.030518
531.141174
531.398010
531.998657
532.354736
532.437012
532.910278
533.693176
533.744568
533.511780
534.021179
535.310974
535.754211
535.226990
534.946350
535.730469
536.589478
536.613708
536.160706
536.335815
536.830444
537.113586
536.904663
536.860840
537.453247
537.817749
537.254272
536.876587
537.395874
538.054993
537.712708
537.083923
537.225281
537.702271
537.480042
536.709534
536.572083
536.970032
536.788635
535.982117
535.727661
536.088806
536.123962
535.609314
535.382629
535.330383
534.867432
533.815796
533.314697
533.841431
534.792419
534.719177
533.533508
532.541992
532.581970
532.656982
531.768005
531.137085
531.309998
531.699890
530.913757
529.878418
529.860291
530.454285
530.177368
529.138000
528.616760
528.555542
527.970154
527.016663
526.710754
527.074097
526.776733
525.809265
525.458801
525.673340
525.371338
524.436401
524.029602
524.355286
524.879272
524.537659
523.385132
522.654846
522.902588
522.994690
522.092102
521.342834
521.600830
522.205566
521.921875
521.521118
521.417664
521.641235
521.446533
521.201904
521.373779
521.856995
521.821777
521.363586
521.496948
522.539978
523.045227
522.588257
522.377380
523.182922
523.946167
523.889221
524.044067
524.821228
525.621338
525.584106
525.387695
525.702271
526.599304
527.559265
527.825500
527.753235
528.427124
529.568298
530.020264
530.166382
530.739990
531.596375
531.929077
532.116333
533.059631
534.282410
534.614075
534.463135
534.928894
536.184143
536.900085
536.862671
537.090881
538.037109
538.890808
539.066101
539.337646
540.358032
541.589355
542.091919
541.905579
541.848145
542.570618
543.121033
542.874390
543.167664
544.641296
545.770203
545.547607
545.186768
545.765991
546.866638
547.437317
547.443665
547.713867
548.848450
549.292358
549.189514
549.275757
549.827087
550.083069
550.042297
550.377197
550.944824
551.124268
550.798401
550.842346
551.615417
552.250549
551.655701
550.673645
550.559753
551.488831
552.389099
552.088440
551.392578
551.593628
552.323669
552.072388
550.986267
550.601685
550.939209
550.834473
550.295715
550.375793
550.460999
549.928650
548.990112
548.535095
548.565308
548.521912
547.626282
546.997803
546.954041
546.922119
546.019775
545.408142
545.362915
545.205078
543.931946
542.892822
542.723999
543.144226
543.305847
542.354065
541.288635
540.753357
540.517578
539.856323
539.194702
538.538147
537.955688
537.099182
536.375977
536.311340
536.522217
535.864075
534.199280
533.328064
533.659058
533.810730
532.806702
531.848877
531.617859
531.677307
531.159363
530.691895
530.439819
530.163635
529.325195
528.516418
528.312256
528.553345
528.677124
528.161011
527.463806
527.150269
526.932922
526.389832
525.703979
525.547729
525.707214
525.066650
523.895142
523.670227
524.239624
523.961487
522.565918
521.721802
521.981812
522.501160
522.254456
521.730835
521.556213
521.218140
520.461731
520.387390
521.048157
521.430054
520.509460
519.463135
519.580627
520.589722
521.602905
521.390869
520.545105
520.323425
521.060303
521.617859
521.656128
521.748047
522.313477
522.654358
522.763184
522.909607
523.331604
523.565247
523.678528
524.453125
525.666199
526.205139
525.866516
526.133423
527.227600
527.971619
527.832886
527.710327
528.403381
529.530457
529.759705
529.389587
529.710388
530.549988
531.431152
531.702209
531.584656
531.828003
532.245789
532.617798
532.909546
533.530029
534.264954
534.463013
534.355103
534.835388
535.783875
535.983337
535.196472
535.190430
536.419861
537.311584
536.986877
536.438538
536.801514
537.411011
537.372864
537.245667
537.471863
537.676025
537.418091
537.132385
537.601624
538.508606
538.423096
537.215454
536.389099
537.072266
537.921509
537.461975
536.219849
536.046753
536.684631
536.748169
535.854675
535.437256
535.414246
535.189575
534.606079
534.681580
534.959717
534.739868
533.651855
532.824646
532.851379
533.167175
532.496948
531.833130
531.763428
531.574463
530.648132
530.019897
530.674011
531.563965
531.218323
529.517517
528.100159
528.178101
528.867676
528.623108
527.441650
526.712585
526.830139
526.836548
526.548401
526.298462
525.994019
525.323792
524.653687
524.673462
524.965393
524.853210
524.042114
523.544739
523.564880
523.388794
522.588623
522.328064
522.979004
523.364746
522.664246
522.051331
522.234680
522.991333
523.170959
522.461060
521.630188
521.562805
