516.883118
516.883118
517.046692
516.908325
515.678162
514.106384
515.294983
525.636719
540.071899
551.101379
544.047974
524.483765
516.247070
525.866638
542.839417
551.475525
540.626709
521.297791
517.024109
526.951843
544.260132
557.761230
556.287231
539.303467
519.070496
517.617004
529.965881
547.037903
550.312439
535.133423
517.316589
519.248413
533.220276
548.566162
548.012329
531.745056
517.102722
521.160278
535.134949
549.778442
547.265564
528.991943
515.710327
522.347961
538.591614
551.231323
544.578979
525.269409
516.081299
524.155151
539.926697
554.826172
555.662476
542.216858
521.814087
515.889709
526.283264
543.573364
551.723938
540.006470
520.154419
517.284729
529.372681
545.766541
549.880310
536.258972
518.508606
518.623962
531.301270
547.945496
550.156982
534.302490
516.893860
519.430054
533.785461
549.159363
547.475220
530.298279
516.715515
521.566223
535.355530
552.579224
558.244568
548.131348
527.254456
515.521118
522.843628
539.147278
551.292847
543.687134
524.030640
516.424561
526.186768
542.251648
550.626709
540.560425
521.754395
517.304016
527.783630
544.480103
551.086060
538.733154
519.574768
518.113770
530.755615
547.178345
549.437927
534.510498
518.032715
520.320679
532.659180
547.817200
551.071167
539.662292
524.765747
514.690125
521.656494
536.133728
550.318359
546.821045
528.296509
516.012085
523.112976
538.480347
550.455505
544.309021
525.905029
516.625183
524.700745
540.850525
551.615356
542.741333
522.585938
516.040833
526.593018
543.360779
550.470886
539.042725
520.643433
518.325378
528.800781
544.656494
553.620667
547.886047
532.777039
516.795105
518.585754
531.676819
548.070374
549.410645
533.355652
517.242493
520.833313
534.711609
548.978333
546.948059
530.180359
516.564819
521.882935
536.893738
550.876465
546.248169
527.082520
515.524109
523.294861
539.479492
550.859131
543.402588
524.712158
517.168518
525.998596
542.227783
551.751526
540.628418
516.982422
505.763367
512.727112
529.444946
546.344727
551.300781
537.831482
519.018677
518.407471
530.899902
546.536865
548.988647
534.839111
518.041504
519.577881
533.009766
549.093445
549.176025
531.978455
516.127197
520.698425
535.973877
550.416382
546.788574
528.763672
516.341614
522.750793
537.845459
550.980103
546.090393
526.420349
512.519409
511.953857
525.395935
542.209106
551.996765
542.484314
522.628418
516.673340
526.924316
542.942261
550.363464
539.683105
521.002563
517.701721
529.027100
546.049194
550.948914
536.742615
517.907471
518.239990
531.763489
547.947693
549.197388
533.729553
517.806091
520.593140
533.985779
549.703674
548.937988
528.892883
508.121490
505.201965
520.591309
538.741943
551.610229
545.932861
527.125183
516.304504
523.969727
539.180847
550.470581
543.630859
524.800354
516.300720
525.315063
542.237305
551.819336
541.058960
520.627197
516.082886
528.047241
545.119751
550.905273
538.129456
519.408081
517.933472
530.209717
547.566101
551.139709
533.327759
508.895874
502.294617
516.165955
534.959229
550.367371
548.736084
531.309326
516.226807
521.057068
535.330139
549.497131
546.705505
529.114136
516.232971
522.493103
538.226562
551.074768
544.457886
524.846069
515.515320
524.755432
540.964722
550.836121
542.109924
523.317627
517.079041
526.678894
542.859863
550.906921
540.154358
520.986084
515.333801
520.326843
532.491394
546.380188
550.001892
536.533691
518.687317
518.890808
531.199646
547.153870
549.617737
534.863831
517.939270
519.706970
533.346313
549.057251
547.717590
530.211548
516.461304
522.417969
537.267578
550.266541
545.808472
527.972717
516.626770
523.093445
538.275635
550.874268
544.743530
524.401550
511.769623
513.350220
527.030273
542.652283
550.679810
540.606506
521.605408
516.925781
527.483765
544.090149
551.019836
539.143860
519.754944
517.306091
529.543884
546.519653
549.638550
534.713623
517.529541
519.757812
533.300903
548.591797
548.493530
532.293762
516.533081
519.834167
534.296143
550.012024
547.878540
530.161011
517.339783
520.855774
530.417480
541.493408
550.468384
544.073181
525.447998
515.756042
524.245361
540.790344
552.042480
543.724670
523.160339
515.362549
525.680298
543.603333
551.832214
539.716614
519.796936
517.018433
529.398682
546.176331
550.419495
536.359131
517.844421
518.055725
531.717590
548.723083
550.070068
533.850830
517.637451
519.212952
527.712219
538.330139
548.902222
546.291748
529.718628
516.306030
521.995117
536.850464
550.636841
546.262268
527.275024
515.416016
523.214417
539.879456
551.596008
543.654907
524.248962
516.672852
526.167603
541.808838
550.381409
540.856384
522.081787
517.101624
527.571899
544.548035
551.258179
538.846252
519.977417
516.731018
522.867371
534.025452
546.422791
548.847839
535.546875
518.769287
519.701294
531.877930
547.413147
548.572571
532.847778
516.902893
520.376953
534.779663
549.685425
547.196838
529.632690
516.822083
522.598694
536.933960
549.846558
545.561218
527.423157
516.450378
523.711426
540.212158
551.772522
543.438049
523.713562
515.746155
520.927551
532.041382
544.630737
550.486450
539.724182
520.971130
517.383667
528.543030
545.554199
551.214966
537.540894
518.162659
517.767578
531.441223
548.213257
549.504944
533.252563
516.765259
520.108215
534.179688
549.224548
547.903992
530.719788
516.048340
521.206482
536.504883
550.531067
545.743164
527.659546
517.568787
522.983276
532.485107
542.097778
549.729431
543.238831
525.457764
516.748718
524.796448
540.688232
550.909790
542.088623
522.637268
516.860168
527.319702
543.911804
550.623108
538.903687
520.472717
518.137756
529.229980
545.572815
550.231934
536.739014
518.391357
518.519775
531.814331
548.377563
549.007202
533.135864
517.875732
518.272217
524.633362
536.085693
548.416931
546.728271
530.120056
516.809631
522.446838
537.603394
551.259888
545.790161
526.031860
515.307861
524.121704
540.838867
551.455017
542.683838
523.334106
516.668518
526.635925
542.964722
551.213867
540.680603
521.718201
516.524231
521.530273
530.695618
542.556763
554.918945
554.344849
539.797302
519.751526
516.148438
528.053833
544.640869
550.829834
538.486816
519.537231
517.401978
529.772034
547.002197
550.621216
535.138428
516.595764
518.612793
533.539185
549.517517
548.786865
531.775940
516.410522
520.799927
534.853394
549.170349
546.805542
529.306885
516.112732
522.607361
538.177734
551.216553
545.763977
526.422974
513.258911
513.136963
526.142395
540.856384
550.140808
542.330017
524.080811
517.159424
526.552124
542.618164
550.414917
539.422913
520.917603
519.355713
529.887451
544.112000
548.766846
536.844849
520.074829
519.591553
530.253235
545.041504
548.757080
535.711914
518.994873
520.031860
532.438354
548.292725
550.932068
538.095215
522.943604
513.907654
521.539246
535.710205
549.775269
546.942444
528.776184
515.701355
522.094788
538.428467
551.749329
544.892090
524.612732
515.436523
525.270386
542.113525
551.625488
541.925293
522.403076
516.335693
526.606140
543.420715
550.339355
537.726868
518.699585
518.915527
531.377197
546.990051
552.896118
543.800964
528.544434
515.513367
519.872620
532.533447
547.402771
548.567688
533.460571
517.677246
520.893066
534.806274
549.611755
547.186890
529.420715
515.832642
522.006897
537.423462
550.895325
545.848633
526.952454
515.548645
522.946228
539.509216
551.824585
543.863892
523.433777
515.692200
526.547607
544.199646
552.057373
538.450867
514.536865
505.018738
513.893982
530.361511
545.979309
550.489807
537.673523
519.260437
518.584961
531.167847
547.178284
549.038940
533.718018
517.587219
520.939758
534.405457
548.636841
547.458008
531.402771
516.958069
521.253113
535.508118
549.777954
546.052734
527.802124
516.173584
523.900208
538.971069
550.404236
543.897034
524.738708
512.934326
514.322021
526.932922
541.353394
550.484070
542.150269
522.999817
516.474854
526.323608
542.905273
550.302795
539.025452
520.564697
518.270508
529.636292
545.275269
549.686157
536.634094
518.741577
518.840698
532.022766
548.191650
548.824158
532.590759
516.722595
520.930237
535.262573
549.800537
547.461121
528.110352
509.393433
507.161133
521.393127
538.245850
551.029846
545.776794
526.656494
515.648254
524.059387
540.442627
551.070923
542.274597
523.035828
516.504639
526.530151
542.209351
550.593384
540.924927
521.873230
516.939514
527.535889
544.619385
550.870911
537.755493
518.738098
517.816650
530.574951
547.413391
550.518799
533.317749
509.992859
503.491119
516.242065
534.081116
549.873413
549.258789
531.539429
515.724182
521.164551
536.550537
550.014099
545.492065
527.775085
516.734802
524.016785
538.581116
550.647888
544.895020
525.909729
515.783752
524.417236
541.315552
551.707458
542.324646
522.628296
516.659668
527.286926
543.956116
551.469971
538.535461
515.276306
505.714294
514.016418
529.934937
546.327515
550.855774
536.988098
518.051758
518.230774
531.843079
548.190369
549.399414
533.463379
517.105042
520.116455
533.961121
549.165771
547.706848
530.116821
515.607117
521.518250
537.255981
550.997070
545.632690
526.572693
515.968628
524.417786
539.930664
550.988770
543.617615
523.612610
511.711639
513.413025
526.899170
542.843994
551.514771
541.175354
521.338867
516.774902
528.219788
544.630127
550.314209
537.971436
519.661499
518.125427
530.015808
546.531250
550.265564
535.811218
517.733032
518.983398
532.864136
549.022095
548.866333
532.135315
516.908386
521.319946
535.253540
549.898865
547.617920
527.841980
508.892273
506.742706
521.576111
539.317749
551.702820
545.139587
525.730042
515.936646
524.722717
540.571472
550.647278
542.157532
523.342651
516.633728
526.172852
542.678284
551.153381
540.262878
520.608765
517.054138
528.934082
545.490051
550.007263
536.679749
518.954041
519.054993
531.196594
546.891296
549.033508
534.833069
519.024719
519.363647
526.797668
537.511536
549.127563
547.316040
530.344299
516.133728
521.988525
536.666443
549.977112
546.095215
528.381531
516.511353
523.082336
538.774597
551.338196
544.556702
524.778076
515.918091
525.437439
541.864441
550.918884
541.263123
522.489075
517.409485
527.554443
543.801575
551.136719
540.020874
521.095398
515.910339
520.847900
532.609497
546.508545
549.518982
535.355896
517.773926
519.147095
532.113708
547.701355
548.798218
533.488708
517.388611
520.136475
534.186951
549.707092
547.713440
529.672974
515.920044
522.404663
537.855652
550.598145
545.073730
526.674377
516.387329
523.885254
539.487732
551.022217
543.688232
524.600037
516.222168
521.277405
532.334595
544.809875
550.676880
539.838745
520.773071
517.041077
528.158020
544.327942
550.103149
537.976074
519.639526
518.211487
530.546448
547.278198
549.828674
534.245728
516.954468
519.466553
533.268433
548.550537
548.173950
532.013184
516.938110
520.771790
535.309570
550.370544
547.310242
529.110657
516.549316
520.431213
530.499329
542.035706
550.755493
543.712463
525.172668
516.482788
525.308228
541.249451
551.515442
542.677368
522.556213
515.833679
526.571106
544.004211
551.383057
539.203369
519.784851
517.458618
529.558228
545.858521
550.144409
536.872070
518.891418
518.590637
531.273987
548.015686
549.800842
534.131531
517.549255
517.547668
524.609741
536.584656
548.793213
546.887512
529.980286
516.341370
522.111389
537.018433
550.664062
546.325317
527.366821
515.508972
523.357483
540.137207
551.767883
543.505676
523.822388
516.349304
526.085693
541.863281
550.537170
541.028809
522.046448
516.958740
527.680786
544.629150
551.081604
538.706604
520.060120
516.637207
522.600220
534.068481
546.750977
548.864380
534.663025
517.714539
519.405396
532.678894
548.394348
548.772644
532.136597
516.327271
520.843018
535.940308
550.310791
546.556702
528.351807
516.091003
523.051819
538.044128
550.349487
544.787659
526.131592
516.002563
524.231018
540.486450
551.225464
542.223938
522.854553
516.863159
524.623413
536.988953
547.224609
550.796143
539.346802
520.801331
517.445007
528.600220
545.332520
550.798523
537.438904
518.705688
518.463501
531.667236
547.765991
548.951660
533.366211
517.268921
520.282837
533.789673
548.944397
548.239624
531.279419
516.240234
521.020630
536.344299
550.652466
546.036255
527.709290
516.613220
520.920166
529.952271
541.052673
549.789062
543.152161
524.827515
516.327637
525.127136
541.397339
551.258118
541.580872
521.700317
516.538208
527.851868
544.586060
550.909424
538.872803
520.436340
518.412781
529.723816
545.704041
549.886047
536.212097
518.215332
518.861877
532.303284
548.551758
548.930908
533.030273
517.843933
518.473938
524.649475
535.756165
547.947144
546.621887
530.165527
516.470886
521.900879
537.279602
551.287720
546.060547
526.536438
515.745605
524.247314
540.199524
550.539368
542.513672
523.935608
516.922119
526.248413
542.382812
551.173828
540.775635
521.033020
516.700073
528.324829
545.485962
550.606689
537.194092
519.191772
518.715393
528.735596
544.002319
553.050964
550.846741
534.585754
517.242004
519.036377
532.913879
549.318481
548.867798
531.336426
516.017456
521.232056
536.278625
550.273926
546.560547
528.680847
516.407593
522.855408
538.243103
550.923340
544.674805
525.179077
515.638123
524.632263
541.108765
550.952209
541.914124
523.456604
517.930420
524.642151
536.600830
547.058716
550.952576
539.413940
520.348145
517.135193
528.892334
546.132385
550.588013
536.380920
518.345764
519.239746
532.294067
547.873352
548.876892
533.411743
517.115967
519.829468
533.920654
549.638428
548.006287
529.907593
515.664062
521.908813
537.552002
550.702515
545.351074
526.783020
516.089050
522.919067
538.421204
555.256775
558.728577
545.411438
523.253662
514.961121
525.303772
542.932068
552.240540
541.444702
521.588867
517.170227
528.217102
544.555054
550.716431
538.629883
519.648926
517.361450
529.595093
546.892212
550.425598
535.093750
516.940247
518.728699
532.774902
548.543518
548.524475
532.270752
517.164978
520.573486
533.762695
551.711731
558.603943
549.438843
528.285828
515.057251
522.487915
538.551819
551.123901
544.571838
525.681763
516.516907
525.044922
540.495239
550.655090
542.521790
523.614868
516.883057
526.694275
543.512085
551.340088
539.653381
519.999878
517.178345
529.268982
545.684937
550.160339
537.070007
519.344177
518.497131
529.595398
547.893188
558.792297
553.355225
533.612427
516.110352
519.945740
534.679688
549.701965
547.676514
530.316589
516.387085
521.724365
536.300537
549.984680
546.112488
527.783752
515.775146
523.322632
539.882935
551.745422
543.619812
523.668701
515.841858
525.898071
542.244019
551.084351
541.246765
522.002075
516.556885
526.100342
544.400269
559.331909
557.757446
539.163818
517.890198
517.426086
531.294373
547.646362
549.694763
534.480713
517.612427
519.702393
533.017944
548.490906
548.794556
532.553040
516.825073
521.040161
535.704346
549.941223
546.424133
528.608521
516.427673
523.120239
537.629578
549.850403
544.904236
527.184937
516.951782
523.435608
538.625854
554.706238
556.525085
543.117371
522.340759
516.338135
526.827332
543.108826
551.115051
540.581970
521.593933
517.286804
527.902649
544.892883
551.267700
538.662781
519.208130
517.786499
531.021790
548.065247
549.962341
534.004761
517.042664
519.742371
533.853271
549.555542
548.460266
531.048218
515.996704
520.480530
535.078247
553.373230
558.957336
548.004211
526.455078
514.924377
523.335205
539.127808
550.888123
544.514282
525.763855
516.394287
524.308777
540.360168
551.067139
542.481750
522.869812
516.708313
527.386169
544.763123
551.600769
539.039429
519.626038
517.385071
529.588806
546.494568
550.663574
536.487244
518.141541
518.277344
530.961609
547.903992
552.525146
540.852112
524.812744
513.778687
520.997437
535.036377
548.720520
546.271606
529.441956
516.537170
522.852051
538.991455
552.958557
546.858337
526.509583
515.206970
523.864990
540.541077
551.436218
542.900635
523.489258
516.309509
525.714111
541.922302
551.298706
541.603699
521.928284
517.015869
527.465820
544.740295
554.864441
549.085693
533.373413
516.937073
518.624512
531.312439
546.895630
549.441528
535.150635
518.238159
519.724976
533.092102
548.947021
548.415710
531.308594
516.394348
521.618896
535.912354
549.370178
545.887268
528.809937
517.134460
523.281311
537.968201
550.598450
544.898438
525.757385
515.829041
523.596802
540.012939
555.024048
555.208801
541.329041
521.419189
516.583008
526.955933
543.196716
551.201355
540.679260
521.376282
517.389771
528.855164
546.311890
551.227722
536.884399
517.947388
517.988159
531.267944
547.727478
549.129272
533.636353
517.379944
520.356689
534.396301
549.868164
547.877258
529.538940
515.292786
521.687988
537.222534
551.023987
547.053589
528.542908
514.774475
513.054932
525.306580
540.275391
550.773743
543.606812
524.448792
516.109192
525.605103
542.492126
551.472046
540.833984
521.325439
517.184143
528.282593
544.438110
550.508362
538.790039
520.349060
518.032898
529.651367
546.704712
550.717407
535.812805
517.285767
518.634277
532.371338
548.802795
551.907776
539.740356
524.461975
514.332214
521.190125
535.501465
550.096497
547.416931
528.903687
515.556946
522.841125
539.143738
551.521851
544.256592
524.913635
516.086426
525.337891
540.959717
550.729248
542.266968
523.304016
516.622437
526.565125
543.212585
551.122131
539.676514
520.432312
517.547974
529.409546
546.326050
551.057007
535.472656
512.284241
504.859406
515.842529
532.273621
547.846130
549.496033
533.548218
516.282227
520.903442
536.106506
549.842529
546.742065
530.278076
517.058228
520.711975
534.936890
550.667908
547.442810
527.725952
514.896729
523.127014
539.997681
551.859436
543.751526
523.941895
515.708191
525.871338
543.119568
552.380493
540.366150
516.748230
506.191589
513.472229
529.520020
545.414001
551.108337
538.643555
519.382324
517.811890
530.782654
547.292908
549.621460
534.866577
517.975037
519.819641
532.702820
548.045288
548.889038
533.142090
516.882996
519.962646
534.457458
549.829651
547.126770
529.110657
516.043152
522.666992
537.871094
551.090271
545.981018
525.927002
510.978638
510.792572
524.284119
540.647583
551.481689
543.332275
523.412170
516.136475
526.349304
543.033630
550.986633
540.207642
521.149780
517.234619
528.046753
545.009644
551.366577
538.346863
518.590515
517.120544
530.599976
548.172180
550.141052
533.831116
516.422119
519.486328
534.001831
550.016235
549.041138
529.191650
507.973846
504.465912
519.473328
537.906860
551.781189
546.911255
527.663635
515.827454
523.770569
539.629883
550.897705
543.447144
524.721436
516.562134
525.515320
541.368408
551.196472
542.037903
522.386230
516.495789
527.378845
544.331116
551.016968
538.624817
519.924438
518.258911
530.125977
546.027893
549.721375
536.524780
519.881348
518.554810
524.876831
535.602905
548.526978
549.035095
532.873352
516.616821
520.695557
535.266174
549.754456
547.288452
530.046143
516.415649
521.608643
536.671936
550.936584
546.482605
527.082703
515.392639
523.380005
540.218994
551.751526
543.506042
523.721252
515.981140
525.593506
542.412964
551.536133
541.419678
521.356262
513.593323
517.750671
530.992798
546.552063
551.355713
537.335999
517.995422
517.900269
531.729248
548.254150
549.893555
534.075562
516.844055
519.272217
533.785400
550.074524
548.879089
530.750671
515.525696
521.467346
537.306824
551.036743
546.012451
527.380554
515.917297
523.486938
539.047668
551.686829
545.570679
524.622253
510.247467
511.126709
525.712402
542.594299
551.640869
541.568970
521.952881
516.897461
527.828186
543.934753
550.471008
538.736816
519.936035
517.276611
529.064026
546.226562
550.833313
536.531860
518.069519
518.931030
532.455811
548.234314
548.773926
533.017151
517.375671
520.560303
534.306396
549.446716
547.936340
530.794312
517.196716
520.205261
529.566528
540.940918
550.995056
545.520813
526.830994
516.043091
524.060486
539.933105
551.239563
543.678162
524.015686
515.525085
525.055969
542.845154
552.434509
541.356262
520.713013
516.096252
527.947021
545.341858
551.198669
538.076904
519.094299
517.687561
530.303406
547.551819
550.819824
535.643005
517.587280
516.063965
522.944397
535.839722
549.452698
548.370300
530.874268
515.626038
520.945068
536.292053
550.872131
547.185852
528.212524
515.046753
522.506836
539.626953
552.564392
544.844849
524.119263
514.968811
525.275818
542.254700
551.802185
541.839050
522.204224
516.345276
527.044983
544.103027
551.584473
539.592346
520.238586
515.900085
522.308289
534.253601
547.045044
549.461304
535.472473
518.117249
519.397217
532.413513
548.012451
549.059998
533.135376
516.569885
520.094421
535.057861
550.308899
547.330566
529.133545
515.986694
522.836365
537.901062
550.455261
545.023132
526.836426
516.227234
523.884521
539.562927
551.120789
543.490845
524.542786
516.628784
522.276062
532.968323
544.375916
550.168945
540.219421
521.907471
517.479187
527.767395
544.192810
550.966736
538.834106
519.500671
517.456665
530.058167
547.220215
550.197632
535.150879
517.826538
519.721741
533.032715
548.584656
548.714050
532.557556
516.731262
520.311462
535.134521
550.621704
547.456787
528.978333
516.009827
519.389343
528.485596
540.475403
550.532654
544.627991
525.989197
516.131042
524.584717
540.918030
551.604431
542.359253
521.960205
515.527039
526.954834
544.507812
551.503662
538.912354
519.596252
517.469360
529.689392
545.957581
549.957886
536.326111
518.185608
518.450195
531.822937
548.540100
549.543884
533.341553
517.256836
518.113342
525.336975
536.745239
548.327576
546.585754
530.250244
516.425781
521.970337
537.173096
551.105957
546.270874
526.960388
515.567261
523.868591
540.170410
551.122009
542.887146
523.825867
516.408813
525.922852
541.767395
550.619263
540.949219
521.635925
516.586792
527.798462
544.933899
551.047180
537.981445
519.305237
518.055115
528.318237
543.330261
552.286194
550.526245
534.865540
517.721985
519.060059
532.416626
548.887146
549.269043
532.169861
515.994080
520.512207
535.877686
550.368896
546.947144
528.875732
515.918640
522.176147
537.584473
551.068787
545.644714
525.930054
515.017700
523.841187
541.381226
552.407593
542.783813
522.774414
516.381348
524.327881
536.964172
547.600952
551.479858
539.588501
520.052063
516.274536
528.491150
546.341492
551.466125
536.760803
517.538147
518.068542
532.146301
548.178406
548.930298
532.933472
516.556091
519.811523
534.240051
549.862793
548.437744
530.449402
515.323730
521.233215
537.267639
550.956238
545.601135
526.734924
515.723328
523.172363
538.674316
555.357239
558.557373
545.233887
523.755737
515.480164
525.546936
542.162415
551.331482
540.921631
521.466614
517.128479
528.553772
544.436584
550.354004
538.462402
520.201111
518.076782
529.738098
546.413269
550.525269
535.982849
517.645935
518.768799
532.638123
548.757629
549.006958
532.582886
517.000916
520.268005
533.003540
550.376160
557.578613
549.678894
529.366760
515.083862
521.446472
537.538574
551.593262
545.804260
526.079529
515.621643
524.402039
540.575623
551.160950
542.752747
523.183655
515.646057
525.787720
543.213135
552.237183
540.798889
520.075073
516.112793
528.898743
546.294189
550.817383
536.578064
518.343628
518.065613
529.012085
545.198547
554.328125
551.051270
533.344727
515.945190
519.284058
534.329529
550.017395
548.080444
530.201721
515.895325
521.931946
536.706299
550.108093
545.956543
527.985535
516.044128
523.369751
539.348450
551.569214
544.152222
524.307495
515.699646
525.827271
542.066406
550.874634
541.116516
522.472229
517.205383
526.471191
543.311279
557.814880
557.195557
540.217651
519.303345
517.337585
529.971741
546.375061
549.833923
535.750854
518.488831
519.564087
532.219421
547.482239
548.888794
533.893494
517.502502
519.945557
534.107849
549.947388
548.192261
530.156616
515.863220
521.742676
536.921570
550.415527
545.925537
527.520447
515.943848
522.487549
538.231934
555.396362
557.987366
544.527405
522.549866
514.580322
525.394470
542.837036
551.784241
541.067200
521.530212
516.854431
527.872559
544.615723
551.140564
538.487488
518.807251
516.961914
530.311584
547.712463
550.420959
534.841675
517.300842
519.583557
533.542786
548.813721
548.358643
531.879944
516.343140
519.977966
534.108521
552.676147
559.112183
548.986511
527.615967
514.833679
522.901611
538.792847
550.739624
544.185181
525.813782
516.535461
524.832214
540.341675
551.058228
542.950439
523.317261
516.017029
526.291565
543.441589
551.482971
540.205078
521.096680
517.769775
528.963745
544.944153
550.211426
537.632996
519.243286
517.511902
528.864990
548.011169
559.883545
554.732666
534.542236
516.123596
519.320435
533.790710
549.149719
548.074829
531.224487
516.518677
521.046936
535.677246
550.341492
546.974243
528.067810
515.140076
522.739319
539.584900
551.974670
544.454712
524.488953
515.549927
525.191650
541.997131
551.856934
542.124695
521.915527
515.688660
526.239929
544.101746
556.237427
551.824768
535.488586
516.869934
517.044373
530.484314
546.602356
549.614014
535.272400
517.980652
519.222839
532.574646
548.456726
549.211792
532.603455
516.238098
520.509888
535.625366
550.019592
546.904907
529.345398
516.447449
522.647095
537.158997
550.117676
545.569519
527.183777
515.880310
522.813965
538.502014
554.727295
556.471191
543.143372
522.559570
516.309814
526.788208
542.517883
550.778259
540.684814
521.699768
516.746826
527.592468
544.625916
551.323914
538.459473
519.023010
517.764465
530.776062
547.169617
549.625000
534.713562
517.607239
519.254089
532.635376
548.803833
549.432373
532.458801
515.637939
519.667908
535.305603
551.114746
549.607849
532.779053
517.826416
512.807678
523.779785
538.920959
550.835083
544.727661
525.526733
515.290405
524.137390
541.181091
552.124634
542.655090
522.447937
516.239929
527.287720
543.746826
550.639954
539.190369
520.842468
518.291199
529.671082
545.648804
550.382446
536.824158
518.224365
518.258728
530.913025
547.144287
552.267334
542.561401
527.717590
516.123413
521.656067
534.309875
548.069336
547.045288
531.077759
517.132385
521.956482
536.378540
550.473145
546.338745
527.779541
516.226379
523.694214
538.838989
550.267151
543.811340
525.583374
516.883728
525.171936
541.154663
551.418274
542.123047
521.990723
516.012756
526.566711
543.993164
555.501465
551.143738
535.672119
517.953491
517.715942
529.964233
546.275818
550.267456
536.018127
517.679504
518.641785
533.056458
549.711365
549.442993
531.954834
515.914185
520.614197
535.409790
549.677429
546.913330
529.593750
516.493591
522.571777
537.423584
550.348450
544.676636
525.700500
515.604614
524.708801
541.025879
551.574158
542.693481
521.852112
510.632355
514.156067
527.598022
542.308838
550.165100
540.713806
521.822449
517.302368
528.366882
544.980591
550.582275
537.584167
519.037292
518.006165
529.962585
545.991882
549.476440
535.784485
518.525574
519.282349
532.438843
548.588318
548.754639
531.799805
516.182678
520.996521
535.647766
550.141785
548.753418
533.016357
518.683777
513.240601
523.139526
538.329041
551.123169
545.386414
525.517334
514.938965
524.383545
541.896545
552.190552
541.981995
521.869263
516.111084
527.303162
544.145386
551.558167
540.009460
520.423523
516.882568
529.077576
546.505615
550.832642
535.996155
517.440308
518.589172
532.348938
548.561218
549.714661
531.491943
509.165283
504.154907
517.916931
535.385498
549.877502
547.967346
530.700378
516.333008
522.259460
537.499695
550.630249
545.443726
527.200378
516.296936
523.705933
538.788269
550.663086
544.344055
525.393616
516.375244
525.289795
541.606079
551.055115
541.174927
521.866943
517.119690
528.134216
544.866089
551.445435
537.610840
514.104065
505.067932
514.400574
530.899048
547.187256
550.654358
536.136414
517.715454
518.923889
532.755798
548.596619
548.603210
532.351196
516.569458
520.184570
534.484558
549.808960
547.899353
529.772583
515.499817
521.735352
537.889587
551.377014
545.324341
525.882507
515.550354
524.184631
540.291138
551.458618
543.184937
521.851562
509.569550
512.598511
527.371094
543.961487
551.684265
539.999573
519.858948
516.716003
529.377502
545.805054
550.087280
536.587769
518.680176
518.633972
531.274902
547.475220
549.858459
534.427307
516.895630
519.444702
533.930969
549.193359
547.737183
530.914429
516.755371
521.901611
535.888855
549.882690
546.851929
527.061218
509.129730
507.704987
522.549744
539.799377
551.372131
544.141235
524.926025
516.202332
525.524902
541.077087
550.421082
541.628357
523.012878
516.998718
526.848938
543.217407
551.199524
539.854858
520.330017
517.335449
529.381348
545.751526
549.997192
536.649353
519.213562
519.400452
531.519104
547.446472
549.518066
534.669678
518.649719
519.194275
526.821533
537.544434
549.214783
547.402344
530.304932
516.081848
521.852356
536.741455
550.130554
545.959961
528.035461
516.351562
523.197021
538.974854
551.270020
544.026794
524.221802
515.663269
525.429077
541.904297
550.902588
541.133789
522.317932
517.212158
527.289307
543.625488
550.879089
539.771057
520.803284
515.574707
520.695801
532.903503
547.138000
549.948730
535.538635
517.954102
519.364990
532.207397
547.591248
548.344177
532.864502
516.943481
520.303650
534.830933
550.189575
547.537476
529.188721
515.754883
522.371765
537.656067
550.532227
545.157898
526.836609
516.339661
523.803345
539.501465
551.542480
544.574219
523.761902
511.553131
513.510315
527.424866
543.470947
551.251038
540.387634
520.921570
516.906738
527.979309
544.727539
550.849609
538.417419
519.368774
517.925110
530.786621
547.864807
549.984375
534.013733
516.916870
519.789917
533.854919
548.958496
548.026733
531.633484
516.847778
521.190186
535.664673
550.318604
546.790344
528.501770
516.482727
521.328186
531.665649
542.693909
550.913208
543.898926
525.193237
515.916077
524.638733
540.909424
551.390564
542.827698
523.072632
516.308350
526.838684
544.230530
551.502075
539.158569
519.774048
517.483032
529.636047
545.936035
550.173279
536.607788
518.407227
518.507019
531.716736
548.178467
549.207520
533.250488
517.817322
519.933777
528.555481
538.998718
549.226257
546.628052
529.902527
516.157959
521.739380
536.852966
550.867493
546.725281
527.633301
515.426270
523.130981
539.739563
551.417419
543.523071
524.034485
516.231689
525.970337
542.162415
551.163391
541.283752
521.579834
516.200317
527.463318
544.837463
551.258606
538.535828
519.739990
516.378662
522.836182
534.534302
547.110901
549.092529
535.112122
518.026367
519.375793
532.651611
548.686279
549.312500
532.570374
516.319702
520.538940
535.606323
550.249573
546.896606
528.962585
516.329102
522.944641
537.907898
550.545715
545.104004
526.042419
515.192261
523.638000
540.505188
551.633484
542.846436
523.460144
516.526550
522.965820
533.769897
544.800598
550.070801
539.725464
521.132568
517.126770
528.330383
545.423767
551.194397
537.644409
518.415466
517.992920
531.421631
547.713745
549.404114
533.966003
517.350220
520.005981
533.670227
549.033752
548.496765
531.545959
516.179688
521.102661
536.678223
551.019104
546.230408
527.819702
517.190857
522.655945
532.201965
541.853271
549.937805
543.631836
525.451416
516.147522
524.826233
541.341919
551.628418
542.122742
522.249207
516.650208
527.780334
544.128479
550.505615
538.835144
520.562317
518.125305
529.218750
545.483643
550.356262
536.769897
518.175171
518.395630
531.939575
548.476990
549.339294
533.740051
518.025574
518.132507
524.191956
535.572021
548.290161
547.427185
530.740051
516.284973
521.597412
537.018311
551.111877
546.071960
526.676025
515.628113
524.059631
540.031982
550.790588
543.133545
524.435730
516.714661
525.733032
542.053162
551.401978
541.434204
521.636353
516.648499
527.896912
545.017212
550.966003
538.476807
520.240479
516.703613
521.645508
532.646484
546.078003
549.389526
535.653687
517.788208
518.789429
532.519775
548.910217
548.743347
531.717468
516.316895
521.021973
535.522705
549.679138
546.860657
529.437744
516.348938
521.903625
537.083191
550.682373
545.307983
525.841187
515.528503
524.354675
540.937744
551.122314
542.187622
523.413940
517.238159
523.827148
535.484497
546.233398
551.022217
539.957581
520.604675
516.825195
528.689758
545.862488
550.467773
536.603333
518.478760
518.801392
531.650818
547.431274
549.235229
534.389648
517.744568
519.765686
533.312256
549.197571
548.497070
531.002747
516.021118
521.567993
536.901794
550.507507
545.970764
528.232605
516.927490
520.106628
528.482666
540.075623
550.053284
543.989380
524.940430
515.728943
525.128479
542.113159
551.595703
541.476196
522.040894
517.101013
527.679199
543.594238
550.392395
539.306091
520.391846
517.374451
529.072571
546.301514
550.637878
536.139526
517.813538
518.885010
532.541809
548.454956
548.927551
533.545105
518.002930
517.580627
523.403076
535.314819
548.845154
547.711731
529.761230
514.999573
521.445496
538.002930
551.555664
545.487366
526.235168
515.920288
524.239197
540.077759
551.031433
543.148682
523.435242
515.698303
525.893005
543.315552
551.908325
540.361145
520.402588
516.916443
529.107666
545.583618
550.478943
537.527283
519.458496
518.291260
528.386414
544.279541
553.811279
551.318848
534.020874
516.330200
519.015076
533.498535
549.139893
548.146545
531.158386
516.516357
521.317566
535.724060
549.870056
546.596741
528.218384
515.322266
522.484192
538.858093
551.499146
544.521851
524.821716
515.782776
525.234619
541.346436
551.209961
542.401062
523.035278
516.277710
525.460449
543.409546
558.783752
558.119995
540.405273
518.694336
516.423218
529.310913
546.003418
549.945740
536.148987
518.784790
519.223206
531.441528
547.313843
549.402649
534.059326
517.120911
519.815063
534.268738
549.727112
547.658203
529.883057
515.987427
521.775024
536.442200
549.938599
545.882629
527.772400
515.941162
522.190552
538.500916
556.851501
560.252319
545.451294
522.714111
515.222229
525.965210
542.327454
550.850891
540.668335
521.801453
517.241272
527.802734
544.259155
551.029175
538.950745
519.673767
517.629333
530.011963
546.576782
549.552551
534.983337
517.948608
519.473206
532.310303
547.838074
548.608521
532.699036
516.579773
519.361206
533.319580
552.347900
559.355774
549.558289
528.266296
515.219604
522.504639
537.953491
550.423523
544.813354
526.454834
516.104065
523.723572
539.758240
551.487000
543.587158
523.448242
515.686951
526.010193
543.263428
551.360718
540.126587
520.907043
517.392700
528.561707
545.075439
550.573853
537.772156
519.085632
517.675598
529.543213
548.583435
559.479309
553.640991
533.629456
516.105164
519.857849
533.944824
548.815063
547.809448
531.350464
516.587769
520.903015
535.678772
550.558655
547.185303
528.470764
515.751892
522.944397
539.048706
551.189453
544.337646
525.153198
516.110046
524.833374
541.170471
551.632751
542.868164
522.813354
515.859985
525.488525
544.004456
558.799316
557.298828
539.424072
518.753723
517.409790
529.992859
546.200378
550.022217
536.234253
518.119263
518.121155
531.333679
548.335083
549.883240
533.236389
516.268372
519.961853
534.896423
549.743896
547.227112
529.697266
516.139893
521.744629
536.699951
550.598511
546.273254
527.089722
515.114075
522.311218
538.735413
555.071045
556.594360
543.059509
522.229370
515.578735
526.063660
542.542847
551.542297
541.345276
521.445740
516.076904
527.268555
544.868103
551.376953
538.078003
518.496338
517.331909
530.470215
546.965820
549.743286
534.991516
517.620605
519.037476
532.484253
548.757751
549.272461
532.258911
515.860474
519.654541
534.496155
552.813538
558.611084
548.407410
527.637817
515.255798
522.429626
537.874756
551.069885
545.551270
525.942749
514.897766
523.427002
540.769836
552.113098
542.870605
522.546875
516.098389
527.128479
543.882141
551.418274
540.148193
520.931213
517.208801
528.558533
545.721924
551.301819
537.477539
518.197815
517.942627
530.704529
547.450806
552.878845
542.856934
527.267578
514.966736
520.749451
534.560669
549.451599
548.440125
531.052917
515.738525
520.901550
536.823242
551.280090
546.233948
526.880310
515.323608
523.585144
539.615173
551.147400
543.967468
524.985413
516.258301
525.117371
541.750671
551.689331
541.559631
521.319092
516.306335
527.217041
544.074463
554.785461
550.331360
535.349121
518.343506
518.486450
530.393616
546.286926
550.151245
536.058289
517.955017
518.845459
532.627441
548.815002
548.769653
532.023621
516.518494
520.883850
535.027100
549.286560
546.975952
529.907104
516.537598
522.012634
537.007507
550.637939
545.568481
526.410156
515.698669
523.398071
539.143738
554.297668
555.460083
542.357727
522.237976
515.979919
526.073975
542.586426
551.428833
540.911133
520.829651
516.382324
528.345581
545.848938
551.009338
537.239319
518.720703
518.528320
531.188904
547.312927
549.905396
535.103699
517.557495
519.013550
532.897827
549.171936
548.530762
530.909790
515.760803
521.226746
536.269409
550.368286
547.992126
531.563782
517.487854
512.990662
523.416809
538.817566
551.226562
544.890869
524.968689
515.270630
524.754333
541.939697
551.874390
541.930054
522.126160
516.372559
527.128113
543.937744
551.468140
539.927124
520.126770
516.687317
528.929993
546.686035
551.071167
535.871399
517.082703
518.455200
532.022278
548.158020
552.290100
541.512024
526.128418
514.445251
520.405212
534.604370
549.925598
548.273376
530.044739
515.434692
521.662170
537.768188
551.132019
545.303040
526.234863
515.769836
524.113586
539.972046
551.293213
543.687317
524.097656
515.919922
525.630188
542.764465
551.575684
540.357422
520.518616
516.705200
528.668274
545.783875
551.359192
536.099976
512.119690
503.917694
514.864624
532.111511
548.503296
550.962463
535.314514
516.844788
518.759521
533.357849
549.242981
548.366394
531.403870
516.432251
521.258728
535.789429
550.295349
547.153198
528.621765
515.156006
522.028137
538.641907
551.851624
545.018616
525.133545
515.700317
525.022583
541.477722
551.877869
542.391113
520.424316
508.725220
512.968445
527.896667
544.500061
551.980530
540.166138
519.838379
516.798767
529.409119
546.383179
550.528564
536.496155
518.476624
518.637573
531.200989
547.426392
549.427185
533.893616
516.780151
519.520691
534.201294
550.026611
548.027771
529.865784
515.622253
521.729919
536.731812
550.575317
546.274658
525.879089
508.915009
508.132751
522.987305
540.624451
552.296692
544.377075
524.003113
515.455994
525.454285
542.414246
551.472595
541.166870
521.905151
516.975098
527.637817
544.263184
551.083740
538.832825
519.243591
517.145752
529.994873
547.212830
550.269531
535.043152
517.407104
519.080261
532.550476
549.041687
549.758972
530.721741
508.152313
503.360199
517.862976
536.304138
551.172363
547.564575
528.583191
515.012939
522.241577
538.451294
551.232910
545.024353
526.069031
515.801819
523.973328
540.248718
551.573059
543.177246
522.901672
515.588684
526.441284
543.934509
551.841980
540.136353
520.476807
516.949402
528.679260
545.941589
551.639771
536.029358
511.285736
502.686584
514.066711
532.267456
549.191345
550.695923
534.175293
516.317627
519.234741
534.091187
549.760986
548.455933
531.193970
516.204773
520.955627
535.812500
550.589722
546.873413
527.728882
514.810669
522.478638
539.263977
551.599304
544.324280
524.723022
515.603882
524.712952
541.123474
551.422607
542.548889
522.301208
512.742554
515.983765
529.537231
545.389343
551.675903
538.840576
518.823669
516.896912
529.936401
546.659668
550.383301
536.278564
518.277527
518.625916
532.052551
548.645203
549.398193
532.386658
515.645508
520.113953
535.714661
550.695984
547.502808
529.204834
515.632202
521.912109
537.136353
550.576538
545.642517
527.163574
516.003296
520.749451
531.475464
543.564758
551.657410
542.429504
522.454651
515.336182
526.287720
543.166992
551.693115
540.986633
521.282410
516.640442
528.078491
545.136169
551.073303
537.504700
518.055603
517.558594
531.752197
548.568176
549.988342
533.882568
516.670410
519.263611
533.329468
549.186279
548.710632
532.240112
517.728638
520.580566
529.460449
539.957031
550.128052
545.916504
528.198120
516.085022
523.458740
538.336792
550.184570
544.393860
526.129150
516.123413
524.067871
540.520447
552.051208
543.435181
523.121277
516.176208
526.806335
543.741882
551.325867
539.812622
520.413818
516.883911
528.397827
545.506409
551.096375
537.954102
519.166016
515.977783
522.454956
534.863037
548.850647
549.674011
533.226379
516.169739
519.987183
534.895386
550.061707
547.849121
529.987793
515.446960
521.450989
537.570007
551.589172
545.876221
525.985291
514.879944
524.203003
540.654114
551.081787
542.580688
523.727905
516.597778
526.579651
542.532349
551.322449
541.254639
522.040833
515.792236
521.831177
533.515137
546.182800
550.381775
537.855774
519.551392
518.369751
530.275208
545.978149
549.582886
535.896179
518.375732
518.993958
532.248779
548.850891
549.657104
532.848206
516.171265
520.007568
534.668091
549.586365
547.267212
529.875122
516.250610
522.005554
537.512329
551.485352
546.266663
526.687439
514.869934
519.423401
530.742371
543.790466
552.052246
542.879822
522.813171
515.582947
526.274536
543.291321
551.516968
540.277283
520.110168
515.930176
528.528259
546.616943
551.756470
536.821045
517.344299
517.778320
531.979858
548.192566
549.401733
533.817139
517.267517
520.088562
534.155334
549.451233
548.257996
531.354248
516.707764
518.718689
526.904175
538.991455
550.130920
545.890442
527.857239
515.895264
523.220154
538.557373
550.885376
544.804077
525.599609
515.772400
524.578308
541.652283
551.908691
541.817444
521.595886
516.067993
527.457886
544.297729
551.211426
539.123779
519.786621
516.870361
528.944824
546.119690
550.558105
536.105469
517.520020
515.640015
522.816772
535.638000
549.017456
548.768066
532.072449
515.880493
520.461365
535.424072
550.354187
547.789734
529.663208
515.679077
522.181091
538.104126
551.392883
545.307983
525.967773
515.591980
524.507141
540.334229
550.834229
542.935913
524.166687
516.358337
525.490295
542.145447
551.734192
541.327515
521.287476
516.468384
525.842834
540.898621
551.435242
552.126709
537.173889
518.130798
517.316772
530.356628
547.544861
550.665710
535.274353
516.922974
518.719421
533.579041
550.015747
548.549438
530.384949
515.359253
521.566345
537.027405
550.635620
546.105286
527.811584
515.694275
523.130676
538.959045
551.320679
544.272888
525.068787
516.022095
522.506042
534.137451
545.217651
550.937927
541.140808
522.475464
516.927795
527.274719
543.486145
551.044861
539.758484
520.270386
517.031677
529.205139
546.615845
550.887390
535.944336
517.338562
518.508362
532.425842
548.604065
549.535767
533.467529
516.571716
519.596680
534.328796
550.285217
548.017761
529.750427
515.628967
519.214783
528.694824
540.706970
550.495972
544.692749
526.283813
515.664368
523.990723
539.739807
550.971130
543.336121
523.860352
515.647705
525.679504
542.808838
551.675598
540.853088
521.081055
516.560608
527.794678
544.439026
550.957703
538.869873
519.567200
517.010071
529.603394
547.403320
551.229187
535.437073
516.538025
518.080750
531.893799
549.983276
557.619690
550.451782
530.750793
515.420776
520.771912
535.930054
550.659851
547.088745
528.071960
514.807007
522.571838
539.298950
551.627197
544.210754
524.664978
515.776917
525.490173
541.305664
550.830505
541.958374
523.024353
516.601929
526.902771
543.458557
551.192749
539.486694
520.409973
517.691956
527.438721
541.553589
550.782288
550.683167
536.431763
518.737488
518.475281
530.826111
547.451294
550.056335
534.264038
516.331909
518.906189
534.138916
550.469543
548.594360
530.092224
515.369629
521.589539
537.335327
551.343933
546.560852
527.272888
514.964172
523.139343
540.057312
552.105103
543.834229
523.868896
515.889099
525.536133
542.432495
557.389221
557.585876
541.832886
521.192505
516.777100
527.717407
543.869934
550.859253
539.146790
519.847961
517.479126
529.880798
546.675232
549.971069
535.500488
518.092712
519.374695
532.310608
547.892639
548.737976
533.029175
516.846558
520.152710
534.734009
550.175842
547.473328
528.967712
515.144348
521.263794
536.719360
554.406921
559.014038
547.160583
525.789368
515.213867
523.771179
540.218079
551.826172
543.398376
523.206726
515.863281
526.617920
543.466919
550.871582
539.282837
520.414185
517.579712
529.223511
545.352173
550.504456
537.673767
519.064758
518.174683
531.263000
548.035583
549.843628
533.779724
516.653625
519.292725
532.581604
550.247009
557.946655
550.528442
531.203491
516.064636
520.686218
535.350525
550.261597
547.003418
528.315613
515.500000
522.894836
539.386230
551.521545
544.109314
524.528320
515.695068
525.174438
541.847412
552.008667
542.404053
521.999634
515.660950
527.148010
545.087585
551.691772
538.053223
518.302551
516.931091
529.424927
547.417358
558.680115
554.487976
535.930603
517.091858
518.526855
532.270996
548.402161
549.188965
532.712402
516.456909
520.681152
535.441589
549.796997
546.933777
529.538086
516.491394
522.534973
537.245605
550.464600
545.871460
527.049622
515.443115
523.494812
540.319458
551.804688
543.225403
523.162781
515.715088
525.365662
541.783997
555.319458
554.054993
539.415649
519.486084
516.030762
528.337646
546.050354
552.087830
537.833984
517.756042
517.202698
531.431641
548.216187
549.767822
533.854187
516.782898
519.489563
533.782959
549.487610
548.714661
531.364014
515.898315
521.260620
536.890686
550.989136
546.241699
527.395203
515.604614
523.082458
538.079590
553.625000
555.907349
543.984863
524.045105
515.548767
524.978638
541.336426
551.885071
542.424927
522.300842
516.030579
526.986633
543.450439
550.510193
539.125183
520.537292
517.660767
529.157837
545.703613
550.650146
536.909729
518.079163
518.095459
531.828735
548.368469
549.205994
533.016907
516.794250
519.894592
532.961853
550.665710
558.406799
550.534851
530.460938
515.517334
521.277527
536.802063
551.281555
546.561768
527.219360
515.479553
523.771484
539.962524
551.165588
543.349609
524.257141
516.062439
525.332947
541.771545
551.507690
541.643982
521.658142
516.296021
527.850464
545.012207
551.160339
538.431458
519.605225
518.051392
529.259644
545.597473
553.956543
547.276672
531.720276
516.071411
518.775574
532.432373
548.751221
549.111084
532.135193
516.046692
520.605774
535.443787
549.871399
547.073547
529.596375
516.218262
521.974976
537.401306
551.145691
545.691467
525.929382
515.014404
524.048706
541.068176
551.667053
542.561951
522.819580
515.996216
525.412476
541.752319
555.254456
554.238281
539.623779
519.600220
516.381470
528.634644
545.969543
551.321777
537.520752
518.687073
518.494995
531.473511
547.505920
549.638977
534.760681
517.512329
518.996521
532.722595
549.056763
548.993652
531.594238
515.869019
520.951599
536.455261
550.695007
546.428711
527.959412
515.939941
523.132202
538.465576
551.178650
545.830078
526.211182
512.489685
512.073181
525.745605
542.336792
551.780151
541.872009
521.928467
516.344543
527.447632
543.958557
551.020203
539.346680
519.918762
516.747009
529.145081
546.699158
551.326843
536.371399
517.340027
518.295105
532.640015
548.878235
549.170166
532.839050
516.636169
520.139099
533.940979
549.433411
550.770020
536.493469
520.753418
512.547424
522.334839
538.299744
551.217651
545.145874
525.964417
515.553467
524.278320
540.039917
550.988159
543.428894
524.224670
515.963074
525.564270
542.496704
551.754578
540.951355
520.803284
516.404724
528.357178
545.038513
550.493103
537.835876
519.499573
518.326599
530.301270
547.207947
550.963806
533.503479
509.098053
502.465485
516.347839
534.988403
550.040039
548.475220
531.438293
516.255859
521.104370
535.617065
549.996887
547.026001
528.925537
515.583862
522.258972
538.498108
551.838745
545.288025
525.304993
515.351379
524.852295
541.275696
551.199158
542.334045
523.121521
516.230225
525.924561
543.185120
552.298889
539.727539
515.167053
504.500092
513.007141
530.394165
546.832153
550.636108
536.901367
518.656982
518.574341
531.174194
547.374634
549.685547
534.394714
516.813477
519.011047
533.637207
549.706543
548.215759
530.293640
515.617920
521.498047
536.673767
550.396240
546.194153
528.146240
516.234009
523.111572
538.609985
551.273560
545.156494
524.664062
511.341248
512.415039
526.662903
542.779114
551.308411
541.449768
522.143555
516.575562
526.788574
543.347900
551.066711
539.943909
520.485840
517.424561
529.630859
546.721375
550.433167
535.470154
517.335327
518.720825
532.441711
548.531433
549.482605
533.743225
517.148987
519.746033
533.961243
550.387024
548.948608
528.136475
507.617950
505.529755
521.574463
539.451904
551.354309
545.131653
526.668884
516.035095
523.539734
539.312073
551.207520
543.923706
524.036865
515.744507
525.662048
542.883179
551.573303
540.670105
521.305603
517.501770
528.737671
544.777771
550.222107
537.678040
519.064148
517.733093
530.422424
547.514465
550.331848
535.188293
518.457886
519.190857
527.216309
537.693665
548.314087
546.853088
531.197144
516.869141
521.579346
536.011230
550.359314
547.140747
528.484436
515.192688
522.363525
538.876465
551.304382
544.076599
524.583862
515.755920
525.404297
541.592590
551.273254
541.962158
522.254456
515.921570
526.856689
544.480042
552.206726
540.147644
520.257568
515.043884
520.638000
532.924927
546.331970
549.591614
536.101501
518.256409
518.773987
531.895264
548.469971
550.071716
533.517456
516.014587
519.445679
534.890381
550.365295
548.010925
530.222595
516.386963
522.216797
536.885132
550.342712
545.946228
527.174011
515.211609
523.173767
540.105164
552.525330
544.732422
523.177734
510.572205
512.816101
527.100769
542.705322
550.888672
541.144287
522.130127
517.034363
527.726624
544.620605
551.235352
538.463074
518.845886
517.342407
530.479736
547.269531
549.968018
535.050720
517.959656
519.672791
532.663940
547.916565
548.335632
532.360657
516.534546
520.514709
535.540100
550.652893
547.318970
529.327087
517.333496
522.060181
531.437805
541.207092
549.773315
544.230164
526.390991
516.236633
524.528442
540.771606
551.573669
542.425049
522.091492
515.415588
526.631287
543.551453
550.950317
539.617004
520.913208
517.791870
528.913696
544.984680
550.450623
537.625061
518.964478
518.177429
531.196594
547.758606
549.232300
533.927490
518.745544
520.697937
528.470337
537.883301
548.371155
547.193787
531.396240
516.661255
521.190674
535.975830
550.529236
546.595032
527.700378
515.560547
523.295837
539.003052
550.561401
543.980347
525.704407
516.814941
524.751770
540.422058
551.067566
542.643860
522.976624
516.418823
527.076538
544.257507
551.271667
539.354187
520.486328
516.208618
521.440735
532.494934
545.653076
549.600952
536.975220
518.996460
518.727295
531.411194
547.939087
549.396118
533.274414
516.774109
520.393860
534.769592
549.675598
547.761230
530.470215
516.294617
521.177368
536.416382
551.127686
546.914795
527.278137
515.236633
523.663330
540.936218
552.285400
543.353699
523.501404
515.650024
521.527832
532.627197
544.962158
551.623657
541.281189
521.072205
515.828125
527.802734
545.993286
551.734985
537.460022
517.907349
517.877197
531.753296
548.118835
549.745544
534.209656
516.940491
519.049683
533.255920
549.557068
549.336853
531.772705
515.831787
521.012756
536.633423
550.703918
546.208740
528.142456
516.425537
520.070984
528.396790
539.963196
550.367554
544.932068
525.709900
515.267822
524.265808
541.312622
551.681824
541.920532
521.947632
516.250488
527.531982
544.265869
551.489990
539.992920
520.675232
516.999390
528.378906
545.558838
551.024475
537.044006
518.165466
518.525635
532.205688
548.150513
548.915588
533.619019
517.836487
517.494812
523.248840
534.939209
548.502625
548.127869
530.878052
515.313721
520.728516
536.987244
551.393311
546.211975
526.804443
515.365295
523.558899
539.550659
551.141235
543.895935
524.431152
515.725037
525.326233
542.523865
552.153076
541.443054
521.116028
516.279602
528.057007
544.678467
550.674988
538.820557
521.067810
517.070251
521.406616
532.167664
545.946777
550.076721
536.422363
518.011414
518.818970
532.624390
548.799255
548.901611
532.194702
516.371521
520.622070
535.105713
549.923279
547.648499
529.912109
515.768433
521.550415
537.355469
551.076050
545.476685
526.017700
515.544373
524.415161
540.591370
551.175476
542.767578
523.914246
516.710327
523.120667
534.934082
546.291565
551.786072
540.700806
520.793152
516.503723
528.456665
545.584106
550.617432
537.015259
518.577393
518.221741
530.983948
547.207092
549.861938
534.812134
517.105957
518.937378
533.442383
549.904907
548.981628
531.071350
515.753357
521.159790
536.293579
550.315369
546.547852
529.050110
516.751892
519.197021
527.247681
539.425598
550.503235
544.749817
525.150818
515.217651
525.085632
542.343262
552.042725
541.859375
521.919189
516.091248
526.980286
543.965820
551.623230
539.918884
519.936646
516.532776
528.967590
546.542114
550.722717
535.914062
517.460938
518.463867
531.982300
548.008667
549.470947
534.030212
517.237732
519.135742
532.058289
550.290588
558.011536
550.086853
529.571167
515.130005
521.670715
537.520996
551.036865
545.822449
526.983582
515.664795
523.293640
539.338623
551.516174
544.309570
524.352905
515.494019
525.474060
542.843933
551.793579
540.759216
521.018005
516.655396
527.993408
544.514404
550.727661
538.335571
519.380432
517.023132
527.411499
543.847107
553.910522
551.827209
534.489258
516.249146
518.558777
533.082520
548.975525
548.684875
532.232788
516.711426
520.718201
535.438477
550.686890
548.019043
529.069580
514.858582
521.708984
538.452515
551.673584
544.974304
525.184998
515.141724
524.427185
541.097534
551.933716
543.175781
523.361511
515.734619
522.953186
536.524536
548.406189
552.593201
539.662598
519.748047
516.718628
529.182556
545.888794
550.561707
536.929932
518.353455
517.883667
530.957825
548.076843
550.615906
534.415344
516.275513
518.874695
534.077087
550.057373
548.237671
530.414429
515.853088
521.499695
536.523621
550.539124
546.572266
527.777161
515.073425
521.646484
538.444885
557.076660
560.708252
546.084534
523.048889
514.785522
525.659058
542.364258
551.529053
541.627319
522.187500
516.645691
527.537720
544.746094
551.928589
539.143127
518.964905
516.779724
530.134827
547.405945
550.887573
535.981567
517.685120
518.617065
532.149109
548.556519
549.488647
532.850403
515.997375
519.323547
534.119751
553.101624
559.660645
549.490417
528.089172
514.844543
522.375549
538.084290
551.090271
545.391846
526.322083
515.440918
523.770874
540.694458
552.484314
543.639282
522.899658
515.299927
526.365967
543.640564
551.679871
540.322266
520.779541
516.784729
528.230469
545.265625
551.182800
537.786560
518.258118
517.007690
529.796448
549.126404
559.942749
553.917725
533.734924
516.086731
519.768188
534.115051
549.269409
548.183716
531.076477
515.751831
520.765686
536.433167
551.163818
546.703003
527.299561
515.032166
523.287415
539.623657
551.435425
544.087463
525.006775
515.877563
524.793518
541.420654
552.107422
542.799316
522.216003
515.319702
525.804688
544.813538
559.719604
557.971985
539.557007
518.277649
516.666199
529.649109
546.491699
550.697571
536.457520
517.741760
517.860779
531.940063
549.199341
550.093567
532.744812
515.743774
519.946716
535.307556
550.401184
547.797302
529.901428
515.859741
521.801758
537.473633
551.512146
546.243713
526.468567
514.906677
522.890625
539.406494
554.971313
555.620483
542.024536
521.802612
515.603088
526.431091
543.266479
552.149353
541.281860
520.825073
515.911438
528.080078
545.921570
551.553528
537.502258
518.218384
517.704285
531.212524
547.692871
550.003113
534.724304
517.130005
518.899597
533.218933
549.821472
549.391663
531.412109
515.291382
520.068665
535.258240
553.100159
558.158936
547.448242
526.553955
514.709045
522.754883
538.647827
551.304443
544.850281
524.820557
514.473389
524.177002
542.042053
552.636292
542.446594
522.031616
516.209290
527.502625
544.226868
551.422852
539.591248
519.934082
516.676270
529.323853
547.042847
551.663696
536.544800
517.131958
517.796875
531.643799
548.460938
553.080139
542.140564
526.256531
514.201355
520.387451
534.826111
549.953369
548.366333
529.942810
514.620178
520.934021
537.971436
552.309875
546.176331
526.133484
514.873108
523.701721
540.219727
551.720825
543.852417
523.868408
515.314087
525.646606
543.427368
552.712708
541.075989
520.199951
515.885254
527.833313
544.910645
554.859680
549.563538
534.328064
517.595825
518.275574
531.021362
547.391541
550.488708
535.078979
516.834473
518.720276
533.508728
549.593140
548.731018
531.433105
516.125427
521.143616
535.963867
550.417480
547.363220
529.156555
515.609863
522.252930
538.616821
551.883423
545.066650
524.971313
515.085022
524.782349
541.544739
551.916748
542.286804
520.220642
508.352753
512.508972
527.896545
544.446716
551.799316
539.952148
519.804260
516.576050
529.581177
546.899780
550.888977
536.273438
517.845520
518.318359
531.624817
547.952698
549.792664
533.989380
516.509583
519.295898
534.370972
550.344849
548.317322
530.084167
515.601074
521.801147
537.005920
550.982239
548.039612
530.931091
516.762207
512.902893
524.167480
540.016907
552.077393
544.466248
523.826355
515.013855
525.721863
542.976807
551.653259
540.758301
521.137390
516.451843
527.731262
544.588379
551.247742
538.727112
519.120483
517.112000
530.160278
547.404297
550.320251
534.836243
516.939331
518.941406
532.805542
549.048584
549.548828
530.600708
508.177795
503.460480
517.951233
536.313416
551.113525
547.698853
529.016235
515.308777
522.478027
538.693420
551.543518
545.215820
526.020203
515.749084
524.269897
540.688782
551.988403
543.463684
522.971619
515.282227
526.384888
544.287048
552.165161
539.790527
519.672119
516.553162
529.093506
546.436890
551.644226
535.918640
511.481354
503.161987
514.610779
532.694641
548.935242
549.893921
533.598083
516.458557
519.939941
534.743347
549.909241
548.317200
531.078186
516.222351
521.220825
536.385864
551.110107
547.215027
527.908386
514.923767
522.727722
539.606567
551.796204
544.151978
524.349670
515.608765
525.452026
542.417969
552.578735
542.211792
519.070862
507.162689
512.552307
528.983582
546.011963
551.919556
538.686340
518.957520
517.283936
530.488159
546.931824
550.109619
535.524719
517.656738
518.505615
532.163513
548.789734
549.760864
532.962646
516.088684
520.019958
535.270325
549.975952
546.834412
528.895325
515.587219
522.223877
537.701477
551.536804
546.493530
524.954163
507.748688
507.650818
523.644775
541.725647
552.242004
542.928345
522.764160
515.794617
526.785828
543.335510
551.331848
540.469177
520.929443
516.405090
528.152222
545.727295
551.885803
538.080200
518.281555
517.591492
531.316162
547.736267
549.592163
534.135925
517.257507
519.678162
533.410095
549.493225
549.376892
529.322510
506.634949
502.818512
518.948364
538.059265
551.742310
546.861938
528.074463
515.672119
523.012878
538.409058
550.675110
544.411743
525.566650
515.753113
524.627991
541.412903
552.026611
542.277405
521.845703
515.572815
527.013733
544.078247
551.096191
539.256104
520.356812
517.544983
529.275940
546.041809
550.904602
537.093445
518.564270
516.499084
523.777710
536.022461
548.948608
548.917297
532.747314
516.238586
520.008484
534.365906
549.288391
547.442200
530.079834
515.837769
521.669678
537.340576
551.200195
545.626648
526.008545
514.919006
524.029724
540.530945
551.433350
543.336975
524.077026
516.203552
525.787537
542.381531
551.832520
541.844971
521.106140
512.401550
516.690247
530.733643
546.064392
550.842102
537.472168
518.541077
517.496887
530.276184
546.973572
550.430115
535.740540
517.463318
518.546570
532.724548
549.138794
548.706787
531.292786
515.715393
520.939087
536.159912
550.553955
547.081604
528.943359
515.626709
521.999695
537.965332
551.543335
545.636414
526.375549
516.202148
521.791626
532.595032
543.828552
550.630493
541.692444
522.844116
516.172852
526.148926
542.697632
551.397583
540.973389
521.162170
516.729248
528.466919
545.711182
550.436218
536.283325
517.887634
518.601196
532.195740
548.010498
549.327148
533.917297
517.147339
519.340027
533.478333
549.261780
547.844299
530.539978
516.868652
520.972351
530.758789
541.228149
549.990356
544.672058
527.042358
515.851929
523.531677
539.323059
551.485413
544.614380
524.729187
515.135498
524.644836
541.903381
551.650391
541.361145
521.477295
516.465149
528.014832
544.634949
551.217896
539.126892
519.545166
516.566345
529.244507
547.244385
551.473877
536.480408
518.154297
517.282227
525.106567
536.830505
548.922668
548.514893
532.510376
516.488647
520.561707
535.291626
550.451965
548.037415
529.430054
514.893738
521.618225
538.230347
551.366211
545.163391
526.040955
515.863464
524.624084
540.532715
551.371521
543.341797
523.668274
515.625854
525.817993
543.365051
552.188354
540.813599
521.000610
515.698364
522.279907
533.883484
546.071228
549.623230
537.028992
518.897888
518.057495
530.864746
547.731262
550.412964
534.626099
516.658936
519.221558
534.049438
549.602844
548.190002
531.003601
516.376465
521.595032
536.094421
549.856262
546.193909
527.945618
515.332642
522.931702
539.581726
552.140808
544.438660
524.803955
515.926270
522.515991
533.386169
544.028687
550.180237
541.204834
522.688782
516.793945
527.371033
544.160889
551.446472
539.133728
519.223816
516.748291
529.761597
546.762024
550.534607
536.154663
518.206970
518.731018
531.660278
547.778625
549.363464
533.533936
516.598938
519.859802
534.997070
550.534790
547.787903
529.929199
516.399841
519.220215
527.108582
538.596985
549.511414
545.410461
527.353577
515.776794
523.560608
539.974243
551.859192
543.752991
523.737915
515.862793
526.145935
542.680420
551.015991
540.543152
521.431580
517.005005
527.915955
544.455444
550.909424
538.436279
519.035828
517.211914
530.353882
547.365051
549.997253
535.242676
518.415039
517.498840
523.335388
534.552368
547.392639
547.931396
532.440918
516.616455
520.412964
535.332764
550.550110
547.532349
528.856873
515.618713
522.715637
538.504761
550.786499
544.428162
525.805786
516.204529
524.513794
540.431580
551.090454
542.648315
522.841125
515.920776
526.948853
544.225769
551.516418
539.330322
520.447632
517.793701
526.966919
540.744141
550.130127
550.369873
536.083862
518.023865
518.036926
531.421875
548.113342
549.677429
533.605530
516.982422
520.449341
534.511169
549.059509
547.397034
530.656250
516.345764
521.296021
536.268555
550.616455
546.548706
527.318298
515.092529
523.336670
540.188232
551.737183
543.480591
524.294373
516.547485
523.003357
534.057129
545.007935
551.131592
541.324707
521.852295
516.393738
527.866089
545.234436
551.416748
538.053772
518.919861
518.001160
531.042908
546.941589
549.562866
535.356689
517.852173
518.731934
532.019287
548.404480
549.247864
532.368530
515.966064
520.409363
535.826843
550.505066
547.222290
529.283142
516.057983
521.659058
536.420349
554.174927
559.270752
547.558350
525.579346
514.779541
524.105347
541.143127
551.971741
542.763489
522.788574
516.087769
526.709412
543.098877
551.100464
540.425110
520.955933
516.667908
528.275024
545.624268
551.036560
537.164001
518.126465
517.962524
531.528625
547.695190
549.402405
534.107422
517.645386
519.584595
531.417297
548.219727
556.183594
550.147583
530.939026
515.621216
521.070374
536.633667
550.757324
546.289185
527.578003
515.697083
523.347473
538.805481
550.778625
544.367249
525.219421
515.343689
524.268188
541.366882
552.066284
542.438293
522.012146
516.109131
527.623352
544.430786
551.080566
539.076233
520.131165
517.031616
527.750000
546.126526
559.535095
556.533386
537.348938
516.904297
517.753113
532.077026
548.489136
549.197266
532.963989
516.866760
520.370422
534.298035
549.108948
547.667358
530.454285
515.804321
521.202087
536.932800
551.333069
546.419128
526.884644
515.257996
523.697388
539.918945
551.282593
543.790039
524.621887
516.032104
524.393677
541.672058
558.216736
559.343323
542.919922
520.449524
515.630432
527.822449
544.882568
550.677917
537.740784
519.261719
518.055115
530.269897
546.294312
549.790161
535.671326
517.729553
518.756531
532.852051
549.269531
549.058167
532.122253
516.553101
521.233398
535.733948
549.891235
546.986694
529.632568
516.295227
521.448975
536.407898
554.629211
559.655090
547.377380
525.241272
514.859863
524.287170
540.931396
551.418213
542.744446
523.552246
516.660950
526.335815
542.664307
551.393188
540.988831
521.006836
516.326965
528.001221
545.421997
550.867615
537.449158
518.845764
518.472656
531.176453
547.173828
549.474060
534.669250
517.469177
518.658752
531.672729
550.977112
560.148438
552.169434
530.911682
515.194580
521.061523
536.426697
550.051392
545.819763
527.842590
516.004822
522.920410
538.498718
551.151794
544.816956
524.951782
515.101685
524.732849
542.189758
552.064087
541.937256
521.971558
516.440186
527.447021
543.910645
550.924316
539.361755
520.060974
516.642822
527.890869
547.176025
560.305420
556.469238
536.772827
516.846191
518.364929
532.630859
548.511658
549.083496
533.076416
516.951111
520.172424
534.499817
549.941406
548.286682
530.150574
515.341248
521.533813
537.679138
551.156982
545.547729
526.533447
515.816284
524.079712
539.775024
550.950745
543.506104
524.147156
515.701233
524.503296
541.470581
556.009583
554.902344
539.856750
519.727722
516.520691
528.475403
544.841858
550.651978
538.105469
519.322021
517.542236
530.150696
547.184631
550.692444
535.269958
516.877686
518.897766
533.813232
549.629822
548.636597
531.561340
516.614624
521.569336
536.110840
550.154358
546.935303
528.734985
515.547302
521.746521
537.313843
554.206848
557.025208
544.540649
523.817993
515.364075
525.199036
540.867004
550.869324
542.572388
523.747375
516.768799
526.403809
542.992798
551.591003
540.468201
520.511658
516.721069
528.804810
545.822510
550.935181
537.663330
518.992981
517.945190
530.385681
547.113342
550.204712
535.051392
517.130859
518.662964
532.613220
551.809082
559.640747
550.787231
529.801514
515.058350
521.409668
536.732910
550.678894
546.703186
528.387939
516.122314
523.190796
539.239929
551.479248
544.093506
524.402466
515.973694
526.057434
542.374329
551.214294
541.439270
522.639343
517.350586
527.270020
543.216003
550.637329
539.519470
520.411255
517.446106
528.643982
545.443542
553.833740
546.961487
531.626099
516.578003
519.327026
532.089355
547.820007
549.490234
534.014160
517.148071
519.658325
534.293091
550.481689
548.666077
530.024109
515.255249
521.534302
537.457214
550.946289
545.748169
527.081360
515.971985
523.505493
539.846863
551.803711
543.854919
523.463806
515.471252
525.337646
542.420959
555.553894
553.279480
538.367554
519.425781
517.233826
529.081665
545.009888
550.447998
537.958130
519.304504
517.900452
530.647583
547.359375
549.902649
534.528015
517.334412
519.872009
533.529907
548.396240
547.984924
531.991150
516.904846
520.615845
535.018738
550.117249
547.695312
529.223511
515.605774
522.213745
538.232361
551.412476
545.901855
526.523071
513.471252
513.313721
525.871399
541.089478
551.189331
543.024414
523.002441
515.546936
526.358765
544.228455
552.074890
539.706665
519.631226
516.908264
529.703064
546.545105
550.931641
536.981750
518.170959
517.801392
531.365967
548.419189
550.155579
533.417114
515.914490
519.344421
534.055908
549.589417
550.285217
536.215942
521.348694
513.688416
522.560486
536.990112
550.266968
546.461365
527.979431
515.773926
523.197693
539.405212
551.377502
544.066406
524.863525
516.361511
525.569519
541.551208
551.226196
542.288147
522.813477
516.218933
526.452698
543.944519
551.897400
539.572998
519.450073
516.842712
529.671875
547.249268
551.300049
534.328979
510.366364
503.379333
515.835632
533.349304
549.257202
550.026489
533.433472
516.156311
519.645752
535.212219
550.625366
547.508240
528.820679
515.287109
522.357361
538.136475
551.329529
545.805786
526.576782
515.320618
523.743225
540.773865
552.014771
542.815979
522.539490
515.663391
526.866089
543.895630
551.909546
539.353210
516.174316
506.137848
513.704346
529.862122
546.145142
551.574097
538.531921
518.830872
517.503174
530.726807
547.371338
549.421936
534.197754
517.439392
519.738464
533.052612
548.474304
548.677917
532.291321
516.231873
519.974243
535.144043
550.651062
547.575745
528.767273
515.705383
522.582214
538.347351
551.338013
545.606384
525.255859
510.630310
510.729462
524.603760
541.879700
552.610779
543.223877
522.081299
515.205750
526.807007
544.514038
551.723633
539.534607
520.231506
517.534363
529.577026
546.255127
550.806763
536.794678
517.863647
517.847473
531.889160
548.816162
549.695740
532.996338
516.722168
520.732971
534.939941
549.894226
548.171204
528.916260
509.139343
506.286377
520.817505
538.303589
551.505798
546.289001
527.128357
515.317566
523.360046
539.748474
551.200439
543.608826
524.556641
516.376282
525.270752
541.569580
551.545227
541.925415
521.600525
515.873596
527.369080
545.106750
551.639282
538.407227
518.886658
517.197083
529.978821
546.749023
550.287231
536.161987
518.934875
517.584045
524.455750
536.089294
549.452148
549.295593
531.869934
515.275757
520.326965
536.336121
550.999084
547.112244
528.364319
515.247803
522.357727
538.593567
551.930054
545.650635
525.532043
514.782349
524.099121
541.377686
551.863037
542.458374
522.831604
516.504456
527.008118
543.169373
551.090332
540.655762
521.318726
514.155640
518.218933
530.947083
546.339417
551.260376
537.487793
518.198608
517.858215
531.245850
547.642273
549.591125
534.333374
517.085571
518.918762
533.083740
549.644226
549.316711
531.457642
515.424805
520.357971
536.501221
551.269592
546.701172
527.293579
514.965393
522.591187
538.973267
552.030945
545.447449
523.671021
508.894104
510.044891
525.617615
543.713806
552.831299
541.494873
520.577332
515.723633
528.222107
545.381165
551.219666
538.325500
519.350647
517.513855
530.220398
547.169861
550.689331
535.366089
516.776367
518.459412
533.176392
549.211731
548.838562
532.128113
516.649902
520.930359
535.190979
549.758240
547.336792
530.110718
516.818176
520.203552
529.823792
541.341492
551.197266
545.183167
526.234375
515.780396
524.417603
540.413574
551.345703
543.473083
523.943665
515.853149
525.661987
543.071899
552.305298
540.999573
520.173401
515.782532
528.323608
545.952515
551.430298
537.901367
518.921448
517.939331
530.792419
547.721375
550.479797
535.108948
517.722778
517.731262
525.926147
537.790833
549.966248
548.211182
530.824280
515.613403
521.083008
536.277527
550.437866
546.697693
528.347839
515.627258
522.755371
539.135132
551.829346
544.497864
524.371399
515.276428
525.348633
541.859680
551.174683
541.496460
522.334412
516.495850
526.865723
543.381714
551.155029
539.971802
520.809265
515.767761
521.633911
533.714905
547.171936
550.081299
535.931824
517.862122
518.564209
531.702820
547.856201
549.631470
534.135803
516.984375
519.269958
533.809021
550.176331
548.640381
530.148560
515.236694
521.327087
537.259338
551.134888
546.223938
527.274292
515.302673
522.968811
539.704224
552.312012
544.491028
524.017090
514.643188
520.515381
532.559509
545.582031
551.737427
540.442383
520.580872
516.182617
527.986145
545.236267
551.511963
538.564819
518.828735
517.028442
530.378906
547.907349
550.539307
534.298950
516.211670
518.874084
533.729004
549.610413
549.006531
532.118591
516.226929
520.230896
535.220581
550.457825
547.084656
528.852600
516.681885
521.746277
531.973877
542.516052
550.575317
543.723877
525.340027
515.870422
524.537842
540.735474
551.559265
543.211792
523.229309
515.708374
526.129700
543.526245
551.546265
539.845886
520.270874
517.117737
529.074646
545.837891
550.946533
537.610352
518.665527
517.768921
531.095581
548.592346
550.715881
534.507751
517.034241
517.139038
525.044434
537.555908
549.859680
547.847839
530.425842
515.532959
521.092224
536.880127
551.464417
546.991760
527.005493
514.055969
522.563782
540.429810
552.607300
543.934692
523.472046
515.076843
525.520020
542.679993
552.113892
541.564331
520.952698
515.274292
527.443542
545.599487
552.300354
538.399841
518.318176
516.814636
528.666992
544.668823
553.583862
551.037231
534.532532
516.888855
518.531921
532.672302
549.020264
549.461243
532.301086
515.596558
519.831238
535.412354
550.371155
547.096008
528.942566
515.922180
522.495667
537.643311
550.725586
545.657654
526.469849
515.041809
523.407166
540.687317
552.383667
543.582153
523.561401
516.088684
523.359558
535.594177
546.512817
551.306580
540.239380
520.728821
516.028381
527.856445
545.786438
552.020508
537.958435
517.812805
517.096741
531.591492
548.778381
550.054871
533.416565
516.069458
519.021912
533.789917
549.653931
548.577820
530.609192
514.852905
520.578674
537.087891
551.604736
546.397888
527.478394
515.913025
520.623230
529.935852
541.307373
550.394043
543.816162
524.989624
515.688660
525.070618
541.886169
551.861023
541.748718
521.521912
516.108582
527.933594
544.736816
551.114258
538.892517
519.985840
517.453674
529.383545
546.239258
550.904602
536.547668
517.476685
517.817383
532.093628
548.930542
549.520081
532.670593
516.014221
519.378296
533.016541
550.862976
557.942200
549.754883
529.461609
514.791077
520.904236
537.088806
551.604614
546.174561
526.115845
514.761353
524.072388
540.843445
551.629761
543.070618
523.491211
515.700623
525.751953
542.839722
552.008484
541.057434
520.427979
515.762756
528.382385
545.870544
550.907776
537.113647
518.593994
517.860901
528.711304
544.330688
553.412476
551.007568
534.330383
516.547668
518.594666
533.174622
549.811096
549.246399
531.327759
515.558228
520.808167
536.187622
550.337402
546.667236
528.533691
515.591736
522.277893
538.381531
551.750183
545.433838
525.298889
514.839478
524.274536
541.348633
551.507568
542.068848
522.512024
515.938354
525.332214
542.920532
558.400391
558.319763
541.224365
519.370483
515.937439
528.635803
546.298279
551.176086
536.754822
517.884949
518.180298
531.636902
547.839722
549.642639
534.145142
516.808411
519.065002
533.848999
550.376404
549.156250
530.607178
514.978455
520.833130
537.193787
551.341492
546.332703
527.106445
515.054565
522.037537
538.391235
556.370178
560.119446
546.117676
523.069092
513.994324
524.840698
542.637451
551.986023
541.011292
521.081116
516.499878
528.128052
544.605774
550.923889
538.537781
519.079285
516.676697
529.593079
547.091858
550.709045
535.274597
516.807800
518.447021
532.971985
548.948792
548.993225
532.528320
516.368835
519.461304
533.123413
551.512695
558.917725
550.210266
528.745483
513.961731
520.999756
537.964294
551.679443
545.335327
525.534668
515.048828
524.083313
540.666809
551.937622
543.707642
523.539490
515.210205
525.566895
543.428467
552.329163
540.663391
520.242798
516.440125
528.888916
545.624878
550.604004
537.104980
518.430786
517.218567
529.337769
548.373718
559.992432
554.782593
534.421997
515.326660
518.351318
533.621948
549.599487
548.273743
530.863037
516.021667
521.332703
536.367493
550.717285
546.888184
527.992188
514.877380
522.466797
539.318054
551.917236
544.309448
524.067017
515.114624
525.299194
542.047668
551.601440
542.090027
522.527832
516.166016
525.947266
543.054016
555.902466
552.750610
536.773071
517.377991
516.585144
530.035461
546.680725
550.122314
535.866089
518.239197
519.031982
531.972290
547.796570
549.162048
533.134460
516.197510
519.673584
534.910339
550.442078
547.831848
529.497131
515.527588
521.944397
537.406677
550.580200
545.563721
526.725098
515.217712
522.412109
538.734375
555.435913
557.089966
543.209839
521.848694
515.222168
526.589905
543.290161
551.361877
540.448914
521.036621
516.614929
527.770447
544.712830
551.242615
538.359070
518.649658
517.216431
530.866516
548.002747
550.242920
534.558472
517.164307
519.430603
533.277283
548.968628
548.919556
532.247925
516.176636
519.640625
534.227844
553.044067
559.286194
548.760132
527.153809
514.582153
522.809570
538.695557
550.975037
544.606140
525.747009
515.882812
524.370544
540.813843
551.787048
542.966003
522.722046
515.769165
526.922363
544.264160
551.508850
539.272217
520.019775
517.449585
529.444031
545.981384
550.835938
537.220398
518.260803
517.805176
530.709229
547.804688
553.462585
543.207214
527.173828
514.581665
520.550476
534.659729
548.987061
547.241699
530.423767
516.251770
521.376892
536.555115
550.897949
546.532959
527.238586
515.195374
523.598389
540.183533
551.519592
543.393982
523.993408
515.906982
525.595825
542.047241
551.537476
541.772766
521.732056
515.974365
526.600220
544.191040
555.586731
550.777527
534.865845
517.176208
517.724243
530.743408
546.857605
550.159302
535.911072
517.959534
518.661499
532.382446
549.142273
549.603760
532.257935
515.594849
520.188904
535.682556
550.372864
547.074097
529.139648
515.975891
522.269775
537.520081
551.032104
546.015137
526.498047
515.097351
523.924011
541.249756
552.368835
542.719666
520.353638
508.469666
512.837402
528.203125
543.995605
551.154846
540.429443
520.757019
516.201660
527.922546
545.567566
551.355408
537.335266
517.894836
517.602112
531.363464
547.798218
549.686584
534.359863
517.198364
519.338928
533.566833
549.637695
548.905396
531.027405
515.264099
520.725220
536.603149
551.283447
548.329529
530.671448
516.244202
512.676941
524.406250
539.529785
550.875916
544.222107
524.839539
515.230103
524.612793
541.902893
552.074951
541.946289
521.652466
516.049988
527.633850
544.331238
551.158203
539.310852
520.148315
517.130798
529.024902
546.163452
550.875977
536.147461
517.039185
517.809021
531.686096
548.316345
552.652405
541.687439
526.009766
514.289856
520.648743
534.905334
549.555542
547.849854
530.305969
516.003296
522.030518
537.821777
551.301758
545.521851
526.149963
515.359802
524.040039
540.021851
551.074585
543.544434
524.584839
516.318970
525.582825
542.215149
551.464905
540.763794
520.710510
516.345032
528.581055
546.097656
551.944336
536.594299
512.348694
503.857025
514.501465
531.591187
547.561279
550.135315
535.295898
517.187012
518.878418
533.488892
549.507019
548.588989
531.324646
515.940002
520.778198
535.513733
550.135132
547.415527
529.422241
515.832458
522.222839
538.192200
551.279785
544.621582
524.714600
514.918152
524.685303
541.554321
552.077332
542.720886
520.993896
509.172852
512.897339
527.605713
543.972961
551.809875
540.617004
520.477722
516.643677
528.870056
545.742554
550.243896
536.549316
518.444397
518.312622
530.819885
547.016968
549.671021
534.819641
517.267273
518.992493
533.300903
549.720398
548.733643
531.019653
516.039307
521.627869
536.762878
550.705872
546.500916
526.121094
508.861145
507.880615
522.595642
540.009094
551.885437
544.586609
524.633484
515.566223
525.474121
542.278687
551.320740
541.125000
521.837402
516.824402
527.823303
544.335815
551.164551
539.097290
519.469238
516.874451
529.732361
546.868958
550.219604
535.326233
517.480408
519.110352
532.891541
549.217834
549.948547
530.972534
508.090973
503.108826
517.582581
536.034546
551.033569
548.306702
529.815491
515.425476
521.960388
537.861511
550.688049
544.857544
526.080505
515.437866
523.635254
539.935120
551.710083
543.856873
523.585449
515.174011
525.623474
543.055298
551.772461
540.723267
521.179382
517.125488
528.559021
544.914124
550.591248
538.428345
519.976990
515.847534
521.399536
533.486694
547.731079
550.331726
535.111023
517.031860
519.127991
533.355652
548.826233
548.191833
531.573853
516.315430
520.648071
535.711548
550.773682
547.494568
528.425598
514.844849
522.172119
538.847900
551.417542
544.392944
524.966003
515.663818
524.914795
541.284729
551.760742
543.000671
521.970398
510.846771
513.779785
528.428711
545.091858
552.170288
539.739441
519.698181
516.811279
529.272583
545.970398
550.398865
536.719482
518.283813
517.948608
531.287354
548.381104
550.569153
534.044617
516.309692
519.347229
534.406433
549.856567
547.915527
530.416870
516.068481
521.630859
536.816101
551.196777
547.065857
525.838013
507.769775
506.946625
522.771362
541.065002
552.203491
543.724060
523.856140
515.777893
525.727844
542.017273
551.105652
541.462646
522.091980
516.542908
527.457764
544.726807
551.687256
538.667419
518.624146
516.713989
529.996216
546.829895
549.885742
535.317383
517.796936
519.138367
532.635803
548.680847
549.123596
532.738403
516.945129
518.789307
527.842163
539.492310
550.621948
547.110291
529.012390
515.387756
522.053711
537.622498
550.688416
545.319702
526.331177
515.297852
523.614807
540.567322
551.946960
542.974670
522.644775
515.594727
526.585022
543.482788
551.379700
540.364868
521.091003
517.106812
528.509705
545.518066
551.239441
537.913452
518.668701
515.167114
521.762207
534.299927
547.924988
549.439087
534.369751
517.247803
519.476135
533.018738
548.518127
548.589355
532.102356
516.399170
520.639404
536.006409
550.911804
547.033203
528.042603
515.418030
522.866089
538.651489
550.839966
544.620972
525.955444
516.222900
524.479858
540.688232
551.252625
542.438354
522.890381
515.692444
522.061646
533.666748
545.817078
550.743164
539.337769
520.392456
517.088623
528.552368
545.211243
550.377197
537.038879
518.308777
517.894104
531.379456
548.132324
549.317871
532.926941
516.337952
519.975037
534.452209
549.452026
548.118713
531.344421
516.679199
521.267212
536.437927
550.892761
546.191589
527.069702
515.789673
521.362549
532.118347
543.257629
551.126221
543.388367
524.407776
515.795898
525.157043
541.910339
551.812012
542.078857
521.992615
516.202148
527.622070
544.881226
551.178162
538.245178
519.191833
517.481934
529.812744
546.312500
550.359314
536.350830
518.068604
518.388550
531.945129
548.644348
549.413696
533.133423
517.157227
517.892517
525.239746
537.030212
548.866089
546.644104
529.787354
516.182983
521.851257
537.138672
550.872070
545.818115
526.210144
514.960510
523.657959
540.694275
551.669861
542.925293
523.252197
516.001160
525.998779
542.525452
551.172363
540.837158
521.184326
516.568787
528.277344
545.600952
550.790283
537.160645
518.932373
516.736511
523.412292
535.042542
547.680054
549.370544
534.700989
517.150208
518.818542
533.001343
549.544006
549.229797
531.432190
515.528564
520.729126
536.567139
550.763062
546.356689
527.680786
515.465149
522.765930
538.621155
551.372131
545.119141
525.268616
515.141846
524.507019
541.918091
552.064209
542.084412
522.213562
516.383423
524.671448
537.791809
548.300049
551.417969
539.032043
519.644165
516.334412
528.637451
546.521179
551.497803
536.735779
517.460754
517.979492
532.306885
548.684448
549.378357
533.034058
516.511047
519.631714
534.084656
549.782410
548.469910
530.496338
515.443176
521.187866
537.351013
551.141724
545.642944
526.988953
516.414917
521.035034
530.355408
541.708496
550.580505
543.536255
524.096436
515.137085
525.039307
542.612488
552.277710
541.353760
520.801880
516.027466
528.098633
545.088928
550.935669
538.114624
519.146606
517.387634
529.971375
547.047180
550.773560
535.566284
516.981201
518.426575
533.036255
549.096863
548.657043
532.423035
517.527161
518.643433
525.447449
536.931335
548.994080
546.838745
529.060059
515.064148
521.728821
538.369690
551.847412
545.201904
525.152771
515.057312
524.463806
540.769104
551.120605
542.595520
523.387146
516.269714
526.471802
543.465393
551.861145
540.131042
519.930298
516.351990
529.064026
546.086243
550.737122
536.966431
518.765259
518.148438
528.798218
544.714417
553.790222
550.825195
533.641541
516.213501
518.962341
533.898010
549.952332
548.359985
530.441895
515.514893
521.139282
536.260071
550.140076
546.341492
528.176758
515.720459
522.621765
538.755798
551.441711
544.389526
524.365173
515.254517
525.440063
542.392639
551.645996
541.774963
522.822083
517.005432
524.261169
536.885071
547.674622
551.234070
538.734863
519.403687
516.862061
529.741943
546.889526
550.488220
535.538818
517.449768
518.544128
532.058350
547.831543
548.965881
533.405273
516.794067
519.730530
534.558899
550.211914
547.934753
529.597717
515.522339
521.885254
537.267944
550.302795
545.380310
526.982239
515.574402
522.277954
538.594971
556.439575
559.816589
545.424927
522.718445
514.794556
525.888123
543.160767
551.523132
540.467468
521.045166
516.852905
528.325073
544.877136
550.908569
538.303711
518.993408
517.091797
530.276367
547.577942
550.332031
534.668335
517.032471
519.314880
533.326233
548.348755
548.021118
532.024658
516.903870
520.147095
533.816528
551.988464
558.775818
549.313477
528.077026
514.789307
522.265259
538.325439
550.762451
544.510437
525.727722
515.873962
524.007507
540.084412
551.393250
543.533569
523.479675
515.395691
525.730469
543.576538
552.020081
540.325684
520.405640
516.722900
528.671509
545.616028
550.883728
537.424805
518.181519
516.627197
529.274719
549.377441
561.154846
555.154663
533.883850
515.216187
519.046997
534.728516
550.116821
547.943481
530.094360
515.582947
521.191528
536.764038
551.019348
546.762085
527.438416
515.000183
523.242798
540.036560
551.450928
543.284546
523.956299
516.064697
525.802734
541.606201
550.772827
541.748962
522.634033
516.177063
525.533813
543.541931
558.674133
557.791992
540.142334
518.888062
516.810852
529.573059
546.222961
550.452515
536.598206
518.145447
517.769104
531.155945
548.532227
550.650940
533.748474
515.707275
519.093140
535.117493
550.972412
547.927002
528.890686
514.793823
521.732422
538.121399
551.663269
545.950195
526.193542
514.758301
523.099609
540.618958
557.929443
559.793030
544.112244
521.824951
515.408081
526.983887
543.177490
550.728271
540.072693
521.298645
517.165833
528.360901
544.764771
550.713867
537.887207
519.020996
517.896423
530.806030
546.969482
549.478638
534.969116
517.912842
519.246704
532.405518
548.471008
549.299866
532.557434
515.868652
519.103210
534.091675
553.197388
559.399292
548.820068
527.163452
514.291809
522.404602
538.785706
551.750854
545.487183
525.609436
514.923035
523.941528
541.498962
552.567749
542.641296
521.659058
515.151062
527.163757
544.561340
551.446960
539.231079
520.031250
517.284485
529.204712
545.613953
550.283020
536.795410
518.472961
518.077942
530.587891
548.907532
558.808960
552.668762
533.221924
516.627136
520.357666
534.035156
548.696350
547.924927
531.551514
516.490906
520.651306
535.793213
550.747314
546.937683
527.731140
515.072937
522.477417
538.939209
551.367493
544.576233
525.036865
515.488220
524.430176
541.872681
552.578674
542.526428
521.188354
514.844482
526.241211
544.392273
555.712830
550.676758
534.723694
516.975586
517.209595
530.290344
546.802979
550.346252
535.639771
517.315613
518.529846
532.960022
549.212463
549.053040
532.029541
516.308655
520.899841
535.380005
549.106140
546.373718
529.387573
516.238647
522.121155
537.343140
550.859680
545.812805
526.775391
515.800903
523.349792
539.151855
554.225342
555.492798
542.821777
523.162964
516.399170
525.754639
541.717834
551.177979
541.745239
521.857727
516.114319
527.354248
545.237061
551.637817
538.310730
518.824341
517.305786
530.120850
546.844666
550.279236
535.661133
517.380310
518.163757
532.521118
549.561768
549.515869
531.657837
515.392761
519.848938
535.155640
553.149231
558.390320
547.815796
526.890320
514.673035
522.405945
538.520325
551.463013
545.086304
525.246887
515.255432
524.895996
542.033569
551.668945
541.744324
522.262024
516.595459
527.281555
543.354309
550.563110
539.554871
520.577759
517.140991
529.047668
545.944153
550.531250
536.508301
518.224243
518.828003
531.595825
547.297607
552.401367
543.167725
528.229431
515.608459
520.181763
533.826233
549.192322
548.571228
531.122253
515.879761
521.015381
536.836792
551.049561
546.283203
527.294067
515.525940
523.096802
539.226807
551.452209
544.584717
524.470276
515.006287
524.975830
543.143433
552.685791
541.188721
520.267517
515.537842
528.106995
545.944153
552.096191
536.944031
512.534607
503.621002
514.170044
532.280762
548.669373
550.618774
534.549072
516.442078
519.016296
533.964111
549.255188
548.060120
531.441223
516.643921
521.205261
535.332642
549.370544
546.929199
529.363281
515.923767
522.148865
538.049377
551.213867
545.186462
526.095886
516.005493
524.502014
540.403381
551.371094
543.423096
522.523926
510.307800
512.935425
527.187622
543.900452
552.113892
540.972107
520.477844
516.277954
528.578613
545.662598
550.637634
537.097900
518.748657
518.178833
530.704224
547.465942
550.347717
534.592590
516.157166
518.604614
534.112122
550.388489
548.753662
530.570129
515.392212
521.045776
536.273193
550.597412
548.460815
531.757080
517.112244
512.474609
523.985046
540.346130
552.041687
544.118469
523.852783
515.336975
525.878723
542.379944
551.074158
541.006104
521.903259
516.635620
527.491455
544.155090
551.242920
539.117798
519.433472
516.899475
529.558533
546.208374
549.831482
535.680908
518.202393
518.967773
531.634277
547.738525
549.765137
532.055786
509.463745
504.071716
517.889832
535.806519
550.327393
547.685425
529.935059
515.800537
521.783813
537.167908
550.659912
545.886169
527.255676
515.395264
522.493774
539.108704
551.769043
544.061462
523.480591
515.117004
525.992798
543.433472
552.082275
541.067139
521.115051
516.270142
527.620605
545.168152
552.054810
