538.504272
538.504272
538.540833
538.624573
538.514160
537.924561
536.906311
535.707825
533.470886
529.078857
524.732544
523.342957
524.968933
527.262695
528.996460
531.603638
536.113342
541.274170
544.838623
546.008850
545.048096
542.586243
539.697083
537.643066
537.017395
536.891846
535.190918
530.833984
526.039734
523.780273
524.270996
525.528198
527.494263
531.114258
535.816040
539.624573
542.356567
544.783508
546.446655
545.173035
541.138428
537.386658
536.341187
536.178101
533.649475
528.742249
524.505859
523.123047
524.124084
526.612061
530.095215
533.800903
536.911072
539.982056
543.926514
547.759583
548.934937
546.659363
542.131531
538.732483
537.891968
537.455811
534.943359
530.337341
526.354370
524.351562
524.138855
525.348755
528.235291
532.052429
535.898071
539.735901
543.397400
545.802917
546.042358
543.985413
540.879150
538.285339
536.813110
535.463196
532.825562
528.523376
524.514832
522.429993
523.645813
527.290100
530.901062
532.775879
534.290955
537.239868
541.370850
544.891968
546.277405
545.112915
542.207886
539.066528
536.901001
535.837158
534.190308
530.438416
525.818054
523.123291
523.665100
525.916687
528.243286
531.383423
536.134094
541.009338
544.051331
545.220093
545.255859
544.120728
541.423035
538.292847
536.082275
534.969421
533.593567
531.213196
527.657410
524.958130
524.179260
524.710999
526.467834
530.005981
534.901123
538.989563
541.529053
543.846069
546.013672
545.812500
542.386230
538.641052
536.955750
536.073364
533.173035
528.498108
525.151672
524.399231
524.901917
525.904785
528.348877
532.396118
536.790283
540.477173
543.459290
545.607849
545.822266
544.163574
541.918213
539.682251
538.350281
537.031921
534.480286
530.644104
527.062134
524.540649
523.527649
524.523804
527.676025
531.508240
534.722900
537.773193
541.670776
545.571350
546.963684
544.810120
541.172913
538.644409
537.423462
536.130554
533.572632
529.520142
525.276306
522.860291
523.456421
526.485779
529.854065
532.269958
533.959167
536.555725
540.430176
544.259277
546.170776
545.314209
542.535400
539.510620
537.482910
536.512817
535.135132
531.592590
526.651001
523.303223
523.254944
525.260742
527.767212
530.841797
535.134827
539.689148
542.962952
544.702271
545.453857
544.570801
541.488586
538.039490
536.386902
535.805664
533.351929
528.606934
524.470642
523.075562
523.624634
524.681274
526.324524
529.480469
533.762573
537.849060
541.099243
544.011719
546.200745
545.835632
542.370239
538.437378
536.959534
536.733032
534.461548
529.593140
525.330444
523.945557
524.500122
525.670288
527.693542
531.263611
535.522400
539.443237
542.954224
545.708618
546.081177
543.889587
540.652832
538.892517
538.491760
538.041443
535.691528
531.611511
527.588623
524.950439
523.842896
524.401855
526.814270
530.447266
534.044922
537.481750
541.289307
544.945496
546.548096
545.007751
541.718506
539.255371
538.003418
536.781799
534.065430
529.671997
525.321472
523.120911
523.850159
526.434143
529.212341
531.765503
534.866211
538.430359
541.602783
544.595886
546.141052
545.419556
542.919983
540.100708
538.161255
537.109253
535.644775
532.540222
527.665344
523.730225
523.038086
525.062683
527.988220
530.926819
534.453186
538.506226
541.902832
544.423767
545.751343
544.964417
541.723633
538.414001
537.155884
537.011536
534.606812
528.994202
523.636902
521.896240
523.075134
525.271851
526.701477
528.338623
531.787720
536.764404
541.182007
544.192200
546.164917
546.151672
543.398376
539.602234
537.304321
536.954285
535.646729
531.642334
526.883972
524.137512
523.846008
524.957642
527.431030
531.285095
535.203796
538.393799
541.640503
545.339783
547.149109
544.897156
540.584595
537.721130
537.613892
537.983887
536.784180
533.409973
528.913452
525.111450
523.342712
523.876343
526.400574
529.870117
533.097961
536.241333
540.040588
544.377258
546.788818
545.505554
542.083313
539.282166
537.947815
536.749268
534.517822
530.729492
526.500977
523.682190
523.531677
525.497437
528.416016
531.349182
534.819702
538.878784
542.795654
545.036499
545.719910
544.954163
543.162170
541.147827
538.942932
536.790771
535.003418
532.453064
528.478577
524.549194
523.044128
524.367676
526.953064
529.983337
533.403503
537.295105
541.056519
544.165771
546.016357
545.526001
542.635620
539.181274
537.306885
536.867554
534.870178
530.045898
525.045532
523.598816
524.826904
525.744141
525.863525
526.909363
530.613953
536.075745
540.674988
543.421143
544.813660
545.072632
543.627686
540.903076
538.725891
537.465515
535.400513
531.695618
527.535583
524.997253
523.964111
524.042786
526.179810
530.559814
535.213135
538.213074
540.643005
543.906555
546.458740
545.545349
541.523560
538.017212
537.173157
537.950500
537.667175
534.708130
529.751099
525.372070
523.424744
523.890991
525.926147
528.906555
532.013977
535.440186
539.707458
543.959045
546.216187
545.201355
542.316406
539.899780
538.689270
537.165710
534.861694
531.438843
527.517212
524.223022
523.058350
524.261230
527.196472
530.709656
534.276428
538.222351
542.208313
545.014282
546.124390
545.958496
544.508972
541.773254
538.738708
536.917542
536.111633
534.268005
529.823669
524.777405
522.592773
523.923584
526.724670
529.121948
532.256531
536.392090
540.567627
543.661987
545.616516
545.765686
543.590088
539.942261
537.076416
536.263794
535.223206
531.521118
526.736389
524.202087
524.374084
525.232849
525.828186
527.035522
530.255493
534.947327
539.289856
542.283203
544.624634
546.081482
544.855286
541.570557
538.332336
536.839539
535.795593
532.783875
528.500854
525.385437
524.396667
524.514343
525.829224
529.104431
533.575867
537.521423
540.799072
544.142822
546.509033
545.801514
542.411865
539.113342
537.819885
537.842957
537.147766
534.726013
530.324158
526.133057
523.742371
523.536133
525.269653
528.211182
531.738708
535.206787
538.968750
542.736938
545.419067
545.805054
543.913818
541.176392
538.710815
536.755920
534.691040
531.977112
529.492798
529.417419
532.262268
533.044983
529.864197
525.326904
523.034302
524.051880
526.529358
529.075134
532.293823
536.831482
541.298584
544.333740
545.747375
545.573242
543.322510
540.179932
537.413513
535.812683
534.763489
533.174011
530.424072
526.520935
524.011780
524.218567
525.572327
527.253052
530.466675
535.251282
539.517456
542.331116
544.535400
546.077209
545.284607
541.933167
538.149536
536.500427
535.634644
532.949524
528.378601
524.616211
523.672424
524.510681
526.323975
529.501831
533.891052
537.654907
540.631531
543.423096
545.558777
545.963501
544.432312
541.864075
539.056152
537.732788
536.877991
534.088013
529.561890
525.719910
523.760071
523.524780
525.065125
528.132263
532.110596
535.914612
539.276062
542.700500
545.385864
546.057434
543.801086
540.500305
538.397400
537.324829
535.642395
532.193604
527.978699
524.633057
523.254333
524.458984
527.565796
530.656372
532.466064
533.932678
536.831177
541.057922
544.596191
545.797424
544.216125
541.521667
538.974426
537.560730
536.220215
534.017639
530.265686
525.924561
523.339233
523.882507
526.483826
529.072144
531.589783
535.404785
540.033203
543.776855
545.368103
544.741333
542.871582
540.236694
538.024658
536.584045
535.110596
532.032776
528.001831
525.282715
524.020630
523.989807
525.052612
526.758545
530.082214
534.750671
539.354797
542.232300
543.966614
545.463196
545.293640
542.189697
538.193604
536.299133
536.369812
534.496460
529.778870
525.252380
523.500000
524.053162
525.583557
528.537354
532.846436
537.164490
540.263306
542.760498
545.383301
546.344482
544.235962
540.474304
537.926270
536.869324
536.605408
535.014771
531.612183
527.402405
524.231812
523.177002
524.370850
527.476074
531.497131
535.120483
538.197083
541.657532
545.326294
546.575256
544.352661
540.738892
538.537109
537.808838
536.272278
533.026367
528.910400
525.525085
523.881470
524.185425
526.202637
529.426575
532.884888
535.854187
538.259460
541.166138
543.957764
545.343079
544.638733
542.508118
540.023071
537.783813
536.033020
534.180542
531.361389
527.456726
524.121094
523.185303
525.134399
528.332520
531.491577
534.848755
538.572510
542.174988
544.998596
546.095459
544.850769
541.563782
538.159790
536.362671
535.694702
533.534790
528.948303
524.148071
522.062378
522.829773
525.263184
527.656433
529.692627
532.590393
536.833252
541.050171
544.301758
545.910400
545.382446
542.554199
539.137634
537.123657
536.704285
535.031494
530.617554
525.842468
523.422119
523.515137
525.267395
528.333069
532.602844
536.514343
539.240540
541.920776
545.143250
546.754822
544.481689
539.807617
536.500732
536.215515
537.344727
536.633789
532.768127
527.724304
524.625000
523.804504
524.431335
526.358215
529.827698
534.042114
537.848206
541.326782
544.562134
546.217041
544.661438
541.366577
538.953430
537.931396
536.634338
533.695618
529.570190
526.182678
524.412781
523.940979
525.194214
528.089417
531.950806
535.889404
539.538940
542.683899
544.827454
546.029541
545.290466
542.656555
539.808472
538.150269
537.368408
535.472290
531.785645
527.393738
524.027771
523.201538
524.720703
527.404053
530.489929
534.091614
538.470398
542.512329
544.914490
545.300720
544.182556
541.923279
539.064880
536.932434
535.790283
533.765320
529.737244
525.604980
523.830811
524.605408
526.069092
527.328857
528.430359
531.073059
536.066956
541.252869
544.228577
545.162842
545.092224
543.621094
540.660889
537.577698
535.997864
534.645081
531.540222
527.232056
524.377075
523.858276
524.938110
527.457886
531.414551
535.644836
539.092529
541.671875
544.065247
545.965759
545.117798
541.298157
537.704041
536.874207
537.383423
536.595032
532.974670
527.882812
524.591675
524.460083
525.996948
527.398987
529.497620
532.992249
536.648926
540.063232
543.605164
545.858398
544.942139
541.858582
539.906982
539.599426
537.760559
533.248779
528.997437
527.024719
525.528687
523.519714
523.166626
526.430359
532.028259
537.053528
539.987122
541.714722
543.411133
545.038025
546.027405
544.830444
541.271667
537.876587
536.194092
535.439026
533.600952
529.690125
524.950745
522.104431
523.158264
527.047729
530.949158
534.137512
537.464661
541.433350
544.511841
544.894836
542.863403
540.723145
540.224182
540.413147
538.417725
533.643860
528.813416
525.731567
525.145142
524.904724
525.589539
523.788330
524.322876
529.141052
535.570618
540.942993
544.103821
544.787903
544.493591
543.612427
541.683777
538.048950
535.611145
535.038513
533.561279
528.954529
524.328003
522.720764
524.016724
526.718872
530.550964
534.542236
537.910339
540.872742
544.200378
546.910583
546.388367
541.899414
537.476624
536.481812
537.736511
537.582520
534.493652
528.942932
524.735413
523.865784
524.941772
526.382263
528.415527
532.001526
536.364319
539.806274
542.052246
544.057190
546.041931
545.996826
542.859131
538.560669
534.881714
532.269714
530.919006
529.399658
526.198242
523.031250
523.054932
527.031189
532.231262
535.668335
537.489807
539.975830
544.109741
547.459290
547.469299
544.792053
540.744629
538.049805
537.234802
536.426331
533.650757
529.173950
525.331909
524.008606
524.660217
526.731750
529.014648
531.562500
535.793518
541.091614
545.087585
545.790100
544.278320
542.326782
540.625549
538.749390
536.575806
534.092651
531.059509
527.550598
524.571350
523.688171
525.039978
527.340210
529.453857
531.729858
535.218323
539.011475
542.100891
544.336914
545.474792
544.798706
541.841736
538.091492
536.069824
535.871216
534.342407
529.724121
524.710144
523.027100
524.562256
526.890991
529.273254
532.712524
537.163208
541.391052
544.476013
546.116394
545.469849
542.253174
538.166992
536.130798
536.221802
535.292358
531.390686
526.764954
524.150391
523.516541
524.387207
525.799683
528.025696
531.172974
534.996582
538.640320
542.152588
545.677856
546.996582
544.293945
539.734436
537.246704
537.219604
536.401489
532.760132
527.890503
524.851074
524.324402
525.178284
526.778015
529.627502
533.417480
537.160522
540.828735
544.286133
546.046448
545.224609
542.878784
540.723206
538.836731
537.402222
536.055847
533.909302
530.522888
526.679565
523.897888
523.321228
525.415405
529.176270
532.648865
535.377319
538.600952
542.822876
546.219177
546.557739
543.875244
540.338257
537.985168
536.817688
535.499512
532.408691
527.834534
523.972717
523.062378
524.979248
528.025513
530.817627
533.354675
535.911560
538.649475
541.990417
544.409424
545.233337
544.529358
542.665283
539.851746
537.111328
535.397766
533.668884
530.467163
526.225952
523.464661
523.458252
525.520874
528.659912
532.655579
536.972046
540.538757
542.861694
544.610596
545.481506
544.136597
540.393982
536.960083
535.962219
535.553040
532.411560
527.095520
523.098267
522.160156
523.242676
524.854004
527.050903
530.568481
534.827026
538.707703
542.030457
545.111694
546.707031
545.036560
540.947021
537.832031
537.323242
536.941345
533.805298
528.836060
525.128784
523.911438
524.316345
525.968018
528.836243
532.542664
536.243958
540.014160
543.772400
546.174011
545.542847
542.367065
539.127502
537.731812
537.670776
537.221130
534.884888
531.024719
527.203918
524.702026
523.996948
525.279358
528.216614
531.538269
534.405334
537.711853
541.920898
545.659912
546.515381
544.096313
540.384644
537.958740
537.027649
535.821960
532.762451
528.301331
524.546204
523.133179
524.325439
527.162476
530.063904
532.910522
536.356506
539.927917
542.524170
544.452271
545.330078
544.781738
542.908447
540.274048
537.913757
536.310486
534.354980
530.787109
526.505005
523.766357
523.705566
525.584839
528.111877
531.235229
535.280396
539.543884
542.492065
544.026733
544.764282
544.165710
541.523743
538.440613
536.880981
535.911194
533.019348
528.146301
524.258789
523.217590
524.103821
525.312561
526.928223
529.639771
533.737976
538.244629
541.508850
543.703979
545.053040
544.713867
541.888794
538.540039
536.968628
536.711792
534.763916
530.236389
525.870361
523.786133
523.720032
525.176208
528.373901
532.672485
536.501953
539.412720
542.272034
545.247559
546.174622
543.616211
539.609070
537.412170
537.537659
537.725891
535.973389
531.984009
527.641541
524.860901
523.915894
524.403076
526.557251
530.455017
534.812439
538.545105
541.714233
544.445801
545.798340
544.746277
541.854919
539.071289
536.973755
535.108704
532.842224
529.934998
526.816895
524.243103
523.591980
525.421448
528.898010
532.613647
536.254456
540.006409
543.541077
545.920471
546.599426
545.680969
543.347717
540.294250
537.829834
536.326477
534.637207
531.505615
527.093018
523.824707
523.630554
525.903320
528.442566
530.673767
533.914062
538.484436
542.712585
545.012390
545.427795
544.288574
541.857300
538.994873
536.964600
535.536621
533.003174
528.566833
524.545837
523.442139
524.704529
526.060059
526.848633
528.598633
532.560730
537.422180
540.999817
543.310242
545.283813
545.946777
543.697021
539.731628
537.149414
536.756897
535.561890
531.376404
526.121277
523.319763
523.690552
525.248230
527.504272
531.121033
535.523926
539.175781
542.008911
544.788635
546.281616
544.727844
540.761963
537.663086
536.987976
536.997803
535.886963
532.674316
528.415588
525.172546
523.675415
523.977905
525.967896
529.503235
533.526123
537.276062
540.762390
544.157288
546.032349
545.066833
542.059937
539.337891
537.830933
536.543396
534.167603
530.655334
527.011047
524.094543
523.019043
524.535645
528.183777
532.209656
535.832886
539.200623
542.648682
545.455627
546.668640
545.918274
543.559387
540.911194
538.346863
536.188843
534.215576
532.141907
529.084229
525.550781
523.395996
524.114929
527.054688
530.543335
533.962341
537.644165
541.379944
544.290588
545.702881
545.133972
542.665527
539.174988
536.481567
535.256897
533.907471
530.394531
526.149597
523.783447
524.264160
526.058228
527.654663
529.133301
532.033447
536.608093
540.666382
543.213684
544.721985
545.408813
544.008423
540.497498
537.246399
536.185181
535.417786
532.172852
527.349854
524.289612
524.092834
525.385803
527.348511
530.565308
534.615295
538.333923
541.210876
544.122253
546.415344
545.499939
541.642151
538.258911
537.149658
536.332092
533.611084
529.833862
527.075806
525.237854
524.318909
524.348389
525.752380
528.759460
532.622070
536.350708
539.882935
543.706970
546.376038
545.939026
542.598816
539.198181
537.726685
536.989746
534.894226
530.934692
526.797974
524.060364
523.343018
524.664795
527.740234
531.798950
535.259827
538.224426
541.757568
545.291504
546.946106
546.008911
543.613647
540.462585
538.176025
537.140015
536.287476
533.841431
529.245483
524.531982
522.564941
524.054749
527.237061
530.251404
532.820862
536.426819
540.995117
544.949463
546.361877
545.110229
542.536194
539.428040
536.938904
535.922363
534.799744
531.519470
526.501831
523.058411
523.059448
525.499268
528.427002
530.958191
533.246094
535.733826
539.372681
543.169067
545.687500
546.040527
544.139832
540.570312
537.617065
536.693115
536.240601
533.281128
528.190308
524.494629
523.736572
524.680420
526.224915
529.216187
533.713989
537.832336
540.578613
543.361450
546.236450
546.630981
543.032104
538.365906
536.407776
536.690613
535.222717
530.647461
525.905457
523.763550
523.793518
524.886108
526.371765
528.667175
531.703735
535.121216
538.801758
542.868286
545.982056
546.202026
543.453735
540.035034
538.133484
537.488342
535.756897
532.195740
527.974182
524.905090
523.471313
523.895203
526.576721
530.693726
534.660278
537.832825
540.994263
544.342957
546.061401
544.869812
541.743408
538.985474
537.702332
537.116699
536.131714
533.763794
529.841492
526.039124
523.856201
524.117920
526.227417
528.946167
531.918152
535.696289
539.945251
543.539307
545.202271
544.796509
542.915649
540.370056
537.907776
536.289856
535.095276
532.526245
528.110352
524.094788
523.143555
525.186768
528.204956
531.043396
533.806152
536.799072
539.485962
542.297974
544.470581
545.525635
544.715820
541.919434
538.557129
536.592834
535.856445
534.098999
529.893372
525.330566
523.418701
524.451355
526.600403
529.281433
533.004150
537.113953
540.456665
543.250000
545.829041
546.336304
543.378540
538.870850
536.557373
536.621460
535.562439
531.450562
526.589661
524.017822
523.748230
524.481140
525.544922
527.576172
531.114502
535.280823
538.688599
541.679749
544.819824
546.554810
544.827637
540.902344
537.832520
536.796143
535.831299
533.035706
528.866333
525.306580
523.576599
523.778931
526.226074
530.142395
533.817444
536.880493
540.220642
543.986633
546.191589
545.214294
542.188965
539.506531
538.301331
537.751770
536.456665
533.828064
530.202637
526.731140
524.418518
523.803162
525.063049
528.078430
531.787598
535.467163
539.258667
542.894958
545.236633
545.532349
544.007263
541.408997
538.741028
536.856262
535.517334
533.168396
529.045044
524.647827
522.860229
524.373108
527.413330
530.381470
533.448853
537.119751
540.645081
543.032715
544.729431
545.404663
544.775513
542.430481
539.081421
536.705811
535.908997
534.565796
530.622986
525.732483
523.325867
523.991394
525.965759
528.294373
531.484314
535.871155
540.131226
543.031189
544.848145
545.502991
543.803833
540.304932
537.783508
537.333984
536.361206
532.638855
527.799438
524.660767
524.054260
524.503906
525.149780
526.713745
530.022583
534.693909
538.590820
541.287170
543.805298
545.899231
545.142090
541.660400
538.403625
537.200378
536.425415
533.715698
529.526184
526.007385
524.328979
524.249146
525.745850
528.696655
532.517578
536.138672
539.669800
543.236206
545.837402
545.481812
542.610596
539.322693
537.552917
537.137878
536.826843
535.128967
531.530334
527.519043
524.806396
524.014038
524.911926
527.229187
530.442993
534.000488
537.901672
541.806152
544.644714
545.313232
543.890320
541.473633
539.283081
537.400391
535.801636
533.461548
529.688843
525.533325
523.424438
524.139954
526.538086
529.414001
532.708740
536.846008
541.252747
544.008484
544.994629
545.163452
544.904236
543.367554
540.209778
536.930908
535.476074
534.843506
532.290283
527.395203
523.623047
523.415833
525.609558
528.239685
531.121460
534.843262
538.912170
542.254211
544.596680
545.679504
544.618774
541.240479
537.831238
536.432190
535.905579
533.399475
528.370789
524.299622
523.605713
525.094482
526.682800
527.926575
529.742371
533.134888
537.160217
540.624939
543.758728
546.233459
546.036072
542.713806
539.020081
537.281311
536.609802
534.597839
530.683105
526.848145
524.730164
524.156677
524.836914
527.361267
531.530701
535.758606
539.155334
542.140442
545.078247
546.118103
543.973877
540.286255
537.786865
536.964905
536.230774
534.539856
531.986328
528.307312
524.871765
523.395264
524.294983
527.026123
530.312256
533.292358
536.553223
540.609741
544.681030
546.385254
545.086975
542.110962
539.412720
537.443787
535.959351
534.098877
530.806030
526.622437
523.614990
523.321899
525.567932
528.527954
531.530884
534.967407
539.139709
543.123840
545.435303
546.166443
545.618103
543.744324
540.813171
537.705444
535.940674
535.120789
533.011597
528.703918
524.533936
523.244446
524.925537
527.369873
530.167664
533.634521
537.827026
541.545227
544.198853
545.499512
544.891113
542.247498
538.899902
536.792725
536.079651
534.272217
529.960938
525.543762
523.924866
524.763367
526.257690
527.739075
529.843750
532.668030
536.420898
539.684326
542.739380
545.522827
546.290527
543.576965
539.428162
537.446289
537.621277
536.241638
531.895081
526.774231
524.258057
524.350891
525.415771
527.073303
530.231079
534.534424
538.663574
542.140259
544.929016
545.931580
544.085266
540.864746
538.797058
537.800964
536.062927
533.129761
530.039246
527.929443
526.049255
524.350220
524.143799
526.184692
529.862000
533.299377
536.079346
539.391174
543.615906
546.513367
545.732788
542.141296
539.031372
537.734497
537.060913
535.142334
531.323364
526.841553
523.937744
523.598450
525.178345
527.848450
531.029236
534.743408
538.943054
542.834961
544.938843
545.081482
544.159424
542.880493
541.122131
538.449585
536.106995
535.009094
533.725891
530.230347
525.555237
523.045898
524.035034
526.837219
529.688110
532.896118
536.793945
540.735474
543.922424
545.827576
545.584717
542.867310
538.935486
536.395874
536.132019
535.541504
531.967773
526.750061
523.726990
524.006226
525.856995
527.931335
530.925476
535.006348
538.622681
540.718811
542.493103
544.595642
546.052368
544.690002
540.709839
537.340698
536.608826
536.371216
533.494812
528.442749
524.685791
523.870300
524.665588
526.301819
529.498047
533.628967
537.303406
540.216797
543.462585
546.301819
545.864990
541.976807
538.056274
536.736450
536.609070
534.683655
530.512390
526.322144
524.011780
523.356384
523.716675
525.415466
528.611084
532.276123
535.369568
538.341248
542.108826
545.453674
546.237000
543.878784
540.398376
538.045166
536.954163
535.408081
532.554749
528.565735
525.138000
523.609558
524.578857
527.205994
530.070862
533.066101
536.908508
541.345764
544.877136
546.154236
544.941895
542.284912
539.398621
537.260986
536.418030
535.977905
534.524597
530.990967
526.534363
523.589050
523.870789
526.346069
529.328918
532.189148
535.566345
539.552002
543.055847
545.174011
545.705688
544.115234
540.564941
537.346863
536.449646
536.160645
533.169373
527.723633
523.728516
523.522888
525.664185
528.061157
530.431152
533.749207
537.996643
541.364746
543.163452
544.579285
545.825745
545.153381
541.819824
538.206482
536.811707
536.565002
534.314209
529.488770
525.355103
524.210083
525.060852
526.196411
528.207581
532.016113
536.580994
540.149658
542.826843
545.189514
545.928101
543.609375
539.717712
537.406677
536.799377
535.387207
531.754211
527.308960
524.478027
523.969482
524.566711
525.600769
527.704102
531.090698
534.635071
537.928528
541.631409
545.073059
546.327026
544.293274
540.882812
538.466858
537.393311
536.079407
533.341797
529.520447
525.859863
523.563416
523.662720
526.251587
529.725281
532.792908
535.939026
539.841980
543.885132
546.179443
545.409790
542.550842
539.462769
537.376099
536.355835
535.943970
534.888977
532.073853
527.933777
524.483521
523.417725
524.954285
527.885315
531.212097
534.759521
538.452515
541.971985
544.536865
545.550598
544.506104
541.353821
537.753784
535.933167
535.628052
534.097107
529.770569
525.027954
523.244934
524.556396
526.915100
529.476562
532.809387
537.116272
540.652405
542.526062
543.578247
544.821350
545.294373
543.363647
539.595032
536.868835
536.421265
535.429077
531.308594
526.070068
523.626038
524.482361
526.278564
528.001953
530.779236
534.939758
539.188171
542.586548
545.035400
545.909058
544.140808
540.629150
538.000366
536.935303
535.692688
532.623230
528.498657
525.617981
524.404114
523.841675
524.118713
526.131592
530.351807
534.657532
537.396484
539.875671
543.488831
546.711243
546.255920
542.334534
538.502014
537.017639
536.495300
534.366516
530.368347
526.398682
524.089600
523.720703
525.138489
528.017212
531.815247
535.706482
539.240540
542.545898
545.110718
545.558838
543.667236
540.570923
537.893799
536.551331
536.026794
535.316284
533.026123
528.908875
524.751404
523.032043
524.357849
527.379944
530.617615
533.857971
537.515015
541.416992
544.692627
545.920166
544.932983
542.144592
538.763550
536.535034
536.015015
534.860535
530.887390
525.722229
523.054749
524.300964
527.068665
529.150391
531.294006
535.044556
539.962280
543.756958
545.427490
545.649170
545.132935
543.487488
540.486938
537.628235
536.243652
535.307556
532.351074
527.662415
524.243713
523.833679
525.105835
527.165894
530.365295
534.424805
538.332214
541.463440
544.228027
546.212402
545.445618
541.559875
537.770447
536.661560
536.820923
534.491211
529.309937
524.998840
523.931885
524.836975
526.123718
527.440735
529.329651
532.579224
536.418152
540.124329
543.636597
546.228455
546.171143
543.166016
539.668823
537.937256
537.209351
535.116333
531.061584
526.995605
524.605713
524.052063
524.936951
527.314026
530.871277
534.421570
538.108459
542.069214
545.254700
546.179871
544.284485
541.050476
538.549927
537.208496
535.880066
533.738708
530.850891
528.225647
525.543701
523.739258
523.933777
526.513733
529.956360
532.885742
535.920532
540.043945
544.218079
546.291687
545.554810
542.591248
539.191833
537.223328
536.680664
535.311462
531.554626
526.345154
522.976685
523.515259
526.434204
528.817871
530.602478
533.825745
538.775391
543.321167
545.467957
545.731445
545.091980
543.701782
541.042847
538.126892
536.592651
535.860474
533.409912
528.644958
524.512512
523.334351
524.689392
526.797546
529.558044
533.188049
537.270569
540.964417
544.142090
546.195923
545.930237
542.610413
538.261841
536.356384
537.047058
536.021790
531.067444
525.479248
523.373901
524.415710
526.270142
528.508240
531.263916
534.082825
536.376404
539.209412
542.802856
546.019592
546.785156
543.893250
539.491882
536.974060
536.693542
535.928040
532.838562
528.356689
524.855408
523.563477
524.335205
526.788757
530.492798
534.022827
536.935425
540.349609
544.363647
546.868225
545.776978
541.984497
538.571716
536.946411
536.066650
534.168640
530.856750
527.169495
524.674927
523.320312
523.731018
526.107300
529.531799
532.505249
535.160461
538.783142
543.076111
546.175171
546.291016
543.776306
540.264526
537.504333
536.233093
535.089966
532.504395
528.166565
524.273499
523.217102
525.044617
528.091431
530.974670
534.136108
537.735962
541.296997
544.058655
545.525146
545.120911
542.651428
539.325867
537.028381
536.034851
536.062622
534.783508
530.468567
525.131042
522.477295
523.659485
526.649353
529.528015
532.572998
536.164856
539.773315
542.862427
545.472046
546.298828
543.831177
539.556152
537.095947
537.065552
536.103455
531.850220
526.725525
524.050720
524.244385
525.519897
527.375488
530.613586
535.046509
538.725220
540.487488
541.859497
544.136902
545.999146
544.934814
541.148010
537.835144
536.835388
536.451782
533.926514
529.521973
525.608704
523.634766
523.565125
525.667480
529.550415
533.608948
536.642456
539.515320
543.142944
546.134644
546.086243
542.840576
539.206726
537.281189
536.488892
535.050354
531.924866
527.811035
524.214050
522.301697
522.638550
525.047485
528.412109
531.563721
534.588074
538.380615
542.586365
545.490540
545.727417
543.557861
540.828247
538.617065
536.942322
535.162720
532.656677
529.195862
525.720825
524.008118
524.522400
526.630920
529.470337
532.939941
537.022217
540.906616
543.695129
545.082520
544.908569
543.213257
540.298584
537.358459
535.812561
535.317322
534.677734
531.690308
526.924866
523.551147
523.566772
525.823730
528.375244
531.289978
535.031128
539.124023
542.691833
545.171021
545.987366
544.176331
540.539856
537.662415
536.987427
536.475342
533.134033
527.752808
524.293213
524.236877
525.518982
526.753662
529.201538
533.552612
538.280151
541.216980
542.634644
543.821411
545.220703
545.090027
542.438721
539.068237
537.218689
536.435852
534.181335
530.078979
526.275024
524.145447
523.865479
525.215820
528.208130
532.142639
535.923584
538.990845
542.173706
545.550720
546.642273
543.850220
539.597961
537.341370
537.113281
536.074341
532.512207
527.560791
524.198792
523.369751
523.977173
525.374329
527.712708
530.451843
533.291443
537.080505
541.825073
545.487976
545.923218
543.694946
540.996460
539.166809
537.668762
535.928955
533.440613
529.968689
526.539124
524.344360
524.300110
526.078552
528.831665
532.148865
535.977356
540.127808
543.481445
545.243652
545.161987
543.177185
540.221680
537.680908
536.500000
536.003357
535.184448
532.494873
527.787048
523.756409
523.207031
525.536926
528.162659
530.192505
533.139282
537.594482
542.123779
545.042847
545.759827
544.431396
541.390747
538.251648
536.750610
536.251221
534.003479
528.986450
524.760010
524.035339
525.321411
526.428955
528.021790
531.791931
536.731934
540.676880
542.998047
544.623779
545.785706
545.876709
543.566528
539.813904
537.289429
536.435974
535.070557
531.584290
527.412231
524.544800
523.612793
524.490173
527.483276
531.805603
535.685547
538.192383
540.912842
544.562927
546.859131
545.121033
540.831482
537.684082
537.028137
536.446045
533.583069
528.960632
525.039673
523.651794
524.611511
526.811096
529.140259
530.980347
533.196289
536.257202
540.119446
543.924805
545.918823
544.912048
542.166199
539.532471
537.808105
536.509705
534.680969
531.418823
527.356689
524.142029
523.275269
525.111084
528.382996
531.756470
534.893005
538.498596
542.365112
545.019897
545.860535
544.365601
541.124207
537.605225
535.845398
535.970154
536.060974
534.058899
529.191162
524.165283
522.699646
524.798035
527.905334
530.336548
533.067322
537.007080
541.104736
543.931213
545.356628
545.095947
542.911865
539.361206
536.596252
535.754211
534.817871
531.245483
526.429443
523.776489
524.070190
525.597595
527.816162
531.386353
535.823730
539.481262
542.069824
544.545715
546.623657
546.662537
544.035095
539.507751
536.734741
536.880066
536.981079
533.379578
527.432617
523.451599
523.256226
525.163818
527.368774
529.788818
532.968750
536.847107
541.069092
544.923340
546.767883
545.021484
541.332336
538.550171
537.742615
536.735229
533.711121
529.475220
525.977722
524.234863
524.017517
525.451355
528.444214
531.691467
533.978943
536.111755
538.758789
542.403137
545.626099
546.344604
544.141602
540.594971
537.769409
536.074097
534.732361
532.346497
528.559937
524.784058
523.273682
524.788452
527.968201
531.011230
533.567627
536.931274
541.418152
545.146912
546.096313
544.238220
541.280334
538.819275
537.127014
535.645813
533.438660
530.097534
526.680481
524.596069
523.860046
524.605408
526.249329
528.618652
532.261536
536.756409
540.641602
543.016785
544.596985
545.255127
543.895813
540.432922
537.083130
535.901978
535.547058
532.834534
527.676697
523.831238
523.688965
525.776978
528.134094
530.753418
534.303406
538.353271
541.881165
544.704956
545.876221
544.796570
541.817993
539.069519
537.378052
537.369873
537.163757
533.947144
528.505127
524.604065
524.018066
524.821228
525.958435
528.378967
532.844666
537.596375
540.828552
543.156494
545.162964
545.551392
543.090027
539.420776
537.102966
536.437561
535.232971
531.905518
527.290283
523.656982
522.602173
524.407715
528.237000
532.290710
534.413635
535.266663
536.969299
541.189392
546.062439
547.669250
544.737244
540.139648
537.523438
537.038696
536.223389
533.211487
528.918884
525.564148
524.237488
524.534729
526.178162
529.013550
532.772644
537.057556
541.146362
544.153870
545.417786
545.059326
543.297791
540.157349
536.804443
534.936890
533.986755
532.091980
528.333008
524.525635
522.523132
522.842224
525.755798
529.104797
531.810974
534.716492
538.467407
542.353333
545.045105
545.697021
544.068298
541.013062
538.196899
536.992920
536.157532
533.068237
527.812256
524.136230
524.194397
526.012085
527.289673
528.956238
532.547058
537.509949
541.466309
543.671143
544.908569
545.106934
543.095032
539.106934
535.924805
535.321716
535.980530
534.881592
530.745667
526.011230
523.682373
523.825195
525.395203
528.273560
532.306824
536.011536
538.768738
541.793945
545.243591
546.573364
543.834412
539.302246
537.052429
537.405762
536.612976
532.499939
527.170532
524.008240
523.726379
524.841797
526.938171
530.454102
534.659180
538.004578
539.914795
541.554199
543.964172
545.764465
545.131042
542.262268
539.101624
536.961731
535.610413
533.787476
530.738586
526.926208
523.964050
523.290222
525.254822
528.917419
532.584229
535.940613
539.834961
543.972473
546.340820
545.926025
543.517456
540.519958
537.916809
536.049988
534.734497
532.556091
528.942627
525.161804
523.235168
523.458313
525.014404
527.565491
530.457581
533.751099
537.776245
542.002197
545.075867
546.089417
544.937256
541.866333
538.460266
536.475281
535.880981
534.289551
529.947327
525.330017
523.536499
524.707886
526.887939
529.031982
531.933838
536.042297
540.206726
543.283081
545.185913
545.686035
543.730713
539.751709
536.452942
536.071472
536.737915
535.764465
531.652649
526.795105
524.325500
524.659180
526.151855
528.021057
530.992004
534.905029
538.618347
541.616882
544.413635
546.075134
544.843811
541.278015
538.124023
537.197510
536.514404
533.573059
528.948730
525.414612
523.978760
524.159851
526.131226
529.710327
533.595215
536.963867
539.976685
543.273804
546.102234
547.017090
545.551819
542.244629
539.182556
537.682312
536.734070
534.549438
530.890137
526.873718
524.055237
523.369690
525.147583
528.512512
531.997070
535.034912
538.499817
542.756531
545.925232
545.932556
543.234314
539.999268
537.839844
536.836670
535.834534
533.320984
529.095459
525.139099
523.494812
524.489929
526.485474
528.160889
530.030151
532.742249
536.764893
541.337646
544.719177
545.878967
544.993774
542.422363
539.167297
536.614502
535.788330
534.838013
531.575378
526.602478
523.384399
523.720154
525.994995
528.415100
531.121399
534.898987
539.331604
543.107971
545.503052
546.161255
544.458069
540.615540
537.131104
536.025330
536.485168
535.724854
532.605957
527.569763
524.205994
524.033936
525.426880
527.126526
529.720459
533.718506
537.950500
541.243591
543.834595
545.613892
545.314331
542.294800
538.780334
536.937927
536.284241
533.965881
529.847595
526.336426
524.658325
524.206482
524.963440
527.931519
532.545837
536.572083
539.526794
543.036133
546.892517
548.605713
546.723816
541.933167
538.090881
537.625793
538.551941
536.858154
531.959595
526.947449
524.407593
523.980591
524.819763
527.133667
530.530945
534.148193
537.689819
541.319946
544.649963
546.186462
545.057068
541.998230
538.983643
536.989258
535.631470
533.688049
530.069702
525.808289
522.934326
523.130188
525.963684
529.382019
531.843872
533.536011
536.124268
539.939453
543.638428
545.589172
545.398376
543.289185
540.082886
537.294067
536.133850
535.189026
532.271790
527.447510
523.759399
523.365295
525.301880
527.674133
530.301758
534.043884
538.448608
542.051147
544.592834
545.799316
544.967896
541.310486
537.340759
535.999634
536.411316
535.109131
530.985168
526.890381
524.092346
523.992126
525.318420
526.786072
528.694214
532.207947
536.813843
540.691040
543.456665
545.195374
545.280151
542.877502
539.435059
537.341858
536.759399
535.033875
531.001648
526.855713
524.655457
524.320801
525.135864
527.473694
531.107910
534.918091
538.139221
541.390259
544.708862
546.231812
544.855957
541.690308
539.158203
537.604614
536.951599
535.547974
532.633972
528.807983
525.648865
524.111267
524.367859
526.520691
530.120178
533.602905
536.815918
540.305481
543.958008
545.924072
545.036194
542.319336
539.490295
537.498596
536.201233
534.363831
531.158508
527.229431
524.244080
523.762024
525.598511
528.472290
530.982300
533.256653
535.726990
539.409241
543.231934
545.272400
545.230652
543.617676
541.006714
538.179443
536.199646
534.981567
532.947449
528.844788
524.714050
523.364197
524.941772
527.363464
529.942322
533.381836
537.479248
541.064880
543.561035
545.162598
545.296448
543.038879
539.286804
536.538940
535.827698
534.822754
531.265259
526.438599
523.205688
522.689819
523.899597
525.565552
528.084656
532.019897
536.598633
540.060669
542.217529
544.359619
545.687073
543.884216
539.695190
536.891663
536.516418
535.869751
532.477661
527.730164
524.532410
523.941101
524.709351
527.056458
530.792847
534.885925
537.944458
540.687805
543.822449
545.977661
544.865845
541.126587
537.902466
536.949585
537.219727
536.603577
533.937988
530.008179
526.464050
524.383911
523.980286
525.382507
528.660339
532.511169
535.906433
539.353943
543.024231
545.553833
545.296265
542.957336
540.389771
538.414307
536.550659
534.337708
531.444458
528.104736
524.939636
523.184021
523.987305
527.271179
531.069580
534.741089
538.790161
542.111389
543.774475
544.113953
543.635681
543.268860
542.707214
540.725586
537.513550
534.700439
532.566040
529.748840
526.084290
523.770447
523.966736
526.065735
528.818237
532.207458
536.193542
540.170044
543.267090
545.056763
545.216858
543.300049
539.878113
537.300171
536.704590
535.724487
531.552002
526.126526
523.043884
522.856262
524.477966
527.121460
529.533020
531.485901
533.225220
536.147705
540.990234
546.237427
548.233521
545.046143
539.519043
536.556458
537.243042
537.688660
534.056519
528.153259
524.313660
523.951538
525.017273
526.233276
528.455872
532.431335
537.123535
541.335022
544.411011
545.664795
544.184753
541.762207
540.254883
539.414124
538.290833
536.398071
533.432190
530.343689
527.489685
524.791870
523.118835
524.173889
528.250000
533.133606
536.157104
537.970642
540.887695
544.768433
546.557007
544.304688
539.787231
536.590088
535.884949
535.954163
533.864380
529.005859
524.266724
522.665222
524.769470
528.095276
530.323181
531.792297
534.951050
540.566101
546.116699
548.245361
546.984985
544.115295
541.780457
540.628113
539.219177
536.576233
532.432800
528.377258
525.971741
525.505127
526.004333
526.532898
527.639099
530.582825
535.571533
540.451660
543.193481
544.297363
544.811768
544.173950
541.178650
537.427429
535.481506
535.201782
533.423157
528.743103
524.426270
523.562866
525.016785
526.187683
526.580444
528.392334
533.526245
540.135437
543.975159
544.743042
544.264893
543.450195
541.754639
539.744202
537.854614
536.214844
533.842896
530.103088
526.415344
524.334106
523.715088
524.538391
527.792847
532.547363
536.437744
539.038635
542.116943
545.576660
546.892822
544.357544
539.881775
536.862061
536.782227
537.442139
536.169373
532.025391
527.112671
523.878967
522.890808
524.340515
528.684265
533.766907
536.058716
536.082275
537.806458
542.786255
547.567078
547.902100
543.260986
537.775757
535.468445
535.727112
534.843872
530.702332
525.683716
522.899109
523.484558
526.571289
529.894836
532.377808
535.293823
539.436340
543.565063
545.726196
546.003235
545.258850
543.367737
540.133240
536.636963
535.129761
535.497253
534.155762
529.142273
523.314392
521.052490
523.367310
528.087524
532.229736
534.927063
537.616150
541.076294
544.298889
545.937866
545.062195
541.633362
537.531738
535.697876
535.754456
534.295532
529.885986
525.326904
523.782776
524.986694
526.706177
527.752563
529.145569
532.364380
536.877686
540.623413
543.090820
544.627319
545.018311
543.084167
539.783081
537.611023
536.789368
534.826477
530.731018
526.778381
525.050781
524.681885
524.875854
526.744263
530.776184
535.466797
539.036438
541.785950
544.456421
546.032959
544.732605
540.984192
537.704895
536.531860
536.051270
534.619751
532.392944
529.158752
525.818604
523.695801
523.983154
526.692261
530.295349
533.653198
536.890869
540.422852
544.170532
546.184631
544.981812
541.584595
538.786133
537.673279
536.701416
534.536743
530.706482
526.529419
523.723145
523.463440
525.441040
528.475952
531.419128
534.675293
538.675903
542.775940
545.685425
546.569031
545.453247
543.452393
540.708008
538.148865
536.350952
535.143066
532.857178
528.470215
524.301331
523.211731
524.884277
527.560913
530.094116
533.143494
537.368713
541.400085
544.033569
545.282654
544.974548
542.684021
539.162048
536.831360
536.209961
535.004395
530.808411
525.619873
523.026611
523.542114
525.715271
528.625732
531.854187
535.160645
537.827271
540.500732
542.897949
544.731812
545.249207
543.432739
540.111389
537.908752
537.185181
535.467346
531.330505
526.972107
524.745850
524.611877
525.054321
526.500610
530.001953
534.618530
538.362183
541.033264
543.866333
546.237427
545.641296
541.895508
537.984863
536.337524
535.865173
534.035400
530.654907
527.427612
525.305237
523.841736
523.668274
525.649780
529.032288
532.674194
536.080322
539.628784
542.985962
544.871643
545.065674
544.392822
542.868835
539.404602
535.027649
532.155396
531.128235
530.237732
527.656738
523.954529
522.715576
526.218018
531.840210
535.889893
538.184753
540.396118
543.279907
545.888367
546.559509
544.696472
541.403687
537.533813
535.528564
535.188599
534.304321
531.152283
526.536255
523.628540
523.882874
525.732910
528.199829
531.991699
537.038879
541.487305
543.886230
544.613342
544.681091
543.426453
540.474365
537.473694
536.002625
534.977722
531.745178
526.823730
523.740356
523.822998
525.352295
527.261597
530.346313
534.564270
538.300476
540.517517
542.413574
544.453430
545.852478
544.573853
541.002869
537.969788
537.133240
536.470581
533.199707
528.276428
524.950439
524.328003
525.028564
526.524414
529.296631
532.873230
536.566101
540.281067
543.988831
546.581848
546.099243
542.565674
538.872559
537.242981
536.638000
534.961121
531.534485
527.633484
524.985657
523.711914
523.428711
524.762268
528.057922
531.849304
535.188660
538.471924
542.234802
545.303162
545.944519
543.846008
540.586792
537.792786
536.127014
535.106750
533.195923
529.557678
525.507019
523.067139
523.666321
526.754639
530.434326
533.758850
537.277649
541.038818
543.906677
545.413025
545.047241
542.975159
539.771362
536.903992
535.695923
535.524170
534.741333
531.438477
526.615295
523.545105
523.913086
526.131653
528.570435
531.370422
535.250977
539.509094
542.781799
544.816040
545.556091
544.170044
540.539673
537.187317
535.963379
535.667603
533.115417
528.260742
524.543091
523.887268
524.967590
526.631287
529.616821
534.048401
538.371948
540.844116
542.082703
543.676208
545.423706
545.133606
542.000610
538.572021
536.974487
536.520508
534.319702
530.020081
526.111389
524.009399
523.805420
525.332275
528.796143
533.087769
536.425842
539.073181
542.353088
545.763672
546.563049
543.607422
539.562073
537.410522
536.687134
535.006897
531.377625
527.348938
524.869751
524.079285
523.991699
524.758057
527.069580
530.679382
534.438293
537.910156
541.352905
544.402832
545.780273
544.542297
541.584717
538.610413
536.615906
535.546997
533.973816
530.546570
526.023560
523.097656
523.437683
526.357117
529.764465
532.692871
535.843445
539.742981
543.459900
545.541504
545.484070
543.335632
539.876831
536.671082
535.541809
536.003235
535.888123
532.747681
527.395508
523.807434
523.861511
525.901123
527.921326
530.296082
533.993835
538.537109
541.292297
542.013489
542.645081
545.410828
546.298523
542.170898
539.282532
535.144531
531.790955
526.313843
522.953186
523.025330
525.291443
527.794373
530.516968
533.843506
537.276550
539.928223
542.147949
545.176819
546.901672
546.070557
542.320679
538.844604
536.890930
536.737549
535.401550
531.753418
527.486206
524.424194
523.686218
524.909363
527.962280
532.027039
535.488892
538.419312
541.476624
544.787231
546.261353
544.345154
540.546631
537.578613
536.465820
535.660767
533.337646
529.310974
525.652893
523.794067
523.979309
525.623657
527.702454
530.325745
533.063477
536.482666
540.523254
544.270020
545.956726
544.969727
542.304626
539.433777
537.083130
535.656799
534.304932
531.529602
527.248962
524.007690
523.773804
526.014587
528.859863
531.648743
535.046204
539.137695
542.663696
544.929321
545.524780
544.277832
541.251831
537.756348
535.781982
535.570801
535.538208
533.557373
529.136719
525.136169
523.973816
525.099792
527.091614
529.653809
533.387024
537.728027
541.245667
543.672974
545.334412
545.344910
542.617493
538.917542
536.829285
536.271729
534.207214
529.742676
525.622498
524.256287
524.923157
526.050354
528.031006
531.837646
536.047791
539.593628
542.297974
545.074829
547.119324
546.721436
543.581238
540.075317
538.066895
537.398865
535.133240
530.345154
527.035339
525.370422
525.045044
525.962158
527.463623
531.069336
534.379089
537.208923
540.645935
544.053711
545.871033
544.623779
541.441711
539.002869
537.533936
536.215576
533.588562
529.842224
526.180115
523.971436
524.253723
526.421814
529.160278
531.337036
533.090149
535.824890
539.691101
543.591797
545.739075
545.481750
543.343506
540.292786
537.622559
536.045715
534.792542
532.099609
527.666321
523.981201
523.516296
525.860779
528.558533
530.947205
533.986877
537.923950
541.785278
544.562744
545.692688
544.583984
541.435913
538.195679
536.714050
536.428162
535.019043
531.443604
527.501160
524.132629
523.381836
524.825562
526.747742
528.944336
532.348633
536.804077
540.539673
543.353271
545.449951
545.825989
543.162903
539.086975
536.724365
536.556641
535.444641
531.449402
526.609741
524.099548
524.248047
525.613220
527.771667
531.117737
534.814758
538.009705
541.520447
545.136414
546.982544
545.192749
541.300842
538.231445
536.697449
536.838074
536.434509
533.630920
528.943298
524.935181
523.395752
524.379578
526.820740
529.862183
532.736816
535.866455
539.901062
544.261597
546.698120
545.522888
542.005615
538.866882
537.176880
536.298279
534.590027
531.263184
527.019287
524.012329
523.640869
525.742126
528.737976
531.135315
532.979492
535.029663
538.472290
542.419434
545.364441
545.911621
544.252991
541.162842
538.090576
536.139832
535.241516
533.443848
529.233765
524.551453
522.801880
524.463013
527.403198
530.160645
533.227234
536.951538
540.653015
543.785461
545.932312
546.029663
542.877014
538.433655
535.833557
536.065369
535.648560
531.523865
525.661560
521.960510
521.681213
523.561401
525.949219
528.665283
532.339478
536.208618
539.183533
541.833557
544.704895
546.322388
544.514709
540.448547
537.234131
536.431335
535.565430
532.499329
528.118896
524.875793
523.708313
524.102966
526.466858
530.747498
535.133423
538.364746
540.875916
543.884399
546.234985
545.595703
541.866211
537.966064
536.312866
536.306030
536.149658
534.368225
530.689026
526.454651
523.668030
523.325012
525.435913
529.006592
532.593506
535.767639
539.255127
543.117615
545.581604
545.262573
542.912109
540.091675
537.851746
536.280762
534.677246
531.974121
528.050964
524.599304
523.156250
524.208618
527.120361
530.692566
534.308167
537.793762
540.792480
542.761353
544.341064
545.387268
545.024719
542.551331
538.699768
535.820801
535.061218
534.092651
530.317078
525.399353
523.072327
524.061035
526.431641
528.839050
532.017944
536.192322
540.262817
543.405884
545.489807
545.985107
543.713928
539.525330
536.357849
535.806396
535.353088
532.157288
527.224609
524.161255
524.182556
525.036316
525.698914
527.054443
530.496521
535.309753
539.276489
541.768372
544.077332
545.895508
545.225525
541.742920
538.010925
536.375122
535.465393
533.144165
529.394836
525.923096
524.071289
524.133606
526.059326
529.679260
533.570923
536.567017
539.489380
543.167297
546.104736
545.943115
542.938965
539.334778
537.460266
536.800171
536.111816
534.122009
530.849426
527.455505
524.925476
523.746826
524.860596
528.121887
532.007019
535.361328
538.504395
542.004456
544.711243
545.540100
544.235596
541.516785
538.721008
536.647400
535.163208
532.785767
529.034180
524.993652
523.129211
524.164307
526.957397
530.091187
533.341675
537.275269
541.116943
543.347595
544.367432
545.016235
544.723206
543.088867
540.052734
537.486816
536.068115
534.517212
531.089783
526.677734
524.078674
524.340210
525.866272
527.872070
530.971191
535.637695
540.200989
543.122864
544.881104
545.508850
544.139832
540.443115
537.608826
536.778442
536.019653
532.806702
528.283020
525.136963
524.533020
525.244385
526.338135
527.433228
529.469971
532.980896
537.423889
541.528320
544.628723
546.530151
545.950562
541.908447
537.861877
536.534485
536.298401
533.875427
529.719360
526.181335
524.432373
524.026611
525.159607
528.119202
532.103394
535.925293
539.354736
542.823303
545.393921
545.657837
543.386780
540.144653
537.576416
536.072693
535.361267
534.406616
532.073669
528.479309
525.044983
523.496338
524.467957
527.244202
530.406616
533.896606
538.005615
542.085754
544.752930
545.551697
544.511108
542.033325
538.936951
536.261047
534.783630
533.275024
530.160217
526.163330
523.697144
524.133179
526.514893
529.126648
531.933228
535.639465
539.855957
543.222717
545.320679
546.256409
545.949158
543.742004
539.841736
536.629822
535.769897
535.222290
531.923462
526.807678
523.733398
524.296509
526.399475
528.097290
529.982605
533.218933
537.581421
541.997253
546.051453
548.160645
546.168152
541.023254
536.736572
535.767334
536.171692
534.111938
528.914185
524.494568
523.721558
525.179382
526.727295
528.163025
530.030396
533.038757
536.443604
539.894226
543.476868
545.929993
545.409058
542.321777
539.338257
537.856384
536.929199
534.743958
530.931824
527.299805
524.973450
523.893677
524.329224
526.840088
531.198303
535.187622
538.321716
541.553833
544.703308
546.056030
544.227417
540.763672
538.204407
537.376892
537.056152
535.260193
531.394775
526.991638
522.797180
521.705688
524.198059
528.126892
530.909363
532.531982
535.607239
540.746399
545.295044
546.445068
544.765320
541.964172
539.381287
537.616699
536.606750
534.884949
531.253052
526.882446
524.247009
524.335022
525.857910
527.794373
530.779480
535.156555
539.409180
542.254028
544.034546
545.782898
546.712158
545.265442
541.104614
537.054077
535.794495
536.035034
533.734314
528.119385
523.384705
522.664612
525.087402
528.425781
531.942932
535.147827
537.707458
539.931824
542.582214
545.234192
545.588562
542.390991
538.324097
536.772949
536.930054
534.984436
530.332581
525.940857
524.215637
524.370605
525.678223
528.381714
532.034973
535.269043
537.221069
539.212036
542.099670
545.147278
546.167236
543.977295
540.266113
537.453491
536.413574
535.328979
532.857544
529.050842
525.564453
523.899841
524.678406
527.303650
530.008911
532.105469
535.821411
542.909729
548.818665
548.236572
542.860291
538.268188
537.608521
538.866333
537.872681
533.710571
528.920288
525.993103
524.999695
524.793030
525.029846
526.097351
528.391113
532.070129
536.704468
540.603943
542.890137
544.282837
545.240479
544.371338
540.936218
537.098267
535.420105
535.238342
533.228882
528.379395
524.184814
523.557678
525.636169
528.337463
531.075684
534.222107
537.611450
541.123291
544.380920
546.447205
545.456299
541.309753
536.779724
534.991333
535.806458
536.831421
534.826111
529.664124
525.303467
524.216980
525.285645
526.709229
528.712524
532.233582
536.677856
540.547974
543.629089
545.694763
545.606262
543.025635
539.690369
537.816772
536.991882
534.895203
530.856934
526.835876
524.364746
523.936951
525.232849
528.068176
531.613525
534.605774
536.545288
538.262695
541.349854
545.129333
546.723145
544.429626
540.518066
537.981873
537.214478
536.071106
533.255859
529.162964
525.623596
524.133972
524.517395
526.578796
529.505615
532.902649
536.702759
540.573303
544.024048
545.752075
545.101379
542.493713
539.469360
537.166138
536.128479
535.065308
532.049805
527.238098
523.156067
521.866699
522.921692
525.406250
528.195068
531.181030
534.875854
539.026367
542.652832
544.885437
545.602722
544.440979
541.645508
538.385559
536.492859
535.818420
533.452209
528.515991
524.298096
523.794128
525.464417
527.170593
529.014893
532.480469
537.084717
541.333923
544.238586
545.834595
545.494324
542.434387
538.098022
535.594666
535.854309
536.933655
535.427429
530.834045
526.282349
524.478882
524.692993
525.522705
527.387817
531.024597
535.588074
539.563965
542.942383
545.498962
546.038025
543.496948
539.750488
537.678711
537.392822
536.061462
532.577026
528.374878
525.127747
523.906677
524.731445
527.220886
530.452393
533.609131
536.805542
540.281677
543.551880
545.591797
546.100159
544.360779
541.548645
539.184631
537.562500
536.020508
533.396667
529.638000
526.433105
524.991455
525.106506
526.312317
527.987427
530.535950
534.962341
540.452271
544.372620
545.380188
544.478210
543.021118
540.918640
538.188782
535.810181
534.514465
532.869141
529.274292
525.385498
523.770935
524.448425
525.917847
527.826965
530.265320
533.474365
537.374207
541.198608
543.839661
545.315552
545.067322
542.490723
538.695557
536.348755
536.047058
534.599670
530.196472
525.186951
523.008484
524.002197
526.347839
529.091736
532.563538
536.420471
539.865784
542.742615
545.347595
546.222534
543.760437
539.323792
536.411438
536.385315
537.004517
535.882507
532.187012
527.710632
524.928589
524.026367
524.517944
526.611084
530.338135
534.652649
538.433289
541.609314
544.591248
546.039673
544.494873
540.756165
537.675781
536.542297
535.645569
533.298950
529.578552
526.069458
524.014893
524.020691
526.253113
529.889893
533.234070
536.010681
539.336853
543.513123
546.921631
547.657043
545.501160
541.662170
538.670349
537.437317
537.059265
536.042603
532.959473
527.579468
522.704712
521.673279
525.140808
529.966431
532.951233
534.609253
537.488770
541.776978
545.391113
546.264038
544.208557
540.626953
537.574341
536.203064
535.831543
533.791443
529.198975
524.793762
523.689392
525.454834
527.508179
528.622314
529.725220
532.322693
536.361572
539.998535
542.801331
544.856995
546.133911
545.316101
541.159607
536.052979
533.360291
532.982056
531.906311
528.503418
524.875732
523.285400
524.482971
528.144714
532.939575
536.593933
538.612305
540.870667
544.476135
547.008545
545.344971
540.559875
537.096680
536.793213
537.194336
535.651367
532.190979
527.390991
524.094910
523.736816
525.351379
527.491028
529.903198
532.830078
536.560486
540.841125
544.885254
547.200073
545.858276
541.568176
537.382019
535.727966
536.201538
535.580444
531.878845
526.564392
523.155396
523.234131
525.954407
529.390076
532.080139
534.685242
538.429626
542.779419
545.617615
545.735413
544.208069
542.264526
539.962830
538.026245
536.842468
535.742249
533.175415
528.669800
524.519348
523.568909
525.798645
528.469666
530.525818
533.157288
537.390625
541.780701
544.292969
544.848145
544.236633
542.363098
539.492615
536.909058
535.642883
534.474304
531.220581
526.622070
523.810425
524.246399
526.469238
528.654663
530.679871
533.009705
536.378601
539.728271
542.639099
545.037659
545.942871
543.956726
539.962769
536.999268
536.493103
535.781433
532.238831
527.152100
524.028381
523.922302
525.262451
527.450867
531.028503
535.320251
538.244324
540.073486
542.799194
545.806824
545.979614
542.407410
538.227661
536.385498
536.006775
534.003845
529.594727
525.435852
523.693665
523.778198
524.642944
526.314514
529.025085
532.372498
535.898804
539.779846
543.789978
546.383606
545.761353
542.669128
539.623840
537.911560
536.672668
534.523193
531.389832
527.780396
525.133301
524.187622
525.239136
527.705017
530.800476
534.275818
538.339172
542.244995
544.676208
545.062317
544.205078
542.986694
541.505615
539.198669
536.744873
535.207947
533.720947
530.607056
526.107300
523.073608
523.538147
526.550049
529.944397
532.992981
536.423462
540.052551
543.284729
545.416748
545.509521
543.090820
539.380432
536.754700
536.084961
535.274475
531.867188
526.851379
523.950745
524.266479
526.162598
528.124329
531.056458
535.425720
539.101196
540.820923
541.956482
543.832214
545.563477
544.540283
540.816467
537.502930
536.849792
536.760498
533.870300
528.655212
525.013672
524.432617
525.234131
526.413208
529.029541
533.147766
537.431030
540.952637
543.891907
545.763489
545.148682
542.262939
539.311157
537.847290
536.770020
533.955872
530.047424
526.829773
525.306396
524.836548
524.756531
525.536621
528.177856
532.030884
535.726929
538.896851
542.389038
545.230408
545.706116
543.332031
540.030151
537.877991
536.669617
535.257080
532.801697
529.266724
525.821533
524.032043
524.690674
527.111145
530.152893
533.521179
537.335938
541.230347
544.094727
545.385620
544.763367
542.416748
539.145203
536.360474
535.148621
534.845337
534.100952
531.401794
527.160400
523.919678
523.740723
525.982178
528.794739
531.858521
535.646179
539.704895
542.784058
544.685791
545.379639
543.941895
540.620239
537.601318
536.528442
535.789673
532.922974
527.921082
524.418274
524.203735
525.515930
526.973511
529.608521
533.950439
538.315308
540.945374
542.257446
543.788025
545.349731
545.105774
542.135742
538.658875
537.107361
536.476990
534.194763
529.790710
525.939087
524.376709
524.280945
525.230164
528.498169
533.542847
537.597046
539.622864
541.692993
544.369995
545.647156
543.804871
540.108765
537.199768
536.157104
535.250916
532.676086
528.589783
524.986389
523.128845
523.062744
524.535461
527.730774
531.651855
534.788757
537.452698
540.939453
544.670227
546.411804
544.811829
541.598511
538.665649
536.763733
535.484070
533.663635
530.379089
526.527710
523.963562
523.964844
526.127441
529.365112
532.690247
536.304504
540.104492
543.465637
545.435974
545.472656
543.462463
540.040588
536.968567
535.623352
535.637634
535.297974
532.663208
527.967651
524.008423
523.515381
525.637512
528.027649
530.542419
534.152039
538.550720
542.218079
544.480713
545.623169
544.832092
541.551392
537.769348
536.058105
535.947021
534.178284
529.567444
525.125671
523.677307
524.747864
526.477051
529.047180
532.977539
537.108887
540.080566
542.353088
544.793396
546.558594
546.496643
543.269958
538.600403
536.063110
536.117371
535.519836
531.876709
527.156372
524.390625
524.320496
525.788940
528.125854
531.242493
534.526367
537.936523
542.039734
545.687500
546.542175
543.818665
540.102844
537.920593
537.135071
535.905945
533.031311
529.126404
525.961365
524.315125
523.950012
524.891052
527.073792
530.555908
533.839417
536.759033
540.146240
543.673218
545.635254
544.918213
542.483459
539.742676
537.588318
535.975037
534.227295
531.144653
527.244873
524.468201
523.969727
525.208557
527.963135
532.253357
537.160156
540.122192
541.939026
543.422607
544.516907
544.778381
542.404480
537.967102
534.711487
534.833069
536.138184
535.019653
530.297363
524.879822
522.623901
524.029663
527.410278
530.839905
534.095032
537.442017
540.599365
543.303711
545.351624
545.463135
542.684509
538.343567
535.579041
535.327759
534.439941
531.024292
527.199463
524.604980
523.856262
524.682129
527.015991
531.701416
536.890930
540.244141
542.822876
545.960999
548.283813
547.876648
544.245056
539.472778
536.233826
535.767517
535.380920
532.331482
527.883118
524.829834
524.045044
524.630676
526.739441
530.410645
534.451660
538.012512
541.420959
544.550659
545.881348
544.454407
541.444885
538.936279
537.279297
535.682251
533.195374
529.992615
526.982483
524.951050
524.376282
525.812317
528.825012
531.848450
533.917542
536.127869
539.141785
542.753723
545.160339
545.195007
542.929199
539.843567
537.346680
536.144775
535.377380
532.640747
527.790344
523.830200
523.169128
525.302856
528.093628
530.599670
533.442139
537.620483
541.980896
544.645386
545.270630
544.217896
541.913086
538.953064
536.729736
535.816101
534.588745
532.038147
528.822754
525.434387
524.003174
524.832153
526.851196
529.141724
532.171082
536.299988
540.172852
542.949768
545.090881
545.898193
543.749146
539.566956
536.741394
536.334961
535.708130
532.260193
527.388977
524.656738
524.498047
525.408264
527.094055
530.450012
534.758118
538.523071
541.494690
544.242676
546.064209
545.283508
542.006348
538.870544
536.870850
536.586853
536.045349
533.326050
529.077393
525.668030
524.339111
524.578979
526.389282
529.550903
533.117859
536.280640
539.453186
543.051758
545.940857
545.667297
542.345459
538.946045
537.395996
536.665955
534.661621
531.063660
527.170715
524.719116
524.313049
525.973450
528.704102
531.234863
533.087708
535.004089
538.276184
542.140686
544.824280
545.303162
543.941528
541.580200
538.865356
536.689697
535.153625
533.087219
529.484497
525.515503
523.530640
524.464905
527.240479
530.399536
533.383850
536.827942
540.387756
543.381409
545.305359
545.430908
543.078735
539.309937
536.548950
536.106262
535.579102
532.056641
526.436096
522.497681
521.994080
523.953064
526.446289
528.591431
531.415344
535.183472
538.951843
541.846008
544.274963
545.525452
544.255005
540.527527
537.215881
536.274780
536.066589
533.357361
528.396362
524.854126
524.128174
524.913635
526.736389
530.136780
534.503540
538.219177
541.027466
543.701538
545.691711
545.187195
542.057861
538.930908
537.612305
537.422974
536.796387
534.249023
530.461121
526.974426
525.014771
524.444458
525.173828
527.843506
531.887695
535.787476
539.248413
542.823608
545.491577
545.564148
543.139038
540.226257
538.334290
537.133911
535.389160
532.384521
528.409485
525.182434
524.112854
525.030884
527.236877
529.939636
533.128479
536.902710
540.627869
543.344849
545.195435
545.310364
543.861206
541.498718
539.092102
537.146118
535.892273
534.193542
530.662109
526.312561
523.883789
524.475891
526.810486
529.019043
531.371155
534.819336
539.037109
542.848755
545.163208
545.731689
543.738953
539.774048
536.592102
536.060303
536.216187
533.402710
527.841797
523.762512
523.483093
525.003906
526.638428
527.830811
530.056030
533.775513
537.920898
541.439819
544.248718
545.937805
545.004272
541.484802
537.922363
536.625793
536.244873
533.949585
529.724976
526.237000
524.954834
524.933167
525.847534
528.607666
532.947571
536.951355
539.683105
542.378601
545.131042
545.877747
543.303162
539.298035
536.578308
535.957642
536.074463
535.113525
532.065430
527.979919
524.927551
523.861328
524.956726
527.889587
531.419128
534.573486
537.623901
541.505493
544.844604
545.764343
543.881592
540.959778
538.775146
537.300903
535.531555
532.866882
529.188538
525.837769
524.329224
525.021484
527.007874
529.353760
532.325745
536.442749
540.759033
543.691956
544.877808
545.044189
544.294739
542.720703
540.343689
537.929443
536.173889
534.467407
531.479187
527.189880
524.133057
524.145447
526.109619
528.343018
530.879761
534.430969
538.686584
542.306580
544.746338
545.497131
543.889526
540.323914
537.276611
536.732605
536.801697
533.989319
528.188477
524.089905
523.979675
526.033813
527.038879
527.233826
528.490479
532.026489
536.931274
541.145935
544.085693
545.652161
544.807617
541.585083
538.131897
536.625610
536.543762
535.010742
530.881897
526.513916
524.320984
524.530457
525.877197
528.095276
531.275513
534.755920
538.199951
542.111145
545.677490
546.482056
543.759888
539.643250
537.125183
536.542297
536.281067
535.126709
532.316772
528.607544
525.551331
524.236450
524.699829
526.862000
530.043762
533.362183
536.796509
540.648560
544.199951
545.801819
544.786804
542.062744
539.124939
536.796143
535.366455
534.001221
531.130798
527.062622
523.771240
523.365967
525.794495
529.129761
531.966919
535.041199
538.948486
542.710876
544.969360
545.547607
545.089844
543.549744
540.797302
537.848511
536.005371
535.013977
532.698975
528.480347
524.706970
524.014404
525.464600
527.439514
529.816589
533.534851
537.835876
541.199768
543.440369
544.775513
544.637024
542.231445
538.622681
536.438232
536.070923
534.575806
530.385925
525.920349
524.118408
524.607971
526.092773
528.228821
531.194458
534.021362
536.902893
539.432617
542.144592
544.932129
545.947571
543.498108
539.316833
536.697083
536.434753
535.645935
532.515930
528.191284
524.895142
523.701172
524.486084
527.010681
530.673218
534.365356
537.718567
541.083557
544.348572
545.989319
544.295532
540.819214
538.030396
536.684570
535.715637
533.924500
531.409851
529.016296
526.389404
524.282715
523.868835
525.843201
529.365662
532.889099
536.178772
539.610474
543.071838
545.304565
545.237854
543.116760
540.004333
537.342407
535.817444
534.591003
532.273499
528.409668
524.966492
523.941711
525.372131
527.915833
530.703674
534.064270
538.084900
541.792114
544.218506
545.038452
544.506958
542.833618
540.586243
537.903687
536.210815
535.743286
534.142761
529.824890
525.226318
523.769958
525.153564
526.931702
528.689819
531.838806
536.573547
540.786438
543.510437
545.173523
545.402649
542.955322
539.120850
536.696716
536.545349
535.523254
531.466797
526.779297
524.492798
524.633118
525.716736
527.832764
531.262085
534.729614
536.917908
538.756653
541.288635
544.484924
546.467834
544.763367
540.256348
536.948547
536.588013
536.294067
533.483276
528.943054
525.143250
523.858093
524.733215
526.985596
529.953308
533.058594
536.302795
540.261108
544.127686
546.122620
545.161377
542.366638
539.483154
537.356567
535.923279
534.195740
531.472046
528.522644
526.200989
524.240173
523.476807
524.985779
528.358276
532.161377
535.551086
538.833313
542.173950
544.735596
545.613525
544.338989
541.124390
537.557434
535.434387
534.971436
533.598267
529.567566
524.822876
523.011230
524.752869
527.582581
529.945740
532.710815
536.608093
540.662292
543.738647
545.369324
544.949707
542.657837
539.578613
537.297668
536.094055
536.096680
535.042419
531.158752
526.043762
523.671814
524.546082
526.330017
528.333557
531.357300
535.461731
539.425293
542.686523
544.989075
545.691467
543.718201
539.797302
536.972595
536.626282
535.998108
532.530945
527.820496
524.843323
524.023254
524.805359
526.938171
530.364197
534.247253
537.153687
538.823608
540.591553
543.508667
545.677551
544.830322
541.187134
538.178101
537.259583
536.593628
534.014282
529.871948
526.171448
524.449951
524.534302
526.282104
529.108276
532.233337
535.291931
538.912842
543.064331
545.930847
545.701843
542.845032
539.781433
537.753479
536.812744
535.188721
532.346252
528.012329
524.343750
522.650635
523.192261
525.489929
528.395874
531.015259
533.681335
537.308655
541.542969
544.721313
545.521118
544.147949
541.339966
538.309875
536.371155
535.621399
534.134033
530.292236
525.853210
523.513306
524.261475
526.540405
529.190308
532.494263
536.411316
540.046143
542.514587
544.403381
545.447510
544.075317
540.068115
535.925720
534.466736
535.174011
535.389648
532.359497
527.334656
524.049622
523.814148
525.271240
527.413452
530.815491
535.105408
538.840149
541.446777
543.956604
545.842834
545.023010
541.422241
537.999695
536.636414
535.914185
533.351257
529.257690
525.983948
524.682800
524.675476
525.927795
529.019470
533.482300
537.478149
540.139709
542.142029
543.914978
545.467590
545.116821
542.397766
538.989807
537.089966
536.418030
534.774841
531.322937
527.315735
524.443909
523.673950
525.091064
528.223938
531.622681
534.782715
538.323242
542.442871
545.613464
546.001099
543.647522
540.297424
538.011841
536.777344
535.473877
532.969421
529.138367
525.568054
523.654907
523.871887
525.304260
527.489990
529.812134
532.543335
536.533752
541.169189
544.345337
545.284668
544.479736
542.428101
539.462036
536.827820
535.765808
534.783264
531.399170
526.473999
523.470520
524.172058
526.608276
528.979736
531.511719
534.820618
538.612000
541.992859
544.645752
545.893188
544.485901
540.713501
537.070618
536.288879
537.299316
536.970154
533.333679
527.709045
524.165771
524.226013
525.736572
527.165588
529.629578
533.712158
537.979675
541.166992
543.569275
545.404297
545.320557
542.607239
538.898865
536.813354
535.962952
533.980774
530.191650
526.519714
524.415588
523.945679
525.317444
528.725647
532.846802
536.227844
538.905029
542.153320
545.486145
547.119995
546.298401
543.104309
539.669922
537.958801
537.230164
535.400146
531.865845
527.808899
525.081421
524.089233
524.755859
527.089111
530.476929
534.195557
537.687439
541.089111
544.079712
545.534424
544.526306
541.546509
538.478394
536.609802
535.809143
534.348816
530.748535
526.146545
523.408386
524.230286
526.996521
529.034912
529.930847
531.577881
535.544128
540.552246
544.104919
545.339844
544.808289
543.154358
540.310974
537.418762
535.870178
534.827393
532.211731
527.789612
524.367249
523.791748
525.096375
527.077393
530.113403
534.416931
538.751526
541.927429
544.067322
545.723877
545.266357
541.732910
537.412903
535.495056
536.153137
536.339111
533.901428
528.852478
524.764404
523.801758
524.914551
526.566040
528.963501
532.480835
536.402588
540.003357
543.301208
546.001648
546.081177
542.996155
539.254089
537.358765
536.609985
534.486328
530.639954
526.895813
524.845703
524.627014
525.678650
528.122009
531.399353
534.642212
537.905396
541.701599
545.060913
546.135254
544.897278
542.749146
540.182983
538.128418
536.950928
535.635742
533.016968
529.054321
525.474182
523.754944
524.432983
527.137634
530.355591
533.275574
536.531067
540.457581
544.079224
545.822205
545.037415
542.540588
539.570740
537.207153
535.877991
534.503052
531.380005
526.919739
523.636230
523.609192
525.778870
528.180603
529.789124
531.434937
534.673279
539.142822
542.725525
544.455505
544.791260
543.813293
541.153564
537.831665
535.942749
535.346436
533.053833
528.413757
524.462341
523.720337
525.026855
526.745789
529.365540
533.546570
538.151733
541.540405
543.735474
545.413208
545.199097
542.174561
538.424255
536.668091
536.533752
534.870544
530.530090
526.129578
524.112976
523.970703
524.574524
525.650024
528.029846
531.922791
536.127930
539.467773
542.465088
545.214600
545.909546
543.456055
539.669678
537.427246
536.731995
535.201782
531.721008
527.498047
524.675171
523.702881
524.431213
526.816772
530.316650
533.814758
537.156128
540.995483
544.520813
545.913696
544.492004
541.854736
539.936523
538.586609
537.396179
535.986084
533.815796
530.451965
526.643616
523.923279
523.559143
525.685547
528.963196
532.431152
536.010376
539.864258
543.280090
545.198120
545.142761
543.528076
540.624695
537.616150
535.846802
534.950256
532.826599
528.457764
524.146973
523.129578
525.187683
528.282410
531.101440
534.070312
537.216248
539.658264
541.974731
544.130920
545.538208
544.896362
541.677002
537.802246
535.918823
535.941406
534.612793
530.306519
525.697632
524.010132
524.814575
526.458313
528.961975
532.922974
536.935791
539.967834
542.582031
545.253784
546.218750
543.595398
538.992371
536.250183
536.169617
535.496948
531.994751
527.153381
523.982178
523.182312
523.756531
525.131775
527.705750
531.520630
535.299194
538.190674
541.237000
544.748291
546.544312
544.813232
540.868103
537.721069
536.344421
535.413452
533.144836
529.561462
525.948853
523.834106
523.881287
526.336182
530.228943
533.724487
536.491028
539.625610
543.630554
546.224121
545.411621
542.059814
538.725281
536.835815
536.333130
536.106018
534.867065
531.408875
526.799438
523.831909
523.796875
525.960754
528.562439
531.154114
534.373901
538.590332
542.830200
545.265625
545.389160
543.726746
540.999023
538.202087
536.384338
535.168396
532.905823
528.720886
524.807129
523.528381
524.773499
526.918701
529.729309
533.482788
537.661133
540.651062
542.133728
543.419128
544.940552
545.186340
542.777771
538.826782
536.352356
535.938965
534.750427
530.594055
525.813721
523.744568
524.312500
525.955750
528.172302
531.508423
535.728760
539.527527
542.571472
544.964050
545.897034
544.045837
540.264771
537.539062
536.934143
535.894897
532.404541
527.689819
524.866455
524.332336
524.654297
525.089233
526.514648
529.802185
533.976196
537.543030
540.798706
544.054321
546.179016
545.320557
541.878357
538.537720
536.757446
535.678650
533.759888
530.441040
526.762695
524.090332
523.538940
525.473145
528.887573
532.260498
535.317871
538.997498
543.070679
545.766785
545.745972
543.280518
540.013916
537.519592
536.618469
536.386414
535.330139
532.359375
528.004272
524.382507
523.860352
525.733337
527.842896
529.706360
532.725098
537.466675
542.284546
545.111450
545.460876
544.263123
542.002869
539.023682
536.609375
535.327148
533.757751
530.214111
525.976990
523.960083
524.639893
526.490417
528.967651
532.252747
536.246643
539.710083
542.265015
544.034912
545.242432
545.546509
543.585693
539.840332
537.105042
536.590515
535.736450
531.764709
526.573425
524.037354
524.437805
525.716858
527.480042
530.548523
534.753174
538.583008
541.535706
543.803650
545.152771
544.152100
541.077698
538.286987
537.177490
536.304199
533.686096
529.516541
525.829102
523.877502
523.693970
525.088318
527.048279
529.849304
533.173401
536.228455
539.573669
543.462280
546.256897
545.505127
541.983032
539.012573
537.809265
537.093689
535.047607
531.545898
527.664551
524.839844
523.748901
524.770203
527.716553
531.257202
534.757629
538.463623
542.284668
544.982544
545.694214
544.241455
541.028992
537.712524
535.700928
535.260376
535.011292
533.517944
529.823914
525.437683
523.436462
524.509155
526.834778
529.209839
532.374084
536.685669
540.914307
543.735352
545.085388
545.073303
543.141907
539.603516
536.540039
535.360474
534.647339
531.565430
526.936951
524.060425
524.257202
525.985168
528.095032
531.370728
535.123047
538.499146
541.280884
544.088013
546.627930
547.195190
544.918274
540.584778
537.227783
536.481567
535.982605
532.948059
528.001404
524.698364
524.229614
525.085815
526.518616
529.471802
533.798950
537.966064
540.992004
543.433960
545.213562
544.806519
542.132385
539.107788
537.423096
536.144348
534.049866
530.372070
526.723816
524.582703
524.218567
525.418457
528.268311
531.535339
533.945496
536.275024
539.055298
542.476318
544.984619
545.204407
543.179871
540.118591
537.811401
536.514465
535.302979
532.697510
528.716675
524.930725
523.142273
524.205811
527.339722
530.878845
534.040955
537.813782
541.618774
544.301208
544.967712
543.922546
541.654785
539.133362
536.879944
535.506042
534.482544
532.846008
530.216370
526.582642
524.180847
523.978760
525.377991
527.730713
531.353821
536.134399
540.587097
543.501282
544.916077
545.062744
543.497925
539.950928
536.421326
535.431458
535.484070
533.263428
528.267700
524.639038
524.313538
525.607727
527.342896
530.088745
533.987000
538.006104
541.586609
544.368896
545.799988
545.195068
542.897461
540.278015
537.728638
536.292969
535.603394
533.492310
529.420471
525.720764
524.435852
524.864136
526.028015
528.570862
532.259277
536.255066
539.779236
543.262512
545.712219
545.549011
543.017212
539.921143
537.936096
536.533508
534.145569
530.537598
526.912415
524.757446
524.416626
525.434021
527.987671
531.309143
533.687927
535.061523
537.141968
540.794067
544.533569
545.903625
544.208374
540.944336
538.143127
536.859314
535.952393
533.558716
529.147522
524.937195
523.172852
524.208984
527.183350
530.233826
532.874207
536.116760
540.198364
543.470276
544.621399
544.062561
542.319031
539.564148
537.162720
536.269653
535.582642
532.726074
527.941528
523.583496
521.861511
522.634338
525.124084
527.944824
531.083557
535.109314
539.463135
542.702820
544.502197
545.255127
544.097046
540.666687
537.034241
535.938171
536.207642
534.207092
529.080078
524.659912
523.840515
525.166992
526.658508
528.923645
532.963501
537.555420
541.159790
543.829895
545.724060
545.330627
542.400452
538.880432
536.921936
536.402588
536.375305
534.634277
530.908447
527.148743
525.105774
524.715576
525.212219
527.497192
531.516357
535.556091
538.730164
541.979248
545.227295
546.397522
544.140381
540.103027
537.325928
536.395752
535.389038
532.494995
528.412476
525.191284
524.086426
524.982971
527.420471
530.377808
533.234009
535.869812
538.628967
541.380859
544.292603
545.654968
544.721436
542.135742
539.334534
536.982544
535.430298
533.786438
530.825684
526.902710
524.221802
524.256104
526.294678
528.886902
531.719788
535.352295
539.851685
543.394531
544.853699
544.811523
543.787781
541.317200
538.224121
536.248474
535.165039
532.724609
528.342224
524.505981
523.365601
524.153870
525.749695
527.478760
530.103516
533.887390
538.048523
541.276489
543.481201
544.911804
544.844421
542.282959
538.815125
537.009460
536.689392
534.796753
529.936707
525.245361
523.784973
524.857239
526.602051
528.746582
532.025513
536.018188
539.564148
542.802246
545.462524
545.757812
542.878601
539.165955
537.399414
537.760986
537.881897
535.914978
531.870728
527.616943
525.082825
524.344666
525.058716
527.313110
530.709534
534.086365
537.407532
541.247925
544.929688
546.424683
544.544006
540.950745
538.189392
536.917908
535.929932
533.653503
529.877441
526.283569
524.157104
524.145752
526.390869
529.731934
532.968628
535.846924
539.089539
542.309204
544.509399
545.648682
545.019714
542.663696
539.433594
536.665161
535.497620
534.687439
532.267883
527.936707
524.279602
523.611877
525.504028
528.221680
531.074402
534.288513
538.115845
541.945984
544.840210
545.909790
544.669800
541.436279
537.780823
535.757019
535.254150
533.754883
529.706299
525.523804
524.182373
525.618591
527.223877
527.951050
529.113098
532.297058
536.895874
540.872559
543.329224
544.962036
545.394348
543.177734
539.539612
536.952759
536.340027
535.128845
531.166504
526.708130
524.741394
524.838928
525.444214
527.294189
531.095703
535.434998
538.821777
541.680725
544.511475
546.152222
544.670837
540.587219
537.314331
536.718018
537.019348
536.190918
533.117920
528.736694
525.292053
523.828491
524.329529
526.732788
530.271057
533.731567
536.863098
540.264954
543.852783
545.887024
544.960083
541.842102
538.950745
537.398071
536.299805
534.297668
530.694153
526.922424
524.281250
523.729675
525.503235
528.618042
531.793884
535.042053
538.895142
542.707336
545.036621
545.688293
545.072937
543.290100
540.636536
538.014648
536.324890
535.236938
533.121216
529.116089
525.021667
523.530212
524.863403
527.473999
530.073914
533.179382
537.440796
541.585205
544.276611
545.425781
544.772644
542.074829
538.459412
536.223633
535.781921
534.495850
530.505310
525.804077
523.866089
524.904541
526.710938
528.017029
529.169006
531.603271
535.584412
539.678223
543.017517
545.359192
546.142090
543.879272
539.623413
536.625244
536.364746
535.937012
532.403015
527.466858
524.695618
524.464783
525.411499
527.174377
530.275635
534.249451
537.835266
540.827087
543.636414
545.680786
545.099731
541.842407
538.447510
536.838501
535.785522
533.726501
530.871460
528.490173
526.341309
524.754456
524.412109
525.905334
529.155823
532.780396
536.060059
539.466370
543.110962
545.519531
545.309509
542.881287
539.944336
538.043884
536.706604
534.568237
531.259399
527.544189
524.912109
524.264648
525.455627
527.760193
530.604675
534.083252
538.160217
542.163940
544.657166
545.196411
544.537903
543.461670
541.569885
538.897034
536.635742
535.401245
533.798096
530.086182
525.687012
523.456238
524.396912
526.912964
529.527344
532.604919
536.491089
540.458435
543.311218
544.895569
544.990845
543.252930
540.021484
537.171631
536.091553
535.322266
532.223572
527.469543
524.408691
524.378479
525.511597
527.248718
530.535950
534.552246
537.403442
539.419495
541.218689
543.535889
545.466187
544.803528
541.152039
537.472778
536.341614
536.263855
533.948425
529.272339
525.446533
524.171570
524.808960
526.608521
529.674561
533.341370
536.747498
540.051514
543.514465
545.897095
545.374390
542.260071
538.964233
537.419312
536.667847
534.803223
531.323486
528.009644
526.106995
524.992676
524.545105
525.384094
528.031738
531.703491
535.078186
538.400391
542.116272
545.125305
545.673340
543.465515
540.252136
537.993103
536.603760
535.171509
532.830017
529.293762
525.734497
523.943054
524.818970
527.466309
530.399292
533.245483
536.575256
540.668945
544.179565
545.888611
545.124207
542.764160
540.003784
537.992798
536.625183
535.984863
534.808044
531.332520
526.384705
523.597229
524.481018
526.934692
528.888489
531.105164
534.839294
539.588379
543.308838
545.082458
545.286194
543.859985
540.487000
537.191772
535.982849
535.466797
532.792053
527.962891
524.481079
524.198792
525.486572
527.160767
529.823059
534.083130
538.142273
540.272522
541.539307
543.262573
545.093689
545.050659
542.189270
538.625061
536.632996
535.930664
533.919983
530.064453
526.330811
524.759277
524.823181
525.973145
528.682678
532.523682
535.948608
538.955505
542.458679
545.542603
546.141968
543.464233
539.675720
537.551819
537.102417
535.667114
531.994873
527.591431
524.910461
524.182373
524.298157
525.135986
527.382446
530.852722
534.121399
537.398987
541.105469
544.460876
545.628662
544.406433
541.611084
538.874817
536.938599
535.696655
533.862183
530.197876
526.070984
523.842529
524.511353
527.019409
529.546082
532.023499
535.260376
539.704163
543.907776
545.882202
545.120117
542.602234
539.466187
536.920654
536.086670
536.398315
535.958984
532.554077
527.124878
523.658508
524.271484
526.773621
528.415283
530.009949
533.384094
538.390503
542.769836
545.084839
545.413330
543.949097
540.735535
537.858398
536.896912
537.018005
534.338989
528.987366
524.789551
523.972473
525.394104
527.133484
529.134583
532.373840
536.625183
540.201843
542.550415
544.175232
545.644043
545.461243
542.428589
538.505249
536.960571
537.313599
535.787354
531.097351
526.157043
524.119873
524.471680
525.866272
528.184753
531.658081
535.226074
538.093689
541.166931
545.024780
546.809265
544.810303
540.646790
537.731506
536.694641
535.648254
533.137146
529.245422
525.695862
523.760559
523.549561
524.478455
526.619629
529.799744
533.290466
536.754822
540.373901
543.816956
545.771240
544.884216
542.032837
539.169495
537.589417
536.529846
534.541138
531.118835
527.216797
524.219177
523.935913
525.946655
528.752319
531.303955
534.583374
539.071045
543.059692
545.073669
545.094421
543.389099
540.483154
537.775940
536.447510
536.219971
535.771606
533.426025
528.856384
524.549011
523.255127
524.808472
527.483459
530.226746
533.738708
537.239197
540.287903
543.179565
545.476807
545.875183
542.997620
538.462524
535.739990
535.949646
535.665527
531.720459
526.444397
523.708923
524.046204
525.795471
528.289062
531.961426
536.067078
539.218933
541.381775
543.417236
545.293335
546.203491
544.117615
539.811096
536.746155
536.339355
536.028931
532.688538
527.801331
524.875549
524.390381
524.950378
526.710327
530.185913
534.064331
537.302917
540.518250
544.137756
546.331482
545.120911
541.499268
538.067566
536.531555
535.834412
534.149109
530.771973
526.830811
524.227112
524.045532
525.962219
528.687378
530.972717
533.246765
535.579163
538.737732
542.412598
545.194336
545.602234
543.325317
540.011780
537.629578
536.137512
534.749207
532.302917
528.489441
524.822693
523.619446
525.068115
527.698486
530.408630
533.568787
537.830017
542.257507
544.905640
545.269043
543.873291
541.449707
538.664673
536.269714
535.344727
534.923096
533.780457
530.603516
526.237244
523.779480
524.485352
526.740784
529.081482
532.165771
536.052307
539.852295
542.810364
544.950195
545.462463
543.432617
539.553345
536.684814
536.314453
535.880188
532.245361
526.970581
524.140747
524.601807
526.200012
527.875977
530.444397
534.450500
538.954163
542.169312
544.325012
545.430603
545.036560
543.080811
540.010620
538.008057
537.551208
536.594116
533.256165
528.773071
525.918457
525.071960
525.076477
525.975342
529.125854
533.580139
537.197388
539.899231
542.828064
545.516541
545.714966
542.811157
538.994080
536.920593
536.224060
534.546265
531.457520
527.699219
525.320618
524.183899
525.021362
527.688416
531.565796
534.280762
536.234192
538.466553
541.462158
544.442810
545.521118
544.175354
541.323608
538.392334
536.411255
535.153809
533.389465
530.004944
525.948608
523.498169
524.130371
526.998718
530.166687
532.693665
535.676758
540.434082
545.457581
547.130920
543.948914
539.761475
538.046631
538.842163
538.356018
535.201782
530.367004
526.050598
523.992432
524.014526
525.614136
526.772644
527.664124
530.303345
535.252136
539.878784
542.535583
543.826294
545.006592
544.670349
541.457642
537.263794
535.181396
534.933716
533.357727
529.600098
525.695129
524.546082
525.251892
526.777222
529.500732
534.096558
538.150574
540.739197
542.943787
545.189575
545.535156
543.730286
540.931274
537.958374
536.515320
536.334351
534.711182
530.466675
526.045593
524.047058
524.243774
525.840027
528.880676
532.753845
535.763245
538.053223
541.827881
546.554688
547.849365
543.469971
537.524963
535.258484
537.409058
537.900208
533.131042
526.564636
523.340027
524.049683
526.003784
527.970337
530.055969
532.589111
535.761597
538.908875
542.385132
544.803223
545.096252
543.724487
541.724487
539.648315
537.496521
535.393677
533.001770
529.885681
526.655762
525.175842
525.695374
527.655701
529.042969
530.612427
534.535400
540.955505
545.429382
545.870850
544.044006
541.869629
539.641663
537.802856
536.471436
534.731262
531.715393
527.788818
524.496338
523.378601
524.212830
526.019592
527.798279
530.155823
534.118347
538.501648
541.299805
542.993713
545.404541
546.579529
543.940613
537.865784
533.455078
533.565796
535.211609
532.770813
526.743896
522.410278
522.964233
526.715698
530.394165
533.052307
535.579041
538.875671
543.039368
546.388916
546.339539
542.307800
537.664978
535.916199
536.891907
538.150330
536.198364
530.672180
524.990234
522.739136
524.464233
527.365601
530.428528
533.167725
534.429138
535.695190
539.543518
545.286133
548.121826
545.080078
539.613098
536.823669
537.018555
536.796387
533.614319
528.673218
524.875549
523.756958
524.833740
526.999146
529.889221
533.185791
536.389282
539.048218
541.437683
544.249451
545.869019
544.465027
540.904785
537.753540
537.514404
538.162415
537.200745
532.502991
525.089966
520.694580
522.773315
528.379517
532.083008
532.356384
533.228943
537.381653
543.080994
546.198486
545.340027
542.561951
539.835083
537.975281
536.799316
535.520081
532.943298
528.932373
525.612610
524.625732
525.515686
526.586792
527.379517
528.644104
531.863037
537.657898
542.955139
545.793396
545.628601
543.132874
539.893921
537.918884
537.988586
538.269409
535.394104
529.459961
524.636902
524.008484
525.595825
526.438965
527.391602
530.713379
535.800293
539.923401
542.407959
544.490356
545.800903
544.411743
540.506958
536.969666
535.989319
535.889282
534.536072
531.226501
528.188660
526.580933
526.859192
527.047485
526.503052
527.842896
531.876892
537.051392
542.117004
545.924561
546.766846
544.563171
541.248352
539.039734
537.793274
535.930542
532.683716
528.840515
525.995056
524.407776
524.062439
525.706848
529.171631
532.972595
535.933044
539.074463
542.823303
545.850159
546.765503
545.463623
542.533447
539.505127
537.154114
535.453308
533.997070
532.220886
529.264526
526.274475
524.634766
525.090576
527.402100
530.941650
534.615356
538.468262
541.700134
543.623962
544.165466
543.853271
542.157471
539.171448
536.907288
535.890259
534.201355
530.105957
525.402954
523.348022
524.239136
526.031189
527.443604
529.296448
532.346313
536.631104
540.627136
543.458740
545.011414
545.122864
542.909363
539.216248
536.651672
536.239746
535.561340
532.051208
526.963806
524.255859
524.567810
525.883850
527.581787
530.863770
535.368713
539.299927
541.473633
543.148865
544.751831
545.082703
541.759949
537.992065
537.888428
538.933533
537.574097
532.906006
528.166077
525.302856
524.251282
524.961243
526.683777
529.442993
533.321594
537.430420
540.583130
543.282715
545.457825
545.566345
542.708008
538.950562
536.701294
535.844971
534.441833
531.454773
527.774048
524.937805
524.094482
525.451416
528.347046
531.676636
535.112244
538.666809
542.288635
545.279236
546.628601
545.851318
543.223450
540.249695
538.086365
536.792480
535.463867
532.928650
528.766968
524.723206
523.269287
525.239746
528.705444
531.419312
533.338379
536.118225
540.176880
543.985962
545.891541
545.125916
542.283752
539.005310
536.960144
536.330688
534.927490
530.895447
525.873596
523.260193
524.215027
526.548340
528.425720
530.071167
532.345764
536.031372
539.637512
542.150208
