504.726807
504.726807
504.101135
502.926147
505.744476
516.633606
531.977722
538.201782
534.045715
534.610718
532.188110
533.172546
534.794922
531.374207
535.181091
535.739685
533.309753
533.841858
529.110779
531.771973
535.634460
537.610840
532.512695
535.252014
535.113342
533.140137
533.297241
529.494934
533.244324
536.136536
533.671204
535.986267
533.636963
532.914429
533.800293
530.398865
534.518311
536.126099
533.528687
534.923218
531.861267
533.256714
534.972778
531.728699
535.590759
535.655273
533.091858
532.597961
529.582336
537.762939
545.799500
544.068848
534.749451
534.775208
533.310486
532.278076
533.275574
530.170715
534.604858
537.022949
534.233521
535.337341
531.775696
532.096619
533.836548
531.131775
535.631775
536.458374
533.505554
533.952637
530.551453
533.305603
535.944336
532.839661
535.422058
534.142151
532.453552
532.827026
530.125061
538.054077
544.802246
542.958008
534.528137
534.789978
532.705200
532.355774
533.632812
530.639038
534.886475
536.373047
533.542236
534.589050
531.264771
532.856812
534.660156
531.412415
535.288330
535.998657
534.204468
534.361755
530.200623
533.459290
536.419067
533.432861
535.273682
532.886597
532.072021
532.871155
530.060059
537.541748
542.860474
541.231995
534.303406
534.847961
531.707031
531.898987
533.802795
531.406311
535.935730
536.712769
533.824768
534.170227
530.344299
533.087097
535.552612
532.427551
535.156067
534.246704
533.037292
533.993286
530.126404
533.668884
536.426697
533.955811
535.463379
531.941284
531.636597
533.634949
531.861511
536.077087
532.803101
524.749329
524.361938
531.711304
531.621826
533.192932
535.061279
531.984375
535.175476
535.269958
533.919434
534.621399
530.093201
532.705261
535.645142
533.593994
535.877197
533.238770
532.245361
533.623169
530.458862
534.691223
536.680359
533.768311
534.855591
531.469238
532.677673
534.585449
532.133606
535.694153
532.409790
526.313171
526.235229
531.758911
530.150574
532.789368
535.980835
533.498779
535.613953
533.870728
532.941589
534.283691
530.258118
533.288391
535.829224
533.868042
535.849121
532.528076
532.430664
534.057922
530.813660
534.960632
536.367004
533.883606
534.409119
530.528809
532.616577
535.182251
532.958557
535.529907
530.939819
525.988220
527.096375
532.861816
530.634583
533.025330
535.638428
533.498962
535.701294
533.204956
532.799133
534.044189
530.241455
534.186096
536.589111
534.372620
535.109558
531.223511
532.576843
535.003174
531.882080
535.297729
535.628845
533.751221
534.139893
529.729675
532.708740
536.101074
533.454529
534.311157
532.355103
537.638794
547.046143
544.978455
533.410034
532.392334
535.283264
534.035217
535.711670
532.354553
532.838196
534.868774
531.365845
534.694275
535.783386
533.783386
534.441284
530.246521
532.707336
535.625305
532.561096
535.334595
534.780884
533.780151
534.457031
529.895630
532.876648
535.881653
533.795288
534.739319
532.037659
537.478577
546.393982
544.265259
533.281921
533.368408
536.164307
534.451538
534.742981
530.544312
532.376343
535.273499
532.074280
534.958801
534.921997
533.496887
534.410034
530.196533
533.215149
536.253967
533.394226
535.191528
533.252197
532.766052
534.048096
530.296997
534.286560
537.024841
534.393982
534.950195
532.247803
534.145996
531.879089
519.701172
518.302246
529.696411
536.766663
535.315186
534.961487
530.288391
532.556641
535.613159
532.619385
535.020325
534.083740
533.204407
534.237305
530.167419
533.649414
536.389282
533.649963
535.009094
532.404846
532.963684
534.783508
530.673401
534.110840
536.063354
534.117798
534.776123
531.326111
533.645203
531.670532
520.224915
519.132629
530.363281
536.367981
534.975403
534.261597
529.704956
533.094116
536.586792
534.034424
535.663818
533.321411
533.112122
534.289551
529.984070
533.987793
537.271790
534.901550
534.941040
530.671326
532.279663
535.044495
531.594116
534.780579
535.632080
533.786194
534.398071
530.319641
532.853943
535.354492
534.667725
542.122131
543.732544
538.153198
533.252502
533.654541
529.744568
533.310669
536.744507
534.306213
535.085571
531.923828
532.822205
534.920837
530.910400
534.603088
536.603943
534.261108
534.254883
530.056030
532.720886
535.840027
532.420837
535.223511
535.200073
533.980591
534.266418
529.524109
532.355408
535.457275
536.168762
543.802246
544.441162
537.563110
532.999878
533.476990
529.643250
533.831848
537.081055
534.607605
534.588806
530.987061
533.299194
535.872742
531.625916
534.275574
535.282104
533.933655
534.363525
529.846252
532.898865
536.370483
533.393921
535.413635
534.072754
533.313293
533.913086
529.628601
533.040100
535.930481
537.082520
544.495483
544.078247
535.930725
532.298340
533.706543
530.614197
534.468689
536.286011
533.771057
533.666199
529.868530
533.163635
536.101929
532.011597
534.493042
534.858704
534.166016
534.032898
528.866943
532.672119
536.946716
534.550232
535.450928
532.450989
532.445496
534.120911
530.595398
534.717590
537.200317
534.734680
532.881897
524.030884
523.018372
529.787292
535.644592
531.501282
534.130249
535.903076
534.431396
533.867065
529.078491
532.984680
536.803467
533.371521
534.846313
533.533020
533.404419
534.369690
529.874146
533.630737
536.879150
534.170532
534.789673
531.791992
532.842712
534.296387
530.369324
535.076233
537.592712
535.386047
534.051453
527.400574
529.888367
534.856323
537.957581
532.687317
534.562073
534.921387
533.783875
533.875916
529.337646
533.343628
537.010681
534.005005
534.913513
532.475525
532.927002
534.300476
530.294006
534.753235
537.519287
534.430420
534.266052
530.726318
533.026978
535.032349
530.881653
534.561584
536.234131
534.884888
533.537537
526.695374
530.388245
536.005676
538.690552
532.966431
534.432861
533.973206
533.626404
533.974731
529.527283
533.855225
536.900208
533.712280
534.343445
531.443787
532.872253
534.519775
530.410156
534.780029
537.179199
534.741882
533.967712
529.592529
532.857727
536.029541
533.269958
535.800903
530.050049
521.007935
519.026245
528.912231
536.535156
534.903992
535.799194
529.565308
527.082336
529.251892
533.499329
530.017334
533.679260
536.429932
534.237305
535.028259
531.169556
532.790710
534.795654
530.783508
533.788391
534.563110
533.656311
534.639221
529.518188
531.524841
534.743530
533.227722
536.510681
533.991028
531.870911
532.460449
528.998962
533.742310
536.914001
534.918091
534.377136
525.868408
523.945862
529.220093
534.983948
530.872925
533.331482
535.054810
533.897278
534.884155
530.056458
531.892456
534.801208
532.392456
535.535706
534.143372
532.474915
533.634277
529.819519
533.607239
536.332886
533.105225
534.637207
532.275269
532.809448
534.089539
529.287354
532.799500
535.633301
535.009583
535.539490
528.018738
527.600281
531.263489
535.606323
532.303833
535.536133
535.682678
533.184692
533.475708
529.353027
533.053406
536.099609
532.760376
534.653748
532.998779
532.935242
534.026245
529.060547
532.386353
535.745972
534.528687
535.949280
531.349487
531.456909
533.857727
531.218140
535.447754
535.943542
533.350586
533.221130
527.741211
531.267395
536.164978
538.394958
532.321777
533.754211
533.535950
533.319031
534.351196
529.050842
531.883179
535.370117
533.937073
536.002502
532.422729
531.888000
533.601990
530.415466
534.755493
536.402954
533.477966
533.949646
530.144348
532.661499
535.467712
531.609619
534.291199
534.548096
533.950928
534.143860
527.509094
530.322266
535.100281
537.990662
533.592773
535.330444
533.110596
532.136536
533.574707
530.123474
534.077209
536.043091
533.182739
534.487427
531.379517
532.758423
534.514587
530.214539
533.496643
535.272644
534.267761
534.866211
529.522644
531.520264
534.867310
532.611267
535.664551
534.226135
532.865662
532.937073
529.146301
536.849976
544.099121
542.766724
534.141052
533.705322
531.274658
532.117432
534.157837
530.408508
533.905457
535.746155
533.873169
534.716797
530.109436
531.627625
534.532776
531.911072
535.439697
535.347168
533.433472
533.729675
529.190430
532.635925
535.934204
533.071472
535.081787
533.063904
533.134399
533.382141
528.981384
535.751770
541.612549
540.963867
534.563232
534.722839
531.121094
531.930481
534.348450
531.201660
534.906433
535.586487
533.264465
533.628784
529.436340
532.762695
535.789062
532.270569
534.502197
533.474060
533.132629
534.154785
529.355591
532.569641
535.726929
533.959534
535.420166
531.616028
531.762573
533.869873
531.242981
534.944946
531.888245
524.568420
524.467163
531.607849
531.164307
533.033813
534.982483
531.543884
534.765503
534.986145
533.813110
534.008118
528.755920
532.041809
535.839905
533.838318
535.631226
532.409058
532.084961
533.963562
530.361328
534.273682
536.316589
533.510986
534.399597
531.019287
532.776611
534.592957
531.178284
534.243652
531.247192
525.896729
526.551758
532.478516
530.288940
532.451599
535.651978
533.255981
535.369080
533.186279
532.258057
533.824646
530.011230
533.510559
535.709106
532.909485
534.559814
531.906616
532.864136
534.040527
529.594360
533.928833
536.763611
534.910095
534.598511
529.202087
531.535522
535.236877
533.120789
535.105957
529.852478
524.891541
526.417297
532.768372
530.687561
533.383423
535.753601
532.945801
535.034973
532.667236
532.667786
533.743774
529.505432
533.810852
536.641296
534.161865
534.300537
530.046875
532.106384
534.968872
531.273254
534.249939
534.931091
533.928833
534.649475
529.547913
532.132202
535.394958
532.948425
534.666687
533.178894
538.020264
546.554932
543.741394
532.051697
532.121155
535.768494
534.077148
534.873108
531.193787
532.453369
534.872070
530.816284
533.881592
535.406555
533.915894
534.636536
529.857971
532.050049
535.325928
532.552246
535.404907
534.483459
533.068481
533.803772
529.485657
533.245911
536.192505
533.092224
533.471313
531.248962
538.283508
548.276123
545.448547
532.412292
531.448181
534.934753
534.417603
535.186340
530.366699
531.738220
534.513855
531.423889
534.631592
534.623047
532.908813
533.863525
529.783875
533.148621
535.980652
532.521240
534.636597
533.371277
533.374329
534.125122
529.092834
532.887878
536.177185
533.968506
534.537354
531.324097
533.145264
531.308044
519.357422
518.100159
529.602966
536.551147
534.721375
534.420959
529.930054
532.384766
535.254150
532.076782
535.040161
534.396606
533.195618
533.415100
528.824829
532.921204
536.370911
533.310730
534.346924
531.735596
532.899719
534.766785
529.835876
533.034973
535.527527
534.075928
534.806885
531.031494
533.132080
530.878418
519.236694
518.464355
530.180969
535.992859
534.006226
533.726501
529.588806
533.088257
536.062012
532.566406
534.494751
533.076599
533.157166
533.886169
528.786621
532.843384
536.381287
534.317993
534.740723
530.585693
532.106873
534.799927
531.109619
534.501831
535.399719
533.477905
534.191833
529.949097
532.209290
534.527161
533.890442
541.950378
544.098206
538.572815
532.856628
532.707336
528.735901
533.091858
536.880859
533.945190
534.319397
531.112793
532.548340
534.906006
530.358643
533.347473
535.476685
533.987061
534.893677
530.388184
532.330688
535.088074
531.701843
534.851562
534.768066
533.075378
533.521057
529.292908
532.742615
535.749268
535.629089
542.701355
543.149170
536.459412
532.476807
533.428467
529.359192
533.055603
536.349487
534.536621
535.041809
530.640320
531.954651
534.654480
531.263489
534.866516
535.719116
533.717712
534.174988
529.729614
532.728943
535.840271
532.467529
534.624817
533.490356
532.923340
533.802368
529.485901
533.450317
537.063721
535.035645
534.539856
526.759888
524.928833
529.338074
534.569519
530.762268
533.880127
536.097107
533.937683
534.079895
529.823181
532.707825
535.690125
531.470947
533.933105
534.363281
533.705566
534.102051
528.840698
532.114319
536.016174
533.786499
535.480042
532.664124
532.414734
533.903870
529.874817
533.781128
536.311157
534.331116
532.841614
523.385193
522.045593
529.214783
535.735535
531.688293
533.967224
535.211792
533.807007
534.080872
529.265503
532.667175
536.286133
532.881287
534.432129
532.994446
532.822083
534.001038
529.534180
533.590637
537.060852
534.378113
534.733459
530.969360
532.145386
534.336243
530.404541
534.240479
536.223511
534.591492
534.232849
527.580627
529.704651
534.305176
537.157471
531.645630
533.876404
534.404419
533.525269
533.867676
528.892090
532.766602
536.454651
533.419250
534.496155
532.110107
533.005127
534.630920
529.942749
533.472473
536.339966
534.274902
534.543762
530.170837
531.995728
534.901428
531.326965
534.622131
535.335938
533.910034
533.431702
526.998291
530.661194
535.962585
538.370605
532.560303
534.122986
533.434448
532.960876
533.588440
529.109680
533.463135
536.654907
533.525391
533.958008
530.828186
532.743103
534.912964
530.552673
534.062073
536.007202
533.966248
533.947571
529.162231
532.007263
535.399841
532.070068
534.886353
534.574646
533.667480
533.283691
527.506470
532.470093
537.990417
539.487305
533.199341
533.800720
531.997864
532.629761
534.105713
529.829468
533.956116
536.728699
534.131165
534.017883
529.850159
532.587158
535.554016
531.589783
534.544678
535.231323
533.563354
533.637756
529.118530
532.692444
536.065491
532.664978
534.795105
533.387329
532.908081
532.795959
528.621826
536.825195
544.411560
543.463562
534.827026
533.463928
530.582642
532.390808
534.701843
530.572021
534.140930
535.773804
533.727234
533.730408
529.156189
532.358765
535.745178
532.117188
534.540466
534.084839
533.143250
533.436279
528.961609
533.239807
536.891907
533.756897
534.366028
531.694214
532.687073
533.866516
529.836670
536.756165
542.184753
541.068420
533.937195
533.287598
529.897461
532.347534
535.044861
531.146545
534.502930
535.402344
533.896118
533.717651
528.984741
532.890564
536.598694
533.359070
534.947876
533.169312
533.008423
533.921082
529.297729
533.480774
536.755920
533.953674
534.019104
530.373779
532.208862
534.659668
531.534180
534.958069
532.483826
526.187622
525.575134
530.911133
529.752197
533.003540
536.124512
532.647339
534.748596
534.077759
533.147583
533.513428
528.987915
533.099731
536.428040
533.190979
534.265259
531.890503
533.064636
534.516296
529.921326
533.934387
536.599426
534.206604
533.876282
529.478088
532.364990
535.454407
532.378113
534.880005
531.438843
526.475769
526.770142
531.721558
529.592957
533.119385
536.492126
533.351257
535.001709
532.929321
532.687073
533.532104
529.230469
534.040649
537.400269
534.388000
534.298584
530.450073
532.462708
534.848083
530.746338
534.273376
535.798462
533.596252
533.478882
529.114990
532.542419
535.757385
532.364929
533.764099
532.722778
537.824158
546.652710
544.035400
532.603027
532.632324
536.177063
533.526245
534.138306
531.301270
532.600525
534.370605
529.869873
534.020752
536.774658
534.507874
534.039673
529.348206
532.146179
535.331360
531.680786
534.670227
535.038452
533.644104
533.686096
529.070618
533.023865
536.403809
532.909607
533.089172
531.394348
537.924622
546.856689
543.682617
531.877014
532.819702
536.490662
534.082520
533.896179
529.861206
531.949097
534.678772
531.112000
534.893250
535.730835
533.326111
533.285095
529.126221
532.740601
535.592896
531.928406
534.757019
534.371399
533.598450
533.329590
528.440308
533.176331
537.097839
533.912048
533.147522
530.151428
537.817322
547.514465
544.617432
532.373413
532.692627
535.676025
534.077026
533.799377
529.274048
532.202881
535.064087
531.507874
534.808350
535.094971
533.438354
533.025513
528.437439
533.156189
536.807922
533.175720
534.216858
532.115845
532.867371
533.871460
529.086731
533.398315
536.534790
533.985413
534.054138
530.856750
533.360229
530.924500
518.519897
517.725037
530.283813
536.815918
534.004761
532.699219
528.854614
533.141357
536.327454
532.385986
534.560913
533.994568
533.520081
533.449768
528.468750
533.171204
536.941467
533.923523
534.289612
531.044067
532.697021
534.579590
530.367432
534.493958
536.516724
533.999329
533.666565
530.157288
533.528931
531.471619
519.425354
518.327332
530.240662
536.121887
534.299561
532.932312
528.362854
533.164124
536.967285
533.383301
534.349243
532.345093
533.160095
534.025146
529.094666
533.315552
536.386414
534.042847
534.267578
530.257812
532.379028
534.676086
530.952209
535.117737
536.211731
533.602661
532.775452
529.237732
533.785706
532.496399
521.511658
520.047058
530.261841
534.488770
533.800720
533.247864
528.837463
533.656860
537.073425
533.792419
533.962769
530.707397
532.571350
534.445251
530.121033
534.360229
536.461426
533.951050
533.512939
529.273010
532.768555
535.907715
532.265991
535.001099
534.476807
533.122253
533.349060
529.010132
532.902283
535.638123
536.081116
544.195312
544.745728
536.851196
531.949158
532.107910
528.775757
534.144104
537.455200
534.316895
533.766663
530.053406
532.910217
534.986023
530.488159
534.354919
535.831482
533.907166
533.248169
528.731934
533.125061
537.042786
533.517944
534.819336
533.063904
532.677368
533.401672
529.120667
533.800476
537.099731
534.700684
533.804443
525.799866
524.581299
529.766663
534.243225
529.916077
534.001038
536.801208
534.481995
533.528870
528.838684
532.583313
536.087219
532.419312
534.932861
534.369568
533.105103
533.281860
528.760437
532.973816
536.115845
533.417969
535.665466
533.490234
532.920776
532.525146
528.323914
534.308594
537.970886
535.174255
531.780884
521.452881
520.965454
529.753601
536.444885
531.900879
533.978149
535.045776
533.562378
533.297607
528.676880
532.736328
536.264099
533.005981
535.306641
533.923706
533.100708
532.840271
528.115662
533.041504
536.737732
534.291870
535.079529
531.677368
532.580383
533.891785
529.897583
534.414856
536.811707
534.911316
531.235901
519.214783
518.299622
528.643005
536.593628
533.226196
535.283813
534.619934
532.586060
532.246216
528.328613
533.670898
537.237000
533.828064
535.210022
533.197815
533.526978
533.450256
528.328857
533.115356
536.663818
534.092407
533.618713
529.742920
532.662170
535.387878
531.577454
535.053467
535.274353
533.229675
532.561829
527.157715
532.244934
537.648315
539.118591
533.164795
535.217407
534.337158
533.042419
532.557739
528.567993
534.171631
537.312012
533.641541
534.087341
531.734619
533.813538
534.880920
529.819580
533.704651
535.709595
533.488464
533.400452
529.356567
532.826599
535.603149
532.354248
535.793945
535.010742
532.968384
531.713745
526.929932
533.833435
539.898804
540.309326
532.995972
533.629028
532.365051
533.446472
534.215576
529.525452
533.959229
536.458069
533.708740
533.938171
530.389648
533.178650
535.463867
531.599609
535.086975
535.232056
533.009216
533.055420
529.279175
533.477356
535.924133
532.065186
534.815735
534.284912
534.004578
532.750122
528.037231
536.495850
543.929504
542.729553
534.084595
533.114075
530.683044
532.975647
535.052246
531.062378
535.008911
536.109192
533.324524
533.317627
529.533997
533.127014
535.429077
531.520203
534.739868
534.541016
533.473755
533.530518
529.342590
533.618347
536.152771
532.694397
534.305786
532.437012
533.327332
533.493958
529.588135
537.194824
542.007874
540.035461
532.712463
532.781555
530.298523
532.774902
534.455811
530.831848
535.215210
535.992676
533.965393
533.527527
529.047241
533.097412
535.850220
532.338379
534.866272
533.524841
533.188416
533.585938
529.731750
534.590454
536.597839
532.959900
533.768372
531.026123
533.002991
534.035034
530.589966
537.132996
540.132324
538.471313
533.049011
533.265381
529.830627
532.653564
534.898926
531.591187
535.150452
534.917175
533.791626
533.715149
529.275635
533.669922
536.131958
532.747070
534.324768
532.135925
532.980957
533.945740
529.996521
534.773193
536.876282
533.738831
533.522766
529.819641
532.944824
535.507019
532.754028
535.820190
531.372803
525.669800
526.090332
532.098572
530.761047
533.835754
535.447144
532.161438
535.016541
533.743408
533.435547
533.716980
529.585266
534.246887
536.382080
533.130798
534.262878
531.488098
533.137573
534.241943
530.310791
535.054382
536.524536
533.965210
533.433960
528.939636
532.435608
535.626099
533.409119
535.637146
530.604187
526.621155
527.620422
532.465454
530.544556
534.475586
536.308472
532.563965
534.147522
532.040405
533.158752
534.394958
530.474670
534.900818
536.129395
533.111450
533.962463
530.832275
533.262939
534.805664
531.266296
535.555481
535.864136
533.537415
532.935303
528.737244
533.220581
536.145081
532.874573
534.020813
532.407837
538.194702
546.228455
543.432190
532.730286
533.688293
536.266846
533.683105
534.268188
530.799805
532.484802
534.576416
531.414246
535.639954
535.835876
532.981812
533.381470
530.039368
533.849548
536.133057
532.285034
534.781738
533.729675
533.159729
534.020630
530.085022
534.008789
535.998413
533.105591
534.195068
531.768677
537.838867
545.678223
543.001831
532.701660
534.185669
536.176208
533.666077
533.859558
530.090149
532.620178
534.992249
531.710632
535.361328
534.978943
532.884338
533.191345
529.827271
534.344604
536.614502
532.868530
534.746826
532.601501
532.718567
533.873108
530.296509
534.738525
536.418335
533.269348
533.144958
530.017273
537.331665
545.852478
543.543274
533.214600
534.276001
535.217407
533.223206
533.496277
529.530457
532.828430
535.654846
533.029419
535.927368
533.841309
532.300903
533.101318
529.937134
534.718445
536.856323
533.291870
534.292969
531.247192
532.442932
534.336426
530.926697
534.828003
535.423279
532.699768
533.648438
531.139099
533.789062
530.376953
518.578125
518.654297
531.405090
536.554504
534.145508
533.197876
529.227478
533.559265
536.518372
533.490417
535.063965
532.071838
531.952087
533.610229
530.532471
534.930420
536.303162
533.161865
534.145325
530.602478
532.600708
534.945129
532.090454
535.850464
535.388306
532.727600
533.369263
530.646118
533.839111
531.122803
520.477539
520.416504
531.745789
535.298462
533.271851
532.393433
528.754822
533.947632
536.934143
533.936523
534.936035
531.314697
532.089783
534.226562
531.452026
535.694519
535.882202
532.717957
533.610596
530.323730
533.192444
535.282043
531.849976
535.133179
534.349670
532.808411
533.470398
529.445923
532.690491
535.013184
536.528931
546.025208
546.407898
536.899597
531.184692
532.393005
530.104004
534.686157
536.466980
533.935608
534.892639
530.840820
532.148743
534.296143
531.697327
535.861877
535.646484
532.891174
533.283325
529.486267
533.102112
536.163513
533.145142
535.349915
532.893311
531.725769
532.973633
529.917114
533.778687
535.523071
537.047607
545.998962
545.696594
535.917542
531.615540
533.137207
530.457275
534.583252
535.813843
533.888123
534.565308
529.930176
532.036316
534.793640
532.568420
536.226074
534.830566
532.527100
532.807617
529.010437
533.452393
536.651733
533.922119
535.310669
531.780640
531.544983
533.237305
530.229858
534.194702
535.869263
538.092712
546.279541
544.583496
534.003235
531.447876
534.525024
532.091553
535.111572
534.771057
533.131531
534.151794
529.720459
532.439758
534.834473
532.286499
535.340820
533.520264
532.752686
533.532166
529.541321
533.901123
536.690369
534.152832
534.918335
530.632935
531.554871
534.007629
531.313538
535.503113
536.250793
534.042236
531.779785
520.762268
519.067261
527.760925
535.601135
533.256287
535.423157
534.015259
532.611633
533.545776
529.449036
533.117004
535.894409
533.514404
535.427307
532.359131
532.406799
533.833130
529.946594
533.893738
536.090759
534.165039
534.775635
529.958923
531.505920
534.524841
532.175598
535.802612
535.644287
534.130310
531.352173
519.440308
518.051697
528.234924
536.109375
533.638245
535.378845
533.366577
532.884766
533.822266
529.473694
533.595398
536.565430
534.416199
535.165833
530.805725
531.815247
534.293945
531.239380
535.025452
535.660156
533.612488
534.335510
529.678223
532.066589
535.029480
532.513428
535.522339
534.181519
533.178284
533.476440
528.863708
534.277344
538.870117
538.957520
532.927979
534.209595
532.141113
532.729675
534.078552
529.882935
533.913757
536.270569
534.366333
534.486755
529.453003
531.670105
535.196106
532.482178
535.199951
534.216370
532.806702
534.063965
529.822510
532.664429
535.272339
532.960266
535.755737
533.537598
532.936096
533.258850
529.105957
535.400391
540.165466
539.819763
533.944092
534.412537
531.108459
532.422058
534.631226
530.987366
534.411926
535.200134
533.558289
534.042725
529.041260
531.503174
534.865112
532.736267
535.606445
533.900269
532.887146
533.948120
529.546875
533.225403
536.154114
533.689758
535.127136
532.013489
532.761658
533.999573
530.165527
536.033691
539.846375
538.991943
533.797974
533.973083
529.736572
531.841980
535.146423
532.348633
535.201721
534.365112
532.755310
533.732178
529.459534
533.027344
536.162903
533.531921
535.444885
532.977905
532.730225
533.730347
529.230591
533.179688
536.186707
534.344604
534.978149
530.509827
532.128235
534.434875
531.371216
536.384033
537.663757
536.270935
532.797180
534.232239
530.074585
532.502686
535.762634
533.318054
535.632019
533.448181
532.363098
533.632690
529.521606
533.174927
535.904663
533.584229
535.206238
532.180237
532.872009
534.259705
529.883789
533.828979
536.073181
534.397400
534.838806
530.098877
532.603577
535.347351
532.551453
536.028320
534.406860
532.745178
531.516479
533.926147
529.637451
532.600342
536.083740
533.638306
535.162964
532.200073
532.184143
533.824219
529.746948
533.816772
536.576538
534.628113
535.153015
530.650024
532.234314
534.761963
531.143311
534.648682
535.241394
533.641357
534.208801
529.775818
532.923157
535.768433
533.082581
534.526306
529.496765
527.109497
529.502380
534.229858
530.459534
533.529541
536.676270
534.239014
534.731506
530.859741
532.344727
534.986206
530.983704
534.296021
535.773438
534.129639
534.644226
529.961487
532.454285
535.261719
531.899902
534.692627
534.437439
533.713013
534.436279
529.739685
533.223755
536.469543
534.291687
534.604309
528.135071
526.781616
530.176758
535.039673
531.205444
534.272583
536.471008
533.855835
533.873108
529.367920
531.818054
535.037476
531.637390
534.981873
535.433044
533.861389
534.194519
529.539612
532.934021
536.029114
532.536072
534.468140
533.337891
533.772339
534.560974
529.367310
533.104370
536.336060
533.725220
533.085083
529.729492
537.983765
548.571289
546.251099
533.750732
533.130554
535.145203
533.950562
534.067322
528.994202
531.897888
535.795959
533.032288
535.589600
534.465271
533.372925
533.867432
529.189209
533.003052
536.004944
532.932129
534.269836
531.946106
533.089050
534.608093
530.073914
533.950684
536.377563
533.858215
532.831238
528.871033
537.381653
547.732300
545.835388
534.190186
533.772644
534.711548
533.417114
533.390503
528.805054
532.906189
536.419067
533.266907
535.049500
533.367981
533.371948
534.076111
529.027771
532.906494
536.371582
534.038696
534.346863
530.404785
532.297546
535.036682
531.123596
534.562683
535.762634
533.472595
532.534851
528.776733
537.540588
546.855530
545.109802
534.582153
534.255615
533.672791
533.023376
533.403137
528.705566
533.181030
537.084717
533.939514
534.599121
531.888916
532.910156
534.383606
529.832581
533.740906
536.427795
534.528992
534.564514
529.824280
532.288940
535.345825
531.686157
535.083740
535.647827
533.841675
533.387695
529.357483
533.560425
532.887817
523.139526
521.655579
530.538452
533.681702
533.909363
534.038147
529.087341
533.464233
536.965515
534.486084
534.700623
530.699036
532.546448
534.845947
530.827393
534.379089
535.598572
533.537842
533.658875
529.176086
532.450134
535.661377
532.178650
534.895874
534.379761
533.575378
533.540100
529.661499
534.560791
533.545105
524.085388
522.503113
530.750610
532.855042
533.418396
533.741638
529.236938
534.017151
537.139221
534.526855
533.742065
529.261414
532.602600
535.652100
531.525574
534.484070
534.983887
533.680481
533.574585
528.705078
532.802124
536.536804
533.466614
535.071533
532.875244
532.587097
533.300476
529.058594
533.015564
535.907104
538.036316
546.048462
544.683350
534.803772
531.758362
533.681519
530.610107
534.802246
536.472229
534.147705
533.546692
529.082886
533.058105
536.306458
532.206909
534.137390
533.587341
533.367676
533.785034
528.942200
533.307068
536.966858
534.054321
534.856812
531.618286
532.485840
534.040405
530.228943
534.150879
536.095154
538.401123
545.961182
543.822083
533.521790
531.970642
534.713562
531.428040
534.558167
535.272766
533.842773
533.369446
528.490234
532.985168
536.745667
533.343445
534.520752
532.318542
532.630066
533.686157
529.248413
533.744141
536.605042
533.730957
534.004272
530.291748
532.563782
534.932373
531.180908
534.376343
535.446167
538.623840
546.231995
543.582092
532.775024
532.126770
535.453369
532.634094
534.898071
534.032410
533.351257
533.466309
528.687561
533.272949
536.767090
533.498535
534.094177
531.293213
532.922424
534.466553
530.028625
534.519409
536.830994
533.962402
533.244324
528.932495
532.442139
535.573242
531.896240
535.085144
535.793762
534.742249
530.247375
516.914124
516.243225
528.808838
537.700928
534.357422
534.699341
532.379395
532.622009
533.598572
529.424072
534.200806
537.037415
533.830200
533.467896
529.703857
532.518921
535.060791
530.979431
534.668152
535.935425
533.863892
533.327881
528.707642
532.545349
536.180481
533.055054
535.388794
534.067688
533.294922
532.687927
527.566772
534.219788
540.156860
540.507812
533.439819
533.373962
531.252625
533.014893
534.244629
529.673401
534.238220
536.776428
534.203430
533.711731
529.492920
532.885315
535.811096
532.046692
534.983826
534.634827
533.244019
533.369385
529.251831
533.809631
536.874512
533.342224
534.972351
532.902832
533.061523
532.862854
528.780273
536.738098
542.618713
541.604919
533.808228
532.907166
529.954163
532.780945
535.055664
530.853821
534.679260
535.747925
533.558838
533.118591
528.891602
533.202454
536.607178
532.933594
534.942932
533.665649
533.106262
533.204407
528.709167
533.729614
537.047913
533.796082
534.557617
531.599731
532.906616
533.487488
530.038025
538.020935
543.159546
541.179260
533.891052
532.845276
529.380432
532.768616
535.496948
531.758362
534.981079
534.836609
533.323730
533.121094
528.866577
533.611633
536.661682
533.072998
534.539734
532.591919
533.063049
533.436951
528.919495
534.004822
537.087585
534.189087
533.906128
529.809021
532.134644
534.136475
531.273010
536.883423
538.410034
536.724487
532.320740
532.689941
529.197388
533.213501
535.892639
532.018005
534.479797
533.607178
533.361877
533.458008
528.922913
533.813904
537.020691
533.811340
534.261841
531.022278
532.675293
534.220032
530.147766
534.601868
536.538330
534.094604
533.785583
529.388306
532.551147
534.935974
532.065735
536.247925
535.215271
533.490845
531.420410
532.784912
529.123840
533.502197
536.542664
532.975159
534.202759
532.114136
532.974304
533.899231
529.653748
534.328491
536.528381
533.561096
533.918457
530.357300
532.781189
534.570618
530.807861
535.079651
535.985901
533.701660
533.047180
528.637329
533.158691
536.497009
533.683533
534.902527
530.017822
528.095032
529.794983
533.292053
529.856689
534.006409
536.425842
533.104309
534.018616
531.397400
533.300659
534.568787
529.912781
534.125732
535.969238
533.823914
533.714355
529.465515
532.963745
535.620972
532.092651
535.197388
534.519409
532.900208
532.581909
528.519043
533.569153
536.656738
533.916931
534.610291
529.316467
529.019531
531.665405
534.580139
530.002747
533.776855
536.109619
533.741821
534.355957
530.636536
532.718750
534.701172
531.397888
535.746826
535.932373
533.052490
532.301636
528.383545
533.365601
536.542664
533.018127
535.063171
533.512939
533.250610
533.519409
529.010620
533.955750
536.893616
533.661621
533.061218
530.027222
537.604797
546.318298
543.627563
532.749329
533.827698
535.308289
533.040100
533.236938
529.691956
533.404053
535.791077
532.140198
535.257568
534.618896
533.221863
532.819580
528.432190
533.420044
536.851196
533.909912
535.110291
532.179077
532.675964
533.824524
530.050842
534.706055
536.128784
532.625488
531.978760
529.412598
538.510376
547.335327
544.292053
532.843262
533.502563
534.831604
533.745300
533.633423
529.130432
532.918701
535.782471
532.902954
535.454041
533.766235
533.144470
533.171509
528.846436
533.680115
536.095703
532.983276
533.937134
531.166992
533.096863
534.342163
530.299744
534.705383
535.927979
533.440674
532.430054
528.932739
537.945862
546.560974
544.262756
533.863647
534.222900
533.769348
532.492981
532.264893
528.517029
533.955139
536.769348
533.147339
534.198120
531.691711
533.013245
534.279419
530.107666
534.325195
535.766296
533.198486
534.208008
531.133484
533.650269
534.839233
530.734741
534.859985
535.784485
534.229004
533.570984
529.666077
533.892029
531.981812
522.028137
521.510132
531.550110
533.856262
532.750183
532.685913
529.456116
534.786072
537.010193
533.444336
533.726990
530.555542
532.907959
534.788208
530.902649
534.991577
535.678711
533.164185
533.369202
529.921143
533.956665
536.263733
532.181641
534.348816
533.558716
533.342346
534.058167
530.622620
534.544189
531.764709
522.191772
521.621399
531.048584
533.145752
533.609680
533.892578
529.922424
534.630676
536.336792
533.563477
533.850769
529.874695
532.458801
534.555908
531.363831
535.344360
535.223999
533.195984
532.865112
528.992493
534.147766
537.275391
533.442383
534.489624
532.053284
532.715271
534.068115
530.133728
533.810059
535.170227
536.763733
545.269592
544.832275
535.535034
532.438354
533.818298
530.700012
534.618408
535.102661
533.134460
533.891357
530.221252
533.543152
535.556458
532.047180
535.076111
534.042358
533.117920
533.121521
528.760132
533.675049
536.557983
533.638184
534.624939
531.421875
532.406250
533.721069
530.331665
534.479126
535.619568
538.203247
546.368591
544.778137
534.463379
532.633484
534.772644
532.016174
535.129028
534.387695
532.524109
532.926758
529.801270
534.705139
537.007385
532.987183
534.351135
532.335266
533.049683
533.734436
529.165039
533.646423
535.798706
533.492188
534.597229
531.076538
533.061096
534.576294
530.899719
533.939209
534.292419
537.625610
545.236572
543.068909
532.956055
532.573486
535.170105
532.624817
535.410889
533.788879
532.487854
532.435120
528.840820
534.565979
537.436096
534.123596
534.747559
531.490662
532.824707
534.178345
530.311035
534.653442
535.733521
533.247864
533.648987
529.895142
533.111755
535.782776
532.708313
535.683105
534.828003
533.281189
529.239014
517.130981
517.233398
529.909485
538.045532
534.667358
535.010010
532.365540
532.722961
533.694336
529.726074
534.340942
536.336487
533.735352
534.458313
530.828552
532.998840
534.966675
531.456726
535.021240
534.801636
532.462524
532.849121
529.676636
533.856018
536.490051
533.165466
535.273621
533.893616
533.567993
529.322021
516.176819
515.930786
529.360657
537.655701
534.571594
534.658997
531.756042
533.142029
534.416809
530.461304
534.631775
535.241821
532.803223
533.715820
530.352112
533.759583
536.105042
532.720032
535.462097
533.908630
532.278442
532.783325
529.182129
533.974304
536.655457
533.491211
534.973633
532.369568
532.663208
533.005005
529.990906
538.312073
542.924438
539.986938
532.704895
533.425110
531.231323
533.803650
535.218506
530.992249
534.404175
534.540588
532.866272
533.122375
529.102417
533.123718
535.820496
532.920593
535.492554
533.340088
532.346497
532.779358
529.231323
534.520569
537.020691
533.827209
534.545776
531.365662
532.840576
533.882935
531.801086
540.647766
544.633606
540.292419
532.894165
532.646423
529.547607
532.882812
535.451721
532.635193
535.821167
534.138672
532.194092
532.580200
529.470703
534.731384
537.298523
533.610168
534.516602
531.657349
532.399719
533.836182
530.235413
534.880615
536.183289
533.321716
533.956604
530.392639
533.125916
534.910278
531.957581
536.497986
535.407715
533.043945
530.472168
532.580872
529.662109
533.574524
536.228760
533.232300
535.583252
533.348267
532.548462
532.993713
529.408264
534.623413
536.753601
533.508301
534.013428
530.673523
532.875977
535.012329
531.201294
534.826782
534.971924
532.538391
533.057739
529.551880
533.256775
535.705322
533.287964
536.291016
532.844116
530.335388
529.710876
532.752197
530.169800
534.503418
536.629333
533.035156
534.112000
531.285034
532.662720
534.527954
530.707275
534.640198
535.437988
532.771423
533.689941
530.352783
533.499268
535.797913
532.191956
535.178528
534.060730
532.212585
532.999451
529.459595
533.437500
535.603943
533.356567
535.682495
530.956116
529.198486
530.405090
533.031738
529.519653
534.281433
536.957031
534.243774
534.610107
530.620239
532.578613
535.117798
532.052795
535.481079
534.866455
532.263611
532.872192
529.321167
533.242981
536.158203
533.423096
536.014343
533.519226
531.921021
532.623657
529.538940
534.532593
536.548279
533.724304
534.467529
529.309937
530.083191
533.185852
535.817566
531.008911
534.221680
535.354858
533.020996
533.730225
529.947693
532.787231
535.199646
532.172119
535.669678
534.600281
532.656860
532.978699
529.364075
533.680725
536.278503
533.500854
535.664795
532.867798
532.311707
533.154358
529.746582
534.755005
536.496155
533.739441
533.373535
527.609619
529.948120
534.078308
536.671875
531.958435
535.199829
535.062927
532.408325
532.821594
529.612183
533.917603
536.300049
532.588989
534.935669
533.505249
533.122620
533.579285
529.508728
533.984497
536.171021
533.101685
534.220276
531.072937
532.706238
535.085632
531.805969
535.169250
535.009644
532.400574
532.507812
529.381348
537.444641
545.565063
543.554504
534.015686
535.014771
534.292725
532.341431
532.483276
529.202576
534.031982
536.165588
532.698547
534.523193
532.357971
533.126465
534.444580
530.527527
534.528870
536.102722
533.493713
533.943420
529.890930
532.586548
535.619141
532.606018
535.729004
534.273071
531.959778
532.215576
529.786438
537.896362
544.309448
541.952881
533.406006
534.633972
533.362000
532.846436
533.345947
529.381348
534.043518
536.443909
533.634521
534.558838
531.131165
532.645996
534.612000
531.459229
535.530518
535.611267
532.472839
532.733459
529.341797
533.396423
536.337646
532.796082
535.035767
533.320557
532.280884
533.228394
530.651367
534.982422
531.760681
521.525940
521.018799
530.984375
533.212036
533.436646
534.211487
530.641174
534.718933
535.926025
533.692505
534.761108
530.549988
532.081543
534.331055
532.046814
536.493103
535.542847
532.278259
532.229492
529.401794
534.490540
536.805786
532.470886
533.767639
532.029175
533.277344
535.080933
531.414795
534.149048
530.633301
522.771973
523.417969
532.278870
532.302612
532.427856
533.490479
531.121277
536.180969
536.166992
532.604065
532.750183
529.663269
533.672852
536.039307
532.341553
534.787903
533.572021
533.131958
534.079895
529.605957
533.294312
535.980042
533.900330
535.770813
532.153687
531.966187
533.312500
530.665100
534.837830
535.477112
537.330200
545.384766
544.010925
534.014038
532.292725
534.972656
532.371216
535.462646
534.504944
532.610046
533.224915
529.393250
533.492798
536.384033
533.762878
535.707886
532.566101
531.995422
533.530273
530.565063
534.763428
535.763062
532.648804
534.141296
531.257874
533.018982
534.622070
530.930298
533.970032
534.453918
538.055054
546.426575
544.196350
533.049561
531.788391
534.975952
533.154785
535.745972
533.393677
532.026917
533.176575
529.928406
534.221436
536.051941
532.990173
534.655762
531.717529
532.421387
533.743225
530.290039
535.068481
536.357483
533.621643
533.882507
529.764282
532.518860
535.161194
532.353943
534.839722
533.741150
537.552551
545.957031
544.005310
533.327881
532.757690
535.258911
533.011780
534.936218
532.366943
532.350220
533.631409
530.313171
535.101379
536.870300
533.634033
533.968994
530.187683
532.246521
534.527283
531.385803
535.260803
535.090393
532.730347
533.158508
529.396484
533.282288
536.224792
533.271729
535.553284
534.004761
533.687378
530.501221
518.508118
517.969116
529.752747
537.099304
534.285767
534.814270
531.355347
532.135376
534.010254
531.108521
535.413147
535.703918
532.684753
533.396729
530.056152
533.078979
535.468933
532.209778
535.226013
534.148743
532.648926
533.317688
529.590759
533.866821
536.273560
533.220886
535.123840
533.030090
533.548523
530.013000
517.591187
517.415833
530.393311
537.615234
534.480225
534.025391
530.403076
532.894287
535.161621
531.621033
534.991211
534.597046
532.677856
533.671570
530.015808
533.448181
535.631470
532.569397
535.124146
533.161621
532.519531
533.402649
529.748535
534.261353
536.421082
533.570435
534.748474
531.151367
531.959595
533.457520
531.892761
540.372925
544.145569
540.265930
533.256287
533.170227
529.728394
532.394958
535.098083
532.441772
535.866211
534.255554
532.267822
533.113525
530.018311
534.470764
536.562927
533.249207
534.695251
531.737915
532.156311
533.723755
530.430542
535.033386
536.426331
533.471130
533.938171
530.078796
532.068726
533.937500
533.371521
542.830322
545.899475
539.949646
532.674072
532.892090
529.917664
533.680176
536.439270
533.419556
535.493774
532.967041
532.324707
533.482117
530.081726
534.573059
536.401367
533.501831
534.694397
531.177734
532.242798
534.136780
531.072083
535.431458
535.964966
533.305359
533.712524
529.746826
532.476318
534.717529
534.884460
544.213989
546.155151
538.774719
532.021851
532.348022
529.593079
534.060425
536.668274
533.702881
535.077637
531.721497
532.222290
534.282959
531.291443
535.513794
536.083801
532.744568
533.623474
530.437866
533.249634
535.411316
531.884521
535.336792
534.941101
533.135193
533.615356
529.398071
532.904175
535.554382
533.763428
536.043274
530.628479
528.111389
529.522766
533.469849
530.462524
534.545227
536.715210
533.919434
534.868408
530.923401
531.998352
534.079407
531.321716
535.858337
536.084106
533.129395
533.217102
529.306946
532.925049
535.940857
533.076050
535.655029
533.528809
531.954468
533.069702
530.001282
534.439148
536.870789
534.469788
534.480042
526.674194
524.612061
528.934448
534.236450
531.309509
535.056091
536.089111
533.284546
533.993286
530.162720
532.593506
535.037292
532.124634
535.545166
534.745544
532.756226
533.360718
529.715332
533.838257
536.502686
533.506714
535.129517
532.075439
531.765564
533.546936
530.542480
534.848267
536.269409
533.787231
534.302734
528.525757
529.595886
532.921875
535.645874
531.474243
535.011414
535.531250
533.275269
533.658752
529.536743
532.984985
535.848816
533.020996
535.521790
533.310242
532.376160
533.808960
530.339844
534.231018
536.160461
533.419434
535.183105
531.722168
532.048340
533.589050
530.867554
535.940613
536.825500
533.857910
533.415466
527.645569
530.580322
535.097534
537.646179
532.637268
534.830322
534.110107
532.680969
533.746948
530.098450
533.867065
536.315002
533.281067
535.154236
532.186707
532.054626
533.762634
530.696533
535.309937
536.513062
533.307312
534.337708
530.787659
532.520020
534.846619
531.869202
535.562866
535.445251
533.291992
532.854736
528.946655
536.805115
544.724304
543.357300
534.563538
534.841370
533.013245
532.100342
533.257812
529.967407
534.403076
536.400757
533.389709
534.590332
531.261475
532.293823
534.232544
531.038818
535.209229
536.044189
533.515686
534.024353
529.772705
532.345398
535.134033
532.631897
535.838013
534.396606
532.728821
532.851990
529.475403
537.574890
544.291077
542.398438
533.865601
534.215637
532.011841
531.950073
533.379211
530.350220
534.955994
536.295776
533.264221
534.191772
530.659973
532.742188
535.030029
531.615540
535.188232
535.146057
533.266602
534.000977
529.877441
533.019775
535.427979
532.785950
535.769958
533.772461
532.756531
533.618286
530.854492
535.007080
532.006348
523.007446
522.793152
531.558960
532.143005
532.664734
534.451172
531.648682
535.644165
535.909180
532.979431
533.611328
530.296021
533.582825
535.842346
532.241760
535.122009
533.984314
532.809753
533.572083
529.260437
532.947205
535.840759
533.951782
535.988953
532.299194
531.698853
533.477112
531.395691
535.455750
531.714600
523.145020
522.952393
531.253662
531.684998
533.272156
534.777771
531.775452
535.787292
535.465088
532.894348
533.229736
529.484131
533.657776
536.729187
533.413513
534.906982
532.230652
532.102844
533.931213
530.393005
534.195007
536.122925
533.763794
535.405273
531.634644
532.226013
533.873413
531.686584
535.738098
531.796265
524.507568
524.499512
531.588257
531.036865
533.525330
535.501648
532.335754
535.335876
534.201965
533.070435
533.688416
529.562988
533.582214
536.303284
533.647217
534.971741
531.332764
531.668518
533.921997
531.007141
535.039246
536.032288
533.393066
534.520935
530.897339
532.787842
534.808105
531.558350
534.144775
533.928589
538.077393
546.796631
544.477539
533.021057
532.024780
535.168457
533.167175
535.141235
532.666809
532.386169
533.852051
530.260132
534.405823
536.291443
533.578430
534.677856
530.596741
531.661865
533.805786
531.114685
535.517395
535.918945
533.264832
533.514709
529.177856
532.148132
535.146790
532.536804
534.469543
532.929321
537.806091
546.814453
544.744934
533.511902
532.840576
535.340332
533.264648
534.900757
531.526733
531.830322
533.778442
530.953491
535.539978
536.332642
533.114441
533.453857
529.363281
532.094666
535.330750
532.760010
536.082397
535.353394
533.447754
533.722473
529.272827
532.750671
535.691406
533.217346
535.408508
533.582397
533.698547
530.201050
517.686035
517.305725
529.933594
537.272400
534.230164
534.074219
530.175720
532.105042
535.026245
532.301880
536.020447
535.781677
533.044067
533.277283
528.939819
532.446228
535.735535
533.086548
535.420898
533.385376
532.306274
533.493652
529.611084
533.166626
535.393738
533.199585
535.182312
532.632446
533.705017
530.622253
518.387146
517.933716
530.362122
536.885498
534.135437
533.782898
529.593750
532.058594
535.076233
532.631897
536.089050
534.810852
532.368591
532.551270
528.606079
532.955505
536.299011
533.800171
535.510864
532.577087
532.669128
534.241760
530.328491
534.023438
535.559753
533.172791
534.707275
531.992249
533.508789
530.325928
518.782471
518.768738
531.156921
536.909119
534.294067
533.282532
528.598022
531.943237
535.719421
534.088379
536.998413
534.328979
532.523682
532.771057
528.756531
533.529907
536.972656
534.587219
535.135559
530.890503
531.826172
534.656860
531.851257
535.273254
534.922119
532.181152
533.878296
530.520264
532.409485
533.852112
533.637207
543.340637
546.248169
540.028687
533.061035
532.203369
528.130127
532.565735
536.885193
534.790222
535.533264
531.467896
531.475220
533.988708
530.826172
534.408997
535.597046
533.105713
534.519409
530.808960
532.458862
534.664978
531.691162
535.502441
535.313782
533.337830
534.053711
529.490417
531.674805
534.166321
535.919556
545.771912
546.936157
538.244934
531.416016
531.756104
529.308960
534.475830
537.311157
534.403503
534.863037
530.685425
531.981812
534.904663
531.784058
535.102112
535.411499
533.239197
534.290527
530.358887
532.781494
534.815063
531.627930
535.128540
534.656921
533.571350
533.885742
528.983459
532.635681
536.528137
535.415039
535.624695
527.446167
524.548828
528.062561
533.842651
531.431885
534.988647
536.382385
533.639709
534.513184
530.238281
531.828918
534.382263
531.872437
535.817078
535.112183
532.742676
533.763062
529.909485
532.968689
535.479309
532.837891
535.271362
533.194641
532.899902
533.905212
529.452515
533.418884
536.464966
535.396484
535.073486
525.544861
522.423645
527.179932
533.810852
532.452820
536.401978
536.464966
532.979370
533.365967
529.792603
533.116821
535.755371
532.366943
535.190491
534.124023
533.284302
533.874756
529.289246
533.075745
536.163147
533.787354
534.953064
531.322754
531.974365
534.412720
530.887817
534.554993
536.246948
534.475403
534.507263
527.774048
528.889771
532.847107
536.400391
532.792786
535.820923
535.209900
532.976746
533.513428
529.231323
532.730042
535.671448
533.013428
534.977966
532.695557
532.821228
534.265625
530.159668
533.650085
535.505066
533.550781
535.380493
531.418213
532.059509
533.880371
530.991028
535.732178
536.589111
534.181335
533.151550
526.531006
529.854858
535.250427
538.621216
533.836853
535.093384
532.943542
532.031494
533.920044
530.237610
533.411133
535.489014
533.301575
535.485718
532.423950
532.432678
533.809753
530.377747
534.428162
535.627441
533.314758
534.284058
530.394714
532.761475
535.279968
531.930542
535.024536
534.544739
533.334656
533.277405
527.457825
531.825134
537.169556
539.319214
533.863770
534.576599
532.413757
532.845337
534.842651
530.738037
533.669250
535.483582
533.843872
535.574341
531.319031
531.813354
533.716187
530.879211
535.221741
535.758728
533.357727
533.589966
529.283875
532.646912
535.890930
533.162781
535.564941
533.515381
532.373413
532.721558
529.344421
536.879333
542.943604
541.624207
534.294861
534.496521
531.232361
531.852600
534.340332
531.256836
535.017578
535.943237
533.778381
534.634033
530.428040
532.599548
535.104736
532.007446
535.154785
534.579712
532.740845
533.150269
529.214661
533.512451
536.601257
533.596375
534.966492
532.159485
532.396790
533.362976
529.975708
537.052734
541.667847
540.149780
533.710999
534.150024
530.946472
532.408813
534.384644
531.000061
534.731018
535.242126
533.557800
533.901367
528.950623
532.042725
535.787842
533.866760
536.076965
533.204529
531.926331
533.473938
529.871094
533.945251
536.455933
533.873108
534.885620
531.204041
532.181946
534.139465
531.320251
534.795898
531.519470
525.154480
525.675720
532.312927
530.380859
531.873962
534.835266
532.817566
535.674316
534.193665
532.941772
534.134766
529.642029
532.815491
535.436279
533.044922
535.089966
532.330688
532.436157
533.839233
529.875305
534.177124
536.574280
534.201843
534.442017
529.740540
531.624146
534.848755
533.003235
535.939148
531.117310
524.941162
525.604126
532.050537
530.528442
533.173462
535.635620
532.843506
535.152771
533.394104
533.114441
534.158447
529.441650
533.097351
536.081177
534.057373
535.071716
531.115173
532.252441
534.555908
531.068237
534.627075
535.498718
533.575317
534.521301
530.160767
532.494873
535.161499
533.090820
535.495422
530.662354
526.660645
527.909973
532.682007
529.609741
532.940552
536.228394
534.054688
535.292297
531.672241
532.182373
534.442200
530.592590
533.842163
535.360901
533.701050
535.043213
530.715332
532.213745
534.622253
531.815674
535.495667
535.153076
533.091187
533.610901
529.344910
532.766968
535.967590
533.370605
534.267090
531.920471
537.651001
547.187805
544.975769
533.102722
532.399414
535.243469
534.160034
535.418945
531.230286
532.008728
534.085632
531.096802
535.209473
535.919006
533.498291
534.062805
529.917786
532.832336
535.602905
532.494019
535.069580
533.878601
533.217834
533.927246
529.132019
533.092590
536.737366
534.448853
534.225098
530.622314
537.008911
546.738403
544.863403
533.453125
532.979919
535.146301
534.021729
534.756287
530.060669
531.914001
534.845215
531.834106
534.995239
534.683777
533.303772
533.861816
529.079590
532.539551
536.030334
533.741272
535.370239
532.269226
532.068542
534.029785
530.297180
533.938293
535.979431
533.901428
535.114258
531.456848
532.653381
530.348755
519.181335
518.895691
530.732910
536.505127
534.111755
534.006226
530.172791
533.174866
535.556702
532.108887
534.793762
534.063843
533.630310
534.222046
529.464783
533.303711
536.342407
534.021484
535.099731
531.556091
532.454590
534.304810
530.195312
534.025146
536.083801
534.348511
534.591553
530.455200
533.111633
531.353149
520.327454
519.432739
530.488953
535.717224
534.791138
534.654175
529.596802
532.396729
535.557861
533.631165
535.675354
532.797180
532.538147
534.097839
530.129578
533.902283
536.075500
533.707642
534.286682
530.146118
532.232544
535.226135
531.937805
534.995056
535.131653
533.493835
534.424316
529.876465
532.051331
534.443359
535.088745
543.993469
545.494019
538.389709
532.625183
533.012146
529.256287
533.018555
536.159851
534.247803
535.365906
531.593262
532.468079
534.654785
530.814819
534.197205
535.586975
534.010864
534.723511
529.999695
532.191895
535.341431
532.470337
535.169983
534.254028
533.031067
533.835083
529.206848
532.124695
534.953552
536.716125
545.423950
545.305359
536.372070
531.784790
533.437805
530.313049
533.964417
536.081116
533.948975
534.609253
530.310303
532.175598
534.997864
531.616638
534.761780
534.976929
533.763062
534.332520
529.469849
532.557068
535.903748
533.409302
535.429810
533.265503
532.817200
534.116638
529.833801
533.026672
535.853943
534.942200
534.645203
525.331665
522.741272
528.165039
534.732056
531.980530
535.096313
536.058533
533.582458
533.805359
529.590088
532.936646
536.114807
532.874084
535.127014
533.962158
533.236511
534.074829
529.290344
532.775635
535.843140
533.495972
534.851135
531.658813
532.387207
534.468262
530.473328
533.933167
536.067139
534.768372
533.341675
523.085510
521.177979
528.454041
535.201172
531.997864
534.658752
535.010437
533.661011
533.869080
529.014099
532.802124
536.522705
533.747253
534.860779
532.229675
532.668030
534.494751
530.070068
533.479614
536.105469
534.236328
535.119812
530.829224
531.730530
534.081299
530.930786
534.891907
536.281616
534.859253
531.995728
519.956665
518.274597
528.064026
536.440552
533.510010
534.775208
533.479004
533.053284
534.190735
529.977722
533.825134
536.351807
533.369324
534.443420
531.521729
532.905273
535.027161
530.469482
533.600647
535.791504
534.272949
534.559082
529.593018
531.610413
535.083923
532.578491
535.588806
534.871643
533.733276
533.809814
528.043640
531.983337
536.847656
538.672119
533.288452
534.332214
532.416382
532.690002
534.209595
529.947998
533.778992
536.223206
533.963013
534.626648
530.683289
532.502441
535.205505
531.703125
535.120361
535.823792
534.107666
534.295898
529.542603
532.604614
535.581055
532.562927
534.981079
533.753723
533.472717
533.754456
528.886597
534.372375
539.418396
539.939453
533.626221
533.300964
530.389587
532.456604
535.540527
531.348694
534.121887
535.435974
534.083923
535.061707
530.270935
531.996948
534.822266
532.101501
535.148254
534.626648
533.399902
534.033264
529.337402
532.855530
535.720459
532.940308
534.598877
532.304810
533.057678
534.025085
530.031555
536.633728
541.418335
540.128662
533.502625
533.394470
530.119995
532.306030
535.241943
532.000122
535.233826
535.379639
533.649353
533.834961
529.128479
532.592285
536.119446
533.293457
535.109375
533.224976
533.182068
534.422424
529.822998
533.514954
536.434204
534.149353
534.759155
530.653442
532.058289
534.432983
531.365784
536.687073
538.964355
537.582642
532.930664
533.446838
529.647278
532.336121
535.472168
532.455444
535.234436
534.462158
533.742615
534.316589
529.300842
532.668762
535.569946
533.179077
534.969360
532.385986
533.001160
534.473572
530.234253
534.234497
536.657898
534.358521
533.930176
529.101074
531.770752
535.646484
533.331909
535.388733
530.564392
525.322021
526.370789
532.327759
530.291748
533.187073
536.087341
533.307007
535.170349
533.124756
532.910583
533.780212
529.273438
533.455139
536.534790
534.036316
534.303406
530.595642
532.760559
535.550842
531.131531
533.727295
534.738831
533.670959
534.451965
529.645203
532.183960
535.308716
533.381409
535.625488
530.492188
526.421997
527.709290
532.605103
529.836487
533.545593
536.797913
533.964966
534.414673
531.274231
532.816711
534.850647
530.191040
533.558655
535.660339
533.971497
534.513306
530.065125
532.379700
535.458984
532.170410
534.701904
534.210754
533.074585
534.111450
529.787415
533.266663
536.403381
533.296753
533.666870
531.650818
538.078186
547.453674
544.589294
532.463806
532.653137
536.012512
534.230774
534.363403
530.308716
532.190430
535.011841
531.309998
534.581787
535.646729
533.972473
533.873718
528.888611
532.157471
535.942932
533.058472
535.019409
533.234619
532.574097
533.598572
529.638977
533.954956
536.783203
533.653442
533.401855
530.541260
537.536316
546.724854
543.973755
532.319153
532.966553
535.799744
534.027344
533.678528
529.308716
532.504578
535.980469
531.986145
534.195923
534.217163
533.852722
534.512329
529.294006
532.622742
536.258789
533.905273
535.335693
532.344666
532.432373
534.009521
530.068115
534.118164
536.344849
533.637268
533.972107
531.160889
533.749512
531.395813
518.627197
517.212341
529.524414
537.083313
535.660950
534.300903
528.848022
532.286987
536.458984
533.929688
535.651917
533.091797
532.310425
533.782776
530.061340
534.241089
536.702209
533.234558
533.739502
531.019104
533.293701
535.470642
530.650146
533.842834
535.515564
533.810547
534.329102
530.762878
533.154846
530.705627
519.577393
518.972473
530.520386
536.173523
535.188232
534.232178
528.874817
532.738708
536.741333
534.094482
535.073242
532.092957
532.336792
533.823425
529.929504
534.207947
536.548706
533.765869
533.612671
529.603210
532.517212
535.836243
532.046265
534.635071
534.774963
533.368347
534.095947
530.596008
534.063721
532.121338
521.302246
520.131592
530.437317
534.624329
534.070679
533.537842
528.836670
533.381409
536.932373
534.245605
534.314209
530.512939
532.330017
534.967041
530.824463
534.005920
535.459229
533.851990
534.119080
529.655457
532.621887
535.853027
532.258362
534.599731
534.134277
533.223816
533.578552
528.964722
532.491455
535.741333
536.906616
544.641846
544.222229
535.780029
531.870422
533.463623
530.080750
533.993225
536.365906
534.186707
534.398682
530.107605
532.475220
535.120667
531.159119
534.263672
535.031860
533.610657
533.590759
529.134583
532.993225
536.420593
532.862732
534.426575
532.908813
533.010193
533.962891
529.304260
532.812927
535.867310
538.082642
545.807983
544.237061
534.435974
531.369873
533.745605
530.665405
534.328918
535.877075
533.822205
533.705139
529.264282
532.669617
535.921204
532.090271
534.514587
534.210083
533.678467
534.003479
528.988708
533.118408
537.013489
534.414307
534.957886
531.329773
531.897095
533.996887
530.276550
534.692322
537.170532
534.746399
531.828735
521.152283
520.033569
528.675110
536.117798
532.330078
534.302673
534.883301
533.743408
533.972595
529.226868
532.848572
536.365662
533.296631
535.051270
533.198425
533.163574
534.056458
529.422180
533.680298
536.724426
533.939392
534.317627
530.818176
532.603882
534.858826
530.793823
534.266235
536.054993
534.734070
531.546082
519.474792
518.225525
528.610596
537.183105
533.679749
534.912903
534.435547
533.858032
533.870972
528.585266
532.505066
536.254089
533.755737
534.838013
531.815735
532.544373
534.224670
530.262207
534.661133
536.957520
533.971436
533.688782
529.771851
532.966370
535.915039
531.801331
534.660645
535.727478
534.893311
530.847717
517.528870
516.332642
528.334595
537.804749
534.659241
534.794861
532.698914
533.077576
534.153687
529.465942
533.492676
536.635071
534.222046
534.660034
530.867676
532.527039
534.741394
530.840759
534.848694
536.107178
533.519592
533.188110
529.135071
533.082458
536.346802
532.464233
534.707275
534.173157
533.884521
533.272949
526.994507
532.354431
538.524292
540.611084
534.712402
534.545410
531.340881
531.891663
533.884094
530.166565
534.403320
536.384766
533.961731
534.035461
530.033691
532.641846
535.255920
531.321533
534.683350
535.513367
533.964966
533.333008
528.584045
533.348022
537.344543
533.818542
534.671326
532.461243
533.060181
533.585205
528.686035
534.717957
540.071350
540.429626
534.239929
533.934204
530.599243
532.212463
534.363953
530.685669
534.957947
536.207764
533.641663
533.021667
528.945374
533.241333
536.669495
532.580811
534.144531
533.443787
533.312134
533.684387
528.618530
532.731506
536.618896
534.135742
534.839722
531.396057
532.328430
533.513184
530.147583
537.161011
541.373779
539.776978
533.255005
533.072571
530.065491
533.001831
535.332703
531.184875
534.581848
535.612488
534.376465
533.447021
528.171814
532.699524
536.871643
533.895935
535.069031
532.575745
532.831848
534.006104
529.720520
534.306213
536.970398
534.026855
534.355225
530.864319
532.825684
534.032776
530.562012
536.910950
539.729004
538.298706
532.867065
531.954468
528.062622
532.617188
537.036499
533.572998
535.064636
533.698059
533.488708
534.156067
529.335388
533.346741
536.308960
533.392395
534.527771
531.580566
532.629944
534.106445
530.224731
534.924255
536.803162
533.730042
533.066284
529.020630
532.765076
535.627197
532.236511
536.006042
535.796631
534.749878
532.465332
532.948242
528.454407
532.740845
536.949890
533.933228
534.844604
532.293030
532.818787
534.037659
529.864319
534.054810
536.086792
532.972351
533.691833
530.869080
533.563232
535.356140
530.809326
534.647034
536.225708
534.193359
532.908997
527.895386
532.271423
536.483398
534.063965
535.476685
530.262390
527.218262
528.615784
532.543274
529.116272
533.079346
536.447998
533.912048
534.899719
531.849792
533.166687
534.516113
530.077026
534.512146
536.723938
533.812927
532.967712
528.899841
533.009888
536.314636
532.308167
534.877014
534.691528
533.529785
533.253235
528.218445
532.354187
536.217651
534.302490
535.353027
529.956665
528.868347
530.811096
533.430725
529.426086
534.332886
537.403503
533.881592
533.071777
529.583252
533.275940
536.152283
531.692810
534.472412
535.254883
533.700684
533.491150
528.754883
532.593628
536.475464
533.623840
535.918396
534.174194
532.794312
532.592468
528.607910
534.261780
537.581360
533.665771
532.410400
529.894287
538.624268
548.468872
545.207214
532.502625
532.744568
535.605103
534.401794
534.403137
529.787781
532.570618
535.465515
532.508362
535.897034
535.231201
533.218262
532.890686
529.025452
534.295593
537.447205
533.131775
533.889709
532.231201
533.637939
534.335632
529.010193
533.253113
536.531860
534.757874
533.884216
529.439331
536.742981
545.950256
544.024719
533.648376
534.735413
535.972168
533.583069
532.600037
528.462463
533.378784
536.804932
532.762268
534.473938
533.553833
533.642273
533.806519
528.780823
533.341309
536.784302
534.359985
535.007385
531.162048
531.991028
533.461182
530.056213
535.266174
536.896423
533.629089
532.856201
530.191101
534.659424
532.304993
519.553894
517.804810
529.443909
535.595032
534.769165
533.760498
528.881042
533.301636
536.715820
533.767578
535.219360
532.483704
532.802063
533.702087
529.732849
534.816589
537.308167
534.007324
533.555542
530.074707
533.324097
535.546082
530.847168
534.156921
535.289246
534.161255
534.032715
530.096680
533.840881
531.626282
520.807617
520.213135
531.348877
535.183899
533.795471
532.635803
528.504456
533.975525
537.367981
533.948792
533.906677
530.701355
532.864075
534.780823
530.435791
534.326660
535.881226
533.844727
533.913940
529.629578
532.661804
535.229858
532.075439
535.831299
535.342896
533.184631
532.264893
528.074829
533.139648
536.500977
536.760376
543.671936
543.438354
535.908325
532.743286
533.731445
529.732910
533.573547
535.729248
533.660156
534.666260
530.904724
532.707214
534.333008
530.964233
535.742554
536.385986
533.324097
532.006592
528.045776
533.732056
537.551025
533.458191
534.609314
532.980225
533.214294
533.875122
529.314697
532.941589
535.530701
537.695740
546.155945
545.395691
535.792664
532.073547
533.176025
530.039978
534.807373
536.503662
533.813049
533.175598
529.458374
533.818176
536.474609
532.001770
534.554871
534.678040
534.390503
533.965393
528.532654
532.776367
536.491821
534.118408
535.386047
532.113281
532.422791
533.776123
530.377441
534.395508
535.875610
537.829651
545.576782
544.185181
534.591492
532.618286
534.322998
530.625244
534.282227
535.396912
534.214905
533.570129
528.596924
532.865540
536.471191
533.575867
535.376282
533.101624
532.587769
533.496948
530.036133
535.026184
536.922241
532.990356
533.471680
531.093323
533.675232
535.016907
530.302246
534.539490
537.149231
536.020508
531.884094
519.102478
517.719727
528.146301
536.450317
533.610718
535.787903
534.747986
533.367371
533.292725
529.467224
534.443359
536.564819
532.484924
533.777283
531.958496
533.387817
534.086914
529.498901
534.175598
536.804443
534.443054
534.071167
529.729431
532.346741
534.979553
531.863403
535.821289
536.333313
534.717285
530.467041
518.093872
517.935120
529.964417
537.544434
533.255005
534.126282
532.943970
533.664490
534.204285
529.458008
533.998108
536.642700
533.979858
534.543701
530.862122
532.383362
534.112671
530.910461
535.655334
536.590027
533.701843
533.296875
529.656006
534.025208
536.376160
531.889526
534.259338
533.868591
533.853821
533.218628
528.148376
534.828308
540.419189
540.377380
533.811401
534.551208
531.978943
532.408691
533.696838
530.503662
535.769348
537.277161
533.609070
533.135437
529.783325
533.398987
535.829712
531.864380
535.084839
535.007812
533.773376
533.961609
529.585571
533.465027
536.075439
533.279785
535.695435
533.479187
532.895264
532.758057
529.675110
538.153076
543.537048
541.398926
533.246338
532.775757
530.787659
533.703979
535.554138
531.018799
534.491699
535.501526
534.067139
534.258667
529.587036
532.534485
535.349976
532.935303
536.264526
534.658875
532.911926
532.853821
529.377380
534.817322
537.355835
533.447327
534.197632
531.790649
533.611084
534.262939
530.207214
536.832458
540.517639
539.023560
533.233276
533.414490
530.267395
533.082703
535.643738
532.598755
535.973938
534.921936
532.868958
533.261475
529.962219
534.796265
537.062683
532.947876
534.705322
533.172485
533.987610
534.316101
529.417480
533.860596
536.458313
534.199646
534.925171
530.929443
532.441650
534.115295
531.853455
538.161011
538.857666
535.970947
531.039001
532.212524
530.195923
534.640930
536.741333
532.257751
534.495361
533.805542
534.091858
534.461792
529.623169
533.663025
536.262329
534.033081
535.606445
532.377563
532.724243
533.555054
530.286865
535.533142
536.556152
532.992859
533.210754
530.545654
534.524231
536.503479
532.423279
535.367004
534.129089
533.151978
532.356201
534.317322
529.899170
532.996521
535.927002
533.958191
536.369934
533.228271
532.214111
532.887268
530.041504
535.838074
537.536621
533.624756
533.672791
530.779724
533.678101
535.443420
531.132996
534.738770
535.415710
534.017273
534.249817
529.572937
532.738098
535.653809
533.822632
535.862854
530.298279
527.085693
528.591553
533.342285
531.344666
535.653809
536.917297
533.021240
534.362915
532.165222
533.584229
534.423706
530.211121
534.904053
536.446167
534.210022
534.268250
529.867981
532.657471
535.481567
532.583008
535.629333
534.158997
532.408569
533.514893
530.801453
535.407532
536.692993
533.040405
534.312805
529.835327
529.092407
531.318787
534.559387
530.710693
534.732117
537.042175
534.464600
534.300964
529.724670
531.862976
534.934814
532.606140
536.230408
535.255981
532.931946
534.172852
531.083008
534.167114
535.027832
531.141235
534.735291
534.260132
533.825134
533.973267
530.016907
534.826904
537.047485
533.700134
533.261230
529.900146
537.185242
546.863159
545.254150
534.582764
534.463440
535.162537
533.129456
534.047791
530.743652
533.368408
534.851074
531.467041
535.676514
535.485107
533.721558
533.220703
529.062256
534.089050
537.045410
533.626465
534.463867
531.388306
532.455444
534.780762
531.677917
535.824036
536.405701
533.050110
533.013611
530.047607
537.347046
545.025208
542.587708
533.135498
535.268921
536.231079
533.835999
532.882202
528.546021
533.115845
536.727417
533.695557
535.212402
532.623230
532.674622
534.561340
531.131470
534.950806
536.140747
533.158691
534.672974
531.371582
532.377502
534.138062
531.253235
535.953918
536.670959
533.763916
532.684204
528.695435
536.752930
545.462952
544.263855
535.018921
534.884949
533.072632
531.823730
533.473389
530.717651
534.738098
535.898010
532.476257
534.973022
533.019409
533.168518
533.581055
529.776001
534.933167
536.958008
533.992981
533.914001
529.805359
532.674316
535.896606
532.894714
535.511292
534.007996
532.399719
534.164429
531.655762
534.675415
530.803101
520.106445
520.384216
531.978638
535.167725
533.560181
532.749512
529.274231
534.895386
537.934692
534.819763
534.680359
530.459167
532.377014
535.213013
532.142700
535.490967
535.071350
533.035522
534.490601
530.689636
533.009827
535.282654
532.933716
536.369202
534.429871
532.108215
532.552002
530.467651
535.534668
533.324646
523.654663
522.645386
531.134338
532.278625
532.884277
534.605225
531.486084
535.205383
535.713379
533.056091
534.461731
530.893799
532.752563
534.622559
531.605835
535.588684
535.463074
533.563477
533.420837
529.118164
533.405151
536.777344
534.009399
535.613892
532.465088
532.024658
533.734009
530.505066
533.923706
535.155457
537.444519
546.710266
546.035034
535.416199
530.985657
532.784485
531.007324
535.873230
536.593567
533.967407
533.489563
528.768494
532.312927
536.174805
533.741333
535.661621
532.955200
532.102539
534.215820
530.906067
534.091370
535.384216
532.778320
535.383057
532.488892
532.185425
533.284424
530.463745
534.985413
536.408813
538.398499
546.086853
544.036865
533.441589
531.770264
535.195251
532.826782
535.482361
534.522522
533.290466
534.430908
530.012207
532.678223
534.965820
532.982605
536.235291
533.656921
532.542358
533.076660
529.517151
534.656555
537.559509
534.501587
533.948486
529.506348
532.034119
535.848206
532.803406
534.423523
533.397522
537.319763
547.602539
546.432373
534.556213
531.281311
533.472656
532.167542
536.063477
534.573669
532.924072
533.172913
529.142212
533.765564
536.891357
534.144958
534.870117
531.121643
532.384338
534.967529
531.420532
534.614502
535.275635
533.573364
535.051758
530.493958
531.855347
534.402039
532.185913
535.963501
535.680359
534.397034
530.987976
518.449219
517.104065
528.344360
537.306885
535.053528
535.392029
532.035156
532.274353
534.496399
530.831970
534.482117
535.829529
533.471436
535.025696
531.596619
532.919861
534.552551
530.965942
535.202087
536.427979
534.764038
534.314575
528.699463
531.760803
535.812378
534.013916
536.069336
533.666931
533.140869
530.621887
518.877808
518.137146
529.695801
537.259338
534.728943
535.077026
531.353638
531.929871
533.960327
530.692932
534.821533
536.152893
534.026794
534.221497
529.587952
532.351440
535.738953
532.661987
535.034912
533.845947
532.970947
534.200317
529.761719
532.838440
535.428223
533.354309
535.843140
533.106506
532.775146
533.021179
529.270996
536.572876
541.812500
540.987732
534.280762
533.326355
529.673889
532.492920
536.193970
532.487427
534.417297
533.892761
533.301941
535.245972
530.622131
532.412598
534.481812
532.253723
535.734802
534.152039
533.276733
533.783020
529.319092
533.499695
536.760315
534.741211
535.153381
530.630310
531.776794
534.425598
532.681213
539.958008
543.026367
539.354919
532.860046
533.452393
530.388306
533.045410
535.605774
532.319092
535.319946
534.772034
533.693420
533.773315
528.780701
533.132019
537.142883
534.690186
535.227661
531.610229
532.653259
535.213745
531.022278
533.777466
535.321472
533.997986
535.374146
530.886169
531.919067
533.689941
532.786865
541.807739
545.194397
540.317810
533.325439
532.513977
528.518433
532.714294
536.951843
533.947266
534.654114
532.032593
532.802795
535.226013
530.870728
533.414001
535.232178
533.557739
535.394897
531.670959
532.503479
534.516235
531.154419
535.344543
536.347107
533.809631
533.530273
528.856628
532.515442
536.443054
533.731262
535.303589
531.451538
529.840210
530.841125
534.915283
531.122986
533.370972
535.388000
533.087097
535.557495
533.018738
533.028748
533.716003
529.557922
534.563599
537.554077
535.000549
534.056763
529.082886
532.307556
536.280945
532.766602
534.857971
534.335266
533.355408
534.342407
529.999939
533.340088
535.965210
533.446716
535.073547
530.476990
529.293091
531.337585
534.132629
529.281860
533.481995
537.568604
535.317566
534.527832
529.544617
531.911743
535.850403
532.466797
534.939026
534.877136
533.259888
534.273987
530.050598
532.907532
535.929932
532.725159
535.194824
534.408875
533.903198
534.149658
529.003784
533.027649
537.074219
535.438538
535.021484
527.574646
526.752502
530.822144
535.949585
531.986450
534.482361
535.599609
533.792175
535.190979
530.992065
532.429443
534.557251
531.679504
535.706299
535.761108
533.657532
532.919189
528.200256
533.036255
537.407532
534.025940
534.488037
531.806824
532.697693
534.717529
530.541748
534.362244
536.601074
534.378662
534.403259
528.461426
529.841064
533.627686
536.240417
531.089783
534.494751
536.411133
534.489807
533.647644
528.432922
532.592041
536.985962
533.653198
534.698975
532.758606
532.780518
534.535522
530.457581
534.125977
536.615662
533.615173
534.713440
531.914551
533.136841
534.411072
530.102173
534.629395
537.172729
534.626038
532.403870
527.515381
536.523193
547.985107
546.953979
535.164490
533.467468
533.491455
533.550354
534.600159
529.785645
532.889404
535.766785
533.136780
535.454895
533.542847
533.531616
533.935364
529.412415
534.225647
537.497925
534.724670
534.193787
529.888489
532.498779
535.593689
531.734619
534.701965
535.224976
533.737610
533.232788
529.056885
537.084290
545.634766
543.857483
533.985291
534.526794
534.420349
533.692322
533.031921
528.217407
533.458557
537.414856
534.121033
534.003784
530.887451
533.309753
535.722107
530.935608
534.152710
536.035767
534.278381
534.374817
529.737671
532.546936
535.565002
532.156860
535.363525
535.323242
533.797729
532.289917
527.782715
537.037048
546.363220
545.257446
535.143921
533.554565
531.588806
532.893860
534.697021
530.177551
533.862671
536.397705
534.328247
534.814453
530.722900
532.643188
534.915894
531.214966
535.310486
536.502808
534.329651
533.194336
528.227722
532.742432
537.073669
533.763550
534.859070
532.678040
532.634583
534.009033
530.668762
534.618530
532.243225
523.004944
522.221069
531.102051
533.025452
534.049438
534.425171
530.081726
534.943787
537.412476
534.646362
533.245178
528.703552
532.992126
536.998108
533.245667
535.073853
533.872620
532.979553
533.891846
529.794189
533.859192
536.726013
533.316589
534.723999
532.722229
533.413269
533.844666
529.925293
534.754089
534.016113
526.902832
525.408569
530.771606
529.951965
532.493896
535.569397
532.257263
535.116333
535.053101
533.276672
533.732788
529.731262
533.270264
535.848572
532.281189
534.950012
534.166870
533.875732
533.410278
528.299866
533.487061
537.885010
535.334412
534.867859
530.355103
531.738464
534.490601
531.495361
535.058899
535.651917
537.842957
545.552246
543.686157
533.672852
532.643677
535.194336
531.602356
534.451172
534.990906
534.438171
533.521240
528.083679
532.877502
537.066223
534.012817
534.690796
531.680359
532.536621
534.200867
530.579895
535.329346
537.167114
533.730957
533.661255
530.185730
532.996216
535.226440
531.053955
533.843018
535.036499
539.355042
546.768921
543.213440
531.708496
531.916870
536.243225
533.852051
535.202576
532.946899
532.832397
533.767517
529.719360
534.298462
536.963745
533.837585
534.521118
531.523987
533.132568
534.323792
529.939941
534.616272
537.140869
534.792542
533.452209
528.504333
532.673523
536.877747
533.531860
535.373779
534.620300
534.366821
530.550415
517.224548
516.355408
528.897644
537.373352
534.086426
534.924927
533.076355
533.464172
533.368774
528.884583
534.584290
537.927185
534.839172
533.604187
529.180359
532.645996
536.019592
532.271729
534.998596
534.790955
533.312988
533.889038
529.753601
533.573792
535.991394
532.414978
535.085876
534.922974
535.096619
529.557800
514.816101
514.228516
528.823181
538.617004
535.587524
534.135376
530.196960
532.550781
535.096558
530.950500
534.389221
535.501099
533.564636
533.872620
529.850220
533.375671
535.825439
532.008728
535.104614
535.121277
534.123657
533.312439
528.294250
533.406067
537.385925
534.455566
534.871826
531.487305
532.450073
533.622986
530.546204
538.187866
542.785461
540.474670
533.333557
533.223206
530.618958
533.468689
535.278198
531.167480
535.181946
536.040039
534.064819
532.994873
528.333862
533.422058
537.415161
533.980042
535.060547
532.662964
532.976501
534.146545
530.045837
534.373413
536.477722
533.427246
534.250732
531.441711
533.347839
534.334473
531.230164
538.886597
543.272827
540.728516
534.165283
532.874084
528.668030
532.311462
535.884888
532.965210
535.620605
534.080994
532.862732
533.370911
529.679810
534.602356
537.016785
533.404602
534.571472
532.422302
533.708069
534.246765
529.549072
534.566650
537.266052
534.386780
533.421326
529.010559
532.012756
534.693970
533.798157
542.372559
545.259949
539.765442
532.810547
532.356689
529.438721
533.923035
536.500061
532.747925
534.923096
533.577637
533.637268
533.444153
528.830200
534.321960
537.656738
534.521973
533.985168
530.115051
532.885681
535.555054
531.800781
535.293274
535.711121
533.554321
533.911011
530.212646
533.551697
535.221375
531.813538
535.256958
533.609497
532.547119
531.793213
532.833069
528.574158
533.718384
537.649109
534.552368
534.765442
531.359497
532.910217
534.945557
531.084167
535.057312
536.329895
533.810913
534.264099
530.725281
533.324707
534.869202
530.883789
534.955139
535.900757
534.327026
533.169373
528.197815
533.119568
537.212341
534.748474
534.972473
528.495300
526.676941
529.705261
534.318298
531.372437
535.316589
536.821472
533.351013
534.019775
531.347534
533.474854
534.433777
529.897949
534.499695
536.637756
534.623962
533.328613
528.293274
532.614563
536.549744
533.520752
535.382324
533.206909
532.417603
533.652100
530.329468
534.804138
536.472839
533.191650
533.951355
529.609375
531.048157
533.686035
534.866455
529.433594
534.044128
537.234314
534.943298
533.992493
529.289124
532.581116
535.929810
533.018127
536.099243
534.949585
532.993469
533.217163
529.537292
534.270691
536.692688
532.941895
534.907227
533.312683
533.708740
533.780273
529.125488
534.293640
537.396851
535.162048
534.088684
527.634155
529.879089
534.358032
537.240540
532.363098
535.391907
535.541626
532.930664
533.343689
529.950256
533.863647
535.947327
532.022461
534.775269
534.093445
533.584106
533.256287
528.816040
534.006531
537.137817
533.985718
534.470459
531.286560
532.973450
534.919800
531.211121
535.251465
536.060974
533.677795
533.363342
528.268677
532.303101
536.699280
537.704285
531.754578
535.074707
535.862854
534.095093
532.960571
528.307739
533.503052
537.274109
534.082947
535.019348
532.263184
533.060425
534.625977
530.806213
534.516174
535.814880
533.324219
534.524292
531.266907
533.145569
534.458618
530.986694
535.865295
536.673035
533.781677
531.847595
528.263489
537.899963
546.837891
544.975647
534.793030
534.389526
533.092468
532.901306
533.591492
529.535645
533.820679
535.857849
532.971252
534.811584
532.367065
533.342407
533.971436
530.261230
535.368469
536.935425
533.751038
532.986389
529.314392
533.548706
536.688721
532.895264
535.351135
534.563904
533.544556
532.904236
528.743347
536.864319
543.822449
542.227539
534.106323
534.877502
533.111511
532.999878
533.382446
529.727722
535.128357
537.274109
533.931641
533.676392
530.347107
533.591858
535.757568
531.579163
534.917725
535.366455
533.788391
533.886963
529.432312
533.014587
535.737610
533.014526
535.854919
534.185242
533.174744
533.226379
530.418152
535.464355
533.077881
523.562805
522.162354
530.380859
532.315918
534.293213
535.264893
531.037231
534.775085
535.669861
533.700256
534.336060
530.251648
532.959229
535.224976
532.248657
535.633728
534.601685
532.892273
533.192078
529.977478
534.912781
536.671082
532.291260
533.858826
532.602539
534.454102
535.088928
530.878479
534.650757
532.180542
525.246643
525.054077
532.050232
531.650024
533.157532
534.638489
531.596130
535.746399
535.693176
533.279053
533.201904
529.792114
534.515564
536.756226
532.404419
534.238159
533.014038
533.612183
534.309509
529.640320
533.877991
536.395752
533.861450
534.479553
530.867493
532.678650
534.934753
531.886780
535.136353
534.919189
537.019958
544.744263
543.553406
534.491821
533.747559
535.345947
531.528503
534.354858
534.362488
534.137451
534.218445
529.530701
533.876892
536.677185
533.793396
535.041382
531.799805
532.225891
533.727112
530.947327
535.952820
536.615906
532.891296
533.150085
530.448730
534.119690
536.100220
531.640198
533.791016
534.022949
538.934021
547.110291
544.333130
533.057495
532.601318
535.708435
533.758301
535.832825
533.171326
532.579773
533.521545
530.354553
535.327820
536.760559
532.960510
533.694092
531.252014
533.904114
535.330627
530.980835
534.848145
535.785950
533.808167
533.688538
529.422424
532.985291
535.977966
533.305420
536.030396
534.542358
533.642517
529.949768
517.875061
517.719421
530.014160
537.447449
534.219604
535.070801
532.867798
533.764587
534.240356
530.157654
535.075867
536.664795
533.605469
533.264221
529.681702
533.372559
536.294006
532.745178
535.243286
533.997314
532.621460
533.873779
530.568787
534.431396
536.163513
532.719604
535.372681
534.366272
534.512329
529.468750
515.901978
515.950439
530.203491
538.533691
535.313721
534.319092
530.754028
533.036743
535.384277
531.981445
535.643372
535.583130
533.259521
533.739441
530.142700
533.577698
535.936157
533.104370
536.306396
534.551331
532.631531
532.205200
528.806274
534.906799
538.003235
534.096313
534.003296
531.751099
534.230896
531.422791
518.639648
517.640869
529.970825
536.838867
534.783569
534.730530
530.596741
532.625549
534.809875
532.286804
536.299805
535.110901
532.517883
532.621643
529.677185
534.891724
537.250427
533.170288
534.621094
532.816650
533.704346
534.833740
530.755615
534.573853
536.372986
534.175903
535.092529
530.912415
531.815857
533.362122
532.796692
542.283569
545.896240
540.500122
532.440918
531.993347
530.054443
534.610168
536.747253
532.445312
534.675964
533.540955
533.559753
534.267212
529.953674
533.979614
536.292542
533.893555
535.325500
531.838623
532.282227
533.829834
531.146667
536.071716
536.505615
533.149841
533.620117
530.767273
533.626648
534.885803
533.416321
541.892273
544.757019
539.511475
533.706421
533.352356
529.500916
533.453003
536.505981
533.932007
535.485840
532.205261
532.207703
534.026245
531.376282
535.819641
536.351318
532.676086
533.648254
531.318115
534.040771
535.643433
531.645508
535.571899
536.014038
533.945374
533.640686
529.288391
532.508911
535.143555
536.016724
545.269043
546.309998
537.748474
531.462769
532.410889
530.500305
535.325012
536.796204
533.203796
534.405457
531.941833
533.528320
534.823792
530.852295
534.814331
535.971313
533.944946
534.348145
530.090576
532.623596
535.365173
533.099243
536.551025
534.707825
532.283386
532.834717
530.075623
535.205872
537.265869
533.732605
534.015198
528.020447
526.936096
530.731995
535.014343
531.417908
535.058655
536.605225
533.972961
534.454895
530.419617
532.503357
535.012390
532.421753
536.345398
535.606262
532.857666
533.158569
530.280334
534.854004
536.887695
532.593689
534.538818
533.308411
533.735596
534.567932
530.102417
533.941284
536.410828
535.043518
534.729187
525.643005
523.051575
528.040039
534.065674
532.263184
536.566162
536.847290
533.330322
533.376770
530.411377
534.559021
536.809937
532.308655
534.313354
533.635498
533.569702
534.507080
530.133179
533.594299
535.975464
533.804688
535.881104
532.143311
531.582214
533.031494
530.845459
536.404114
537.271912
533.673157
533.240662
528.807007
532.614258
536.854187
538.225708
532.045715
533.740479
533.834473
533.630066
536.385559
530.402283
531.596985
534.360229
534.355652
538.700623
533.877441
529.491394
531.148071
531.644836
537.881104
537.560059
532.472351
533.144470
531.271057
534.129333
535.582642
530.259827
533.702148
535.508118
535.152100
534.558655
527.782959
530.880676
535.762939
538.557251
534.348145
536.376465
533.789185
531.697754
533.447510
531.575867
536.159790
536.669983
531.947876
533.545227
532.200012
534.041321
535.052002
530.626770
535.231689
537.311035
534.762024
534.059875
529.403992
532.480103
535.625061
533.478699
536.890625
534.688354
532.055298
532.579773
530.046143
538.079895
544.439880
542.136047
533.464478
534.516174
533.380859
533.613464
534.042969
530.208130
535.240417
537.292419
533.935730
534.050171
530.113892
532.267944
535.227539
532.874390
536.636292
535.816345
533.225525
534.043457
530.361877
533.304565
535.234497
532.106445
535.295227
533.922424
533.108582
533.040222
529.624817
537.603821
543.639709
542.019470
534.233459
533.968262
530.899048
531.914124
534.435852
532.218079
536.863037
536.896729
533.341187
533.502075
530.003540
533.027283
535.678711
532.713135
535.735962
534.500244
533.023865
533.953735
530.171631
533.748169
535.910645
533.156799
535.213013
532.350403
532.187439
533.862366
532.305054
537.052612
533.214294
523.799438
522.783997
530.647095
531.398804
533.512085
535.274719
531.753479
535.043274
535.201782
534.080261
534.876953
530.217346
532.628845
535.321350
533.546082
536.546875
533.922119
532.395508
533.600952
531.091431
535.842529
536.777527
532.396912
533.545654
531.444580
533.644226
535.373779
532.052734
535.244263
531.914978
525.872375
526.355591
532.667419
530.636780
531.931458
534.529907
533.138672
537.149963
535.345154
532.646118
532.766357
529.676514
534.660339
536.924500
532.848145
533.934448
531.617371
533.040405
535.104797
531.365784
535.097961
536.498352
534.395813
534.998169
530.367615
531.764648
534.587219
532.707764
535.995544
534.915283
537.451843
545.311523
543.501221
533.295776
532.754272
535.431152
532.966797
535.191589
532.953308
532.749451
534.052063
530.329468
534.501343
536.760132
534.335083
535.210266
530.985413
531.866821
534.329163
532.006775
536.267456
536.198608
533.156067
533.503357
530.121704
533.486938
535.853943
532.487732
534.428894
533.119629
537.794434
546.287720
543.990906
532.982178
532.791443
535.847717
534.164001
535.699280
531.946228
531.587585
533.276855
530.947571
535.724365
536.730774
533.342834
533.708496
530.259888
532.930908
535.319153
531.936523
535.262146
534.905579
533.355347
533.975708
529.724121
533.233826
536.285706
534.028381
535.280457
532.020813
536.318970
544.648254
543.198425
533.662720
534.320190
536.007141
533.259094
534.220337
530.875122
532.599243
534.573425
531.091431
535.063599
535.801208
533.816772
534.276184
529.921387
532.685608
535.542114
533.344666
536.427063
534.144836
531.993103
532.618835
529.667297
534.641602
537.152771
533.691345
534.725342
532.414551
533.901855
530.754883
518.147278
517.419983
530.047241
537.568115
535.542786
535.127808
530.312622
532.013000
534.892700
532.883179
536.236023
534.367676
531.714539
532.925293
530.349365
534.348572
536.255493
532.775635
535.221436
533.373108
533.165344
533.561218
529.445312
534.393372
537.406494
535.165161
535.220886
530.876404
532.508118
530.701965
520.200500
520.306824
531.931885
536.437439
533.188599
533.159424
530.302490
533.815613
535.874146
532.389771
534.972412
533.783997
533.279236
533.973450
529.602234
533.375366
536.276733
534.163147
535.481689
531.124146
531.233582
533.844971
531.924255
536.241882
535.866943
532.202942
533.309814
531.666687
534.924194
531.680603
519.422668
518.412842
530.142761
535.978271
535.314331
534.647705
529.156311
532.093140
535.789124
534.590515
536.836975
532.598755
531.000244
533.071167
531.467102
536.294617
536.757507
532.616089
533.539124
530.905029
533.502014
535.430054
531.452271
534.922913
535.493347
533.919250
534.312744
529.830017
532.119263
534.533325
535.800659
545.500000
546.561768
537.751465
531.124023
532.470642
530.415039
534.403748
536.154846
533.054810
534.789307
532.281250
533.312439
534.714355
530.810303
534.843323
536.405945
534.529175
534.754578
529.489319
531.440491
534.829102
533.149048
536.660217
534.683044
532.055603
532.904907
530.084839
533.840088
535.823242
536.543701
545.164001
545.428711
536.607971
531.691711
533.205872
530.825134
535.218140
536.877136
533.859192
534.067505
529.549683
531.624207
534.982605
532.630981
535.857910
534.736328
532.302307
533.465820
530.253296
533.521057
535.756470
532.701050
535.532532
533.920959
533.189331
533.732544
529.489319
533.636780
536.880005
535.663696
535.193237
525.527954
522.336182
527.364258
534.786987
533.483032
536.603821
535.842529
532.277954
533.444458
530.957764
534.002930
535.582520
531.692993
535.103149
535.120605
533.995361
533.630310
528.773438
532.910217
536.917358
534.926086
536.065247
531.686707
531.048218
533.375610
531.063660
535.508667
536.899353
534.511169
533.161438
523.625916
522.053833
529.115479
535.628906
532.610107
535.510986
535.683472
533.959229
534.113342
529.236206
532.614502
536.410828
534.450867
536.510193
533.177124
531.483643
532.946472
530.307434
534.924377
536.761780
533.555908
534.718140
531.485840
532.737671
534.514160
530.718079
534.628479
535.969421
534.653809
534.560181
527.768188
529.868835
534.297180
537.539307
533.684021
536.051270
534.152161
532.020447
533.214478
530.292175
534.383057
536.581787
533.434509
535.290283
532.805908
533.193542
534.076416
529.519897
533.735352
536.555908
535.079712
535.406189
529.985779
531.300293
534.558777
532.835449
536.673279
535.259399
532.686340
532.809814
528.411865
533.389526
538.334717
539.537537
533.426208
534.445435
532.989441
533.093201
534.235413
529.659241
533.374634
536.306335
534.775513
535.903625
530.943726
531.097900
533.789246
532.037598
536.347473
535.868896
532.821960
533.830444
530.438049
533.164612
535.204590
532.146667
535.909851
535.424927
533.930908
532.658447
527.992249
536.119019
544.272217
543.901123
535.919373
534.916504
531.145508
531.347534
534.158081
531.967957
535.889526
536.090210
533.059265
534.540405
531.376465
533.213562
534.735168
530.926453
534.698120
535.448547
534.261963
534.235474
528.970276
531.998657
535.525635
533.838440
536.288269
533.130432
532.063477
532.790283
530.224670
537.714722
542.874268
541.134155
534.071228
534.614319
531.739746
532.702759
534.449402
530.852661
534.955811
536.185181
534.037659
533.845154
528.887085
531.928223
535.840454
533.940125
536.389343
533.849304
532.447388
534.001648
530.326721
533.350708
535.298035
533.256165
536.047668
533.148010
532.724792
532.941040
529.781433
537.429565
541.888672
540.242188
533.606750
533.166138
529.628845
532.404175
535.846985
532.988403
535.327698
534.131042
532.896118
534.762512
530.869324
532.967712
534.968384
532.827332
536.023254
534.020813
532.898010
533.051880
528.906433
534.014221
537.438965
535.071411
535.163025
530.402283
531.907776
534.937866
533.383545
536.546570
531.301758
523.920654
524.454712
531.957886
531.208618
533.359985
535.353149
532.541504
535.587646
534.533508
533.539978
533.896729
529.282959
533.398987
536.911499
534.942322
535.993286
531.695190
531.975769
534.733704
531.964294
535.192261
535.390320
533.076843
534.874695
531.347717
533.031067
534.725159
532.229797
535.679199
531.783752
527.066162
527.589844
532.338989
529.659424
532.986877
536.550476
534.374268
535.499573
531.941528
532.052917
534.644165
531.307251
534.631714
535.663391
532.971008
534.948975
531.881226
532.693115
533.783569
530.488281
535.508972
537.051697
534.681763
533.541687
528.000000
532.110352
537.316528
534.997009
534.374878
530.792236
536.506287
547.871643
546.993347
535.262512
533.264160
534.295776
532.289612
535.956360
533.585388
532.689514
532.654175
529.007263
534.864258
538.032043
535.384216
534.023987
528.727417
532.431519
536.882629
533.817017
535.157898
533.471985
533.290039
535.768860
531.250732
532.782837
534.815491
533.463562
535.977478
533.259094
537.247375
544.949829
542.710083
532.633667
534.007385
537.183350
534.794678
534.484985
529.892517
532.160156
535.717468
532.673828
535.280884
534.582336
533.006165
534.390625
530.437378
532.730774
534.839355
532.474304
536.337280
535.369751
533.887329
533.632080
528.831421
532.950073
536.399841
534.247253
534.377258
530.873352
537.569946
547.036011
544.957703
533.536743
533.226074
534.933289
533.946960
535.019104
530.519287
532.082703
534.715759
532.472351
536.271240
535.438538
533.084290
533.143677
529.016724
532.963928
536.381714
533.993958
535.732483
532.771545
532.675598
534.243591
530.188049
533.776672
535.764771
534.039856
535.883484
532.913940
533.830566
530.193359
518.257507
518.135925
530.941528
537.550903
535.116821
533.348267
528.341919
532.443359
536.955688
534.581970
535.963196
533.060425
532.638611
534.748779
530.625488
533.153198
535.313171
533.931824
536.873169
533.421509
532.495789
532.959839
529.805176
535.478333
537.589417
534.257812
533.284119
529.877197
533.975220
532.959961
522.035461
520.467590
530.151611
534.335388
533.865479
535.039124
530.566650
532.911804
535.586853
533.961670
536.408264
533.105774
532.000488
533.075439
529.703796
534.408752
536.756897
534.225342
534.956909
530.865295
532.617371
535.060303
531.471497
534.373657
534.584045
533.695251
535.379517
530.946716
532.124268
533.848328
535.149353
544.786133
546.326721
538.450989
531.814636
532.081970
529.632996
534.736084
537.654297
534.184937
534.587952
531.260559
532.915161
534.953857
530.464844
533.750732
535.789368
535.101074
535.915894
530.107910
531.364990
534.574768
533.000977
536.295349
534.549316
532.676697
534.043030
530.901489
533.987976
535.659363
536.151245
544.625122
544.947571
536.657593
532.427124
533.897278
530.058777
533.206848
535.768250
534.894897
536.268555
530.889099
531.104309
533.729858
531.874146
536.276184
535.887756
533.108948
533.510498
529.816711
533.698792
536.506409
532.902710
534.811768
533.287903
533.205383
534.284058
529.875549
532.858887
535.216187
537.547302
546.315186
545.532471
535.674622
531.809082
533.955566
531.263672
534.783691
535.828491
534.045776
534.925903
530.330017
532.463806
535.135315
532.308899
535.208557
534.133301
533.167358
534.489990
530.087952
532.957520
535.657043
533.733032
535.978882
532.501770
531.785522
533.240295
530.458862
535.495361
537.769409
534.954468
532.444824
522.343140
521.176086
529.189270
536.166931
532.431030
534.263306
534.603210
534.042542
535.114685
529.701233
531.625732
534.873901
533.594299
536.299316
533.391846
531.838135
533.400146
530.737122
535.148438
536.924866
533.271729
534.256836
531.464539
533.131653
534.839355
530.603210
534.286682
536.332153
535.648926
533.349304
521.095032
518.475891
527.197510
535.949768
534.456970
536.559326
534.438232
532.377686
533.254883
529.600037
533.816711
536.763367
533.799927
534.959595
532.076111
532.804871
534.509216
530.139709
533.504639
535.514099
534.019958
535.282776
530.406616
531.268250
534.127625
532.493347
536.635864
535.585632
532.794312
532.559509
527.934692
532.873413
537.892517
539.222290
533.149963
534.103455
532.659302
532.969910
534.610901
529.617432
532.481445
535.299561
534.278320
536.413940
532.276672
531.853333
533.186035
530.726013
535.958008
537.132874
533.654846
532.823059
528.626526
532.749023
536.736511
533.532043
534.706055
532.876404
533.352478
534.920593
529.264526
532.412415
536.219238
537.812134
534.329102
536.589417
532.936584
531.070984
532.200989
530.327332
536.006226
537.435425
533.405823
533.335266
529.909851
532.973755
535.564453
531.537842
534.159973
534.661621
534.001770
534.821228
529.753113
532.256592
535.731018
534.146851
536.428650
533.288940
532.001465
532.708801
529.786133
536.836182
541.283630
539.901550
533.467651
534.316528
531.420105
532.402649
534.135559
530.486450
534.472900
536.009521
534.431946
534.610413
529.539368
532.135559
535.432129
533.197449
536.017517
534.248291
532.733215
533.709534
529.869995
533.789795
536.521851
533.765991
534.889038
531.462585
531.995605
533.476562
530.489624
537.070923
540.800232
539.563354
534.263672
534.701782
530.442566
531.660950
534.482056
532.157898
535.869507
535.444031
533.332031
533.509460
529.153198
533.048462
536.382019
533.567200
535.120178
532.683777
533.187744
535.003723
530.399963
533.159973
535.483215
534.464783
536.274109
531.461426
531.194458
532.911133
531.730835
538.689758
540.074646
537.104187
531.551941
532.463196
529.961853
533.730896
536.377258
532.185242
533.923401
533.362976
533.946045
535.215759
529.574158
532.226685
535.575684
534.491455
536.220642
531.845520
531.473633
533.680908
531.269531
535.499451
536.080933
533.133606
534.153320
530.315247
532.439209
534.661865
532.139954
535.351318
531.599060
527.281616
528.130981
532.859924
529.670532
532.541504
536.257263
534.625183
536.296692
532.606750
531.604553
533.376343
530.388672
534.600403
536.285461
533.327271
534.354187
530.947205
532.950073
535.015442
530.662170
533.928284
535.513672
534.553467
534.905701
529.440613
531.888855
535.547119
534.429077
536.224121
529.597900
525.089783
527.115845
533.313110
530.962891
533.758972
535.859253
533.601868
535.465881
532.075745
532.323303
534.042358
530.603333
534.705566
536.387451
534.454590
534.870239
529.922363
531.708984
534.851318
532.729492
536.292725
535.035278
532.539429
533.048584
529.504089
533.672058
536.539551
533.425903
534.001099
531.941528
538.713928
548.406860
545.615601
532.852966
531.899414
535.161499
534.810547
536.111328
531.159485
531.491150
533.972290
531.770447
535.986328
535.884705
532.950378
532.984436
528.740417
532.575684
536.397400
533.869446
535.877869
533.502808
532.414368
533.387146
529.426453
533.654785
536.592041
534.358765
534.520081
530.601135
536.570862
545.967468
544.486572
533.950562
533.898926
535.069214
533.089966
534.098633
530.534668
533.232605
535.808105
532.118164
534.560974
534.212585
534.077759
535.443237
529.867676
531.700134
534.530640
533.651123
536.884949
533.772644
532.338806
532.960876
529.749634
534.708435
537.005432
534.173584
533.611145
529.701172
536.808105
545.851562
544.022156
533.661438
534.289185
535.573059
534.212463
534.011963
528.887512
532.316101
536.358276
534.183594
535.654907
532.650635
532.243286
534.696350
531.187256
534.004761
535.488708
533.037964
535.230957
532.459473
532.997498
534.030090
529.936096
534.557434
536.918030
534.920471
534.386780
530.015991
533.023804
531.713562
521.383667
520.557800
530.807617
534.991821
534.187744
535.038574
530.373230
532.302002
534.507202
533.116882
536.138428
533.243408
532.569641
533.705811
530.496155
535.630859
537.747437
534.051575
533.170288
529.053772
532.597046
536.585205
532.775024
534.456909
534.191040
533.801880
535.533447
531.398438
532.571655
529.465210
520.198059
521.083618
532.335632
535.472046
533.807495
533.199036
529.099548
534.023376
537.046021
533.842834
533.936768
530.561768
532.795593
535.533325
531.599121
534.529114
535.620728
534.425476
535.263184
529.664612
530.966248
534.049622
532.528748
536.408875
535.194275
533.264526
533.877136
530.297974
533.886719
535.607361
535.650208
543.289368
543.507324
536.133240
533.292542
535.051758
530.724915
533.456543
535.745483
534.622864
535.312500
529.796997
530.854492
534.217896
532.213806
535.752014
535.263733
533.432068
534.519165
530.435364
533.181641
535.049988
531.719604
534.519226
533.887939
534.396912
534.839844
529.357178
532.047424
534.981689
538.502563
547.774170
546.146606
534.630188
530.333801
533.356323
531.836731
535.729553
536.134644
533.579651
533.951782
529.813843
532.580383
535.596741
532.487427
534.921509
534.288696
534.001831
534.816040
529.503357
532.450806
535.619507
534.017639
535.722229
532.114929
532.156921
534.281128
530.815430
534.652588
536.499512
534.736389
533.021851
522.612610
520.838501
528.528931
535.574829
532.368774
534.836487
535.370544
534.284058
534.248596
528.695435
531.854187
535.931458
534.245911
536.055542
532.876099
532.154114
534.023926
530.600586
534.426147
536.243042
533.503967
534.730835
531.672424
533.490906
535.500000
530.876770
533.650330
535.321472
535.223022
533.448547
521.564087
519.124573
527.868103
536.183838
534.159180
535.882996
534.009888
532.434021
533.403748
529.804382
534.132751
536.689209
533.602539
534.866089
532.107727
532.929443
534.247192
529.591919
533.298767
535.940002
534.920044
535.337585
530.108032
532.069275
535.535522
532.596497
534.910217
534.480896
534.138611
532.367126
520.531616
518.663452
528.452698
536.369934
533.837769
535.352844
533.646484
533.289734
533.603577
528.886353
533.507202
537.038879
535.167297
534.996948
529.838562
531.496826
535.137146
532.087952
534.862488
534.789795
533.104675
534.493225
530.537964
533.136780
535.491394
532.174072
534.799866
533.910767
533.749939
534.075500
528.987976
534.128845
538.865540
539.425598
533.849609
534.446899
531.528564
532.515015
534.473206
530.339722
534.027222
536.127930
534.675110
535.131409
530.123535
531.775818
534.749634
