516.883057
516.195801
518.445068
517.990234
517.279236
513.537354
509.952179
522.014893
544.809326
556.878479
547.417419
522.350403
506.073303
520.238037
550.132141
559.919006
542.622314
519.390259
508.976746
518.844421
549.124207
566.075378
560.439575
539.964905
513.698486
506.129333
530.676208
555.368408
557.890991
534.960388
512.445984
507.745728
535.145935
557.030518
554.490417
530.917419
510.901306
510.559204
538.968750
558.438782
552.653870
527.634277
507.874390
513.153748
544.146301
560.088318
548.727478
523.196472
510.064728
514.651245
542.343750
563.090271
560.982788
543.123108
518.536621
504.504089
524.039917
550.800842
560.137756
541.515930
516.952026
505.656677
527.508667
553.989502
557.700928
536.568970
514.374573
506.827545
531.820923
556.448425
557.305298
533.888550
511.496948
508.052856
536.555847
557.756226
553.531311
529.181702
512.649231
511.135315
534.394287
560.348511
564.761230
550.186279
525.744629
504.879517
517.092285
545.245300
559.832886
547.254517
521.957947
506.242371
520.569519
549.584961
558.880981
542.514832
519.143127
506.194855
524.588989
552.372620
559.134460
539.536133
515.965088
506.461823
530.346802
555.434021
556.739990
534.179321
513.282043
511.524506
530.948669
555.178162
556.907104
541.816162
522.839111
506.428223
515.297363
541.580872
556.994141
552.133057
526.827271
508.151459
514.246460
544.134155
558.929688
548.334412
524.087524
507.187683
517.801819
547.705322
560.087036
545.469788
520.239136
505.302704
522.126404
551.083801
558.668396
540.257202
517.513062
510.533264
522.945190
550.283691
560.870728
551.371094
532.245911
510.728027
509.045349
534.224976
555.296753
556.351746
532.731384
511.799927
509.797607
537.790527
557.439575
552.844910
528.881226
509.603333
512.077026
541.705200
559.443848
551.142029
525.396240
506.855042
515.265808
545.681030
559.296753
546.901794
522.706970
507.085236
518.981689
549.679688
560.635986
542.884705
516.690369
498.561432
502.105225
532.997498
555.912720
555.809265
538.440979
515.208313
506.846619
530.519165
554.892212
556.289490
534.522278
513.272644
508.198853
534.823242
557.644592
555.871216
531.000061
509.749847
510.021942
539.911377
559.136780
552.290405
527.307434
508.426453
514.035889
541.648621
559.776123
550.132385
527.254150
507.598480
501.363556
524.593689
550.678284
557.549133
545.246216
520.143677
505.950195
522.463623
550.563660
558.548889
541.109680
517.970886
506.225128
527.033936
554.245361
558.809387
537.104065
513.673218
506.453583
532.409058
556.459473
556.169006
533.256775
512.418213
509.365784
534.384277
560.149048
555.052734
529.226868
504.769592
494.434784
515.782349
547.754272
559.193604
548.544128
525.385986
507.863434
515.830444
545.379211
558.933533
547.175171
522.728149
506.242432
519.312988
549.636536
560.410767
543.241272
517.701660
504.723816
524.680603
553.383240
559.223022
538.874390
515.585022
506.198792
527.017639
557.865601
559.290039
534.039001
506.642883
492.430786
508.081635
542.735840
559.468628
551.991943
530.302612
509.893280
510.341766
539.381165
558.158020
552.079285
527.597168
508.506317
513.372620
543.892456
559.719727
548.579285
522.797241
506.143799
517.841064
547.929993
559.196289
544.799011
520.942139
506.597504
522.093933
550.292908
557.720825
541.515015
521.471741
508.083954
511.610260
536.882446
553.709106
553.085632
538.617798
514.697144
507.235413
531.583862
555.348755
556.707581
534.648987
512.720032
508.425507
535.993042
557.496460
553.757629
529.147888
509.661133
512.456726
541.979187
558.692383
550.543518
526.533386
508.377319
514.826599
542.917847
559.540344
548.167664
524.999817
506.405273
503.001343
527.492188
551.102234
555.667480
542.940125
519.000671
505.880463
523.934448
551.885498
559.222717
540.223999
516.246643
505.559204
528.682800
554.811951
557.230286
534.529053
512.802124
508.256348
535.027527
557.040283
555.216553
531.525146
510.461792
508.934448
537.825195
558.938171
551.164062
530.178894
515.105042
510.476776
528.656250
549.955322
554.943909
545.602905
525.837830
506.242096
516.835754
547.549927
560.976135
546.895325
520.673828
504.324005
520.689453
551.410889
560.630005
541.328186
516.335388
505.201172
527.443970
554.760681
558.478394
536.526306
513.373718
506.105896
532.374512
558.169312
554.796265
533.506042
516.725342
509.776550
523.061584
546.133362
554.328918
547.805359
531.040222
509.278442
512.056458
541.742065
559.349609
551.121704
525.487793
506.771362
514.973572
546.237732
560.266724
547.063538
521.988220
506.801788
520.428833
549.018372
558.600830
542.964233
519.472046
506.033081
524.206848
552.612732
557.641113
539.569397
520.176636
509.006439
515.212341
539.350525
553.073730
551.199280
537.631775
514.533447
508.318451
533.222839
555.568604
555.154114
532.304138
511.243530
509.500885
538.188660
558.065857
552.732971
528.600586
509.683746
513.058411
541.818787
558.313477
550.081665
525.929016
507.486969
516.073120
546.493530
559.787720
545.462769
523.916260
510.268402
511.201538
534.544678
552.608643
553.852844
541.661499
518.864380
505.708466
526.198853
553.841553
559.230957
538.090698
513.974365
505.763306
531.785217
557.018127
556.782349
532.557922
511.291321
508.774017
536.991760
558.010071
554.061157
529.363525
509.210205
511.148010
541.271362
559.500977
548.078491
526.973389
514.886841
513.470520
532.033020
550.181641
553.240295
544.615723
525.787048
507.354523
518.422058
547.442444
559.158630
544.631348
520.308655
506.073334
523.385254
551.426941
558.644958
540.228638
517.404358
506.534698
527.776062
553.557312
557.931824
537.057007
514.075012
506.800446
532.876648
556.751465
553.627502
533.647827
517.089966
508.466431
520.483398
543.099915
553.336914
549.279053
531.954712
508.604187
512.822205
542.957825
559.929993
550.288208
524.192627
506.125092
516.449585
547.693848
560.188660
545.644165
520.870422
506.230865
521.556580
550.683167
558.489258
540.887756
522.285645
511.096741
516.528320
529.565063
545.954285
557.982666
559.793335
540.944519
515.620605
505.293457
526.819824
551.930420
559.209717
539.529907
515.712708
505.586517
528.786316
555.743469
558.432434
534.871033
511.575317
506.816254
535.292236
558.541992
555.484924
530.536377
510.378754
510.046387
538.604919
557.915039
552.274048
527.617371
508.822052
513.849976
541.472229
560.430420
549.802795
526.409485
508.576202
503.766602
525.027222
548.706909
555.439331
545.142212
521.785034
506.876038
522.258179
550.166687
557.583313
540.824890
518.692749
508.206543
527.819824
552.363342
555.288757
536.749146
517.871826
508.504852
529.551331
552.945923
555.552979
535.575134
514.807617
511.182892
530.339478
555.796204
557.035400
540.172119
520.654907
505.616638
515.482727
541.166016
556.288513
552.495361
527.544189
507.405853
512.872131
544.318970
560.703308
548.984375
522.454346
505.580078
518.463257
549.336792
560.404419
544.503845
519.598999
505.016937
523.154785
551.688843
558.134277
538.436829
515.158630
510.392242
526.574280
554.344055
560.004028
545.548523
527.333069
509.633270
511.340088
535.830444
554.219116
554.925232
532.700073
512.375122
509.969635
538.004456
558.056458
553.092957
528.050476
508.630737
512.231323
542.454712
559.510986
550.828064
525.269836
506.436401
514.772583
546.096863
560.765625
547.280579
520.851013
505.127075
519.593750
552.627747
561.622498
540.001770
513.024414
497.935486
504.139404
534.383667
555.280762
554.675903
538.062012
515.427307
507.062531
531.312256
555.653137
555.928589
532.953735
512.828369
509.931885
536.794189
557.024841
553.563232
530.137634
510.736145
511.087006
539.943176
558.062439
551.002014
526.208618
508.439240
515.361572
543.605225
559.418701
546.767517
524.618042
508.687195
504.705780
526.383118
549.356750
555.591064
544.608093
520.842896
506.091797
521.912720
550.422791
558.260498
540.324951
517.700928
507.008881
527.735168
553.406921
557.374817
536.593994
514.599670
507.507843
532.782532
556.692688
555.785034
531.562134
511.075317
510.252960
536.239136
560.165649
553.083374
527.807251
506.250732
497.149628
516.826965
546.739380
558.473328
548.517944
524.789124
506.809448
516.283325
547.222900
559.617371
545.168152
520.705566
506.542572
521.121399
549.621277
558.845154
542.772766
519.138977
505.886536
524.406555
552.547852
558.880615
538.622131
515.145447
506.014038
527.492737
557.801270
558.322021
533.691345
508.192596
494.147186
507.849365
541.409302
559.164917
552.637329
530.388611
509.257263
510.582916
540.961121
558.828613
550.399719
525.911133
509.188202
515.196533
544.382935
559.221313
548.710083
523.876770
506.678772
517.317932
548.141357
560.383423
545.104736
519.962402
506.056702
521.154114
552.530396
560.158020
539.886292
514.547913
498.577911
503.810547
534.169861
555.682495
555.153503
537.468445
513.908264
506.267822
532.372681
556.877380
556.544922
532.813599
511.621643
508.785095
536.930237
557.939758
553.767517
528.766174
508.557556
511.397583
542.379761
559.833923
550.262024
524.521423
507.513977
516.341919
545.243042
559.876709
546.456909
523.803162
506.646637
503.192993
527.224182
551.436340
556.659668
543.336609
518.526794
505.773010
524.850342
552.662842
558.354736
538.752075
516.156128
506.556396
529.170166
554.807983
557.845154
535.745117
513.063477
507.274384
534.546387
557.595825
555.483032
531.203369
511.022797
510.472290
536.758545
560.155518
553.050110
527.968567
505.435974
496.053406
517.630371
548.219543
558.962952
547.744202
523.693848
506.802429
517.535767
547.338623
559.039001
545.056458
521.020569
506.240204
521.238037
550.295410
559.370605
541.844421
517.654968
505.707825
526.636719
553.629578
557.786499
536.927246
515.186462
507.567200
531.351440
555.762512
553.515076
534.642578
518.989502
510.329102
521.174316
544.834656
555.045410
548.957214
531.621460
509.577515
511.799866
541.142212
558.594482
551.076660
526.750366
508.421326
514.493469
544.677063
559.945923
548.335022
522.721680
506.209229
519.096191
548.989746
559.309326
543.579834
519.942627
506.635986
523.630615
551.531189
557.578125
541.162476
521.703369
508.389038
512.283752
537.447205
553.742126
552.488770
537.261841
513.423828
507.517456
533.272827
556.047058
555.652649
532.856323
511.823486
509.017151
537.419617
558.254272
553.617798
528.356384
508.631073
512.746582
543.030640
559.170227
549.608826
524.897156
507.595642
516.155701
545.951355
558.942261
545.414551
524.858765
511.372284
511.275391
534.353149
553.145508
554.138184
541.306335
518.987976
505.955231
525.333496
552.224609
558.084534
538.673645
515.900574
506.585815
530.299866
555.600220
557.136353
533.975769
512.072266
507.983398
535.283630
557.092957
554.717346
531.075073
510.641479
510.150391
539.194702
559.255920
550.458740
529.083069
513.948792
509.991455
529.249390
550.706238
555.017456
545.083862
525.357300
506.817505
518.438171
548.402466
560.148804
545.217896
520.053833
505.006042
522.025452
551.909119
559.916199
540.410522
516.447388
505.989502
527.770935
554.017334
558.009094
537.141846
514.708679
506.846252
531.890930
556.502197
554.683472
534.638000
516.960449
507.616150
519.762451
543.907410
554.399780
548.994751
531.605652
508.782806
512.137207
541.855957
559.528870
551.143860
525.499756
506.813660
515.186035
546.546875
560.502319
546.868958
521.548584
506.392883
520.231018
549.243530
558.931396
542.969177
519.333435
506.070648
524.251038
552.556335
557.611938
539.501709
520.161133
508.817657
514.926819
539.386414
553.675049
551.392639
536.594971
512.980469
507.890717
534.407410
557.122498
555.279846
531.086365
510.216156
510.126312
539.883057
559.100586
551.877991
526.685242
508.554962
513.871521
543.663269
558.912109
548.890381
524.209534
506.917572
516.986511
547.363831
559.770752
543.285034
522.020508
511.555420
515.695374
539.843811
555.628418
553.750183
540.314514
518.471008
506.706268
526.287598
553.471130
558.695374
537.826843
514.667358
506.826050
532.041321
556.216858
556.013367
532.817627
512.062317
509.020538
536.417175
557.500916
554.466309
530.137878
509.553955
510.696198
540.918274
559.372864
548.821777
527.524170
513.853149
510.800873
529.402771
549.166443
553.615356
544.876282
525.095947
506.215454
518.880066
548.692810
559.651428
543.790100
519.111511
505.643677
524.033264
552.521973
558.968872
539.828857
517.210815
506.957306
528.430542
553.846558
557.438354
536.265259
513.898010
507.264862
533.522888
557.018372
553.393188
533.284607
517.200684
508.880280
520.426208
542.630493
552.912109
549.166016
532.066284
508.421204
512.172119
542.442017
559.936157
550.590759
524.757812
506.936340
516.474609
546.749756
559.075562
545.582764
521.609863
506.857910
520.989990
549.692627
559.539185
542.654053
518.051758
505.386993
525.710938
553.501709
558.535278
536.972839
517.285706
510.459625
522.963623
549.477661
560.754639
553.566589
534.931763
510.952148
509.130920
534.988403
557.968384
555.493530
530.289368
509.528839
510.600189
540.495789
558.996521
551.870239
527.072754
508.475525
513.945129
543.985962
559.528076
548.678894
523.227722
506.187286
517.903870
547.957336
559.381165
542.822998
522.688660
512.628540
516.103394
539.159058
555.075439
554.334351
540.629456
517.448303
506.306671
527.138733
554.259033
558.424927
536.586304
514.112976
507.552551
533.138123
556.308472
555.890503
532.787537
511.547333
508.615753
536.999756
558.314453
554.052124
528.611450
508.480042
511.952332
542.590454
559.529114
549.929810
525.195984
510.750977
512.623474
539.488525
563.771362
564.811401
546.908691
520.279785
503.312317
521.690186
550.263428
560.895386
543.601624
518.751038
505.899841
524.829102
552.544495
558.941467
539.577087
516.040649
505.554932
528.735901
555.316772
558.116028
535.091187
512.078491
506.980408
534.502808
557.198181
555.163391
531.255005
513.706055
510.210602
531.322510
559.441406
565.930542
551.541199
526.794739
505.171631
515.724731
544.176086
559.818909
548.690186
523.620972
507.429535
518.071716
547.214233
558.991577
545.294006
521.290283
506.396332
522.004578
551.172485
559.619385
541.081665
516.874878
505.803650
527.188049
553.777466
557.990662
537.392029
516.959717
509.167053
523.791748
554.254089
567.069824
556.611389
533.083374
508.331909
510.345337
538.219360
558.361511
553.744751
528.972046
509.679077
511.637390
540.869690
558.709167
551.117310
525.973633
507.302246
514.989014
546.147583
560.518677
547.214233
521.251831
505.823639
519.939636
549.644348
559.596741
543.396301
520.241821
508.647400
517.168701
548.972168
568.613647
562.347534
539.258728
512.032288
505.952515
532.288574
556.372009
557.144104
533.940613
512.812744
508.294373
534.858765
557.148621
555.243408
531.421448
510.924408
510.442383
539.540588
558.468384
551.745422
527.002686
509.263123
514.003479
542.952393
558.046509
549.091675
525.588196
511.783051
513.467651
540.202576
562.990356
562.269592
543.996033
519.237549
505.253113
524.188721
549.965393
559.485474
542.389038
518.899170
505.935272
524.956116
552.776489
559.564636
539.485840
515.217529
505.919037
530.863708
556.447998
557.708923
533.648987
511.463440
508.195526
536.565918
558.257751
554.835999
529.938538
511.926331
509.619507
533.626099
561.805725
566.171448
549.418457
524.629395
504.903931
517.199890
544.905273
559.551941
548.372803
523.858337
506.958801
517.643982
546.932556
559.650330
545.284302
520.364197
505.701324
523.254272
552.523438
560.041809
540.402344
516.029846
505.561920
528.251709
554.760986
558.579651
536.796997
513.491333
509.155792
527.907288
555.434387
559.439575
543.180725
522.343811
506.088165
514.251343
539.991516
555.509766
552.175293
527.728149
509.055664
513.308960
544.374207
561.716797
551.665833
524.469604
505.812500
516.062561
547.471313
560.020508
546.139465
521.319275
506.006226
520.078308
549.358154
559.795715
543.506531
519.116699
509.323517
520.239990
550.100342
563.162170
552.783081
532.307312
511.453033
509.085419
533.023865
554.014526
556.753113
534.820435
513.366638
508.325256
535.350464
557.295654
554.698120
530.311035
510.241913
511.211792
540.128357
557.707886
550.933716
527.362732
509.652649
514.398132
543.465515
559.002563
548.949036
524.016235
509.945099
513.793640
542.440857
563.644531
560.490051
541.743835
518.145264
505.761292
524.701965
550.039307
559.620667
542.300293
518.294739
505.778473
526.726257
554.312561
559.419922
537.439575
513.558716
506.054199
531.982361
556.147888
556.368652
533.165039
511.650879
508.981964
537.712830
558.550415
553.827576
528.263306
508.067871
512.350342
540.073914
560.373840
551.274170
528.836975
510.671112
503.524414
523.096252
548.000366
556.607788
546.897888
522.121582
506.207001
519.863281
549.792480
559.873779
542.853516
518.556396
506.209778
524.968628
552.246277
558.535217
539.765564
516.988342
506.318634
528.608887
554.959900
558.514954
535.859375
512.464417
509.348999
530.046753
556.587280
558.476990
541.729919
522.176941
506.313446
514.518799
540.806458
557.031982
553.028625
527.251770
507.639343
513.591614
545.080688
560.367615
548.195312
522.558350
506.971497
518.382324
548.005554
559.136353
544.871765
520.776123
506.342041
521.909241
550.784241
559.344055
541.175537
517.261475
506.309265
525.068665
556.050354
559.212524
535.973938
510.931946
496.775787
506.478149
538.428162
557.491333
553.015198
532.327209
511.187195
510.314880
538.514648
558.212830
553.422852
528.896545
509.803680
510.716461
539.907166
558.848206
552.565247
526.752808
506.165039
513.864929
546.538025
561.158569
547.425598
521.083069
505.653839
518.684692
550.901794
561.751587
542.339050
515.786011
499.513611
503.220184
532.612061
554.893494
555.789734
539.181458
515.692261
506.391663
530.013733
555.665588
557.093445
534.547791
513.418457
508.410034
534.230347
556.354553
555.698608
532.309631
511.120270
509.058655
537.911804
558.286621
553.005554
527.778503
508.563568
513.108643
541.628174
560.528259
549.965637
526.204224
506.787231
500.204437
522.653564
549.279968
557.515930
545.838318
521.241272
505.721710
521.087830
550.495056
559.381592
542.064697
518.322388
505.726318
525.203430
553.072998
559.695679
539.115906
514.619873
504.935974
530.413391
556.959473
557.902039
533.278442
510.918304
507.882202
534.076050
560.820251
555.685730
529.145203
504.777954
493.925446
514.025513
546.647339
559.941589
549.734558
525.777588
507.428558
515.292969
545.927551
559.447998
546.958923
522.577820
507.032349
519.135803
548.566345
559.553406
544.420593
519.746094
505.711243
523.418335
552.245605
559.108826
539.689758
516.552795
506.830444
528.793457
554.811890
554.771362
536.635132
520.235657
510.217682
517.978271
541.955872
554.927429
551.318481
534.474731
510.840088
509.629150
538.574524
558.360229
553.227234
528.802063
509.148346
511.750488
541.591980
559.604675
551.423645
525.469666
506.370911
515.220703
546.600952
560.649414
547.051086
521.362732
505.484283
519.958435
549.486084
559.135010
543.459045
521.827087
506.395905
508.196686
534.520874
554.763367
555.425537
539.170410
513.524597
505.968628
531.842834
557.098389
557.522400
533.464783
511.205444
507.702698
536.446106
559.066467
555.393433
529.297119
508.556854
511.026642
542.164062
559.942505
551.041138
525.448486
507.745941
514.718872
543.654114
560.994019
549.293213
524.908447
505.095520
500.385406
525.410400
551.595703
557.247375
543.717163
519.153320
506.106689
523.908142
551.829712
558.595337
539.907593
516.613525
505.668030
527.553162
554.575562
558.548340
536.665161
513.725403
507.244812
533.429993
556.751160
555.650879
532.322754
511.802734
509.493164
537.391724
558.500488
551.171082
530.725952
515.632324
509.926270
526.820251
549.435181
555.815857
547.000854
527.418335
507.147888
515.998596
546.295898
560.086914
547.237793
521.693359
505.017670
519.278320
550.283508
561.264160
543.687622
517.600281
504.359344
524.860107
553.597534
559.547607
539.022644
515.124268
505.547668
529.820679
556.282837
556.257019
536.474304
517.290649
506.091187
516.843750
543.012695
555.828918
550.918762
532.497070
508.296844
510.079681
540.753967
560.087646
552.666260
526.332153
506.569183
513.302002
545.893494
561.819092
548.939331
521.471191
505.029602
518.532104
549.778931
560.633545
544.361023
519.211792
505.408173
522.817139
552.327637
558.485229
540.498779
520.212402
508.417969
513.992554
539.386292
554.472351
552.063110
537.021851
513.955322
507.843475
533.477417
556.699768
555.997925
532.117859
510.828400
509.091614
538.481140
559.055847
553.232849
527.383118
508.754761
513.250366
543.324890
558.913269
549.502258
524.887573
507.701691
516.033508
546.128967
559.105835
545.084534
524.434509
512.047119
512.652588
535.001160
552.386658
553.318115
541.830811
520.518982
506.474670
524.513855
551.974915
559.031372
539.870605
515.971619
505.628296
529.318848
555.514526
557.846191
535.020447
513.058411
508.095642
534.808899
556.981689
555.546265
531.749023
510.453491
509.361877
539.055847
559.336609
550.848389
529.182800
513.608337
508.746063
526.971558
548.786621
554.880249
546.555969
526.464539
506.161438
517.408264
548.046570
560.391602
545.144409
519.136230
504.609406
522.475220
552.686279
560.043335
539.993958
516.035950
505.982300
528.078491
554.334412
557.821655
536.383789
513.737854
506.733459
532.794922
557.233948
554.367126
533.440613
516.403625
508.537170
520.852356
543.926636
553.692749
548.777405
531.781921
508.832458
512.178772
542.086609
559.810547
551.118835
524.973145
506.918793
515.792480
546.710693
559.759033
546.110229
521.461487
506.619354
520.140564
549.119446
558.994202
542.980286
518.752014
505.634644
524.468445
552.942505
559.137878
537.877869
517.459839
510.111938
522.015503
548.782043
560.152527
553.086670
535.168457
512.085327
508.974243
533.942383
557.588867
556.085510
531.231079
509.769775
509.597931
539.667664
559.180603
552.697266
527.350891
508.125946
512.704163
543.019348
559.975098
550.235168
523.908203
505.501495
516.199951
548.451965
561.455383
544.048523
521.670532
510.838837
515.280457
539.661743
556.270203
554.915833
540.561340
517.305664
505.143341
526.190735
555.018921
559.687195
536.989319
512.997070
506.223755
532.682373
557.173584
556.176270
531.987305
510.962616
508.515228
537.100281
558.889648
554.719971
528.845520
508.315033
511.014343
542.202698
559.915405
550.500427
524.927856
510.293884
512.882324
539.837402
564.064453
564.354492
546.447083
521.021973
504.179443
521.756165
549.659424
559.642578
542.955505
518.568481
506.481262
524.978699
552.432190
558.285889
539.362061
516.770508
506.647186
528.554077
554.724670
558.090820
536.086304
513.112000
506.970795
533.991577
557.401917
555.769897
531.566162
513.736938
510.165070
530.214294
557.811340
564.771851
552.036987
528.382935
505.500153
513.875366
542.790710
560.520386
550.498474
524.063965
506.535370
516.530090
547.436157
560.000854
545.892273
520.649719
505.104279
520.289612
551.081299
561.104675
542.592346
516.542908
504.549774
526.318909
554.844299
559.097412
536.133545
515.941528
509.599060
523.170227
551.179993
562.626709
553.716003
532.939331
509.182556
509.593964
537.083984
559.024353
554.344788
528.571899
509.280457
511.645172
541.417603
558.882812
550.925537
525.995300
508.059021
514.641357
545.622009
560.291870
547.803833
521.819214
506.239502
519.428650
549.451050
559.229980
543.269470
520.554321
510.012177
517.692444
547.510193
566.451416
561.659363
540.693909
514.372742
505.859222
530.178040
554.642212
557.330078
535.644043
514.379822
508.250488
533.014709
555.721863
555.875366
533.274963
512.053589
508.836823
537.026123
558.422607
554.362061
529.052551
508.819733
511.513306
541.815125
559.121216
550.922607
525.796631
510.704315
512.120178
539.124268
563.950806
564.546326
545.635437
519.241272
503.258972
522.045410
549.865173
560.567322
543.337952
518.444702
505.572479
524.437073
552.822449
559.536804
539.324829
514.893494
505.166260
529.520569
556.437500
558.203796
534.395935
512.246277
508.068420
535.446777
557.540283
555.091797
530.656494
512.579102
509.628021
531.737793
560.698303
566.786926
550.774963
525.606995
505.159058
516.356750
544.484680
559.341919
548.303894
523.636902
507.608856
517.666138
547.070618
559.513733
545.881592
520.890564
505.700836
521.221252
551.010071
559.810608
541.873413
518.077087
506.571625
526.437500
552.905579
558.054626
538.327759
517.072998
508.137268
522.341187
554.309692
568.574707
558.226074
534.048767
508.563629
509.269165
536.933777
557.828796
554.523132
530.146240
509.997131
510.425964
539.952576
559.243042
552.317932
526.383179
506.867493
513.679077
545.618286
561.129089
548.462280
521.987183
505.700989
518.473999
549.301086
560.895020
544.701965
518.781799
508.265900
518.131042
548.795349
565.214600
556.318054
534.412720
511.522308
506.833130
531.455750
554.299377
557.268188
534.972229
513.350708
507.737885
533.828125
557.341431
555.935242
531.433838
510.481567
509.666199
539.062317
558.835693
552.520020
527.683350
509.477600
513.030640
542.270020
558.643433
550.081604
525.397095
510.817261
512.556458
539.823792
563.512268
562.269409
543.638245
519.634399
505.592224
523.634399
549.487671
559.111084
542.643188
518.875916
505.708221
524.227051
552.739746
559.437195
539.326233
515.265320
506.088196
530.061218
555.708557
557.153320
534.480042
512.830933
507.548523
534.209900
557.640686
556.448242
531.440125
509.227661
510.221039
535.858215
560.074280
555.382507
533.694153
513.818542
503.679932
520.025696
545.945312
557.194153
549.057129
523.252319
505.907349
516.864746
548.291138
560.887329
545.476257
519.617249
505.659607
522.727600
551.757263
558.713623
540.384277
517.684082
507.097046
527.656067
554.008789
558.034851
536.848450
514.253113
509.786591
527.052734
554.385193
559.169189
544.524292
525.865845
509.539520
514.234314
538.454773
554.552979
552.909302
530.033142
510.810486
511.841034
540.982605
558.773010
551.158569
526.281250
508.351776
515.073792
544.809082
558.597900
547.485352
523.716797
507.455017
518.571533
548.142334
559.951904
544.688049
519.291504
508.595001
518.564514
548.880798
564.004761
555.245300
535.003357
513.004333
507.393250
530.707153
553.784973
558.171143
535.882996
512.879883
506.877991
534.468933
558.636719
556.445190
530.769775
509.784332
509.680206
539.213684
558.418457
552.499756
527.895020
509.333374
513.105408
542.844238
558.967651
548.943787
523.492188
506.993988
516.765808
546.994507
560.706604
545.166626
521.303406
505.522797
504.432465
528.480530
550.710022
554.988525
542.499939
519.237305
506.407104
525.329102
552.804993
558.485535
538.337524
515.571472
506.499603
529.234436
554.125427
556.889160
535.765381
513.991333
507.723480
534.058838
557.044739
555.461060
530.875732
509.956726
511.798889
536.567322
558.698303
553.828247
534.097778
515.450439
504.094543
518.977722
545.166260
557.677002
549.831970
523.268250
505.339691
517.136719
549.069519
561.205017
544.787048
518.801880
505.327576
522.724182
552.193054
560.145142
541.395935
516.794983
505.272034
527.250854
555.068726
558.734863
536.082336
513.005249
506.922363
530.532593
559.379700
557.039978
531.256409
506.736267
494.923492
510.689484
543.066772
558.535461
551.121582
529.240112
509.609802
512.319458
542.310608
559.152893
550.226257
525.385681
508.210754
515.309265
544.947021
559.042908
547.907776
523.418884
506.873718
518.902771
548.708862
559.495544
543.388367
519.152588
506.417175
522.514709
553.803284
560.052185
538.711670
513.117432
497.500519
504.522583
535.739136
556.576355
554.860779
536.126465
513.233398
507.198029
533.967651
557.236572
555.597534
531.446655
510.695709
509.078156
537.924988
558.557800
553.902283
528.338196
507.988495
511.867645
543.238831
560.296204
549.944214
523.776550
506.537598
516.091064
546.158691
560.604675
546.113770
521.844299
503.872375
501.936859
528.455322
553.244446
556.921326
541.512634
516.525574
505.401703
526.923157
554.363037
558.015564
536.690491
514.665161
507.090668
531.318115
556.195984
557.075012
533.664551
511.906372
508.146301
536.264282
557.879822
553.980103
529.522949
510.560913
511.690002
537.954224
559.910583
551.857666
527.084839
505.462128
497.174988
519.199829
548.841003
558.229370
546.437988
522.812500
507.031097
518.792786
548.147217
558.629211
544.111267
520.613647
506.604919
522.298218
550.988403
559.269470
541.189941
517.308594
506.022705
527.357971
553.902039
557.627747
536.950745
515.306946
507.793213
531.925171
556.414490
553.817993
534.611877
518.586426
509.871368
521.338074
545.045898
555.031128
549.095581
531.613525
509.342041
511.706329
541.326416
558.751892
550.956177
526.335510
508.048584
514.764099
545.101929
559.827698
547.731689
522.050842
505.874512
519.228699
549.114441
559.279419
543.409485
519.741821
506.419739
523.409912
551.312195
557.364136
541.046265
521.345093
507.863129
512.186401
537.794739
554.384888
553.012329
537.387695
513.447327
507.709686
533.594360
555.992981
555.153564
532.034790
511.193512
509.328186
538.376648
558.694153
553.405701
527.768921
508.370422
512.694275
543.032532
559.049011
549.598022
525.202820
507.625153
515.813965
544.769104
560.188965
547.730835
524.345093
505.843903
503.026917
528.381592
552.057251
556.199585
542.657715
518.050537
505.525208
525.005249
552.740540
559.101074
539.142090
515.438049
506.100281
530.623535
556.332520
557.504395
533.534668
511.739502
508.349609
536.278198
557.510864
554.393616
530.538574
510.467010
510.628784
539.950317
559.320007
549.650330
528.065613
513.998413
511.118927
530.470703
551.353271
555.253540
545.091248
525.294861
506.506409
517.741760
547.708984
560.159912
545.635681
520.385071
505.505920
522.442566
552.018433
559.907043
540.498779
516.407715
505.870514
527.903076
554.352905
557.998718
536.672241
514.108276
506.878845
532.429199
557.396362
553.826782
532.740356
516.923401
510.758026
524.015869
546.631348
554.697937
548.106323
531.184570
509.223389
511.702911
541.540344
559.795349
551.660889
525.806335
506.872406
514.747620
545.972290
560.278076
547.053528
521.670288
506.299408
519.909241
549.562012
559.807983
543.395264
518.603271
505.188171
523.864014
552.995789
558.080383
539.326355
519.429993
508.661591
515.249878
539.813171
554.035278
551.774963
536.904785
513.341003
507.848236
534.239319
557.320984
556.052917
531.609680
510.292542
509.637024
539.335938
559.040344
552.439270
527.345520
508.939301
513.451050
543.367126
559.317139
549.458496
523.989868
506.194336
516.005493
547.344421
560.019775
544.242859
522.944397
511.567200
513.689880
536.185242
552.857239
553.208191
541.201538
519.283752
505.910767
525.664612
553.661499
559.217041
538.174683
514.419189
506.183044
531.419312
556.419006
556.686523
533.324768
512.295410
508.642426
535.946228
557.788086
554.962891
530.226379
509.541718
510.718201
541.174377
560.266724
548.776978
526.975098
514.631470
513.080872
531.323181
550.188354
553.759338
544.958435
525.664062
506.750793
518.044250
548.463379
560.159851
544.574158
519.539551
506.038788
523.685669
551.929993
558.540405
540.021729
517.394592
506.724213
527.583862
553.634399
558.024963
536.980713
514.074219
506.607849
532.672729
557.050659
554.132568
533.975525
517.534973
508.614685
519.418213
542.326233
553.658447
550.020691
532.625610
508.448029
511.533905
541.987488
559.941345
550.777466
524.791199
507.046478
516.019775
546.395752
559.427673
546.448303
522.143066
506.799774
520.053833
549.208679
559.801575
543.634155
518.863708
505.398163
524.656250
552.990417
557.401550
539.297119
520.469055
509.082123
514.002319
537.420593
552.700623
552.561218
537.871277
512.793213
507.157715
534.244263
557.441772
555.457275
530.791870
510.192139
510.261902
539.340149
558.178589
552.448853
528.149414
508.781281
512.476746
542.419495
559.328857
549.678650
524.049866
506.275696
517.007874
547.731079
559.743958
543.211853
522.655396
512.253357
514.971924
537.654724
554.469299
554.539795
541.084961
518.048218
506.059082
526.383179
553.987732
558.506836
536.893188
514.353210
507.239899
532.062012
555.689575
556.372437
533.997559
512.635315
508.341187
535.820923
557.787781
554.782227
529.848022
509.395447
511.203735
541.386658
559.284546
548.664490
528.041809
514.624573
510.085632
527.180725
547.973145
554.459656
546.008057
524.972961
505.579041
518.758911
549.331116
560.086670
543.718628
519.484619
506.332092
523.703552
551.326660
558.605469
540.421326
517.173279
505.862946
527.530945
554.438110
558.552551
536.257385
513.342041
507.131287
533.642578
557.021851
553.480713
533.855103
517.674377
507.932190
518.333801
542.101868
554.702881
550.537720
531.213074
506.741882
511.562439
543.231506
560.578979
550.167419
524.160889
506.857391
516.483093
546.793640
559.786926
546.314575
520.947510
505.299652
520.450134
551.091248
560.583679
541.991150
517.173218
505.627075
526.421936
553.877686
558.496338
537.058167
517.592834
510.253479
522.081604
549.719238
562.221985
554.057861
533.850647
509.985016
509.278381
535.625305
557.932129
554.592834
529.999268
510.137054
510.734497
539.929138
558.705017
551.835693
526.568604
507.365326
513.353638
544.809937
560.407593
548.428894
522.615906
506.393860
518.240417
548.407593
559.928650
544.945862
521.287964
508.971924
516.014465
547.306519
568.044067
563.020569
540.764221
513.548340
504.816772
529.373047
554.229614
557.590027
536.422729
514.689575
507.561890
532.106934
555.723938
556.325134
533.539917
511.813477
508.505157
537.157715
558.335083
553.748657
528.655457
509.114990
511.664093
541.240234
558.513367
550.803040
526.625000
510.581757
511.143372
539.446899
565.954041
566.563293
546.643127
519.516846
503.594696
522.562988
549.883484
559.173157
542.614502
519.124084
506.296143
524.308899
552.207153
559.080872
539.846191
516.218689
506.077759
529.095154
554.781799
557.041565
534.928467
513.447815
507.934753
533.803528
556.197510
555.385315
532.003479
513.141907
508.688965
530.626526
560.247925
567.061829
551.558716
526.561096
505.599945
515.649231
543.289062
558.993103
549.313416
524.649353
507.096100
516.097351
546.258301
560.141174
546.884583
521.099976
505.182068
520.714966
550.791687
559.920410
541.916748
517.799622
506.033478
526.045715
553.092529
558.603333
538.357544
516.740540
508.139404
523.294128
555.198486
568.178345
556.673462
532.877808
508.795959
510.131775
537.079956
557.400024
554.168152
530.172424
510.182465
510.452545
539.834595
559.207886
552.587830
526.953857
507.591614
514.001160
544.891907
559.945679
548.321106
523.147034
506.503815
517.973572
548.068909
560.438660
545.537354
521.142151
508.070251
516.150757
548.319153
568.229492
561.831665
539.473083
513.645996
506.065125
530.090759
554.470886
557.812378
536.425598
513.709961
506.277893
532.180298
557.010132
557.057983
532.545593
510.475311
508.711731
538.069275
558.560059
553.200378
528.342773
509.007812
511.725800
541.635498
559.454163
551.103027
525.312195
509.737335
511.862061
540.028320
564.088379
562.605530
543.572998
519.207397
504.671692
522.707825
549.529297
560.255554
543.492126
518.476501
504.717773
523.819702
553.127136
559.731323
538.944824
514.647583
505.492432
529.760620
555.576599
557.342651
534.776123
512.819702
507.322906
534.081970
557.590088
556.124695
531.231750
512.065063
508.916962
532.267090
561.173279
565.963806
549.998352
526.104675
505.655212
515.406860
543.379333
559.959473
550.058167
524.001465
505.414124
515.784729
547.751160
561.076904
545.895325
519.827637
505.399353
522.198181
551.749939
559.888855
541.752380
517.704712
505.639771
526.222412
554.016785
559.363953
537.956177
514.072998
508.998810
526.670105
554.821228
560.096497
545.109924
525.399780
507.955688
512.831787
538.664978
556.702148
554.854797
529.612732
508.866089
510.521210
541.510803
560.249146
551.452698
524.828125
506.825134
515.144348
545.905945
559.804260
547.740356
522.700806
506.333893
518.861938
549.137695
560.226135
543.827759
518.485718
508.775879
519.592896
549.342041
563.050720
553.882935
534.724792
513.634949
508.327698
531.264221
553.639526
557.722107
535.928345
513.447876
507.245087
534.032288
557.408203
555.555908
531.042725
510.679077
510.061768
538.612915
557.749939
552.607117
528.613342
509.390503
512.325012
542.164368
559.228699
550.043701
524.645996
510.234375
513.313721
541.005371
562.934509
560.890381
542.945740
519.459717
505.011108
523.018188
549.596375
560.110779
542.745300
517.693481
504.942200
525.658447
554.036316
559.181763
537.785583
514.745178
506.726990
531.084351
555.774414
557.333740
534.786743
512.507996
507.430756
535.042664
557.894958
555.151672
529.708252
509.116516
512.070923
537.866150
559.076355
552.792175
532.491821
513.985840
503.614655
519.917908
545.915344
557.532715
549.006653
522.844849
505.495148
517.855347
549.142944
560.700317
544.528992
519.367798
505.453979
522.735535
551.814575
560.011780
541.428406
516.590393
504.776489
527.213074
555.323730
559.146118
535.914001
512.394043
509.387543
528.964966
555.884460
559.000671
543.570251
524.247253
507.025391
512.814453
539.215942
557.148071
554.374023
528.578735
508.113281
511.644836
542.975281
560.054443
550.010559
524.167664
506.955475
516.181152
546.535217
560.003540
547.042114
521.659241
505.696350
519.965332
550.388428
560.142029
542.247925
517.395996
505.417206
523.620300
555.518738
559.986267
536.868530
510.728638
495.843140
505.191376
537.688232
558.131714
555.048523
534.982788
511.842010
506.950348
535.348755
558.123535
555.053833
530.193909
510.086487
510.498993
539.887329
559.150146
552.750549
526.923157
507.165710
512.662781
544.507324
560.782410
549.282471
522.912476
506.179352
517.203308
548.131714
561.053101
544.850342
520.246033
502.843109
502.284302
529.579468
553.726013
557.113708
541.637817
516.496338
505.108582
527.384766
554.804626
558.524658
536.691467
514.286316
506.868744
531.751404
555.927124
556.626160
533.377502
511.307861
507.995911
537.192871
558.815674
554.200989
528.487732
508.694550
511.462067
539.664124
560.711426
550.985229
525.913452
504.878845
497.288422
520.366882
549.607239
559.152649
547.002686
521.600098
505.292358
519.315369
549.882629
560.038574
543.382690
519.130981
505.835114
524.015747
552.308655
559.344421
539.849976
515.554382
505.371368
529.060242
555.662231
558.042358
534.928650
512.645142
507.282776
531.563599
559.747375
556.720337
531.018433
505.525879
492.985870
511.168976
544.741577
559.897888
550.723206
526.896423
507.240051
512.609802
544.072266
560.121277
549.518127
523.961365
506.566681
516.407593
547.098877
560.367493
546.272217
520.322083
504.990814
521.203979
551.782532
560.530579
541.766174
517.196411
505.451660
523.922119
555.682556
560.266174
537.108337
509.893860
493.891968
504.376068
538.439392
558.963562
554.758301
533.704651
510.808105
507.447937
536.648621
558.660828
555.016174
529.969788
509.483551
510.257660
540.264404
559.562622
552.246704
525.925598
506.593140
513.394714
545.304810
560.598633
548.391602
522.366455
505.873962
518.022217
547.488037
559.604309
545.017639
522.658386
506.391510
505.910919
531.791382
553.969055
556.229309
540.739441
515.118958
505.214142
528.392944
555.257996
558.424988
536.197510
513.583984
506.900635
533.155396
557.473328
556.544495
531.395508
509.541656
508.900787
539.319458
559.751587
553.420593
527.447632
508.352600
511.995544
542.387817
559.603027
547.967957
526.912231
512.920715
510.165253
531.093689
552.712402
555.955811
543.609253
521.740662
504.876373
520.578979
551.229187
560.294067
542.758667
518.158997
505.384705
524.836426
553.653870
559.504944
537.911255
513.739685
505.856445
531.561707
557.466187
557.641907
533.209106
511.317261
507.682861
535.665771
558.689453
552.400879
531.673767
516.678223
510.890076
525.651367
548.338745
555.224304
547.008850
529.057617
508.640778
514.384216
544.014160
558.619873
548.584045
524.193359
507.022827
516.739685
547.271729
560.603394
546.512817
520.753845
505.439240
521.730835
551.577026
559.854492
541.422485
517.260559
505.270691
525.909424
554.043701
557.189880
538.824158
519.355408
507.214355
514.704468
541.107483
556.039368
552.431213
534.668274
510.265839
508.434235
538.029785
559.227661
554.143921
528.210205
508.138397
511.290375
542.874512
560.765869
550.660156
523.486877
506.213715
516.173950
547.560059
559.823853
545.654053
520.934509
506.953735
520.802979
550.182617
558.755005
542.217773
521.952881
509.869263
512.604126
537.139282
554.191895
553.314209
539.272705
516.764832
506.997253
529.305542
554.222839
556.994446
535.876953
514.057861
507.279968
533.438538
557.409363
556.638062
532.086365
510.406372
508.771210
537.995178
558.320007
553.315063
528.464294
508.881805
512.028320
542.617615
560.409851
549.104736
526.635132
511.244781
508.582581
530.597961
552.862732
556.590149
544.260803
521.866516
504.834167
520.867493
551.250183
560.467834
542.044983
516.462769
504.241333
525.969543
555.414978
560.177307
537.033508
512.767151
505.942169
532.252869
557.260986
556.696350
532.856689
511.914673
508.893066
536.734558
558.314453
552.155701
531.306580
515.340210
508.615906
523.534546
547.010803
555.160400
547.726868
528.952148
507.367889
514.373352
544.447449
559.600220
548.855957
523.436829
506.167572
517.734314
548.810425
560.623718
544.497131
518.743469
505.054382
523.197754
552.466309
559.585938
540.409363
516.229797
505.088379
527.259094
554.860901
556.503723
536.835510
517.233154
506.420197
515.901550
542.466003
555.878418
551.229370
533.496155
509.502563
509.239929
539.118530
559.448608
553.648071
527.787781
508.354492
512.356812
543.593079
560.329956
549.760925
523.625183
507.022247
516.764648
546.920654
559.329529
546.260925
521.796204
506.297516
519.740173
549.600952
560.266052
542.145020
520.193237
509.542145
517.311829
545.096802
560.457520
555.244324
537.491272
513.962891
506.423248
529.834595
556.364502
558.599976
534.880798
511.522949
506.862915
535.928101
559.109924
555.271301
528.758545
508.618317
510.997467
541.779358
559.608337
551.281372
525.583557
507.786407
514.283997
545.089172
560.169434
546.214478
524.194397
511.959229
512.771973
535.346191
553.938293
554.481934
542.085144
521.327209
506.557373
522.988770
551.232117
559.307617
541.194946
516.912781
505.339020
527.407227
555.176147
558.847595
536.025146
512.890808
506.516174
533.276123
557.512146
556.840942
532.555420
510.757416
508.110870
537.615173
559.436707
551.886902
529.509521
513.524963
508.679382
526.475098
549.295593
555.282166
546.118530
526.803040
506.654449
516.070801
546.328918
559.689941
546.660950
521.315369
505.686981
519.848938
550.284668
560.238403
542.953247
518.146423
505.459961
524.214661
552.468872
559.346191
539.956421
515.884888
504.980011
528.455688
556.169067
559.339417
534.951172
513.433655
507.995483
527.312439
557.651794
565.937134
552.385315
529.648560
507.342834
511.980988
540.163025
559.928284
552.597961
525.964478
506.833618
513.329529
545.442322
560.698242
548.100037
522.000000
506.686493
518.578430
548.492126
559.311951
544.497986
520.251892
506.356171
522.265259
551.360596
559.314880
539.611084
518.931763
510.764252
520.039673
546.317261
558.917175
553.161011
536.947815
514.538086
507.887329
530.921143
555.999695
557.540283
533.902222
510.805786
507.086517
536.850037
559.629517
555.155151
528.587524
508.210510
510.951904
542.355225
560.629089
551.694031
524.975952
506.372040
514.545166
546.712769
561.096191
547.355530
521.754395
509.087494
515.820923
545.948608
566.440369
562.088684
542.358215
517.706055
505.309967
525.887573
551.770569
558.929321
540.119629
516.444336
506.051666
528.609253
554.894043
557.673096
535.424866
513.651062
507.821198
533.600098
556.261597
555.653320
532.225708
511.082031
509.011749
538.228638
558.907104
553.423401
527.673645
510.414612
510.400208
536.468384
563.045044
565.514709
548.694641
523.738647
504.350464
518.337646
546.947021
560.637939
546.577026
520.535583
505.455750
521.486572
551.364929
559.255371
540.682373
517.191528
506.511597
526.754578
553.581177
558.462952
537.989563
515.045715
506.559662
531.312317
556.595398
557.245972
533.136047
513.313538
509.361115
529.031189
557.630615
565.306580
552.842651
530.507080
507.607330
512.227234
539.648438
558.939087
552.562012
526.663025
507.269958
513.934937
545.399170
560.405762
548.158875
522.164795
505.860107
518.437744
549.147156
560.970398
545.019958
518.868958
504.446686
523.097595
553.575012
560.258789
538.937195
515.555725
507.945221
522.552063
553.813660
567.338440
557.547791
535.640137
510.866150
507.795746
534.426025
557.232727
556.038452
531.581177
510.762024
509.800262
538.837891
558.541565
552.577087
527.937073
509.576965
512.781006
542.235168
559.240112
550.539490
525.081482
506.770142
515.384827
546.843628
560.709656
546.630981
520.559143
509.054352
516.407227
545.379578
563.937988
558.924133
539.618591
515.292358
504.633820
527.398926
554.037354
560.677551
538.321594
513.330383
505.272705
531.209534
557.321777
557.436951
533.051697
511.379883
508.022583
536.171387
558.482483
555.236206
529.836548
509.305847
510.699188
541.487061
559.982544
551.412659
525.112915
510.640625
513.197754
538.960754
562.066833
561.642151
544.914307
521.744385
504.979553
520.600159
548.173157
560.355286
545.073975
519.616211
505.546265
522.324402
551.367126
558.745972
540.452271
517.285889
506.372314
527.083374
553.995605
558.574646
537.121094
513.776489
506.378387
532.461548
557.012695
556.374695
532.206055
513.370667
509.886871
529.749084
558.140808
565.728149
552.935974
529.533875
506.462585
513.061951
541.786316
560.153137
551.706848
525.145630
507.026093
515.348022
546.372620
559.865662
546.976685
521.830017
506.223663
519.156677
549.184814
560.055115
543.892212
518.768799
505.279480
524.172729
553.080383
559.410950
539.351257
516.012756
509.885498
523.902100
551.680725
561.298218
550.611206
530.847046
509.585449
509.411102
535.471436
556.250244
556.058167
531.112976
510.114716
509.624237
539.002991
558.605652
552.947632
528.032166
508.752441
512.319092
542.712036
560.005432
550.306580
523.871826
505.820190
516.308777
547.969666
560.607422
545.550537
520.184143
509.329132
516.731140
545.338684
563.724487
559.092407
539.823914
515.287903
505.231232
528.006409
553.629150
559.560852
537.936890
514.652039
506.826599
531.311279
556.002502
557.094055
534.401306
512.494446
507.403473
534.786377
557.746460
555.693481
530.535217
509.275146
510.251556
540.770630
559.586914
551.727234
526.160645
507.998291
514.558655
542.458618
560.157654
549.704773
526.763062
507.520508
501.690765
524.947510
550.937378
557.474670
544.474792
519.086121
505.607605
522.962219
552.036865
559.503235
540.625793
516.357788
505.099609
527.247681
555.370483
559.483704
536.391785
512.622192
506.478882
533.522705
557.856628
556.321167
531.840393
510.855774
511.154480
533.363708
557.577209
556.794067
538.276428
517.454285
503.500427
517.227478
545.023560
557.960022
549.823059
523.675903
506.950714
516.275208
546.686157
559.647217
546.741699
521.754700
506.003204
519.638611
550.053772
560.385925
542.917053
517.740723
505.290070
525.143311
553.254150
558.556763
538.490356
515.856384
506.746277
527.058411
557.479492
559.054382
534.029785
506.948303
492.903320
508.126892
542.617493
559.247559
551.753906
530.271973
510.050690
510.299835
539.640381
558.796509
552.614624
527.235229
507.865936
512.699219
544.271301
560.864746
549.523071
522.979248
506.141846
517.544495
548.189392
559.928772
545.290649
520.505432
505.733459
519.405518
551.232849
561.454834
541.831604
514.295227
496.734222
502.765381
534.721436
556.349976
554.978638
537.306396
514.581665
506.795471
531.303467
555.939697
557.101624
533.850281
511.533508
507.460846
536.180176
558.531982
554.727356
528.883484
508.830994
511.149689
541.314514
559.124390
551.241821
526.388916
508.195923
514.566650
542.938721
560.327759
548.941040
524.943970
506.020569
502.165680
526.554993
551.314148
556.644592
543.916016
519.556213
505.760376
522.581848
551.094055
559.382019
541.257324
517.161316
505.759583
528.059998
555.101379
558.377014
535.446289
512.796570
506.986328
533.450806
557.135681
556.638611
533.054688
511.409882
508.485291
534.586060
560.916504
555.412964
528.265198
503.571533
494.876007
517.453552
548.401550
558.743042
547.835999
524.777161
507.251434
515.627869
545.732788
559.803101
547.388977
521.824402
505.463654
519.936707
550.388245
560.108215
542.512512
518.351746
506.360840
525.804321
552.870605
558.243469
538.314636
515.289856
506.019501
529.982056
556.575928
555.512451
534.997009
517.830200
510.298431
521.820374
544.904114
554.092285
548.458008
532.593811
510.657440
511.130554
540.066467
559.166199
552.542480
526.698669
507.245667
513.258484
544.770813
560.275635
548.096436
522.127319
506.287598
518.598450
548.807861
560.037964
544.545105
519.343933
505.121399
522.386536
552.281616
559.550842
541.396912
520.123108
507.531342
512.280151
537.536499
553.739868
552.698608
538.024048
513.923462
506.922882
532.587830
557.389709
557.291565
532.640137
510.357788
508.030273
537.916260
559.331543
554.167725
528.704712
509.399170
512.093079
541.791138
559.229919
550.806763
525.228149
506.700989
514.691895
545.048279
562.015869
548.267944
522.966736
504.872070
502.801880
527.623169
551.238708
555.989868
543.450989
519.306335
505.997070
524.188843
552.674316
559.489990
539.361572
515.060547
505.628998
529.717834
555.813843
557.486145
534.723083
513.349548
508.195374
534.274780
556.470825
554.991699
531.357666
510.573700
509.696716
539.258667
559.916687
550.314392
528.572021
515.226135
512.403259
529.712341
549.553040
553.955811
545.512268
526.799927
507.228638
517.054749
547.719849
560.293396
545.282837
519.348022
504.992676
521.707764
551.470825
559.255005
541.029114
517.805054
506.656494
526.467957
553.114929
558.293945
538.024048
515.057190
506.606018
531.295349
556.920532
553.869629
533.382019
518.171692
512.117798
523.492737
544.994019
553.645081
548.905273
533.004761
510.216003
510.748810
540.401917
559.213806
551.687378
525.994446
507.640442
514.563416
544.860046
559.036804
547.839722
523.766052
507.544250
518.017029
547.158508
559.456848
545.358765
520.616821
505.601105
522.666199
552.026733
558.232056
540.347473
520.518066
509.131042
513.398071
536.832825
552.488159
552.690735
539.205933
514.867371
506.998535
532.183777
556.272888
556.456665
532.695862
511.257812
509.183960
537.734741
558.263367
553.951782
529.373169
509.122864
510.923401
541.216797
560.072876
552.003296
525.507507
506.105774
515.326782
547.614136
561.051392
545.136963
522.978149
510.795593
511.818634
534.377136
553.254761
555.595032
542.990173
518.964600
504.177185
524.751831
554.497314
560.344727
537.941162
513.538574
505.961975
531.673157
557.043213
557.338379
533.544434
511.706879
507.407135
535.449341
558.543091
555.989136
530.457397
509.269348
510.309967
540.959290
559.737305
549.138000
527.710205
514.332947
510.012024
526.712158
547.964844
554.873474
546.936584
526.101013
505.280548
517.093994
548.463440
560.567017
544.575562
519.079224
505.576172
522.980286
552.184326
559.855347
541.527344
517.383850
505.368164
526.240234
553.981201
558.909058
537.350342
513.996216
506.739502
532.697083
556.908264
553.682678
533.783936
517.534851
508.236542
517.884766
541.458496
554.344727
551.047485
532.600037
507.484528
510.313049
541.782227
560.447144
551.353271
524.825378
506.712280
515.064026
545.980957
560.023071
547.520630
521.988037
505.720825
519.074951
550.091553
560.857300
543.619751
518.073242
505.252808
524.506775
552.792786
557.139465
539.445251
521.434448
510.046478
513.308167
536.498413
552.816040
553.315674
538.614624
513.413025
507.015015
533.846008
557.539551
555.835144
531.185608
510.537445
509.542816
538.550720
558.738953
553.583618
528.390198
508.392090
511.725891
542.638000
559.905090
550.109863
523.953003
506.604034
516.641052
547.366455
559.901001
543.908020
523.197876
512.145447
513.698547
536.687317
554.899109
555.538879
541.751587
518.493469
505.621643
525.604980
553.897400
558.772339
537.497986
514.598083
506.512421
530.775696
555.798157
557.393494
534.409424
511.891541
507.294037
535.658752
558.775635
555.632996
529.848938
509.140900
510.465240
540.639954
559.127563
549.377502
529.104004
514.854858
508.819427
525.219666
547.520203
555.331909
546.827637
525.265869
505.092499
518.039124
549.638367
560.999207
544.483948
518.939087
505.205353
522.533875
551.958679
560.260010
541.306885
516.365540
504.764648
527.191833
555.074219
558.725342
536.048462
513.089478
506.582581
532.672363
556.714539
556.657776
533.066345
514.229980
509.087799
528.412781
557.622620
566.021851
552.337341
528.198975
506.048920
513.984314
542.347839
559.918579
550.847107
525.063721
507.007416
514.910156
545.658813
560.414429
548.003235
521.876587
505.368866
519.434326
550.343018
560.464966
542.939209
517.924194
505.503998
524.558960
552.723022
558.973450
538.236877
517.671021
509.056641
520.342224
549.139465
562.851746
554.771057
534.049194
510.335388
508.578003
534.624084
557.868469
555.633850
531.130859
510.474335
509.732025
539.145142
559.683411
553.933960
527.392761
506.989319
511.965851
544.109985
560.900208
549.497437
522.788696
505.775574
516.832092
548.102783
560.999268
544.485840
522.481750
510.347656
513.315674
538.888794
557.716858
556.251038
540.301025
516.936218
505.784027
526.796814
554.506958
558.615479
537.324219
514.180359
505.932404
530.957153
556.955444
558.251709
533.835876
510.749939
507.168060
536.664551
559.106812
554.740173
529.011047
508.965973
511.011536
541.190552
559.485352
551.804260
526.379761
509.754700
510.439941
539.008057
566.515747
567.349365
547.108643
519.916931
503.321899
521.603638
549.865234
560.309570
543.929504
519.209656
505.639374
523.510498
552.997620
560.412170
540.213562
515.255066
504.890656
528.698059
556.175659
558.935364
535.877991
512.948242
506.726105
533.279419
557.469727
556.725708
531.866394
512.280762
508.588623
531.297119
561.458740
567.514343
551.244141
526.274963
505.322815
515.162048
543.603271
559.975525
550.095093
524.164124
506.273621
515.816833
547.654663
561.447632
546.920593
520.166016
504.740479
520.855957
551.560852
560.389038
542.136536
517.478699
505.342133
525.382812
553.692627
559.460876
538.343750
515.711670
507.325256
523.331848
556.082886
568.901001
556.793884
532.864807
508.830078
509.750000
537.303101
558.235474
554.665039
529.600708
509.077972
510.206482
540.959961
560.201538
552.113281
525.130066
506.803406
514.457336
545.829041
560.258423
548.088501
522.622070
506.256226
517.875366
548.657715
560.934998
545.573914
520.313538
507.372589
516.261475
549.358276
569.421082
562.582520
539.526611
513.090149
505.030762
529.580078
555.132202
558.809204
536.567017
512.994568
505.872772
532.863403
558.210083
557.448975
531.833557
509.655487
508.569305
538.671082
559.490723
553.971313
528.217896
508.460785
511.758636
542.694641
560.553650
551.144775
524.238953
509.223633
512.748657
541.198914
563.933044
561.448120
542.347900
518.626770
504.731598
523.311584
550.427185
560.995178
543.274475
517.414551
504.458313
524.956299
554.449219
560.037231
538.080688
513.928589
505.907196
530.877014
556.482422
557.685852
534.312439
511.842285
507.143860
535.302368
558.898621
556.207214
530.095703
511.113831
509.306763
533.518616
561.784607
565.431335
548.671448
524.781311
505.029480
515.968689
544.532288
560.498657
549.040100
522.313660
504.779083
517.015137
549.374451
561.677917
545.205078
518.994934
505.319336
522.851196
552.493164
560.049316
540.859619
516.282166
504.997314
527.263062
555.839722
559.983887
536.644714
512.289673
508.791595
528.116394
556.199036
560.327637
544.238281
524.101135
506.897919
512.539490
539.305420
557.544617
554.794189
528.168213
507.206116
510.613861
543.114807
561.690979
551.299866
523.749268
505.878754
515.292725
547.051758
560.847839
547.400269
521.071655
504.988708
519.558044
551.372559
561.766235
543.028564
516.634033
508.098602
520.683533
550.589539
563.215454
553.029785
533.412842
512.450073
508.196106
532.311157
555.094604
558.094482
534.674011
511.768738
507.049072
535.401611
558.612366
555.472778
530.112671
509.819763
510.333984
539.934814
559.364441
553.064941
527.306946
507.808289
512.765015
544.407715
560.909180
549.427124
522.549683
505.704559
516.874878
548.004578
561.412231
544.950073
519.693115
502.368103
502.137482
529.329468
553.712952
557.183350
541.409607
516.079529
505.043335
527.481262
555.552063
558.999023
536.416138
513.382874
506.484436
532.090454
556.826233
557.203491
533.172546
510.933472
507.845947
537.171204
559.315674
554.803528
528.473694
508.520935
512.778503
539.201355
559.825439
552.622803
531.834045
512.985779
503.106659
521.018921
547.761597
558.488647
548.147705
521.261475
504.985870
519.337891
550.703430
560.539429
542.858459
517.901428
505.401184
524.154968
552.818176
559.638550
539.601990
515.295593
505.293884
529.230957
556.130676
558.076416
534.488770
512.175537
507.231476
531.753357
559.889282
556.608154
530.624756
505.502319
493.404205
511.174683
544.630310
559.853333
550.885986
527.292969
507.616119
512.786682
544.322021
560.477356
549.746582
523.780579
506.589813
516.513611
547.610901
561.022400
546.616821
520.119751
504.609375
521.091614
552.374451
561.072937
541.319641
516.051025
505.071503
524.459900
556.330994
560.430176
536.740051
509.731140
494.552460
505.287689
538.876526
558.657593
553.756287
532.865540
511.002686
508.492401
537.384521
558.845154
554.728271
529.631409
509.532867
510.643951
540.827881
560.180237
552.623291
525.953979
506.590118
513.712219
545.803284
560.947876
548.088562
521.769409
505.807373
517.974609
549.364014
562.009277
544.823975
518.526001
500.399231
501.949463
531.443115
555.713745
556.949829
539.661011
514.970093
505.702271
529.220764
555.658203
557.948425
535.362854
512.897339
506.838104
533.237793
557.725891
556.843506
531.909973
510.169128
508.905853
538.692932
558.966797
552.783142
527.078430
508.245697
512.441711
540.978943
561.710205
551.326538
524.875305
502.936310
496.650116
521.719543
551.294434
558.997803
545.019897
519.897034
505.582886
521.214294
551.236755
560.005676
542.248108
517.606079
505.090332
525.062561
554.265930
560.203247
538.645813
514.125793
505.780914
530.961670
556.674744
557.033997
533.451721
512.238098
508.212280
532.796631
560.471558
556.388000
529.263977
503.351044
492.346558
512.936768
547.017151
560.280640
549.626404
526.050110
507.854492
513.923584
544.290771
559.370544
548.592285
523.271423
506.422699
517.466248
548.606506
560.792969
545.078430
518.871826
504.872955
522.464050
552.121094
559.466919
540.681641
516.874207
505.959961
527.328125
554.814453
556.748413
537.630127
518.412292
507.776306
516.573425
542.601196
555.849304
551.308105
534.097656
510.468689
508.788055
537.574280
558.086914
553.571167
528.468750
508.770691
511.564423
542.530151
560.203918
550.377563
523.728149
506.290619
515.862122
547.204773
560.305725
546.653564
521.466370
506.270721
519.816040
549.155090
559.891907
544.043396
521.209412
505.372223
507.179565
533.896545
554.401733
554.979187
539.336975
514.506226
505.729004
529.536377
555.621216
558.182861
535.503418
512.512817
506.817749
534.439392
557.994873
555.632202
530.029541
509.370514
510.095306
540.167358
559.466309
552.808472
527.173889
507.856812
512.484375
543.617126
560.415405
547.969299
525.919617
512.458435
511.697754
533.137268
552.515747
554.371582
542.908447
522.198486
505.849792
520.975403
550.247070
559.956970
542.715332
517.992188
505.347504
525.934326
554.038879
558.578552
536.495850
513.547485
507.092529
532.498047
556.665710
556.657166
533.165405
511.668365
508.152649
536.130127
558.542664
551.568481
529.941833
515.007385
511.290192
528.056763
549.663818
554.784973
545.795593
527.598206
507.665375
515.035095
545.459290
560.300842
548.467163
522.369385
505.340363
518.006836
549.291687
560.486694
543.685974
518.494446
505.614899
523.879883
552.735657
559.858459
540.272888
515.697815
504.779602
527.710205
556.191589
557.527405
536.845764
517.498352
508.330444
518.621094
543.706421
555.511230
550.642395
533.889709
510.526489
509.345459
538.720459
559.718506
554.008789
527.474548
507.511902
511.840454
543.528809
560.487366
549.786926
523.624390
507.037842
516.906311
547.182556
560.207825
546.627991
520.928772
505.353394
520.218323
551.132324
559.881409
541.979065
520.562683
509.055267
513.639832
538.031555
553.748169
552.623413
538.575317
515.428833
506.381866
530.632080
556.470215
557.917725
534.065247
511.449371
507.657959
536.331848
558.568665
554.628479
529.500061
510.013519
511.154236
540.421509
558.717957
551.511597
525.869385
507.359558
513.935120
545.748230
561.124390
546.397400
523.785217
511.897949
512.923401
534.608154
552.518799
553.715820
542.260498
521.619446
506.283600
523.057739
552.134888
559.871338
540.328064
515.570618
505.227417
528.077454
555.296631
558.437439
536.214539
513.791199
507.030151
532.394287
556.468628
556.552246
532.709106
510.869324
508.604370
538.184631
559.440796
551.536377
529.740723
514.613281
509.148163
524.608215
546.394348
554.175415
547.519592
528.273682
506.522278
515.368225
546.476440
560.628967
547.185364
521.237000
505.807068
520.336731
550.291077
559.454834
542.445435
518.535217
506.050446
524.475525
552.561829
559.191772
539.185669
515.227539
505.597565
529.602539
555.861023
555.549622
535.605164
517.984863
508.739349
517.522156
540.678284
553.248108
550.667725
534.419373
509.946716
509.586090
539.058838
559.338989
553.263855
527.155029
507.898407
513.454834
544.087646
559.522400
548.631104
523.671143
507.164368
517.251953
547.265747
559.765808
545.519897
520.068604
505.434906
522.246460
552.050659
559.918640
539.521851
518.718994
510.890472
519.799377
545.224609
558.272827
553.177856
536.485596
513.441223
507.654449
531.836975
556.717957
556.827393
532.830811
511.675568
509.289948
537.209961
557.739258
553.518921
529.306641
509.707458
511.041809
540.806274
559.518555
551.715332
525.338562
506.565674
514.814575
546.570618
560.740417
545.077576
523.340210
512.267090
513.627075
535.419495
553.461426
554.838013
542.542847
520.109497
505.594604
524.225281
553.527527
559.769043
538.655884
515.091370
506.570923
530.126709
555.484192
557.169006
535.076782
513.173645
507.210205
533.386902
557.104126
556.197449
531.324463
509.995728
509.379974
539.384766
559.457642
553.032410
527.714417
511.460144
511.160278
535.884033
562.531799
566.125732
549.202332
523.253296
503.804230
518.830994
547.998718
560.879822
545.764404
520.079102
505.755402
521.449768
550.827698
559.733276
542.049255
517.696655
505.423309
525.555054
553.936462
559.228516
537.622253
513.904907
506.267700
531.634949
556.329285
556.593384
533.109497
514.887695
510.256561
527.379700
555.038452
563.891479
552.445129
530.107971
507.315247
512.739441
540.914429
559.680847
551.504517
525.645264
507.773865
514.439697
544.729736
559.617249
548.359436
522.979248
505.855591
517.213074
548.547913
560.937073
545.069946
519.099915
505.368835
523.162292
552.483765
559.526550
540.288879
517.866089
508.537598
520.056946
551.566833
568.442688
560.636047
537.245117
510.373505
506.669281
534.010132
557.293274
556.326538
532.070007
511.363861
509.206421
537.253357
557.838257
553.777893
529.106628
508.873657
510.903717
541.789490
560.315308
551.406189
524.884766
506.761597
515.188354
546.294312
560.195801
547.344849
522.814514
509.482269
514.356018
544.399414
567.389526
564.920532
543.646606
516.078186
503.817444
526.367859
553.068115
558.854065
538.495300
515.595276
506.598724
529.283264
554.753967
557.463562
535.356384
513.012634
507.290955
534.342346
557.873535
555.996521
530.951355
510.515076
510.463043
539.487061
558.469727
552.686157
528.259460
511.812042
510.815552
535.848145
563.007751
566.634705
548.979004
522.733643
503.971527
519.279724
547.595764
560.058228
545.848328
521.120178
506.330658
521.020752
550.175171
559.932495
542.792664
518.037598
504.989685
525.118042
553.541931
559.104980
537.983093
514.887390
506.831604
531.024475
555.536682
556.956665
534.320618
514.478577
508.462189
527.342896
558.291260
568.458984
554.789368
529.603333
506.289246
512.793518
541.051331
558.864380
551.072327
526.071594
507.986084
514.059204
544.348389
560.059509
548.813782
522.694397
505.416016
517.847412
549.406433
561.007263
544.429382
519.031799
505.678497
523.159241
551.826660
559.462158
540.584900
517.820068
507.920929
520.154602
552.775391
569.615173
560.399780
536.277466
510.188385
507.630249
534.604126
557.344360
556.182129
532.169922
511.270508
508.967285
537.532349
558.929749
554.395081
528.599609
508.158508
511.486725
542.707458
560.183105
550.306274
524.351196
507.286255
515.994507
546.200012
559.709778
546.939514
521.731567
509.391327
515.207581
544.594177
564.867798
560.092773
539.755493
515.583435
505.649261
527.366577
552.335022
558.921326
538.893433
515.535889
505.834839
529.205872
555.993225
558.456665
534.885986
511.770386
507.320526
535.597046
558.696594
555.290283
530.150146
510.314697
510.997742
540.126282
559.056458
552.368469
526.823975
510.883636
511.424805
537.364136
563.045959
563.471313
545.198608
521.267578
505.196014
520.675415
547.372192
559.278320
545.397888
521.306763
506.541107
521.263794
550.621094
559.964478
542.166199
517.500488
505.334808
526.015625
554.088989
559.097961
538.250793
515.104248
506.111877
530.044128
555.625671
557.941284
534.662964
513.914673
508.244904
528.474060
559.627014
567.967041
552.940063
528.301147
506.245483
513.304504
541.449463
559.562378
551.933777
526.468811
507.903625
514.519470
545.408630
560.227234
547.797607
521.970215
506.378937
519.788574
549.681396
559.516541
543.663879
520.040710
506.861755
523.166870
550.899231
558.720215
540.668823
517.285095
509.523071
522.657166
551.387146
561.530701
550.149780
530.496643
510.708862
510.180328
534.474915
554.928284
556.677856
533.562988
511.536224
508.114502
537.260864
559.382751
555.024231
528.642517
507.899597
511.430542
542.392273
559.909851
550.765686
525.104675
507.017334
515.410034
546.427490
560.669128
547.250305
520.975281
508.672668
516.266479
546.247620
564.557800
557.838440
537.805664
515.404907
506.760986
528.308350
552.402527
558.555237
538.412659
515.454651
506.430389
530.253906
555.824890
557.255615
534.068054
512.523621
508.590515
535.379822
556.964478
554.437988
531.007629
510.893158
509.939606
538.638000
558.802673
553.388245
527.844482
507.809784
513.237305
541.829590
560.689758
549.798096
526.731384
508.953369
503.489807
524.511292
549.150635
557.049316
545.926147
520.424133
504.883148
521.291138
552.169861
560.944824
541.152100
515.984009
505.300171
527.502502
555.195251
559.172852
537.168030
513.636658
505.955872
531.711670
557.387634
557.664429
532.595886
510.140869
510.141235
533.232971
558.163574
556.260498
537.336914
518.442688
505.546478
517.065918
542.909668
556.953430
551.381836
526.138367
507.720520
514.584229
545.386902
560.087830
547.800537
522.659424
506.870728
519.007019
548.519104
559.745239
545.009460
520.216431
505.278687
522.038696
551.821777
560.433411
541.022827
515.922607
505.017853
525.560120
557.630554
559.736023
534.798950
508.448181
494.583496
507.014374
539.905396
558.673340
553.891846
532.663269
510.159393
508.227234
538.617432
559.811584
553.571411
527.017700
507.742554
512.516846
543.519714
560.476868
550.509583
524.159912
506.303162
515.911560
547.698669
560.941406
545.985046
519.620667
505.322144
520.229004
552.149048
561.144714
540.893677
515.084839
499.477264
503.555420
533.146301
555.563477
556.334534
539.093506
514.920105
505.818939
530.287781
555.891113
556.937927
533.757141
512.582153
508.274231
534.963318
557.015015
555.354431
531.417603
509.992706
509.075470
538.906738
559.444580
553.354492
527.301758
507.783997
513.196533
542.375000
560.817932
549.619202
525.638367
505.964569
499.890106
523.306030
550.754822
558.980652
545.771606
519.304138
504.127869
522.002502
552.640930
560.514404
540.807922
516.608643
506.008118
527.621094
554.742249
558.922363
536.963074
513.249695
506.071960
532.674377
557.623474
556.865051
532.061707
511.101166
509.669861
535.628052
560.475220
554.072388
528.724792
506.015869
496.178223
515.776245
546.757507
559.368347
549.189697
525.210693
506.790924
515.107788
545.979980
559.778015
547.358215
522.409363
506.329895
519.055786
548.877197
560.135071
544.316956
518.853027
504.586975
523.460083
553.356506
560.177917
539.436401
515.045227
505.357452
528.824524
555.815186
555.677795
536.429932
518.900635
508.708923
517.559326
542.809448
556.280640
551.793152
533.147705
508.683929
509.132660
540.357361
560.376831
552.887573
526.336243
507.282471
512.828674
544.365723
561.169128
550.096008
523.045959
505.421570
516.648743
548.481262
560.709229
545.342712
520.012451
506.179138
521.994324
550.547119
558.336609
542.219604
521.708374
507.310852
508.920227
534.437073
554.223633
555.256165
539.420349
513.984497
505.970306
531.173828
556.274536
557.217590
533.942200
511.721710
507.322388
535.234253
558.469116
556.216858
530.425903
508.340271
509.573029
540.955811
560.411865
552.233032
525.522339
506.309540
513.502319
543.643372
561.718201
549.554810
523.928833
503.193604
498.881012
525.429932
553.231079
559.017334
543.545471
517.051941
504.469421
524.537292
553.907471
559.732117
539.096191
515.307434
505.865051
529.176270
556.017212
558.497742
535.018494
511.834229
506.826477
534.657898
558.185730
555.693970
530.871582
510.747192
510.040314
538.694519
559.002808
550.460327
529.668396
515.123657
510.040314
527.266479
549.954407
556.098572
546.497314
526.614075
506.833801
516.453796
547.109619
560.162842
546.746521
521.507080
505.469086
519.882080
550.770081
561.217651
543.018738
516.869934
504.177673
525.254089
554.435059
559.892334
538.573425
514.745178
505.917938
530.450195
557.009033
555.680115
535.190002
517.225891
508.300568
519.941772
545.330017
556.341309
550.153992
531.982544
508.906830
510.421936
540.666504
559.444031
552.122742
526.394775
507.493042
513.717896
545.280029
560.758118
548.463501
521.855713
505.732605
518.579895
549.247681
559.753723
543.967224
519.532288
505.946350
522.412659
551.313232
557.994934
541.042297
521.010132
508.520386
512.936157
538.427612
554.734985
553.072021
537.624084
513.736816
506.811218
532.339844
556.404175
556.929749
533.655579
511.398315
507.693451
536.618347
559.055115
555.116333
528.852112
508.052948
510.830322
542.154907
560.219299
551.470947
525.286865
506.399719
514.352844
546.232788
560.984070
546.735535
523.826660
509.583740
510.027710
534.497803
554.525452
555.580261
541.780701
518.668457
504.696869
524.667053
553.668213
560.049927
539.366638
514.711182
504.993683
529.768188
556.853271
558.439941
533.768738
510.966827
507.124542
535.646606
558.624695
555.981384
530.820679
509.753601
509.404694
539.288086
559.713379
550.192383
528.206299
514.202271
511.689972
530.658630
551.202454
554.873047
544.780701
525.548889
506.757385
517.246460
547.563721
560.314819
546.208801
520.631409
505.142548
521.102539
551.207336
560.159668
541.521362
516.968201
505.611694
526.653687
554.129517
559.159485
538.149414
514.404724
505.681488
531.223816
557.537354
556.141235
534.883362
516.120728
507.222046
519.781250
544.968201
556.020508
550.146606
531.763245
507.962372
510.556732
541.609375
560.921997
552.425293
524.673035
505.207031
513.809021
546.927429
562.029724
547.886230
520.527893
504.750610
519.153870
550.558044
561.145691
543.911743
517.562988
503.870300
523.498413
554.392090
561.095154
538.246399
515.868469
508.704834
521.923767
550.493225
562.350708
553.460144
534.157349
511.358948
508.384369
533.999512
558.094788
556.553528
531.128784
509.323700
508.900452
539.038818
559.349854
552.861389
527.290405
508.508209
512.768066
542.952393
559.691650
550.260620
524.380371
506.081726
515.374268
547.330383
561.457947
545.161560
522.584595
510.979584
514.031189
537.661926
555.215942
554.918701
541.366943
518.480774
504.931335
524.652893
554.347046
560.735779
538.573486
513.183655
505.084351
531.447449
557.959473
557.865173
532.661804
510.308228
507.371796
536.358215
558.983093
555.249756
528.923645
507.833191
510.010040
541.831299
560.880798
549.409790
526.761292
513.123657
510.544037
529.044861
549.665649
554.617310
545.432861
525.087585
505.667938
518.355103
549.375610
560.617676
544.078430
518.468567
505.409912
523.745300
552.892883
559.486267
539.998413
516.395508
505.935059
527.646484
554.777527
558.897522
536.666687
512.941345
505.847504
532.898010
557.895935
556.884705
531.557556
512.386353
509.250732
530.012207
558.457214
565.527283
551.998657
528.299927
505.455078
512.917847
542.284973
560.814331
551.126709
523.811890
505.885742
515.819580
547.631104
560.753540
546.406067
520.620300
505.526337
519.914856
550.622742
560.944885
542.935669
516.971924
504.511108
525.260742
554.338989
559.367310
536.701843
516.184509
509.906403
522.580994
549.864258
561.664551
553.767700
534.229004
510.373962
508.487671
535.128906
558.874512
556.056763
530.010620
509.088318
509.978516
540.261536
559.404785
552.275391
526.652222
507.707672
512.925049
544.090454
560.793396
549.834900
522.930176
505.412079
516.980103
548.371826
560.376038
545.020813
520.472290
508.531403
516.103394
546.724854
567.315918
563.352783
541.992249
514.422791
503.895325
528.163452
554.835083
559.273865
537.105286
513.618774
506.286774
531.812683
556.673889
557.173340
533.495728
511.281921
507.473846
536.302185
559.500244
555.907593
529.182800
507.740417
510.258759
541.934082
560.615540
551.652039
525.364502
509.475983
511.305023
539.064880
565.396667
566.794373
547.473511
519.816833
502.297455
520.849121
550.294495
560.868103
543.245728
517.870544
505.454773
524.343140
552.967896
559.346313
539.394653
515.231262
505.045166
528.263855
555.888977
558.713257
535.021973
511.889404
506.722351
534.248291
557.913086
556.097961
531.286987
512.798584
509.355957
530.002014
559.065857
566.961670
552.558472
527.102722
504.240997
513.433228
543.329346
560.971680
550.194214
523.168579
505.849274
516.113403
547.513062
561.059937
547.058838
520.754700
504.697540
519.882324
551.323547
561.187927
542.548340
516.756287
505.050690
526.002014
554.191040
558.892883
537.518250
515.717041
508.053040
522.774353
554.761841
568.893005
558.367493
533.676941
507.786835
508.073273
536.766785
558.599731
554.980225
529.408386
509.379974
510.652985
540.802246
559.778442
552.312500
525.979736
506.668915
513.312500
545.532410
561.122864
548.271301
521.384949
505.546936
518.444092
549.368958
560.508118
544.640442
519.533142
509.176147
517.654663
547.257202
564.646179
557.564148
536.106323
512.257629
505.985992
530.598938
554.373108
558.002930
535.750916
513.798706
507.443970
532.836182
556.520996
556.238037
532.204346
510.537506
508.439484
537.992737
559.507507
553.954651
527.786926
508.330322
511.967712
542.465820
559.563232
550.458069
524.575012
509.823090
512.207581
539.942810
564.404541
563.409302
543.658386
518.443848
504.221252
523.564636
550.509766
559.997131
542.317993
517.920288
505.436157
524.459839
553.031189
559.629700
539.015381
514.688538
505.431030
530.225281
556.748230
558.008301
534.087830
512.065125
507.838501
535.158386
557.770203
555.751282
531.105408
512.375366
509.010468
531.807861
561.351318
567.041931
550.448059
525.128845
504.855225
516.095459
544.442383
559.843689
548.813843
523.489197
506.708588
517.026672
547.742798
560.603455
545.924805
519.881287
505.092957
522.183105
552.242859
560.000610
540.688110
516.554321
505.955261
527.302368
554.517639
558.866821
537.387268
514.015442
509.124878
526.622803
554.955750
560.949768
545.710083
524.860291
507.413513
513.035889
538.898499
555.993774
553.502808
529.030029
509.433075
511.176208
541.289307
559.744080
551.607483
525.212708
506.736420
515.091125
546.583130
560.456726
546.967041
521.394104
506.123657
519.348755
549.425903
560.312500
544.083008
518.636353
508.558044
518.843262
549.086548
564.288696
554.949097
533.829712
511.966492
507.658936
531.721680
554.306091
558.007568
535.743225
513.196838
506.890930
533.735107
557.995361
556.721924
531.162231
509.436615
509.079437
539.404114
559.338257
552.876953
527.461731
508.583252
512.450928
542.854370
560.085754
550.577393
524.257751
506.152954
515.632141
547.025208
562.217163
545.875854
519.407715
502.458191
502.911346
529.426941
552.889526
556.451721
542.181091
517.454224
504.825165
525.080444
553.969971
559.702576
537.829224
513.709290
505.788513
531.108765
556.666931
557.307800
533.720459
511.846130
507.865997
535.774536
558.627563
555.658752
529.616028
508.325958
511.485748
538.146790
560.568359
553.477173
531.096619
512.126282
503.539337
521.198120
546.893921
557.189331
548.076599
522.411072
505.687378
517.730896
549.254578
560.921570
544.460083
518.667969
505.256805
523.274353
552.423828
559.598145
540.574707
516.588928
505.547394
527.129944
554.845947
558.906006
536.176147
512.451538
508.885284
528.183044
556.042358
559.859741
543.673523
523.697815
507.109924
513.191467
539.416565
556.776794
553.906555
528.659973
508.892334
512.089355
542.946167
560.241028
550.216797
523.919312
506.851837
515.963318
546.504578
559.757996
546.986023
522.099792
506.394531
519.696167
549.739624
559.986938
542.824646
517.608398
505.192444
523.178833
555.695801
560.900269
537.478760
510.661926
495.956085
505.021698
536.894897
557.089355
554.348633
534.899414
512.218567
507.282410
535.303711
558.328674
555.425171
530.088379
509.656738
509.938721
539.440125
558.971985
553.100220
527.710815
508.172638
512.692017
543.887085
560.272949
548.941284
522.321045
505.680420
516.791992
547.914612
561.453674
545.350647
520.568237
503.439148
502.555145
528.804810
552.994812
557.071777
542.243469
517.209900
505.268097
526.406372
554.027527
558.280151
536.902588
514.445129
506.699280
530.816956
555.393250
557.141663
534.458618
512.119629
507.395386
535.586121
558.457947
555.324219
529.744812
509.298096
511.222809
539.239014
560.936768
551.532349
525.979126
504.860168
497.393555
519.558472
548.889893
558.906494
547.146118
522.243835
505.815765
518.984070
549.662964
559.999512
543.346985
518.885559
506.075958
523.821472
552.422607
559.608459
540.019409
515.779663
505.381378
528.346741
555.419617
558.140503
535.084900
512.781738
507.518616
531.500671
559.995850
557.266907
530.938110
505.473694
493.232208
510.469208
544.112244
560.053589
551.470337
528.132629
508.146851
512.075256
543.001465
559.678223
549.601807
523.877258
506.635254
515.612427
546.551758
560.625488
547.283691
520.986694
504.944275
519.775879
550.703430
560.510742
542.612122
517.999268
506.074188
525.354126
553.138672
556.996948
539.157959
520.235046
508.143494
513.218933
538.524719
555.122925
553.440186
536.744263
511.954254
507.529846
535.153748
557.689392
554.975708
530.363708
509.912140
509.897858
539.660706
559.796814
553.212952
526.581116
506.779663
512.895081
544.683289
560.485229
548.602295
522.521118
506.239471
517.778503
547.345093
560.487000
545.779846
522.126404
504.549866
503.545868
530.049988
553.950562
557.159241
541.719116
516.030457
505.242767
527.141663
554.526855
558.416260
537.100220
513.906372
506.046570
531.570801
557.269775
558.009155
533.390137
510.737152
507.839722
537.026917
558.956909
554.276978
528.863525
509.134644
511.434723
539.374756
561.409363
552.387146
525.866272
503.168701
496.014618
520.232239
550.377319
559.161438
546.089539
521.316711
505.867584
519.546143
549.442993
559.670166
543.734192
519.201111
505.540436
523.539795
552.925598
560.172974
539.607788
514.852417
505.007141
528.777954
555.519531
557.727356
535.063721
513.027466
507.493774
533.970032
558.028625
553.505371
532.399597
515.974365
509.046997
523.247681
547.577332
556.426758
548.712219
529.880127
507.830475
512.324585
542.933350
559.695129
550.005005
524.115662
506.231262
515.853210
547.366699
560.866211
546.160706
519.892456
505.148041
521.289124
551.299377
559.961548
542.082214
517.821106
505.761353
525.682373
553.925049
557.677795
538.763550
518.567322
506.821320
514.074890
540.072266
555.022522
552.159302
536.067200
512.170166
507.943634
535.007874
557.211243
555.234314
531.005615
510.030426
509.941132
540.020386
559.813599
552.568481
526.257141
507.492065
513.776184
544.391235
559.602173
548.714966
523.838684
506.998047
517.354248
547.645630
559.263855
543.901123
522.680359
510.315857
512.552734
536.359680
554.080750
554.055908
540.705078
518.166626
505.796692
526.314819
553.370361
558.468628
537.439514
514.001770
506.148407
531.828918
556.831604
556.593079
532.144409
510.850983
508.780792
537.132812
558.146545
554.480652
530.046265
509.702179
511.062927
541.149292
559.927673
548.937439
526.651550
512.669739
511.146576
531.606201
552.074646
555.243408
544.642090
524.151794
505.945129
518.746826
549.236816
560.573975
544.504456
518.962952
505.195679
523.808716
552.966675
559.499207
539.323425
515.514343
505.853516
528.523132
554.761047
558.128906
536.430786
513.522095
506.614197
532.983948
557.399902
554.201050
533.392700
516.153137
508.094482
520.919250
544.298950
554.223328
548.911377
531.316162
508.254913
512.134094
542.251709
559.762817
550.528198
524.195984
505.946136
515.768311
547.308899
560.645020
546.145508
520.647583
505.727417
520.531738
550.036316
559.825378
542.733948
517.902710
505.322327
525.525818
553.900330
557.274902
537.757751
518.513550
508.747040
516.287476
540.551758
554.402344
552.211365
536.553284
511.839264
507.211487
535.023376
558.507812
556.029602
530.204712
508.793365
510.013428
540.887878
559.843933
551.747803
525.824341
507.337982
513.659302
544.533508
560.467285
549.166992
522.959961
505.551605
517.399719
549.080261
561.157593
543.113708
520.870911
510.654816
515.982727
540.696899
556.959167
554.818237
539.897705
516.617737
505.285950
526.591858
555.167969
559.759583
536.955688
512.772339
506.075989
532.937805
557.656006
556.707703
532.225952
510.704376
508.328156
536.949219
558.804138
554.774902
529.048767
508.191406
511.084290
542.265564
560.150391
548.304321
526.502930
513.456360
511.081696
529.698730
549.963867
554.806824
545.364014
523.852112
504.691895
518.764648
550.255676
561.229919
543.519470
517.579468
504.823669
524.501221
553.466919
559.340698
538.941162
515.259155
505.645477
528.925415
555.825134
558.597778
535.294800
512.052673
506.764404
534.539062
558.068420
553.180359
532.271423
516.560486
509.129303
521.180481
544.046204
554.514648
549.301147
530.320374
506.644318
512.142212
544.016357
560.954590
549.641174
522.795044
505.884674
516.894958
547.789001
559.911377
545.572998
520.590149
505.950775
521.256775
551.380981
560.416199
541.783020
516.461304
504.980499
526.504456
554.606384
558.842590
536.509094
516.466370
509.949036
522.905945
550.357483
562.016602
553.664917
533.312195
509.583252
509.271027
536.309143
558.887573
554.932678
529.013000
508.778107
510.702240
540.678223
559.014282
551.650513
526.316101
507.633545
513.691711
544.753357
560.432922
548.295410
521.873840
505.676727
518.745605
549.617676
560.441833
542.582886
521.614380
511.542908
515.677246
539.538635
556.236816
554.762329
539.513672
516.117615
506.068634
528.105042
555.534912
558.369690
535.440613
512.911377
506.984497
532.824524
556.599121
556.142822
532.490906
511.026886
508.682800
537.608521
559.010071
554.061096
528.087891
508.369019
511.945221
542.205933
559.192810
550.189941
525.395325
510.131897
511.722321
539.456604
565.376709
566.349487
546.595825
519.269409
503.241364
522.413696
550.768616
560.263062
542.376343
517.793884
505.851318
525.030640
553.051208
559.287292
539.048401
514.946655
505.476685
529.528870
556.272461
558.007568
534.255859
512.001953
508.010193
535.016174
557.056702
554.661621
530.802429
513.307617
510.131836
531.199158
559.648926
566.411194
551.350220
526.283142
505.183502
515.437134
543.704224
559.579712
548.903992
523.690552
506.799713
516.503479
546.606567
560.252075
546.796997
520.945251
504.837097
520.378540
551.134644
560.856079
542.267700
516.980835
505.155273
526.002014
553.977051
559.292114
538.084961
515.476501
506.843567
522.780457
555.994446
570.496094
558.675598
532.802612
507.153076
509.096680
538.184570
559.413147
554.380676
528.489258
508.493927
510.873291
541.456177
560.277588
551.854919
525.190369
506.616364
514.751648
546.339783
560.424622
546.790588
521.313599
506.656860
519.512817
548.774780
559.242188
544.078369
520.840454
508.832642
516.417908
547.468811
567.856567
562.570923
540.438293
513.841919
505.295654
529.292175
554.563110
558.495972
537.011414
513.687988
505.721802
531.558105
557.504150
558.299255
533.103516
509.533691
507.450836
538.221436
560.526184
554.330444
526.972290
507.047913
511.649323
543.626282
561.138306
550.633301
524.182312
508.733795
512.357056
542.265503
567.741760
565.822388
544.366943
518.313293
504.253601
523.863770
551.013672
559.084229
541.627380
518.111084
506.459747
525.294556
552.899963
558.693787
538.424622
515.279785
506.602844
530.066162
555.318115
556.945679
534.813477
513.182617
507.721649
533.851135
557.089539
556.331787
531.708557
512.037292
508.314728
531.438538
561.598572
567.371033
550.588684
525.120728
504.439056
515.398315
544.473694
561.051392
550.017273
523.120178
505.295258
516.404541
548.776367
561.869629
545.497986
518.444214
504.320801
522.444153
552.837769
560.104797
540.398315
516.359741
506.095398
527.150208
554.042480
558.132935
536.878540
515.855530
508.742676
524.852844
555.777405
567.165344
555.221558
532.474365
509.631805
510.822144
537.071655
557.193848
554.217712
530.468750
509.947388
510.275208
539.894592
559.498291
552.498169
526.173523
506.637756
513.506531
544.773804
560.413818
548.808716
522.838257
505.365295
517.517639
549.149292
561.859070
545.254944
517.949829
507.018372
518.260132
549.470947
564.730286
554.861084
533.573181
511.751587
507.014709
531.177063
554.575073
558.221924
535.290771
512.422852
506.946747
534.319763
558.233215
555.857239
530.669312
510.454803
510.286377
538.828735
557.842163
552.007751
527.674072
509.185822
512.690979
542.302551
559.559265
550.403625
524.777161
510.376251
513.568970
540.732422
562.722473
560.929077
543.436096
520.566162
505.927429
522.219849
548.272522
559.796265
544.067932
519.032776
504.880493
523.763611
553.202820
560.171631
539.391052
514.952148
505.396240
529.109436
555.436157
558.312134
535.562622
512.228699
506.404449
534.014832
558.569702
556.744080
530.490784
511.024902
509.181488
533.272827
561.654175
565.798767
549.282959
525.015320
504.963318
515.638123
544.307129
560.640930
549.173767
522.723694
505.832336
517.947021
549.162964
560.494019
544.263184
519.310913
506.237885
522.808716
551.137756
558.879333
540.814819
517.241150
506.011536
526.919556
554.245850
558.432373
536.588013
513.954346
510.437866
527.933228
554.242310
559.222351
545.457397
526.710571
508.792725
512.228516
537.564270
556.345703
555.053284
530.011719
508.927094
510.694885
541.282288
560.012878
551.509888
525.548218
506.949646
514.373047
545.318298
560.684387
548.498657
521.887085
504.754456
518.584106
550.704895
561.979797
543.493896
516.700134
504.132355
522.712769
555.423157
561.406799
538.075745
510.739655
495.330505
504.574036
537.701843
558.674133
554.810669
533.868530
511.172607
507.670410
535.861450
558.320923
554.507874
529.984375
510.647095
510.810455
538.978577
558.026672
552.501099
527.691345
508.574127
512.836670
543.263428
559.916565
549.645508
524.093994
507.091614
516.606750
546.123413
560.266174
546.367310
522.638184
504.815308
502.402130
527.912659
552.820007
557.582275
542.905396
517.201904
504.781250
525.891907
553.917603
558.830505
537.724243
514.714600
506.167572
530.528381
556.406128
557.904114
534.001892
510.893677
506.785492
536.309326
559.727417
555.604553
528.868103
508.445007
512.065125
537.797241
559.419678
553.643799
532.696655
513.095947
502.831848
520.646057
548.029297
558.580750
547.798462
521.100647
505.680695
519.472168
549.929138
559.758972
543.127930
518.856384
506.037842
523.440979
552.234863
559.534485
540.136536
515.895142
505.533447
527.951660
554.644592
557.478149
535.671204
514.016724
507.576355
529.781372
558.096680
556.924194
532.334351
507.172607
494.417236
510.644989
543.637451
559.032410
550.919861
528.517334
508.775421
511.846252
541.855347
559.389709
551.117126
525.457275
506.521484
514.049133
545.576599
560.716675
547.747009
521.046692
504.748627
519.809570
551.191101
561.055176
543.109131
517.847839
505.095154
522.182434
554.423523
561.138855
