538.514893
538.249817
538.223389
539.047974
539.243347
537.408569
534.208923
532.583130
534.244629
537.138123
537.619751
535.102051
532.729065
533.718872
535.918213
537.246399
535.339050
532.524658
533.055908
537.456543
540.811035
537.859375
530.847229
528.359253
533.393921
540.287292
540.213257
534.444885
530.679260
532.985474
537.340759
538.288513
535.532349
532.822021
532.347656
533.649109
535.685303
536.977478
536.242432
533.942139
533.016846
534.926453
537.308716
537.053589
534.645447
532.705200
534.001648
536.313171
536.455261
535.024963
534.487366
535.312256
535.881958
535.211914
534.535645
533.913635
534.405457
535.430115
536.526123
536.655457
535.153381
533.681030
533.526001
535.136108
536.862183
536.341248
534.435669
533.648193
534.403198
535.270081
535.575012
535.691406
535.624878
535.432373
535.113953
534.604736
534.733154
535.147888
534.510803
534.111450
535.313965
537.085388
537.060425
535.303101
534.054871
533.887634
534.366516
534.330444
534.595581
536.166260
537.134155
536.123840
534.053345
533.712646
535.363708
536.546997
536.277039
535.354919
534.868713
534.757629
534.663147
535.018188
535.456909
535.655029
534.804138
534.285950
535.236389
536.305725
535.469360
534.137085
534.362488
535.958923
536.474426
535.486267
534.093994
534.216309
535.205811
535.326782
534.958740
535.319153
535.729126
535.439514
534.895874
535.095337
535.275818
534.619934
533.714661
534.042175
535.632874
536.498596
535.451660
534.169678
534.374634
535.523071
535.631531
534.852966
534.889709
535.757080
535.762512
534.994446
534.574890
535.042053
535.358643
534.826965
534.920166
535.133484
534.967651
534.486389
534.942261
537.131714
537.316589
534.294434
531.731689
532.767212
536.535339
537.958862
536.070007
533.691528
533.753235
535.685364
535.861328
534.961365
534.607178
534.895813
535.167542
535.191223
534.959534
535.019897
535.040161
535.057007
535.248230
535.554993
535.251953
534.554443
534.638184
535.827148
536.215393
534.904236
533.740112
534.492554
536.098206
536.225769
535.166199
534.349243
534.778748
535.415588
535.195740
534.778809
535.198181
535.535034
535.065613
534.613281
535.277039
535.580017
534.981018
534.371094
534.830933
535.995117
535.959167
534.604065
534.029480
535.051025
536.090088
535.595886
534.574890
534.630981
535.299255
535.559021
535.102234
534.870850
535.027100
535.016541
534.948975
535.088501
535.434204
535.172546
534.084778
533.953003
535.160828
536.280090
535.776672
534.581299
534.515442
535.462830
535.912231
535.124817
534.606934
535.151489
535.431641
534.860291
534.459961
535.007263
535.867920
535.613037
534.528564
534.401978
535.285583
535.546387
535.377319
535.387207
535.272644
534.557434
534.453003
535.330261
536.145935
535.960571
534.438416
533.258911
534.392395
536.460388
536.787781
535.357178
534.155334
534.273499
535.067749
535.804138
535.691162
535.137085
534.668640
534.406189
534.601196
535.531982
535.800171
535.095215
534.315979
534.955688
535.857178
535.381531
534.314087
534.291687
535.470947
536.073059
535.198425
534.375244
534.644653
535.595093
535.681335
534.632263
534.288635
534.725220
535.112610
535.151794
535.449524
535.861877
535.384460
534.533081
534.407898
535.092529
535.885620
535.498230
534.457764
534.269653
535.133789
535.705627
535.392212
535.433533
535.705200
535.039551
534.324036
534.711060
535.687744
535.854492
535.041504
534.091492
534.533875
535.611023
535.700378
534.679688
534.541992
535.253357
535.534729
535.247864
535.255493
535.559265
535.434875
534.602905
534.376526
535.318848
536.193726
535.640747
534.297668
534.271545
535.327515
535.716919
534.931458
535.202576
535.403625
535.091797
534.271729
534.285034
535.262024
536.089355
535.761047
534.970032
535.050964
535.631836
534.879761
534.509583
535.173401
536.180176
535.868591
534.625854
534.406189
535.357971
536.022339
535.212036
534.213013
534.710205
535.748230
535.734192
534.626343
534.762695
535.726135
535.476440
534.654663
534.423218
535.249023
535.789429
535.082642
534.187988
534.534607
535.615784
535.572083
535.062439
535.117676
535.033325
534.696045
534.436523
535.336121
536.580139
536.556763
534.944641
534.000549
534.899536
536.011169
535.436584
534.650269
534.308472
535.199036
535.667358
535.088623
534.693176
535.284851
535.460876
534.811279
534.769287
535.736450
535.564270
534.980835
534.608765
535.028198
535.462463
535.418518
534.863037
534.938416
535.369873
535.143616
534.530823
534.891174
535.765808
535.730591
535.238953
534.414917
534.510315
534.853027
534.896179
534.819580
535.404358
536.088867
535.670288
534.921387
535.414490
535.699463
535.631348
534.549927
534.194763
534.962585
535.932495
535.501648
534.404602
534.555176
535.343567
535.149414
534.929443
535.316284
536.096191
535.514099
534.553040
534.337219
535.319153
535.983398
534.970886
534.027893
534.722717
535.369873
535.353271
534.683838
534.978882
535.635315
535.526489
534.438965
534.138672
535.475830
536.309875
535.308044
534.399414
534.544922
535.296265
535.463806
535.093994
535.076965
535.513794
535.056213
534.762207
535.133545
535.886902
535.549866
534.819153
534.804077
535.525208
535.075867
533.707642
533.168579
535.032349
536.308105
535.815186
534.210144
534.133179
535.290527
535.991272
535.202576
534.749146
535.217773
535.527161
534.987061
534.566833
535.411743
535.439514
534.928772
534.487427
535.189331
535.815430
535.555847
534.651978
534.407043
535.050781
535.725647
535.082458
535.113464
535.352661
535.315735
534.321472
534.168701
535.274780
536.002808
535.264221
534.068298
534.226868
535.650391
536.227356
535.164124
534.057617
535.058716
536.014771
535.461487
534.541626
534.681274
535.645264
535.931824
535.009216
534.279785
534.549133
535.513062
535.595886
535.674133
535.229919
534.334534
534.171387
535.124878
536.253113
535.864319
533.904114
532.730408
533.873657
535.833374
536.202087
535.074829
534.470459
535.153442
535.822876
535.091980
534.275879
534.925842
535.836243
535.006714
533.157776
533.268066
536.116455
538.250488
536.597046
533.600098
533.133606
534.923889
536.073975
535.442200
534.718628
535.288696
535.750610
535.041199
534.235107
534.835876
535.918884
535.612061
534.135498
533.588074
534.833618
536.200989
536.066406
535.227051
535.023987
535.384033
535.421997
534.898193
534.619080
534.813110
535.120300
535.422974
535.760986
535.777466
535.263489
534.619080
534.931396
535.646545
535.317017
534.161377
534.402344
536.196472
536.783142
535.145874
533.642700
534.165710
536.063843
536.582031
535.075989
533.750000
534.374573
535.548828
535.620483
535.083801
534.894165
535.077148
535.433533
535.442688
535.171997
535.068237
534.940308
534.925476
535.497742
535.673340
534.817627
534.477600
536.056824
537.513733
535.927551
532.293701
530.940186
534.118286
538.211548
538.604736
535.653992
533.548523
534.253113
535.521240
535.316467
534.454773
534.542664
535.230713
535.193604
534.650208
534.689819
535.538940
536.271667
536.058167
535.277039
534.374023
533.975281
534.556458
535.958252
536.810547
535.576538
533.623840
533.410889
535.371094
536.985962
536.117493
534.438843
534.731750
535.912415
535.592773
533.672852
533.125671
534.864929
537.455017
538.578003
538.117126
537.013123
534.963135
532.058716
531.193909
533.458313
536.998047
537.769653
535.451660
533.625854
534.848206
537.063293
536.847839
534.741333
533.526306
534.238098
535.585022
535.677490
535.175476
534.708740
534.762817
535.325317
535.944885
535.572632
535.084351
534.884094
534.858521
534.542419
534.217651
533.899780
535.640564
538.834839
539.996460
537.153137
533.473206
532.514343
534.792297
536.448242
535.459045
533.467529
534.176636
536.678345
537.473694
535.429810
533.232971
533.580017
535.281494
535.845154
535.278076
534.545532
534.568909
535.243408
536.252136
536.145691
534.797852
533.863464
534.540955
535.984619
536.369385
535.082458
534.046204
535.034790
536.256836
535.987915
534.099915
533.424438
534.984131
537.509399
538.506104
536.590942
533.372070
531.549133
532.590637
536.201233
538.404541
537.230164
533.947083
532.711853
534.846558
537.190491
536.574097
534.017456
533.265747
535.275513
536.919800
535.781311
533.679443
533.542786
535.315735
536.556702
535.996460
534.891418
534.510193
534.438049
535.150330
535.914612
535.870911
534.574707
532.730164
533.735657
537.860352
540.457153
537.260376
531.183167
529.525208
533.686890
538.869446
538.925659
534.727051
532.724609
534.667236
536.951599
536.480225
534.237427
533.285522
534.657837
536.271423
535.921509
534.460144
533.602051
534.555664
536.906738
538.268066
536.755432
533.637268
532.132751
534.948303
537.504211
537.275146
533.594177
531.513611
534.301086
539.379395
540.877686
536.584351
530.324219
528.992554
533.189087
539.604858
540.326050
535.508911
530.797546
531.885132
536.685425
538.698486
535.619385
532.430420
533.341614
536.473877
537.376343
535.304321
533.371033
534.526123
536.904053
536.932739
534.960144
534.313477
534.839417
535.640381
535.715942
535.142517
535.123779
535.664734
535.809448
535.198669
534.536621
534.142700
533.774536
535.271606
536.545044
537.241699
535.628357
533.335449
532.952942
534.596863
535.969604
536.341675
536.384888
536.399292
535.656982
534.860840
533.712158
534.341675
535.626831
535.653625
534.630127
534.517883
535.067078
535.270630
534.989746
535.718384
536.379944
535.850159
533.952881
532.848389
534.473633
537.008423
537.628906
536.375610
534.614441
533.893372
533.435791
533.985229
535.271973
536.601624
536.249146
534.625793
534.234131
535.511536
536.330139
535.761780
534.426880
534.192688
534.957581
535.273987
534.946899
535.159546
535.880859
535.737976
534.803894
534.508179
535.143372
535.602478
534.741821
534.090881
535.151611
535.973267
535.617554
534.050049
534.030518
536.171997
537.291687
535.831360
533.669861
533.532532
535.293152
536.623047
536.633789
534.768616
533.465332
533.837646
535.012207
536.490173
536.715332
535.083557
533.375671
533.712158
535.648315
536.395325
535.348938
534.291321
534.546509
535.728943
535.697815
534.624695
534.443237
535.528748
536.075500
535.392517
534.674744
534.935059
535.242676
535.096558
534.843201
534.374573
534.246948
535.107300
536.793213
537.711609
536.244507
533.465271
532.328857
534.121765
536.696655
536.670410
534.682068
533.482666
534.496338
536.193665
536.609131
535.609436
534.649841
534.439575
534.715393
534.798279
534.953979
535.290039
535.251343
535.113281
535.271606
535.506897
535.120850
534.528442
534.674683
535.677979
535.939514
534.996460
534.284607
535.052612
535.981995
535.428406
534.294373
534.186951
535.335388
535.955994
535.008728
534.082031
534.330627
535.338562
535.735352
535.402283
535.238098
535.197998
534.856689
534.429993
534.842896
535.914307
535.927063
535.147217
534.780334
535.241394
535.378296
534.737915
534.258667
534.922241
535.715271
535.409424
534.629517
534.932190
535.626038
535.738831
534.654724
534.068115
534.794312
536.061157
536.413757
536.132141
535.589722
534.399475
533.175293
533.904846
536.051208
537.374329
535.760437
532.930298
532.564392
535.625000
537.842957
536.472473
533.773071
533.567871
535.293579
536.217651
535.312683
534.100891
534.252625
535.121399
535.677124
535.731873
535.297180
534.717346
534.450195
534.912354
535.762634
535.709595
534.450684
533.478638
534.627014
535.966431
535.545593
534.154602
533.802734
535.162476
536.519226
536.015930
534.734192
534.656433
535.449463
535.320068
534.787720
534.794495
534.944092
534.948303
534.824402
535.042419
535.564514
535.621826
535.038330
535.018799
535.406433
535.199707
534.612793
534.999268
535.711365
535.639282
534.637390
534.243347
535.233582
536.644653
536.433899
534.849609
533.930908
534.617126
535.365784
535.371704
534.962585
535.142639
535.268127
534.944641
534.465759
534.874390
535.653625
535.615234
534.774597
534.579773
535.455322
535.889893
535.068115
534.634827
535.053040
535.515442
535.178955
534.895996
535.135010
535.568481
535.230591
534.522583
534.763794
535.962158
535.991882
534.774414
534.127319
534.986633
535.820374
535.768372
534.840393
534.638977
535.233887
535.490112
535.028503
534.815979
535.162109
535.176208
534.786194
535.071411
535.544922
535.611328
534.841187
534.449219
535.095520
535.655640
535.374329
534.819214
535.193298
535.710876
535.313904
534.485535
534.605347
535.811096
536.405884
535.612671
534.676208
534.671753
535.278015
535.308960
535.063599
535.151611
535.421204
535.156860
534.564819
534.849915
535.779968
535.665894
534.596863
534.402283
535.547302
536.216553
535.279236
534.282593
534.514099
535.499329
535.705505
534.890259
534.658875
535.238342
535.480835
535.071594
534.949280
535.482117
535.622070
534.998474
534.673096
535.294067
535.892395
535.464050
534.613831
534.745483
535.565918
535.561890
534.642944
534.536011
535.612854
536.203979
535.387512
534.344971
534.411377
535.144409
535.417053
535.208313
535.303040
535.438843
534.981567
534.641663
535.263184
535.885681
535.568420
534.491699
534.344543
535.707275
536.749084
535.979431
534.669373
534.518860
535.326538
535.382812
535.014343
535.108093
535.631042
535.586792
534.294739
533.809937
535.251831
536.753113
536.196350
534.339355
534.090820
535.280701
536.102356
535.601135
534.711670
534.546631
534.897766
535.358398
535.519531
535.259583
534.924744
534.510498
535.022827
536.159912
536.267090
534.943359
534.063599
535.041443
536.272400
535.879639
534.405273
534.061218
535.634460
536.625671
535.299927
533.826294
534.327332
536.010498
536.244873
534.804871
533.981262
534.687134
535.658813
535.728638
535.260742
535.110291
535.102661
535.043030
535.078369
535.191406
535.286865
534.938110
534.840393
535.524109
536.024780
535.336060
534.291199
534.612854
535.840698
535.994873
534.743530
533.947754
534.902832
536.344116
536.054382
534.475891
534.028564
535.093994
535.814270
535.425598
534.804626
534.955017
535.196167
535.249695
535.378418
535.569031
535.287842
534.700195
534.835876
535.434814
535.298828
534.757019
534.529053
535.502747
536.404602
535.654907
533.962708
533.769226
535.298523
536.288635
535.538757
534.613159
534.623230
535.458008
535.635559
534.924377
534.655884
535.211243
535.466553
535.023865
534.799927
535.378235
535.518738
535.021790
534.764160
535.109741
535.420532
535.127502
534.981262
535.164551
535.217712
534.962097
534.625793
535.323669
536.229431
535.881958
534.578491
534.129578
535.151001
535.849609
535.265015
534.559143
534.780212
535.728149
535.756714
534.842224
534.497986
535.222961
535.653442
535.207336
534.846252
535.359985
535.584656
534.987305
534.691406
535.132812
535.450806
535.032898
534.770874
535.339966
535.761902
535.096436
534.318298
534.777954
535.948425
536.028748
534.686523
533.704712
534.461914
535.576782
535.497925
534.759338
534.762512
535.407837
535.532593
534.976440
534.846619
535.275146
535.393005
534.735840
534.531555
535.319763
535.819397
535.362915
534.651672
534.887573
535.616333
535.276428
534.789185
535.113403
535.721375
535.381775
534.631470
534.706360
535.612610
535.865356
534.874756
534.063538
534.870178
535.836792
535.497375
534.538940
534.613892
535.515747
535.912170
535.136230
534.493530
534.901611
535.567139
535.332581
534.924133
535.067566
535.381897
535.047119
534.732910
535.097839
535.589966
535.358337
534.969421
535.168518
535.572205
535.219666
534.447449
534.481506
535.612061
536.092651
535.034363
533.824219
534.102295
535.294006
535.773621
535.264587
534.988647
535.139221
535.211914
534.808105
534.817261
535.391479
535.623291
535.054504
534.544434
535.097412
535.863831
535.288147
534.531860
534.783447
535.862122
535.882019
534.962769
534.668640
535.350525
535.797119
535.185303
534.555420
535.101929
535.683350
535.387207
534.679504
534.751038
535.260132
534.972595
534.352783
534.822632
536.040710
536.279053
534.842957
533.909546
534.735352
535.932556
535.746948
534.749573
534.730957
535.563843
535.552368
534.666321
534.463013
535.316772
535.808350
535.296997
534.866394
535.200439
535.455566
535.182556
534.944031
535.145508
535.455139
535.060425
534.472656
535.018555
536.119934
536.069641
534.898560
534.330933
534.990967
535.689392
535.394287
534.695923
534.739197
535.657898
535.659973
534.888550
534.590942
535.197266
535.698364
535.419556
534.927856
535.079895
535.098938
535.067566
535.225586
535.689758
535.397278
534.405151
534.227661
535.156982
536.149231
535.597595
533.922791
533.627075
535.100586
536.303467
535.741211
534.668701
534.664368
535.316040
535.543823
535.029236
534.799255
535.241333
535.507385
535.174683
535.023010
535.428406
535.380127
534.859985
534.710693
535.220032
535.307251
534.755432
534.768005
535.482422
535.742310
534.761230
533.958862
534.919983
536.226501
536.118530
534.547485
533.832825
535.119507
536.547058
536.227539
534.823669
534.418945
535.034729
535.459290
535.396423
535.002136
534.995056
534.981201
534.899109
535.188538
535.695251
535.444214
534.495728
534.416748
535.506897
536.060303
535.170044
534.207886
534.842468
536.036621
535.855530
534.743530
534.378052
535.119202
535.709900
535.332214
534.820312
535.144592
535.580811
535.084106
534.711975
535.271118
535.791443
535.116028
534.245850
534.586609
535.810303
536.146301
535.008850
534.142822
534.903259
535.781738
535.406006
534.412048
534.513489
535.505127
535.882202
535.191162
534.806641
534.930542
534.911682
534.906006
535.280762
535.583313
535.287720
534.465637
534.463440
535.707947
536.833618
536.117737
534.568176
534.200012
535.109680
535.713867
535.441162
534.983459
535.288879
535.416626
534.743347
534.251160
534.913696
535.781250
535.612549
534.747009
534.639160
535.376160
535.734009
535.211609
534.883423
535.030212
534.999084
534.840515
535.395447
536.150635
535.773132
534.249939
533.472412
534.826233
536.949341
537.140381
535.333374
534.066406
534.638733
535.681519
535.798767
535.262451
535.069031
535.051636
534.954834
534.772583
535.028259
535.438843
535.298279
534.878662
535.165710
535.774841
535.387085
534.442017
534.618774
535.458618
535.639099
534.768433
534.426453
535.310669
536.023193
535.478577
534.360535
534.426208
535.489380
535.723389
534.972961
534.612549
535.196350
535.623962
535.232971
534.957642
535.257202
535.428833
534.812073
534.234802
534.814026
535.813538
535.656128
534.776733
534.722168
535.617432
535.822998
534.760620
534.137939
535.029114
535.912354
535.604980
534.924744
534.839844
534.917908
534.823486
534.627319
535.126953
535.842896
535.595642
534.425537
534.102417
535.277710
536.260315
535.617493
534.449707
534.214661
535.114868
535.566345
535.311218
535.132324
535.175171
535.051575
534.755310
535.107422
536.005615
535.863220
534.423828
533.611023
534.812439
536.241760
535.922974
534.753113
534.518555
535.251831
535.509583
535.152344
534.999390
535.456482
535.173767
534.072205
533.802124
535.132507
536.306335
535.841431
534.514282
534.238586
534.967773
535.484741
534.917480
534.711914
535.258118
535.559937
535.011414
534.752502
535.111572
535.372559
534.990234
534.638428
534.964844
535.370056
535.177246
535.039307
535.421570
535.493103
534.475647
533.876953
534.720886
536.231873
536.449158
534.735291
533.247681
533.841248
535.467773
536.082031
535.441467
534.896973
534.804260
534.893677
535.069031
535.492004
535.849792
535.508728
534.718933
534.686157
535.321411
535.407166
534.552246
534.155151
535.318787
536.400269
535.574585
534.062805
534.213745
535.671936
536.086609
534.923889
534.072327
534.759399
535.962402
535.933838
534.983154
534.594788
534.801758
534.700195
534.445190
535.021423
535.900574
535.691711
534.542175
534.203308
535.153931
535.860413
535.132324
534.158020
534.545532
535.731934
535.790527
534.894531
534.691589
535.466553
535.625000
534.919067
534.632019
535.011353
535.387878
535.208435
534.891235
535.183044
535.258301
534.563538
534.068848
534.875488
536.002197
535.672424
534.449402
534.175659
535.263184
536.188538
535.540344
534.406006
534.501892
535.400818
535.579651
534.985901
534.724731
534.909241
535.008362
534.936951
535.275330
535.540527
535.337341
534.707275
534.599487
535.149109
535.334595
534.766602
534.820740
535.406677
535.790833
534.941650
533.959412
534.524536
535.929932
536.222107
535.055603
534.123413
534.548401
535.308411
535.574524
535.048950
534.834778
535.092590
534.959045
534.716797
535.202026
535.871948
535.377808
534.329407
534.242493
535.178406
535.992798
535.672180
535.108765
534.946960
534.859680
534.600037
534.750000
535.343567
535.595032
534.809204
533.881775
534.273010
535.927185
536.838745
535.816406
534.516052
534.447693
534.996643
535.264343
534.970886
534.935608
535.281860
535.213074
534.768005
534.816284
535.511658
535.684753
534.946716
534.546692
535.008789
535.251709
534.756042
534.700562
535.444641
535.796997
535.027161
534.369385
534.847900
535.949524
535.718079
534.034851
533.283630
534.443909
536.255920
536.071838
534.833740
534.249146
534.331482
535.002075
535.708435
536.208313
536.104248
535.118225
534.211304
534.081665
535.454590
535.680481
534.301025
533.853699
535.238525
536.409180
535.870239
534.891907
534.815918
535.381897
535.273804
534.411133
534.294312
535.073975
535.655457
535.261292
534.928406
535.319336
535.578125
535.169800
534.913269
535.367981
535.650024
534.829590
533.919800
534.368591
535.757446
536.051514
535.042175
534.477417
535.261841
535.879456
535.107483
533.808289
534.661316
535.585327
535.305725
534.160706
534.036865
535.436340
536.392273
536.324829
535.473206
534.698181
534.601074
534.041504
534.658081
535.872986
536.404663
535.404480
533.921387
534.251404
535.516724
535.961060
535.229126
534.520020
534.569885
534.935913
534.954041
535.095093
535.883789
536.151794
534.833313
533.531738
534.237488
535.976624
536.171997
534.935547
534.140442
534.784424
535.596558
535.473328
534.788269
534.602905
534.892517
534.928345
535.169189
535.776367
535.894897
534.914978
534.057983
534.858887
536.136902
535.992554
534.551941
533.868774
534.880920
535.982971
535.545532
534.519409
534.277649
536.263611
535.547180
533.699707
532.938477
534.178955
536.274963
537.450073
536.893188
535.325806
533.932800
534.143372
533.908752
535.023499
535.198425
534.496277
534.959106
536.651733
537.539062
536.004150
534.013672
534.166870
535.971741
536.307068
534.313721
532.820312
534.245483
536.520081
536.583557
534.792725
534.021545
535.139526
536.065430
535.392517
534.355774
534.442261
534.945618
535.416077
535.662598
535.561462
534.735107
534.084045
534.699951
535.911499
535.865356
534.270874
532.773682
534.158264
537.641724
539.442993
537.460571
534.074402
532.627319
533.923401
536.272522
537.176514
535.508911
533.402344
532.998779
534.696106
536.796936
536.943298
534.870911
533.259766
534.152222
536.034790
536.015381
534.563599
534.051086
535.124451
535.861084
535.119202
534.311523
534.937988
535.929871
535.653381
534.643250
534.508423
535.136047
535.230591
534.486084
534.332825
535.108948
535.448853
534.723083
534.702393
535.143066
535.471619
534.544006
533.558350
534.571350
536.955688
537.675781
535.962463
533.982483
533.640076
534.101135
535.228455
535.701477
535.608154
534.882568
534.139648
534.548340
536.051880
536.663025
535.285217
533.830261
533.993652
535.466614
535.985352
534.750732
533.826233
534.466309
535.569763
535.583679
534.862061
534.703308
535.103271
535.540833
535.166565
535.007141
535.503906
535.414246
534.817444
534.794861
535.239136
535.285339
534.673889
534.507996
535.259705
536.086487
535.861511
534.411926
534.173340
534.165405
534.082886
535.222778
537.079102
538.326843
537.098511
533.598999
530.716492
531.113586
534.379028
536.445190
536.519592
535.513672
534.425659
534.365234
535.173401
536.042358
536.119629
535.021484
533.811218
533.867310
535.091919
535.891113
535.311523
534.496765
535.134827
536.049194
535.492004
534.323792
534.636169
535.610168
535.774841
534.635742
534.213745
535.475281
536.120544
534.179504
531.530273
531.492554
535.033081
538.602356
538.788269
535.378113
531.974609
531.659058
534.301575
537.342712
537.832764
535.447327
533.385315
533.752686
535.858948
536.631531
535.032593
533.573425
534.210815
535.851440
535.962891
534.568665
534.160767
535.099365
535.766663
535.238098
534.565247
534.899963
535.654236
536.044861
535.036255
534.586060
533.925964
533.263184
534.512573
537.748352
539.140808
535.774536
530.681091
530.554749
535.912537
540.699646
538.327332
532.662170
531.068359
534.843567
538.112000
536.638184
533.250916
532.677429
534.868652
536.660706
536.199707
534.253601
533.394592
534.674927
536.778381
537.100647
535.546692
533.203369
532.996643
535.670593
537.896362
536.046570
532.170044
532.251465
537.191711
540.828247
538.479187
532.032532
529.393677
533.300354
538.210266
538.115662
534.410583
532.763000
534.526917
537.097778
537.454712
534.982117
532.588501
533.124451
535.904297
537.365723
535.672424
533.126343
533.240295
535.909607
537.919922
536.362976
532.947083
531.647949
533.478882
536.624573
537.710571
536.091797
532.922546
530.631226
533.315430
539.140015
541.472656
536.369202
528.696289
528.333130
536.647034
543.861450
540.424500
531.113098
528.687561
534.076782
539.399719
538.150940
532.998352
531.398071
534.431763
536.841980
535.708618
533.422058
533.151855
534.389465
536.513672
537.578674
537.446411
535.355469
532.785583
532.493713
534.846497
537.820190
538.413940
536.054199
533.461487
532.763184
533.489563
534.108643
535.617615
537.129150
536.757202
535.260498
534.379822
534.827148
535.314636
535.045654
534.624939
534.924744
535.029175
534.515991
534.480591
535.571289
536.082153
535.070862
533.498352
534.535522
537.339966
537.990417
535.581787
533.580872
534.017212
535.858582
536.209839
534.701904
533.824280
535.540955
536.866516
535.825989
534.464417
534.445496
535.095154
535.642578
535.223755
534.376038
533.997498
534.236572
534.923889
535.721924
536.289795
535.724060
533.988892
532.952637
534.107361
536.197510
537.490967
537.668213
536.118713
532.904419
530.844971
532.500000
536.948669
539.525208
537.117065
532.160278
530.755676
534.386536
537.928650
537.184082
534.378906
533.853088
535.639343
536.356506
535.320068
534.198608
534.088928
534.579956
535.413696
535.505554
534.994202
534.929077
535.302002
536.018433
536.068542
534.852722
533.208008
533.826172
536.560181
537.581360
536.238892
534.166077
533.684814
535.471680
536.437195
535.856567
534.519897
534.033997
534.538940
535.090149
535.001648
535.007751
535.545166
535.904785
535.987976
536.199341
535.271362
533.909973
533.989990
535.298706
535.804626
535.190735
534.217529
534.770081
536.026794
535.762268
534.358887
533.900574
535.454956
537.053650
536.277588
534.184509
533.477905
534.627563
535.582520
535.636169
535.303589
534.724731
534.642944
534.702209
534.865540
535.365662
535.528625
534.906982
534.508057
535.072693
535.740784
535.323608
534.953064
535.322632
535.695068
535.100159
534.200256
534.657410
535.848450
535.843384
534.545105
533.595642
534.685059
536.215881
536.314392
535.342102
534.911072
535.088745
534.746948
534.324341
534.825562
535.929138
536.245422
534.885010
533.780884
534.433594
535.812256
536.153381
535.553406
535.213623
534.978027
534.413269
533.901794
534.818481
536.504456
536.141296
533.462952
532.330322
534.671143
537.861023
538.182678
535.807495
533.379517
532.925537
534.080688
535.463623
536.397034
536.324585
534.781494
533.559937
534.295105
536.283936
536.598511
534.627991
533.468506
534.789551
536.367126
535.507446
533.560669
533.808228
535.975525
537.168762
535.618652
533.643677
533.689209
535.268494
536.332703
536.031372
535.055359
534.222656
534.141968
535.035767
536.142395
536.119568
534.428650
532.835388
533.455688
535.515869
536.402039
535.231262
534.136230
534.846619
536.197937
535.939575
534.462646
534.072815
534.971802
535.975464
535.982483
535.017517
534.289612
534.303345
534.936646
535.878052
536.120422
534.905212
533.354126
534.221252
536.487549
536.854919
535.206604
533.724548
534.191650
535.990723
536.226318
534.307739
534.321350
535.108948
535.788940
535.343079
534.186646
534.489807
535.337280
535.700317
534.800232
534.273499
535.255188
535.242310
535.440613
535.374512
534.892212
535.207520
534.792480
535.139038
535.702942
535.494751
534.531921
534.409180
535.172058
535.755066
535.039185
534.473755
534.641724
535.727966
535.527588
534.168152
533.712219
534.959717
535.919189
535.416199
535.214661
535.258667
535.020081
534.353577
534.428162
535.092102
536.231201
535.699707
534.678101
534.622559
535.612244
535.240234
534.387939
534.368652
535.464966
535.465332
534.838379
534.274170
535.443420
536.096436
535.329590
534.165100
534.263733
535.472229
535.970093
535.006348
534.367310
534.722412
535.319336
535.074951
534.910400
535.527344
535.871094
535.097595
534.027527
534.148743
535.314148
535.674927
535.165833
535.034485
535.362183
535.731506
535.156982
534.656738
534.679382
535.269714
534.735046
534.706726
535.086914
535.531189
534.985962
534.775146
534.884094
535.125061
534.928406
535.270264
534.127441
534.820984
537.074646
535.946045
535.260864
533.121094
534.660400
536.194519
535.700256
535.168823
534.489380
535.700989
536.053223
533.845703
535.033386
534.687683
535.918396
534.441589
534.444214
534.877136
535.879333
535.128296
535.511353
535.810364
535.710754
534.974854
534.366516
534.676697
535.497986
534.930115
533.992065
533.315979
535.196228
535.830078
536.079773
535.199402
534.443176
534.019409
534.351990
534.718994
535.130554
536.007690
535.349487
534.793701
535.255676
535.671631
535.611938
534.444336
534.605103
535.085938
535.408203
535.148315
535.271057
535.572205
535.049866
534.553040
534.657959
535.298096
535.518066
534.582214
534.161987
535.249695
536.414734
536.027832
534.645569
534.511414
535.089661
535.373901
535.045654
534.638428
535.244751
535.791870
535.259766
534.806763
535.037231
535.512512
535.006592
534.477661
534.589355
535.129211
535.163025
534.844299
535.313721
535.839233
535.402588
534.583374
534.552307
535.240723
535.547668
535.041260
534.845337
535.581604
536.044128
535.086548
534.051758
534.624573
535.988281
536.120422
534.934387
534.051514
534.613831
535.362610
535.216614
534.689880
534.882446
535.568909
535.440491
535.008972
535.087036
535.516907
535.179199
534.630737
534.945435
535.677063
535.573853
534.604126
534.324768
535.134155
535.778198
535.346252
534.689819
535.138367
535.813171
535.401123
534.479309
534.575195
535.524902
535.628174
534.990906
534.847229
535.586304
536.127808
535.282043
534.227051
534.338928
535.242554
535.463440
535.017761
534.982300
535.404968
535.218079
534.794617
535.082947
535.680542
535.199829
534.250000
534.476990
535.915283
536.751221
535.881592
534.280334
534.051025
535.068481
535.473328
534.920898
534.639221
534.897095
534.924683
534.832336
535.279663
536.028748
535.950867
534.739136
533.997437
534.682251
535.502808
535.389038
534.799316
535.025391
535.813110
535.814209
534.918762
534.549377
535.018616
535.275330
534.944580
535.034180
535.285156
534.965576
534.543701
534.668640
535.626709
535.968994
534.631104
533.140625
533.645447
535.646606
536.686401
535.784851
534.603210
534.436462
535.369019
535.620544
535.008972
534.597412
534.861816
535.077209
535.097839
535.366516
535.536560
535.057861
534.639954
534.895813
535.520935
535.377441
534.754089
534.851196
535.834412
536.266296
535.221802
534.231262
534.671570
535.516602
535.372559
534.383972
534.119019
534.820435
535.389099
535.098145
534.889893
535.173767
535.272278
534.798035
534.564270
535.170166
535.832764
535.503357
534.855347
535.221985
536.096191
535.539429
534.196533
534.190186
535.568481
536.264282
534.933777
533.827698
534.447083
535.822021
535.891602
534.624695
533.923645
534.627625
535.534180
535.947388
535.854492
535.541687
534.524292
534.011047
535.145203
536.911133
537.020325
534.912109
533.038879
533.733521
535.635864
536.077759
534.941650
534.455017
535.402588
536.139099
535.406433
534.207886
534.300049
535.099792
535.478882
535.592590
535.629822
535.348389
534.759949
534.856934
535.342957
535.619507
535.011230
534.110657
534.577271
535.960510
536.202698
534.979919
534.263977
535.266968
536.147644
535.589844
534.118774
534.204407
535.639099
536.131897
535.071777
534.303345
534.922119
535.960510
535.990906
535.123779
534.550171
534.582764
534.543152
534.821411
535.586853
535.905640
535.168945
534.639282
534.906250
535.552002
535.512146
534.548889
534.173645
534.956604
535.700928
535.565979
535.199036
535.334595
535.383240
535.059814
534.691284
534.930908
535.575256
535.361633
534.588074
534.618774
535.422302
535.766846
535.033264
534.452637
534.804016
535.245056
535.189880
535.139465
535.656494
535.765747
535.011353
534.599609
535.160828
535.749695
535.275452
534.230286
534.507507
536.183716
536.958862
535.859497
534.393738
534.385376
535.218445
535.218201
535.012878
535.106384
535.574768
535.443176
534.555054
534.508240
535.405457
536.142334
535.611267
534.647034
534.589050
534.900879
535.117859
535.300598
535.540161
535.429993
534.653503
534.370422
535.130432
535.876587
535.499207
534.370422
534.065552
535.213318
536.222595
535.942383
535.050781
534.991211
535.237671
535.187134
535.196472
535.268860
535.464600
534.841492
534.146729
534.628845
535.932251
536.170349
534.640259
533.850586
534.702942
535.948486
535.716003
534.637512
534.754578
535.519470
535.717041
535.090332
534.905640
535.297974
535.302917
534.884155
534.666870
535.320068
535.809998
535.094543
534.528198
534.795349
535.450500
535.325562
534.993591
535.321411
535.785156
535.450684
534.582092
534.607971
535.752991
536.115662
535.056885
534.071594
534.817688
535.995911
535.481140
534.415955
534.421570
535.472290
535.645508
535.011108
534.633606
535.258118
536.136658
535.995728
535.020264
534.323608
533.979736
533.824341
534.346313
535.790283
536.568237
535.656738
534.301270
534.318970
535.305908
535.770996
534.944031
534.227173
534.878723
535.941406
535.840759
534.889038
534.715271
535.171875
535.247192
534.984009
535.002136
535.476196
535.553650
535.207886
535.163391
535.213257
534.973206
534.796692
535.182678
535.884094
535.557434
534.212036
533.432434
534.453064
535.998108
535.907776
534.797363
534.421814
534.923767
535.480774
535.113770
535.082947
535.484558
535.543701
534.744751
534.479004
535.537231
536.330750
535.593140
534.428711
534.554871
535.726746
535.830017
534.910278
534.341675
534.781189
535.215332
535.031006
534.770020
535.264526
535.763306
535.249146
534.496643
534.940552
535.805664
535.714722
534.907715
534.673523
535.160095
535.524536
534.945801
534.471558
535.061829
535.908203
535.556946
534.861938
534.840210
535.317505
535.290405
534.957275
535.177673
535.582153
535.339478
534.864929
535.095276
535.811646
535.489502
534.546631
534.174438
535.165649
536.167725
535.598328
534.348022
534.340637
535.306580
535.665161
535.074646
534.753479
534.820251
535.123352
535.239502
535.336182
535.666260
535.629333
534.917908
534.695801
535.459595
535.932739
534.927795
533.945862
534.603210
535.995789
536.086548
534.772217
534.135437
534.838440
535.540100
535.242493
534.673828
534.992920
535.673828
535.386902
534.584229
534.654175
535.308350
535.393494
534.894653
534.950256
535.473389
535.506104
534.864868
534.551453
535.163696
535.631165
535.005493
534.362793
534.782349
535.666809
535.479065
534.811829
534.950562
535.744934
535.698975
534.786316
534.411804
535.020569
535.467041
535.164978
534.915100
535.453857
535.770569
535.011414
534.067566
534.187500
535.040039
535.212097
534.769043
534.936462
535.535950
535.601807
534.842712
534.658020
535.478760
535.920776
535.021973
534.040344
534.724487
536.066406
536.033813
534.897583
534.450684
535.195007
535.657959
535.264893
534.750732
534.981934
535.327332
535.020203
534.764893
535.117798
535.729919
535.506348
534.740723
534.753540
535.216675
535.487549
535.638733
536.073425
536.218506
535.137390
533.631348
533.588928
535.392212
536.739929
535.406372
533.492737
533.866211
536.068298
537.103577
535.914307
534.517944
534.491821
535.042114
535.093628
534.966187
535.205200
535.242554
534.903076
534.828979
535.267456
535.646057
535.283630
534.686646
535.033630
535.728760
535.578796
534.735229
534.636841
535.508545
535.873718
535.162048
534.494812
534.875610
535.540955
535.221802
534.716797
535.037903
535.677551
535.472412
534.637329
534.743835
536.210205
536.303162
534.212585
532.300537
532.496826
535.467834
538.685791
539.819336
537.871948
533.856812
530.863647
530.981506
534.695923
538.676880
539.246460
536.933533
534.516174
534.327698
535.585388
536.104187
535.597046
534.668823
534.360901
534.454346
534.616516
535.258911
535.816101
535.294434
534.805847
535.054932
535.783875
535.661194
534.778015
534.602783
535.418457
536.511719
535.479919
533.795471
533.351196
533.992676
534.686096
536.204834
538.901917
540.086121
537.276917
532.728210
531.079041
534.849243
538.932373
538.023315
533.354431
531.495117
534.156433
537.067688
537.059204
535.202759
534.311340
534.984436
535.742188
535.496155
534.702515
534.352905
534.747620
535.619141
535.943481
535.058472
534.028870
534.798340
536.410706
536.558838
534.990173
533.561829
534.264160
536.376709
537.148987
535.769409
534.569214
534.799744
535.286987
534.410278
533.200562
533.743408
536.853394
540.093262
539.428528
534.377258
529.586304
529.640381
534.753540
539.559875
539.362244
534.769897
531.760498
533.951721
537.711243
537.840881
534.343140
532.209229
534.000000
536.578796
536.401062
534.127502
533.507568
535.689697
537.772766
537.204468
535.026611
533.927063
534.505920
535.495239
535.928162
535.792847
535.282471
534.481445
534.097290
534.823792
536.077637
536.617310
535.893250
534.746765
534.412903
534.864441
535.153442
535.359863
535.550598
535.171631
534.487793
534.621582
535.135498
535.277039
535.227234
535.227783
536.057129
536.703979
535.646790
533.733398
533.517822
535.372314
536.526794
535.540894
534.044617
533.885254
535.428772
536.305420
535.719421
534.983276
535.012756
535.200806
534.963745
534.851868
535.171204
535.525574
535.509338
535.586426
535.730286
535.181580
534.334839
534.563904
535.565063
535.955383
534.950806
533.820007
533.924194
535.456909
536.793945
537.206848
536.976929
535.848999
533.842651
532.571289
533.611694
536.129639
537.350586
536.026184
534.239929
534.521851
536.047058
536.338867
534.913208
533.896790
534.549133
535.543152
535.435181
535.057678
535.225891
535.385315
534.973267
534.736023
535.002319
535.504517
535.517517
535.371033
535.578674
535.826355
534.896729
533.669434
533.853455
535.390198
536.188721
535.320007
534.175781
534.631470
535.810181
536.036682
535.314880
534.599243
534.630981
534.319824
533.746399
534.671875
537.138977
538.861450
537.785339
534.921265
532.630737
532.160339
533.703674
535.590576
536.760620
536.310425
534.903259
534.576172
535.637756
536.567688
535.839417
533.929382
533.146484
534.288940
535.574829
535.393433
534.739075
534.830811
535.426758
535.761047
535.310364
534.899902
535.233704
535.463196
535.163086
534.995667
535.109436
534.825684
535.052490
535.474976
535.989563
535.221558
532.701233
531.959595
535.274780
539.959229
541.125305
537.037476
531.604675
529.101196
531.893555
536.991821
540.378174
539.980835
536.147766
532.598511
533.102722
536.408752
538.032654
535.801941
532.813965
533.165710
535.796997
536.581848
534.662476
533.178894
534.666382
536.915039
537.051453
535.136536
534.313232
534.700256
534.957214
534.456299
533.720581
533.663574
535.768860
538.621704
539.810913
537.093323
532.856323
529.896484
531.064941
535.122375
538.006165
537.736816
536.491089
535.734741
535.831909
535.774658
535.655090
535.117249
534.510376
534.225403
534.231079
534.733398
535.454102
535.437500
535.062500
535.239136
536.431885
536.630249
534.592102
532.656616
533.562134
536.379089
538.226379
537.008911
533.932190
532.273804
533.479004
536.170593
538.591431
538.767822
535.891052
532.363159
532.314819
536.074585
538.901123
537.114685
532.640442
531.716614
535.227356
538.348206
537.198364
533.796204
532.482361
534.487000
536.687134
536.840393
535.409363
534.086609
533.918396
535.658813
537.013428
535.841431
533.214478
532.746399
535.545227
538.158875
537.366699
534.055115
532.543091
534.899841
537.330261
537.026428
534.935913
533.800110
534.437134
535.689270
536.242188
535.779175
535.167236
535.012756
535.253479
536.013062
535.890076
534.626526
533.505432
534.364990
536.257141
536.640747
535.164001
533.905640
534.493347
535.818481
535.767883
535.072754
535.060852
535.843201
536.007874
535.067627
534.663879
534.940796
535.179382
534.829407
534.784241
535.610718
535.863770
535.203796
534.347229
535.042603
535.894104
535.409912
534.299927
534.292725
535.697815
536.760742
535.983459
534.826294
534.432068
535.145935
535.119568
535.000916
535.302612
535.597168
535.419556
535.134460
535.298340
535.384277
534.935486
534.374146
534.861084
536.007385
536.544373
535.322693
534.364441
534.723511
535.854736
535.868408
535.132568
534.895813
535.527222
535.490784
534.875061
534.556274
535.548889
535.903442
535.033020
534.146545
534.774536
536.029785
535.883545
534.747070
534.424011
534.984741
535.586182
535.638062
535.618591
535.352783
534.725464
534.586121
535.286133
536.325867
536.011719
534.236084
533.143127
534.185608
536.194580
536.489319
534.995056
534.029785
534.403076
535.394897
535.865662
535.725464
534.958069
534.504395
534.802185
535.710144
536.289978
535.624573
534.144043
534.020996
535.672058
536.762817
535.622803
534.253601
534.471924
535.788147
535.773743
534.815918
534.517212
535.499390
536.214661
535.385498
534.193909
534.481567
535.575562
535.981873
535.505493
535.310669
535.281189
535.088501
535.013367
535.333374
535.825745
535.493408
534.268127
534.148254
535.467224
536.407104
535.484070
534.273865
534.562561
535.757568
535.876587
535.115234
534.917847
535.625610
535.606995
534.886597
534.499329
535.234863
535.838318
535.462219
534.774841
535.109009
535.422913
534.948242
534.418457
535.241821
536.214661
535.941711
534.508423
533.986511
535.242249
536.251343
535.636780
534.826660
535.183350
535.987061
535.627380
534.785461
534.749573
535.549072
535.733032
535.002197
534.632812
535.052856
535.492676
535.464294
535.362610
535.697937
535.528076
534.297119
533.373474
534.281250
536.009521
536.347290
535.322083
534.642944
534.988403
535.515747
535.421387
535.202759
535.302429
535.340759
534.931702
534.752625
535.471375
535.869995
535.216675
534.386597
534.925842
535.844788
535.603027
534.901978
535.092468
535.831604
535.669678
534.654419
534.680054
535.610962
536.298218
535.542664
534.661499
534.941772
535.686584
535.437988
534.783386
535.143738
536.082458
535.864990
534.745667
534.042725
534.868774
535.767334
535.754517
535.135254
535.233826
535.424194
535.321777
535.099365
535.545410
535.810791
535.318481
534.523804
534.726013
535.570251
535.772888
535.175476
535.059875
535.365356
535.576050
535.045593
534.718750
535.416077
536.106689
535.773071
534.826416
534.924438
535.694031
535.637390
534.963623
534.789917
535.566711
536.046692
535.221680
534.368530
534.810181
536.022705
536.165833
535.043640
534.454163
534.729431
535.249451
535.308411
535.547974
535.692566
535.180420
534.628723
535.033630
535.973022
536.038879
534.873474
534.158569
535.197205
536.813293
536.847717
535.309875
534.540405
535.114197
535.675842
535.204102
534.501221
534.923889
535.920715
535.917725
535.110962
534.697632
535.332092
535.697998
535.598999
535.400330
535.229431
534.868713
534.493286
535.062012
535.843018
535.878845
535.173157
534.978882
535.450073
535.440552
534.577576
534.181213
535.512573
537.249512
537.034363
535.354065
534.342773
534.837158
535.568726
535.571167
535.096741
534.978577
535.024902
535.037964
535.183350
535.803467
535.987122
535.031860
534.253357
534.903992
536.092163
535.984009
534.929626
534.796143
535.300842
535.634216
534.962036
534.734375
535.422424
535.838989
535.104248
534.089417
534.794250
536.526733
536.867126
535.744141
534.682556
534.841248
535.438538
535.611511
535.284119
534.979980
535.015503
535.087097
535.328125
536.089172
536.239319
535.282837
534.471130
534.632202
535.594849
535.689941
535.013977
535.093689
535.757080
535.456177
534.400513
534.427612
535.713684
536.183472
535.341980
533.942688
534.356201
536.086670
536.425659
535.143738
534.503540
535.506836
536.856384
536.435425
534.996399
533.827209
533.842407
534.756958
535.715332
536.439880
536.248657
535.025452
534.209106
534.737366
535.938782
535.845764
534.909485
534.529846
535.300049
535.901794
535.546631
535.163818
535.123901
535.010132
534.760620
535.080383
536.164856
536.463684
534.945312
533.114441
533.470703
535.603577
536.431641
535.208008
533.970581
534.304382
535.608215
536.319824
535.614624
535.207153
535.300110
535.026550
534.677124
535.191772
536.058411
535.487244
534.345398
534.387146
535.624878
536.472778
535.638062
534.406616
534.543030
535.451233
535.706543
535.228149
535.175110
535.604858
535.513733
534.948242
534.734985
535.349243
535.618896
535.112366
534.866882
535.142151
535.533997
535.441528
535.097351
535.444458
535.502197
534.723877
534.034607
534.952332
536.447266
536.256165
534.762573
534.201538
535.434387
536.423157
535.385681
534.151245
534.511169
536.088501
536.375427
535.359863
534.512695
534.769287
535.372131
535.603943
535.846985
536.013123
535.214172
534.205017
534.208252
535.929810
536.841248
535.778809
534.061279
534.182495
535.904053
536.478882
535.290100
534.395569
534.892395
535.682007
535.162659
534.523621
534.705322
535.427368
535.513916
535.247559
535.161865
535.021851
534.905823
535.182861
535.501404
535.723022
534.965088
533.984497
534.493896
536.383057
536.938354
535.493652
533.819275
534.175049
535.740112
536.430237
535.198425
534.002808
534.437256
535.676331
535.967529
535.300903
534.598938
534.825012
535.213501
535.540161
535.413452
534.892639
534.608582
535.318909
536.080444
535.634827
534.225769
533.981323
535.736450
536.944702
535.867310
533.780640
533.447021
535.628235
537.694580
537.240723
535.131897
533.999451
534.487610
535.357056
535.881287
535.674927
535.027588
534.563965
534.831421
535.814697
536.314209
535.465942
534.132202
534.173401
535.667236
536.465576
535.210938
533.893372
534.594727
536.143677
536.195068
535.035034
534.081238
534.532593
535.575134
535.946106
535.918518
535.932190
535.300537
534.422791
