524.411743
524.387146
524.406250
524.594666
524.512634
524.122314
523.900024
524.718262
526.028748
526.761353
526.535889
526.605530
527.600220
528.816895
528.907898
528.540588
528.914551
529.997131
530.671082
530.864197
531.100342
531.561218
531.615112
531.695068
532.290527
533.188965
533.280640
532.852844
533.348083
534.579834
535.204163
534.721985
534.499878
535.254395
536.374695
536.577576
536.097412
536.726013
537.705383
537.688538
536.774963
536.922791
538.154297
538.609558
537.590149
536.406799
536.710999
538.185608
538.508545
537.864136
537.433228
537.564819
537.372559
536.944519
536.941833
537.502380
537.264282
536.312317
535.818420
536.175049
536.325012
535.779663
535.442566
535.326599
535.107666
534.218994
533.366028
533.927979
534.998901
534.596252
532.987549
532.038818
532.335632
532.482605
531.900391
531.123352
531.193848
531.437500
531.011597
530.277466
530.182312
530.219849
529.622437
528.392090
528.105774
528.522095
528.151733
527.066406
526.416748
526.364929
526.060730
525.380676
525.023682
524.771545
524.355774
523.252930
522.663940
523.474609
524.539978
523.969482
522.176697
521.307495
521.919861
522.335938
522.100159
521.400513
521.342285
521.391602
521.258362
520.926270
521.561401
522.326660
521.981995
520.935913
521.112244
521.856995
522.331055
522.273621
522.632507
523.300537
523.560669
523.096863
523.068054
524.009827
524.789978
524.445801
524.231506
525.265808
526.815613
526.895081
525.888977
525.666748
526.955811
528.052002
528.196655
527.976868
528.679443
529.535522
529.762268
529.549866
530.315552
531.356567
531.761658
531.431641
531.957825
532.741760
533.240051
533.007263
533.557678
534.488037
534.845337
534.507202
534.830139
535.831787
536.489807
536.152832
536.313721
537.893066
539.701416
539.734131
538.762634
538.999268
540.679077
541.960938
542.052490
542.132202
543.219910
544.497742
544.877380
544.869507
545.568481
546.933228
547.655151
547.854614
548.368408
549.337036
549.740723
549.640198
550.037292
550.964661
551.300415
551.073547
551.125916
551.939880
552.378357
552.307617
552.124878
552.582825
553.164246
552.598450
551.505493
551.789734
553.212097
553.677490
552.531250
551.548889
551.717224
552.463806
552.325928
551.550537
551.356934
551.864685
551.586304
550.942749
550.523438
550.756714
550.291016
549.670349
549.158813
549.431152
549.256226
548.849182
548.559082
548.791382
547.957214
547.029053
546.452454
547.323669
548.171570
547.437439
545.754578
545.130554
545.622742
545.758179
544.898132
544.047852
543.281555
542.544189
541.739380
540.960327
541.105591
540.679443
538.958801
537.160339
536.925781
537.294373
536.221436
534.195618
533.272034
533.622131
533.668274
532.398743
530.981812
530.305786
529.772400
529.239441
528.801086
528.752258
528.301208
526.788635
525.560852
525.860962
526.738892
526.183044
524.208008
523.200134
523.635681
524.252625
523.805786
522.712219
522.508118
522.652405
522.251465
521.258179
520.807434
521.002563
521.145874
521.217346
521.504456
521.526672
520.902710
520.316345
520.711853
521.518799
521.230957
519.956543
519.529724
520.474670
521.295776
520.559814
519.333008
519.149414
519.840759
520.242798
519.806458
519.508667
519.638977
519.470825
519.267090
519.839050
521.206055
521.631470
520.759399
520.190491
521.082886
522.496765
522.987305
522.498657
522.632996
523.864258
524.671448
524.590149
524.864319
525.770020
526.302429
526.467773
526.964844
527.436951
527.684998
527.801392
528.440552
530.255615
531.626160
530.886597
529.457336
529.785889
531.681885
532.688293
532.159302
531.611877
532.408813
534.053467
534.445129
534.007568
533.864441
534.513428
535.248718
535.695679
535.943848
535.760071
535.033752
535.127014
536.405273
537.710632
537.000305
535.633911
535.942261
537.641296
538.730347
537.621155
535.982910
536.061951
537.636475
538.617371
538.266785
537.682678
537.510010
537.253784
537.426025
537.692078
537.828979
537.268311
536.045532
535.595276
536.495056
537.000549
536.026245
534.914246
535.428406
536.164307
535.533081
533.890808
533.024109
533.528564
533.947876
533.475037
532.830383
532.669922
532.438416
531.511353
530.880371
531.174072
531.461792
530.401123
529.178528
529.425903
530.483154
530.229919
528.614319
527.220154
527.460205
528.261536
527.890930
526.494690
525.716309
525.844177
526.174194
525.838501
525.690063
525.202393
524.565186
524.152710
524.656555
524.948853
523.847717
522.375488
522.402405
523.647461
524.341797
523.125854
521.567688
521.416138
522.436218
522.640625
522.023438
521.591370
521.656494
521.259216
520.735413
520.916138
521.806213
521.904602
521.183411
520.867554
522.036194
522.932251
522.357544
521.015015
521.392395
523.084229
524.347961
524.028625
523.778809
524.115234
525.052917
525.947266
526.786621
526.785400
526.103149
525.441895
526.664673
529.448669
531.324646
530.225403
528.424561
528.650818
530.574646
531.586243
531.327148
530.832581
531.606201
532.588867
533.113464
533.412292
534.458374
535.175354
534.931641
535.104736
536.574402
537.616028
537.098694
536.085449
537.092651
538.905334
539.829651
539.087891
538.480103
538.867554
539.645508
540.042358
540.324707
541.069214
541.379761
540.569031
540.280212
541.990601
544.389587
545.197998
544.293518
543.878601
544.775146
546.498047
547.204468
547.288635
547.542480
548.450745
549.015869
549.833252
550.478149
550.911255
550.356445
550.409424
551.367737
552.588806
552.409180
551.748047
552.062256
553.437866
553.477356
552.481445
551.665100
551.990417
552.675293
552.335571
551.950989
552.268677
552.812439
552.144714
551.165833
551.320923
552.131531
551.815369
550.621399
549.791870
550.727722
551.281006
550.475220
548.861023
548.412415
548.576782
548.507874
547.970947
547.549255
547.215332
546.461182
546.081543
546.285034
546.350098
544.968384
543.537415
543.597717
544.565857
544.550293
542.777161
541.199951
541.826416
543.296692
543.327393
541.730286
540.987366
540.344360
539.406189
539.763672
541.546814
546.062256
550.576843
553.081360
551.669250
549.971313
549.813171
551.077454
551.791443
551.764709
550.692200
550.776245
551.338318
551.705078
550.545593
550.305359
550.036987
550.007324
548.839661
549.114868
549.561157
549.595154
548.052368
546.902771
547.111145
548.027100
547.237305
545.478882
543.967102
544.697266
544.623840
543.740479
542.384766
542.162354
541.795166
541.090881
540.077515
539.297180
538.160645
537.691772
537.351013
537.415344
536.902771
534.896240
532.980957
533.237122
534.747375
534.940247
532.951477
531.234436
530.908691
531.405151
531.405823
530.164673
529.196655
528.662720
528.008545
527.445984
527.342163
527.290405
526.575195
525.611267
525.525269
526.015015
525.716919
524.392700
523.567383
524.023560
524.332886
523.934448
523.319824
523.154907
523.208252
522.720398
522.165955
522.316772
522.783203
522.355408
520.961792
520.472412
521.204102
521.622192
520.779480
519.856628
520.203918
520.781555
520.465332
519.605225
519.289307
519.730591
520.062500
519.809875
519.748352
520.226501
520.200134
519.780701
520.281372
521.288513
521.411377
520.703430
521.054321
522.518555
523.339478
522.741516
521.943054
522.877930
524.988953
525.937317
525.255188
524.616516
524.972046
525.492126
525.897400
526.440430
527.095459
527.692993
527.993896
528.573853
529.676697
530.006409
529.003235
528.735046
530.617798
532.648865
532.880981
531.577332
531.258789
532.741516
534.387024
534.219482
533.479492
533.476196
534.189636
534.699280
534.865295
535.394470
536.023132
535.520874
534.724976
534.936523
536.528564
537.379578
536.679077
535.843079
536.054993
537.825562
538.498047
537.376221
536.420776
536.774597
537.711121
538.040833
537.884338
537.697021
537.234863
537.186768
537.071411
537.136597
536.832153
536.343262
536.142334
536.554993
536.421326
535.845459
535.385803
535.764954
536.242737
535.500732
533.971985
533.591187
534.375000
534.705261
533.712463
533.014893
533.257080
533.403381
532.425598
530.795776
530.661865
531.663513
531.891602
530.427734
529.135681
528.998535
529.228210
528.929504
528.449890
528.160706
527.920776
527.504028
527.305237
527.393250
526.615723
525.534363
525.198975
526.099487
527.102844
526.281006
524.274963
523.291443
524.366760
525.518921
524.938232
523.605347
522.729980
522.896606
523.326721
523.147766
523.038574
522.291016
521.322021
520.913025
521.689514
522.306885
521.804382
520.571472
520.466858
521.758423
522.388306
521.340454
520.539001
521.195312
522.076538
522.524475
522.657593
523.133728
523.688965
523.274902
522.823364
523.605774
525.320984
525.811707
524.671143
524.070801
525.265442
526.969788
527.694397
527.101196
527.062744
527.801270
528.695496
529.064819
529.685669
530.375366
530.312378
530.041931
531.141235
532.651794
533.032471
532.138367
531.763367
532.995605
534.699036
535.304565
535.008240
535.256714
535.698914
535.196655
534.319946
534.831848
536.511108
537.448792
537.008362
536.638245
537.581787
539.001587
539.588074
539.342651
539.743225
540.586243
541.189392
541.557617
542.363647
543.227356
543.747803
543.946533
544.921326
546.257996
546.969360
546.561951
547.078186
548.277710
549.293640
549.408142
549.637939
550.453003
551.135803
550.079285
548.180176
548.436035
551.462280
554.185669
554.298645
552.088867
550.008667
550.373230
552.175720
553.387390
552.968262
552.012817
551.256775
551.906921
553.261658
553.682373
551.713440
550.112000
550.418701
552.269165
552.428711
550.839478
549.461060
550.039551
550.872253
550.561890
549.192017
548.606506
548.550415
548.280212
547.696594
547.639648
547.699829
547.226868
546.368530
546.974731
548.239685
548.356323
546.521118
544.834045
544.977234
545.948242
545.687927
544.424377
543.314392
543.396179
543.319336
542.886414
542.077332
541.518799
540.325928
538.914368
538.375854
538.936401
538.383728
536.611511
534.860840
534.638550
534.899170
534.340332
532.684082
531.572571
531.372681
531.041504
530.117432
529.659790
529.583496
528.822632
527.362915
526.530884
526.714905
526.864929
525.907776
524.611145
524.564941
525.167603
524.527710
522.728088
521.986694
522.589050
522.769287
521.934082
521.057922
521.033386
521.405701
521.156799
520.889343
520.673279
520.378784
519.497437
518.991211
519.917480
521.175171
520.900208
519.353271
518.806946
520.069519
520.983154
520.644531
519.524414
519.390137
520.350586
520.759705
520.408386
520.460022
521.033691
521.052490
520.904175
521.196655
521.496948
521.409058
521.045654
521.218506
522.294556
523.062439
522.758667
522.550598
523.177246
523.621094
523.568726
523.540344
524.389221
525.700806
526.058044
525.682190
525.770508
526.621155
527.203369
527.079773
527.291016
528.265137
529.558472
529.933105
529.787415
530.212219
531.006897
531.394897
531.429016
531.783447
532.715881
533.137024
533.024841
533.527527
534.570801
534.935669
534.548889
534.721008
535.476746
536.179016
536.152649
536.242981
537.796570
539.383911
538.571777
536.141479
535.084717
536.591736
538.327942
538.382568
537.278320
536.901672
537.873108
538.618408
538.619385
538.031311
537.540283
537.115784
537.264038
537.981995
538.293701
537.106201
536.209534
537.057678
538.477539
538.141663
536.460938
535.319153
535.999756
536.798401
536.330933
535.043030
534.872986
535.460571
535.156616
533.999878
533.251587
533.225769
533.005005
532.245667
532.061523
532.539429
532.645264
531.402283
529.733154
529.506470
529.983154
529.532715
528.155518
527.445435
527.798950
528.139893
527.433838
526.306641
525.771179
525.539917
525.204895
525.166138
525.205444
524.440063
523.720581
523.872498
524.548340
524.588074
523.023254
521.328247
521.664856
523.333191
523.616333
522.029663
520.985901
521.516846
522.445312
522.349487
521.289062
521.080566
521.905273
522.241211
521.528809
521.158325
521.580505
521.937561
521.812622
522.113159
522.672913
522.740173
522.704468
523.080139
523.852051
523.484375
522.635376
522.727722
524.158691
525.562317
524.773926
522.982239
522.598755
523.964844
525.101624
525.166748
525.356873
525.990601
526.443726
526.683533
526.567017
527.389038
528.080872
528.227539
528.254700
529.466675
530.810608
531.319336
530.935547
531.466492
532.655029
533.883301
533.983948
534.220886
535.173767
536.221069
536.752625
537.301331
538.425171
539.442200
539.419250
539.081665
539.611450
541.072021
541.684082
541.378723
541.933044
543.504578
544.880005
544.704407
544.042603
544.487366
545.863403
546.561035
546.303284
546.331482
547.210571
547.949219
548.462158
548.920532
549.451782
549.351807
548.898254
549.401855
550.097412
549.890869
549.216797
549.821106
551.426147
552.312561
551.252563
549.198181
549.005066
550.454712
551.476929
550.970337
550.252502
550.230042
550.585571
550.902100
551.117310
551.078918
550.932983
550.291321
550.595520
551.342224
551.873474
550.819702
549.860352
550.287659
551.937134
552.015808
550.646790
549.300354
549.640076
550.077637
549.887817
548.983459
548.739746
548.925476
548.611755
547.672974
547.462891
547.461121
546.432434
544.913879
544.432190
544.946045
544.897644
543.162354
541.261780
541.308838
542.454834
542.470825
540.884644
539.298828
538.454041
538.153748
537.621155
537.033142
536.439087
535.344666
534.306030
534.594299
535.202698
534.340881
532.541809
531.403870
531.428955
531.634521
530.504761
528.979492
528.809387
529.679504
529.244995
527.902954
527.412964
528.233032
528.602478
527.546631
525.614624
525.060181
525.542297
525.706970
525.153442
524.811096
524.754822
524.737488
524.933960
525.289429
524.784241
523.178223
521.720520
521.938660
523.176575
522.703247
520.553284
519.335571
520.942505
522.990173
522.828125
520.596802
518.776550
518.555176
519.210083
519.888245
520.390137
520.439148
519.760986
518.902710
519.452332
520.895630
521.264587
520.091614
519.405396
520.786133
522.237610
521.882141
520.491455
520.543701
522.218262
523.425537
523.166443
523.043579
523.802612
524.628845
524.638794
524.779053
525.471252
526.171997
526.301331
526.294861
526.936829
527.814148
527.777466
527.622559
528.433411
529.756531
529.764771
528.983887
529.429321
531.447998
533.062134
532.275635
530.897156
531.344055
533.238403
534.055115
533.518127
533.443298
534.475403
535.350525
535.511902
535.358948
535.352051
535.256165
535.220337
535.908752
537.002991
537.478271
537.133240
536.706909
537.362427
537.893799
536.895630
535.684204
535.935181
537.468567
538.311890
537.884277
537.391052
537.605530
538.305176
537.815613
536.995667
537.134521
537.750610
537.443420
536.602234
536.356079
537.039001
537.056885
536.325317
535.593018
535.584778
535.122192
534.381897
534.106079
534.687256
534.840942
534.155518
533.024658
532.806641
532.798401
532.184204
531.385010
531.501709
531.974426
531.416565
530.314209
529.928406
530.443665
530.473083
529.144287
527.986633
528.413635
529.127014
528.562195
526.815308
526.016235
526.189209
526.409546
525.933594
525.599731
525.524536
524.951660
524.217041
524.427734
524.827820
524.369690
522.831909
521.932739
522.562683
523.673157
523.216064
521.861206
521.642334
522.712830
522.925903
522.311768
521.605652
521.723694
521.863098
521.729248
521.406250
521.996948
522.388123
521.945923
521.183472
521.689453
522.357666
522.340088
521.695496
521.959290
522.848755
523.178955
522.562073
522.183044
522.711792
523.149902
523.175232
523.612610
524.748291
525.580933
524.877197
523.750488
524.190674
526.107605
527.482910
527.116821
526.493958
527.090576
528.814270
530.291992
530.711243
530.773132
530.879211
531.165833
531.598633
532.615662
533.404785
533.670654
533.988281
535.346619
536.706421
537.103271
536.688721
537.030090
538.160706
538.875732
538.790283
538.994324
540.367432
541.629272
541.632446
541.435913
542.606018
544.094788
544.018677
542.630615
542.423645
544.004517
545.583740
545.398560
544.770691
545.422058
547.477844
548.837708
548.704834
547.990112
547.797058
547.986938
548.739380
549.838440
550.194519
549.403931
548.956848
550.007324
551.745728
552.198792
551.089661
550.081909
550.371216
551.028320
551.026550
550.751221
551.094482
551.085999
550.348938
549.383667
550.197021
551.469482
551.594727
550.191162
549.325684
549.934509
551.050842
550.690430
550.101379
550.223938
551.435791
551.493286
551.019531
550.349670
550.532166
550.258118
550.074341
549.810730
549.681335
548.477783
547.628418
547.992676
549.002075
548.624146
546.470581
544.626404
544.940796
546.311035
546.096558
544.071350
542.701904
542.529053
542.512512
542.315735
541.527771
541.099976
540.130432
538.937378
537.911987
538.037964
538.086731
537.021790
535.666443
535.474304
535.888794
535.588257
534.040955
532.804932
532.391907
531.964417
531.246948
530.782715
530.512390
530.226196
529.465576
528.976257
529.362610
529.444641
527.798340
526.137207
526.177063
527.222839
527.111816
526.092407
525.373840
525.988953
526.533142
525.765320
524.561035
524.399231
524.683655
524.133789
522.891235
522.491272
522.788269
522.772766
522.595459
522.379517
521.850098
520.716553
520.184204
520.860352
521.719910
521.175903
519.332458
518.662842
520.446289
522.423767
522.197327
520.210510
519.013977
519.445801
520.281921
520.387573
519.973267
519.998962
520.215210
520.853210
521.777954
522.678711
522.415466
521.393372
521.236328
522.445618
523.637329
523.482788
523.041321
524.092651
525.848022
526.441223
525.635132
525.339966
526.081055
526.838379
526.945740
527.150024
528.294800
529.321228
529.291443
529.042419
529.818665
530.925415
530.733337
529.841675
530.450989
532.426941
533.539551
532.594177
531.675659
532.461426
534.469971
535.448669
535.036255
534.424072
534.677551
534.964661
535.437500
536.221985
536.595764
535.722656
535.008850
535.654907
537.292603
537.956238
537.459290
536.703491
537.059448
537.679382
537.204163
536.675110
537.265137
538.185791
537.949829
536.969788
537.144470
538.274719
539.082520
538.140137
536.426147
536.099609
536.731995
536.812683
536.339905
535.901855
535.731628
535.235657
535.398010
536.069641
536.095337
534.649475
533.009949
532.725098
533.658752
533.612549
532.468384
531.426941
531.699768
532.289307
531.837769
530.917664
530.585449
530.630127
530.028503
529.041565
528.822876
529.060669
528.656128
527.654907
527.090332
527.639648
528.050537
527.381287
526.089417
525.747070
525.817383
525.413086
524.519836
524.283630
524.533203
524.574890
524.424866
524.400208
524.160217
523.246948
522.304565
522.483887
523.470520
523.642212
522.163696
520.968628
521.609985
523.205017
523.435913
522.262878
521.284607
521.466980
521.650146
521.185364
520.616943
521.073975
521.893066
522.159729
521.989990
522.355103
522.538574
522.257568
521.736206
522.360291
523.114380
523.211914
522.953247
523.904358
525.554688
526.096375
525.359924
525.194214
526.470764
527.778931
527.452698
526.768677
527.475220
528.928772
529.418152
529.279785
530.055542
531.617371
532.363403
531.979431
531.789612
532.892456
534.125427
534.096741
534.056335
535.072632
536.488586
537.017334
536.805298
537.192017
537.637329
538.161072
538.739563
539.890930
540.824646
540.865784
540.662048
541.740417
543.415161
544.343689
543.570862
542.822571
543.533997
545.244995
545.803284
545.237061
545.049194
545.914246
546.913818
547.623352
547.878784
547.936279
547.975403
547.875732
548.393311
549.387390
549.806030
548.523376
547.914062
549.004028
550.821838
550.755981
549.388245
548.561401
549.187561
549.875244
549.774963
549.492371
549.983582
550.489746
550.620178
551.019653
552.172852
552.651611
551.488647
550.090759
550.624268
552.268555
552.831360
551.394165
550.159729
550.900208
552.363037
552.443359
550.726074
549.130798
548.830078
549.108704
549.810974
549.476013
548.467163
546.880188
546.871521
547.988586
548.133972
546.122070
543.951355
543.908936
545.267822
545.269836
543.139648
540.958313
541.110229
542.642212
542.958862
541.428284
539.644897
538.895264
538.741211
538.885681
538.619812
537.763123
535.853943
534.637573
535.078186
536.691772
536.549988
534.055115
531.287231
531.387024
532.886047
532.614258
530.269531
529.030151
529.854736
530.863281
530.484192
529.053955
527.828186
527.631836
527.412354
527.508484
527.954224
527.840271
526.348633
524.916138
525.197571
526.276550
526.168701
524.864014
523.481323
523.359009
523.289062
522.750732
522.187012
522.294067
522.349304
521.830139
521.004944
521.043274
520.820679
519.867310
519.126160
519.832581
520.762939
520.458740
519.475403
519.406494
519.984131
520.019226
519.051208
518.755188
520.082703
521.583374
521.687073
520.811890
520.608765
521.145630
521.357178
521.377258
521.755859
522.344177
522.373108
521.896851
522.332092
523.895569
525.009460
524.447998
523.826050
524.859741
526.391052
526.732666
526.161316
526.222595
527.473633
528.441101
528.674255
528.698181
529.034180
529.459656
529.982300
530.924133
532.082275
531.937378
530.610413
529.844727
531.445862
533.461548
533.899597
533.095398
533.228149
534.612183
535.641418
535.053101
534.247681
534.275208
535.114990
535.152283
535.006531
535.495605
536.747803
537.396606
537.305786
537.416443
537.369202
536.643921
536.356995
536.762146
537.577515
537.580383
537.513245
537.929260
538.777405
538.834045
537.176819
535.735474
535.860352
536.684814
536.984497
536.626709
536.702820
536.753235
536.193604
535.586548
535.915649
536.820190
536.146606
534.085083
532.746216
533.472534
535.196838
535.136536
533.280762
531.923523
532.018311
532.576050
532.787292
532.539978
531.440796
529.711365
529.017944
529.965454
531.572754
531.463928
528.537231
525.743408
525.722534
527.799438
529.075073
528.950012
527.868958
527.090027
526.430481
526.020386
525.688049
525.912170
525.173828
523.979065
523.722961
525.210327
526.143677
525.567017
523.956299
523.399292
523.437988
523.173157
522.139221
521.839966
522.291626
522.555359
522.283020
521.990356
522.102051
521.823364
520.819275
520.501404
521.131836
521.632019
521.090393
520.444702
521.381104
523.056213
523.274353
521.561646
520.465881
521.863953
523.620972
524.067993
523.409180
523.505188
524.773743
525.824585
525.499817
524.821594
524.891724
526.181519
527.493591
528.609192
528.319458
527.705078
528.160400
529.892212
531.604553
531.302612
529.298462
528.520691
530.393677
533.158569
533.957458
533.387756
533.410217
534.479553
535.633423
535.413574
534.951782
535.727051
537.305237
538.341919
538.534058
538.922485
539.313965
539.382324
539.902832
540.866455
541.381287
541.017822
540.898132
542.375916
544.058899
544.281372
542.932312
542.635681
543.785889
544.769836
544.409729
543.404785
543.632935
544.498352
545.170410
545.499878
546.378601
546.868530
546.055420
544.949097
545.649109
547.658875
549.211792
548.638000
548.397766
549.368591
551.026062
550.667908
549.640442
549.313721
550.726807
551.985962
552.370728
551.984497
551.840576
551.754333
552.451416
553.148682
553.327515
552.254211
550.851135
550.744629
552.418091
553.904480
553.218384
551.266418
550.204041
550.595947
551.069397
550.741577
549.381775
548.370483
548.022827
548.446228
548.925903
548.898132
547.422119
545.536499
544.590271
545.681641
546.750854
545.942993
544.112610
543.484985
543.486145
542.950073
541.553589
540.635864
540.377441
540.298523
539.444092
538.735779
539.344727
539.956726
538.840637
537.015442
535.824585
535.692139
535.328064
534.543335
533.693481
533.643372
533.780212
533.214233
532.415955
532.017334
530.908752
529.371704
528.489502
529.259277
529.963684
529.558960
528.413940
528.053528
528.411926
528.225769
527.338440
526.869629
526.863220
526.796753
525.946899
525.603516
525.938110
525.965881
524.652893
523.361450
523.324097
523.834229
523.300232
521.939453
521.082458
521.720886
522.356140
521.777527
520.605957
520.242676
520.308960
520.202576
519.836121
520.075195
520.483643
520.200073
519.585327
519.651733
520.059692
519.812378
519.300842
519.479187
520.526184
521.123535
520.618286
520.455627
521.738586
523.116882
522.811829
521.746338
522.039490
523.272339
523.810425
523.315918
523.343262
524.590149
525.434143
524.928955
524.379700
525.282349
526.693176
526.947510
526.534790
527.207642
528.497620
528.903137
528.529785
528.791565
529.644043
530.252686
530.830078
531.663391
532.479431
532.617126
532.207275
532.322266
533.293640
533.861084
533.187744
532.609802
533.670898
535.162537
535.778992
535.258606
535.288452
536.184509
536.750671
536.336670
536.049744
536.497498
537.168457
537.073181
536.926331
537.124390
537.470520
537.006226
536.594604
537.248901
538.339661
537.952209
536.969971
536.838135
537.721985
538.008057
537.436218
536.841797
537.211609
537.616882
537.055603
536.337830
536.434204
536.723206
536.107483
535.175659
534.994385
535.190552
534.733643
533.810791
533.442017
534.137695
533.989685
532.663513
531.486023
531.877136
532.457153
531.647278
530.155762
529.833557
530.341858
530.292603
529.494324
529.071106
529.039429
528.523621
527.583984
527.119080
527.436523
527.408997
526.063721
524.940552
525.419189
526.178406
525.730652
524.567139
524.266113
524.796143
524.752930
523.644531
522.722900
523.126831
523.510620
522.824463
522.091614
522.413513
523.072510
522.632202
521.632263
521.197144
521.459106
521.524597
521.467651
522.094116
522.730042
522.292114
521.437744
521.480469
522.719177
523.035889
521.634644
520.522278
521.268799
522.919495
523.330688
522.888000
522.996765
523.697510
523.951843
523.095337
522.403442
523.244934
524.239502
524.326843
523.755005
524.306763
525.229492
526.109558
526.605530
526.942749
526.981384
526.897156
527.429565
529.007996
530.202271
530.243652
529.652283
530.869446
532.895447
534.037903
533.615234
532.929932
533.554016
534.876587
535.713013
535.919922
536.297180
536.836426
537.155212
537.931458
539.681274
541.048828
540.912170
539.722107
540.021423
542.150085
543.801880
543.328735
542.255371
542.743896
545.002502
546.546814
546.269470
545.404602
545.655457
546.434998
547.145325
547.793945
547.875671
547.684326
547.576477
548.470398
550.452515
551.850769
551.109253
549.408325
549.220398
550.588745
551.584412
551.165649
550.007568
549.719910
550.827759
551.796875
552.246155
551.842163
551.050110
550.129578
550.253418
550.946655
551.165100
549.637939
548.921936
549.886169
551.853333
551.920715
550.584961
549.578369
549.983459
550.638916
550.021240
549.171997
549.669739
550.527466
550.461060
549.629761
549.318115
549.326477
548.874084
548.271667
547.813843
548.018860
547.296814
545.830627
545.072876
545.860413
546.233582
544.716736
542.993591
542.881897
543.494202
542.949097
540.923523
539.256592
538.959167
538.993408
538.769043
537.964111
536.911560
536.156799
535.502563
535.833740
536.624390
535.994995
533.432678
531.260010
531.741272
533.201477
532.728455
530.295471
527.923950
528.407043
530.186890
530.569641
528.770813
526.450439
525.248718
525.472656
526.011230
526.042175
524.798218
523.386963
523.235718
524.790771
525.292480
523.561523
521.196106
520.802368
521.922119
522.180664
520.712585
519.590210
520.590637
522.678467
523.229614
522.154541
520.978577
520.404480
520.232422
520.526306
521.156189
521.505005
520.786255
519.879639
520.167053
521.593506
522.046753
520.748901
519.533936
520.135559
521.520142
521.719360
520.669250
520.434692
521.112549
521.871765
522.168884
522.508057
522.453979
522.040771
521.842651
522.497803
524.119324
525.211609
524.282776
523.256348
523.782166
525.353821
526.224243
526.384460
526.674988
527.232605
527.455994
527.454956
527.885864
529.382874
530.093567
529.861206
529.568604
530.513550
531.821106
532.048340
531.664978
532.185425
533.306458
533.794006
533.518127
533.962708
534.751831
535.132446
534.860535
534.813843
535.710510
536.454773
536.216003
535.991577
536.830566
537.906921
537.500977
536.365601
536.312317
537.524719
538.274963
537.402710
536.368835
536.837585
538.009949
538.465271
537.785767
537.440002
537.693298
537.765564
537.479126
537.190735
537.048035
536.719238
537.230652
538.116089
538.154480
536.775330
535.653015
535.918884
537.139160
536.905640
534.556885
532.762207
533.894897
536.269043
536.763550
535.220032
533.533630
532.967712
533.457153
533.668823
533.035767
532.216370
531.481323
531.517517
531.764771
532.087219
530.796997
528.642639
527.674377
528.619568
529.395447
528.301636
526.617920
526.492004
527.071350
526.875610
525.337830
524.134033
524.372192
524.963501
524.521362
523.729858
523.745605
523.997437
523.189758
522.594543
523.056702
523.719604
522.821167
521.115540
520.720886
522.258057
523.538147
522.767395
520.818665
520.507690
521.634094
522.409058
521.861450
521.128418
520.918762
521.431030
522.611084
523.496216
523.197632
522.049927
521.662231
522.759277
524.325684
524.601746
523.059570
521.995728
523.235046
525.372437
526.113342
525.630432
525.256714
525.649292
526.248596
526.421753
526.206543
526.777649
527.944092
528.786560
529.046570
529.427612
528.799011
528.266541
528.564575
530.185303
530.972961
530.478088
529.785950
530.833984
532.494385
533.028015
531.833252
531.772156
532.973389
534.572266
534.911682
535.159424
536.006104
536.855835
537.109558
537.280029
538.463806
539.619019
539.600159
539.376221
540.121582
542.021912
543.129333
542.899353
543.477112
544.656372
545.871338
545.426514
545.405884
546.406616
547.498596
547.612183
547.296814
548.041992
549.519287
549.734009
549.532166
549.797729
550.880066
551.368774
550.668213
550.158813
550.707031
551.600769
551.833679
551.978149
552.792419
552.974304
552.249329
551.489624
551.576599
552.514099
552.525574
551.439636
550.998169
552.052063
552.957703
552.394897
551.404602
551.032959
551.160950
550.714783
549.819275
549.440796
549.777100
549.899658
549.911133
549.648560
549.130859
548.148499
546.807922
546.755188
547.715881
547.920227
546.165344
544.773499
545.442810
547.169617
547.367310
545.446350
543.369690
543.416199
544.259827
544.388550
543.229553
542.487549
542.172607
542.468140
542.501892
542.104614
540.483337
538.527100
538.184692
539.234192
539.338928
537.383301
535.121277
535.103943
536.092346
535.619385
533.052917
531.039001
531.398376
532.518799
532.220642
530.908508
529.834961
529.122742
528.019958
527.376343
527.377747
527.227478
525.915161
524.330688
524.113281
525.457458
525.314087
523.080994
521.204224
521.888794
523.280090
523.132690
521.634399
520.911072
521.267883
521.536499
520.814087
520.211914
519.628052
519.420044
519.650818
520.434326
521.038025
520.167236
518.223022
517.615234
519.198303
520.864868
520.432495
519.221619
519.060608
520.061890
521.017700
520.714172
520.352905
520.992065
521.615356
521.322144
520.797607
520.992126
521.673218
522.167175
522.702942
523.398315
523.655151
523.155396
522.907593
524.087097
525.336426
525.542908
525.222900
525.605469
527.177612
528.038147
527.157959
526.116028
526.337952
527.326172
527.950867
528.807007
529.719910
530.085999
529.497559
528.900635
529.888916
531.612427
531.750732
530.311096
529.849609
532.097839
534.908630
535.332397
534.037842
533.460144
534.031555
534.583008
534.639038
534.628235
535.046814
535.858154
537.097412
538.044556
538.594360
537.306030
535.036621
534.519348
536.392273
538.422424
538.051575
536.225098
535.853455
537.528503
539.631226
539.751282
537.893311
536.324524
535.698792
536.406067
537.149963
537.086548
535.934387
535.337769
536.524902
538.404236
537.990845
535.200867
532.777039
533.628784
535.683594
535.782898
533.860901
532.957642
533.902954
534.823425
533.733643
531.653320
530.631836
530.943115
531.203491
531.408752
531.389954
530.919983
529.607788
528.871399
529.445374
530.495300
529.854614
527.732971
526.491638
527.432373
528.206543
527.511169
525.983093
525.644653
526.161621
526.249695
525.202942
524.527466
524.216431
524.174377
524.434326
524.769958
524.255737
523.039246
522.132690
522.957703
524.760742
525.671509
523.845825
521.670288
521.543884
522.788025
523.225525
522.364990
521.388367
521.576294
522.116943
522.595764
522.266052
521.910034
521.507568
521.467957
521.900146
522.529297
522.281555
521.358276
521.278931
523.086304
524.191711
523.840210
523.377991
524.307983
525.148132
524.920654
523.802673
523.858032
525.914185
528.108093
528.224731
527.456482
527.510742
528.320557
528.848694
529.219238
529.691711
530.362427
530.725525
531.105774
532.235596
533.856323
534.478149
533.974182
533.799500
534.994995
536.067322
535.827087
535.707520
537.257935
539.190430
539.628723
538.974792
539.244934
540.358887
541.213501
540.925537
540.536926
541.213867
542.342346
543.075745
543.997131
545.119629
545.372559
544.460388
544.066589
545.150391
546.503784
546.937561
546.221680
546.358459
548.223145
549.986816
549.957336
548.978760
548.645996
548.947876
549.137329
549.783936
550.622925
551.492493
551.442627
551.526367
551.724365
551.765137
551.344849
550.641968
550.984619
552.290833
552.634338
551.257629
549.986816
551.225830
553.051575
552.978027
551.216370
549.405273
549.580383
550.579407
550.616821
549.707581
549.181274
549.612732
550.149780
550.353760
549.993225
548.741150
547.491577
547.459106
548.910034
549.663452
548.235168
546.842407
546.939819
548.170349
548.202332
546.638000
545.147156
545.287048
546.274658
545.929749
544.869690
544.117432
543.626770
542.743286
542.384766
542.245422
541.719360
540.004822
538.308838
538.005737
538.818604
538.320374
536.313110
534.275818
534.589294
535.044128
534.173218
532.304688
531.547424
531.733704
531.454346
530.323853
529.368713
528.492676
527.928406
527.760254
527.871033
527.845947
526.632751
524.548889
523.743958
524.709290
525.365967
524.224670
522.912292
523.262573
524.196472
523.902588
521.936340
520.638000
521.228882
522.052063
521.342346
520.045654
519.394653
519.706299
520.173035
520.750671
520.996033
520.340637
519.257141
518.646851
519.330444
520.068481
519.664490
519.246521
519.843079
521.394714
521.630127
520.073303
518.800537
519.290039
520.524231
520.692383
520.110596
520.211487
521.140930
522.416321
522.947327
522.954285
522.979309
522.598206
522.315552
523.246948
524.720459
525.105347
524.348999
524.498047
526.372559
527.715088
526.986877
524.975586
524.764587
526.323914
527.754944
527.941650
527.871521
528.766052
529.908264
530.211426
530.307800
530.450623
530.231689
529.548035
529.748718
531.360107
532.853149
533.148132
532.644165
533.202759
534.706787
535.117371
534.069946
533.550049
534.900085
536.325500
536.280334
535.743347
536.047607
537.194153
537.713623
537.395447
536.873840
536.459290
536.469299
537.015076
537.882263
538.331909
537.525330
536.018799
536.068970
538.041748
539.413940
538.266846
536.328918
535.574158
536.328308
537.216980
536.922302
536.006836
535.922974
536.140259
536.019470
535.757690
535.782776
534.985291
534.221680
534.042847
534.555359
534.134644
532.808899
532.170105
533.135742
534.033142
533.013794
530.979248
530.498047
531.442810
531.812805
530.472107
529.069214
528.743896
528.979675
528.689880
528.636780
529.131592
529.153381
527.724426
526.227295
526.372742
527.453918
527.117065
525.468994
524.129395
525.031250
526.170593
526.079102
524.758728
524.024292
523.867310
523.950256
523.915344
523.902588
523.099487
522.488403
522.717163
524.200378
524.591980
523.125427
520.814392
520.476135
522.417908
523.999329
523.056763
521.222168
520.539185
521.280579
521.846558
521.826538
521.550720
521.624084
521.826782
522.079956
522.628845
523.151306
522.949890
522.533325
523.039124
524.325500
524.717773
523.940796
523.901184
525.588501
527.168701
527.252136
526.744141
527.237305
528.456909
529.132996
528.820984
528.873840
529.848877
530.541870
530.697266
531.094360
532.003357
532.454529
532.260742
532.636414
533.990845
535.228760
535.123291
534.456970
535.196533
537.172852
538.388306
537.761475
537.394592
538.144043
539.123901
539.382141
539.666809
540.702759
541.764099
542.202759
542.226990
542.786011
543.631897
543.665039
543.424683
544.282288
545.902161
546.635742
545.921997
545.576477
546.636780
547.718506
547.354919
546.715820
547.134216
548.396423
548.860229
548.436279
548.484497
549.509216
550.335571
549.850037
549.543884
549.944153
550.150574
549.433044
549.425598
549.984680
550.737549
550.390808
550.081299
550.169067
550.679810
550.323120
549.440613
549.639404
551.029541
551.584839
550.880249
550.308411
550.845825
551.615784
551.402649
550.685059
550.301819
550.482666
550.104126
549.665955
549.580811
550.620667
550.490173
549.441467
548.259460
548.377075
548.506836
547.660828
546.716492
546.521545
546.434814
546.291260
545.669067
545.110779
544.023071
542.614624
541.799255
541.942261
542.254822
541.042969
538.819580
538.033386
539.167480
540.130676
539.165710
537.358582
536.279602
535.916260
535.400574
534.661255
534.340210
534.376099
533.751343
532.414001
531.577026
531.477051
530.768677
529.753540
529.070435
529.211182
528.826355
527.404114
526.537476
526.797058
527.311401
526.167725
524.663086
524.515015
525.014343
524.521667
522.655396
521.519043
522.386230
523.455933
523.445435
522.452454
522.063477
521.802551
521.171021
520.375732
520.573486
521.268799
521.095337
520.090515
520.043945
520.945801
521.026978
519.860107
519.233582
520.030823
521.004211
520.610107
519.822083
520.383972
521.750305
522.162476
521.276428
520.537598
520.896240
521.294128
521.285950
521.422485
522.167908
522.457764
522.021729
521.900818
522.734741
523.379089
522.936157
522.355164
523.214600
524.693848
525.009216
524.103394
524.171753
525.700684
526.928955
526.597107
526.164124
526.934509
528.158752
528.545410
528.364502
528.546570
529.082886
529.696289
530.414551
531.466492
532.558350
532.301453
531.291321
531.455872
532.972107
533.960449
533.619324
533.243164
534.100281
535.502747
536.004333
535.199585
535.197998
536.211243
536.688965
536.070984
535.908997
536.731262
537.519897
537.447021
537.218933
537.534729
537.945312
537.519958
537.077026
537.338501
537.681824
537.273438
536.932495
537.392883
538.217224
537.876648
536.459229
535.811157
536.723572
537.530762
536.966125
535.989197
535.649170
535.886292
535.847534
535.315491
534.946716
535.148438
534.745972
534.115845
534.070374
534.662781
534.181641
533.057983
532.435242
533.032166
533.026245
531.991333
530.943115
531.408020
532.129761
531.804199
530.325500
529.667480
530.028931
530.084534
529.210083
528.659302
528.753113
528.552002
527.637817
527.272766
527.901062
528.129883
526.773987
525.027222
524.937683
525.843689
525.344116
523.723083
522.628723
523.268433
523.990845
523.617981
522.637451
522.345825
522.235291
521.795898
521.238770
521.663696
521.665527
521.388245
521.217957
521.933289
522.166443
521.427246
520.527466
521.045837
522.608826
523.425598
522.319092
521.384644
522.016846
523.494385
523.633667
522.927490
522.829529
523.680969
524.503601
524.610413
524.778992
525.736084
526.547791
526.730957
526.581421
526.945801
527.308411
527.561951
528.362976
529.674622
530.114685
529.582520
529.516174
531.015991
532.476074
532.597351
531.819702
532.010986
533.835388
535.244568
534.949585
534.457153
535.191406
536.305298
536.354187
536.074524
536.450989
537.297119
538.253540
538.917725
539.761353
540.245667
540.129822
539.553284
540.016296
541.559814
542.254395
541.613525
541.709778
542.966980
544.057129
543.516235
542.767334
543.056580
544.200562
544.935059
544.872498
545.154724
546.035461
546.266113
545.794006
545.779907
546.860901
547.870605
547.647461
547.343079
548.094482
549.485779
550.073792
549.771118
549.888306
550.744263
551.117920
550.488403
550.250305
551.182312
552.181213
552.059265
551.632935
551.735291
552.195435
551.879761
551.674194
551.677612
551.746582
551.184998
550.316772
550.595337
551.770264
552.104187
550.796326
549.336853
549.229126
549.494873
548.994873
548.280884
547.807861
548.187134
547.945618
547.117371
546.104736
545.779297
545.324097
544.573792
543.808838
543.942444
543.586792
542.883179
542.093933
542.129333
541.439209
540.015259
538.502319
538.495361
539.004333
538.527649
537.342773
536.798706
536.900024
536.313782
534.433838
533.145935
533.448914
534.153503
533.371765
531.986877
531.657288
531.843384
531.512695
530.262817
529.341187
528.922546
528.324402
527.224854
526.749817
526.943176
526.917053
526.058105
525.348267
525.210571
524.840515
523.874390
523.028198
523.370544
523.952209
523.697998
523.040649
522.777161
523.061646
522.670715
521.520996
521.317749
522.292358
522.989136
522.223145
521.353577
521.656616
522.425903
522.330078
521.263550
520.658630
521.287170
521.709045
521.090210
520.654602
521.002625
521.479919
521.140198
520.596741
520.805969
521.094299
520.799927
520.486389
520.933533
521.737610
521.829529
521.831848
522.144287
523.016357
523.103882
522.182434
521.928833
523.337341
524.789429
524.949585
524.581238
525.167908
526.008789
526.304565
525.993225
526.305847
527.423096
528.251953
528.027893
528.205017
529.284973
530.245850
530.164734
530.158691
530.946228
531.627319
531.619263
531.738464
532.828308
534.073730
534.164673
533.754883
533.832153
534.769653
535.048218
534.351746
534.129395
535.194275
536.284485
536.275940
536.042725
536.566406
537.282532
537.117493
536.241577
536.185364
537.200134
537.816711
537.531067
537.423645
538.001770
538.061401
537.311096
536.662048
537.279724
537.941101
537.604004
536.730286
536.714417
537.362122
537.369202
536.660339
536.363281
536.274780
535.957520
535.195618
535.282288
536.248657
536.890625
535.872437
534.700623
534.616821
535.225769
534.574280
533.338562
532.779175
533.417542
533.650940
532.991638
532.180664
532.557800
532.646240
532.015625
530.801514
530.502930
530.371277
529.934204
529.516296
529.660217
529.483643
528.548401
527.385254
527.352112
527.403320
526.653564
525.283813
525.011536
526.084229
526.677551
525.587952
524.075012
523.498169
523.795349
523.471436
522.856262
522.617554
522.875671
522.615662
521.961243
521.811096
522.247559
522.107910
521.447815
521.024231
521.623962
521.807617
521.282471
520.967651
521.897827
522.712097
522.406189
521.658752
521.922974
522.588440
522.826599
522.318359
522.797974
524.375488
525.293335
524.398682
523.413879
523.784668
525.178345
525.525879
525.319519
525.414490
526.459717
527.282043
527.364502
527.320435
527.997620
528.633423
529.081482
529.514832
530.462524
530.773682
530.604187
530.746155
532.228027
533.063293
532.572632
531.986084
533.165649
534.826721
535.424988
534.866211
534.727600
536.059143
537.334534
536.952332
536.222717
536.799377
537.949951
538.381165
538.517029
538.969788
539.512146
539.464233
538.815308
539.352051
540.904053
541.794739
540.931091
540.333923
541.515503
543.561890
544.259277
543.695862
543.567017
544.359924
545.253174
545.860046
546.242432
546.499512
546.933289
547.517700
548.835083
550.088196
549.809570
548.239624
547.653198
549.434387
551.462769
551.671265
550.559082
550.348328
552.102966
553.363586
552.773315
551.468201
551.064514
551.904480
552.687195
552.900513
552.363831
551.610718
550.910034
551.136108
552.282471
552.579224
550.920959
549.459961
549.897949
551.053284
550.449341
548.767151
547.798157
548.627747
549.790039
548.972107
547.467529
546.702881
546.557556
546.202576
546.202148
546.461548
545.795471
543.995483
542.677673
542.832031
544.203918
543.419373
541.062744
539.524536
540.680420
541.457153
539.856995
537.194946
536.777344
538.162415
538.855347
537.317200
535.238403
533.930603
534.038574
534.050781
533.593262
532.824463
531.567993
530.264038
530.265442
531.554626
532.130127
530.370178
528.024902
527.412109
528.574097
528.779175
527.044861
525.499268
525.796631
526.865356
526.901062
525.554199
524.677429
524.677856
524.970459
524.877625
524.815979
524.272400
523.216736
522.643311
523.392517
524.192871
523.712280
522.478027
521.932678
522.338989
522.410950
521.244446
520.193970
520.627319
521.628723
521.640320
520.777649
520.574524
520.975220
521.025330
520.469421
519.917725
520.036011
520.221863
520.015381
520.405762
521.595154
522.496460
521.961365
521.127380
521.626343
522.366272
522.312744
522.029541
522.850586
524.312866
524.718262
524.075684
523.888367
525.242310
526.479980
525.859863
524.866272
525.621826
527.352539
528.123535
527.841064
527.908081
528.781494
529.470642
529.665649
529.932007
530.599060
531.008118
530.722534
531.295471
532.831238
533.900879
533.116821
532.186218
533.166626
534.781860
534.755249
533.708923
533.863647
535.919983
537.313477
537.091553
535.809143
535.483887
536.104919
536.518738
536.680237
537.121765
537.268799
536.833618
536.759583
537.979065
538.694885
537.861877
536.404663
536.463501
538.130005
538.803223
537.278748
535.899231
537.018005
539.138611
539.040405
537.131897
535.699341
536.133667
536.888855
536.985657
536.453491
536.061829
536.096680
536.516113
536.701538
536.216125
534.914612
533.540344
533.593323
535.413330
536.458984
535.130920
532.963989
532.477661
533.501892
533.792358
532.490723
530.664551
530.461060
530.908630
530.869446
530.338623
530.060547
529.672791
528.768799
527.943726
527.741272
527.235168
526.035767
525.071289
525.765808
526.709717
526.159241
524.351013
523.673157
524.273987
524.490967
523.241760
522.101135
522.592468
523.541138
523.228760
522.183228
521.815918
522.386658
522.638367
522.225220
521.643250
521.684204
521.481384
520.668152
520.260986
521.246277
522.433655
522.570923
521.963684
521.816528
522.140320
522.106995
521.873352
522.463684
523.307068
523.520630
523.304810
523.851257
524.810974
525.086975
524.255188
523.937134
525.369751
527.026001
526.769653
525.501465
525.312927
526.765442
528.109558
528.630432
528.468079
528.636902
529.069641
529.419434
529.902161
530.821228
531.042480
531.107971
531.506226
532.776123
533.134705
532.752197
532.389893
533.684875
534.995239
534.736755
533.511475
534.150330
536.113586
537.523621
537.099792
536.371643
536.743774
538.056458
538.553101
538.278687
538.353027
539.004517
539.380737
540.063232
541.524170
542.650940
542.552307
541.580078
542.093140
544.097900
545.926025
545.556030
544.363464
545.044312
547.412048
548.809814
548.393005
547.710999
548.300903
549.424805
550.233704
550.400085
550.344971
550.691162
551.196350
551.965881
552.888245
552.849182
551.485718
550.528870
551.524170
553.213257
553.217651
551.495422
550.407104
551.707764
553.489502
553.102356
551.110046
550.238464
551.137573
551.934509
551.612305
550.542725
549.737793
549.597351
550.238464
550.888794
550.398743
548.294983
546.617249
546.987305
548.486694
548.318298
546.686707
545.471069
545.762695
546.376160
545.523376
543.935486
543.307739
543.575562
543.255310
542.560059
542.320740
542.063049
540.972900
539.803101
539.367188
540.019104
539.599976
537.701111
536.038391
536.663391
537.830261
537.136780
534.750610
533.607971
534.344238
535.119263
534.261841
532.526550
531.754211
531.817993
532.183899
532.284424
531.859985
530.822021
529.242920
528.472046
529.484497
530.728088
530.119629
528.100952
526.980713
527.459900
527.788452
527.002563
525.378235
524.577515
524.807068
524.843506
524.282227
523.849426
523.178223
522.479675
522.179688
522.645447
522.477478
521.303467
520.306519
520.869324
521.992249
521.483826
519.671570
518.932678
520.070801
521.411011
520.631592
518.897034
518.407227
519.697571
520.698364
520.788513
520.863342
520.971497
520.670715
520.460815
520.887695
522.206360
522.694702
521.733154
520.871765
522.386597
524.625549
524.929871
523.633240
522.966614
523.923035
525.343506
525.605286
525.276367
525.407166
526.383972
527.387939
528.105896
528.670410
528.499146
527.669495
527.611938
529.092773
530.742920
530.565613
529.475891
529.732239
531.777039
533.859619
533.520386
532.007629
531.805786
533.221741
534.286377
534.474548
534.019775
533.865601
534.286499
535.695740
537.024048
537.219666
535.803772
534.935852
536.098633
538.054688
537.782227
535.955994
535.278259
536.741516
538.289307
538.054138
536.725769
536.441650
537.117249
537.504456
537.342468
537.603516
537.938293
537.403198
536.582397
536.923401
538.187561
538.581177
537.095337
535.940735
536.495605
537.311707
536.416870
534.900452
534.476501
535.804321
536.296387
535.342468
533.963806
533.590881
533.368896
532.881165
532.327942
532.051941
531.646790
531.018555
530.709839
531.558594
532.212646
531.165649
529.357300
528.742432
529.332642
529.296814
528.079407
526.779114
526.889648
527.610474
527.359924
526.179626
525.715332
525.600708
525.298523
524.501709
524.244690
524.114502
523.496338
523.209656
523.812622
524.345154
523.550659
522.142029
521.964905
522.823792
522.928894
521.406006
520.446533
521.732300
523.572266
523.701477
522.371399
521.677551
522.009766
522.102173
521.627441
521.367188
521.821777
521.921326
521.637939
521.871582
523.170044
523.953308
523.348083
522.297424
522.719727
523.565491
523.559692
522.674988
522.865295
524.308289
525.518555
525.150696
524.707886
524.848083
525.581116
525.968201
526.462036
527.289917
527.858765
527.346924
526.809387
527.759583
529.668640
530.262634
529.702393
529.523132
530.777893
532.087463
532.143494
531.815674
532.751831
534.517151
535.498413
535.477600
535.933655
536.793884
537.675659
537.905029
538.394653
539.019775
539.501465
540.142944
541.400146
542.579651
542.790527
542.088257
542.297485
544.255615
546.037659
545.593689
543.997314
543.996826
545.749268
547.416748
547.719727
547.225037
547.226257
548.255005
548.973755
549.473877
549.700012
549.708496
549.159668
549.885132
551.615601
552.538025
551.122253
549.414551
549.694580
551.763062
552.869019
552.028687
550.562622
550.860229
551.928528
552.632324
552.429932
551.969299
551.354919
550.593323
550.474304
551.381348
552.001770
551.186157
549.767761
549.768311
551.209900
551.781006
550.513245
548.911682
548.871277
549.781189
549.582397
548.423096
547.681763
548.130615
548.336670
547.607849
546.546326
546.069702
545.555542
545.148804
545.073853
545.232178
544.488770
543.882141
543.755432
544.406982
544.612122
543.193665
541.422302
541.440552
542.519348
542.396790
540.776917
539.490906
539.350525
539.919800
539.891602
538.661133
537.721313
537.061157
536.191467
535.188354
534.750488
534.511230
533.636292
532.872375
532.947754
532.636414
531.189697
529.230286
528.628357
529.109863
528.755310
527.061584
525.650024
525.965271
526.572449
525.698730
523.995789
523.074097
523.486877
523.860291
523.363220
522.903625
522.544861
521.787170
520.986328
521.132568
522.015015
522.056152
520.756592
519.411438
519.470093
520.325989
520.158691
519.270142
519.249756
520.077576
520.325195
519.549194
519.344971
519.880981
520.328369
519.976990
519.726196
520.403931
521.105835
520.477112
520.081970
520.944336
522.320801
522.096375
520.922302
520.851746
522.299744
523.389099
522.707275
521.612427
522.602478
524.468506
525.456055
525.027771
524.850586
525.298462
525.633362
525.677429
526.115662
526.710938
527.041992
527.418823
528.421570
529.487549
529.740356
529.202881
529.400330
530.865051
531.786743
530.797791
529.465881
530.184265
532.395630
533.988647
533.652832
532.625854
532.223389
532.784851
533.421997
534.088013
534.738159
535.152283
534.867859
534.988586
535.745300
536.263062
535.863953
535.518799
536.200623
537.341919
537.342041
536.723572
536.796814
537.854736
538.106873
537.205383
536.752136
537.216492
537.942871
537.613464
536.687927
536.863892
537.720032
537.856812
537.053528
536.692444
536.962036
536.641052
535.931763
535.626038
536.050415
536.376343
535.463440
534.580383
534.787537
535.361511
534.474426
532.863281
532.362183
533.015808
532.951843
532.077515
531.279053
531.557861
531.272339
530.477173
529.750549
529.697449
529.644714
528.950684
527.995300
528.350769
528.971558
528.557129
527.125916
526.755798
527.253296
527.164307
525.972778
524.650330
524.625122
525.381165
524.888306
523.852295
523.645447
524.132935
523.948669
523.059326
522.424744
522.171265
521.918274
521.650208
521.990234
522.788391
522.411438
521.491882
521.394226
522.468079
522.634277
521.192627
520.137207
521.268127
523.421570
523.577881
521.869507
520.955444
521.566833
522.760681
523.115967
522.777710
522.754883
522.938721
523.200806
523.512756
524.585327
525.309326
524.863953
524.291992
525.053650
526.468811
527.118530
526.635498
526.576050
527.226868
527.869141
527.847290
527.963440
528.924377
529.812805
529.662781
529.333801
530.073608
531.215210
531.370300
530.806152
530.992371
531.978271
532.385071
532.054138
532.358032
533.961182
535.430176
535.455627
534.817383
535.436462
536.794739
537.442566
536.981262
537.160339
538.269836
539.632080
540.509521
541.349121
541.725342
541.763611
541.427368
542.455139
543.956238
544.998840
544.943420
544.917297
546.372375
548.434143
549.112305
548.061829
547.349487
548.018250
548.715576
548.927246
549.118286
549.926025
551.059082
551.527039
551.512329
551.443176
551.653564
551.191406
550.997925
551.588806
552.346008
552.025635
551.329956
551.657471
552.912170
553.090332
551.834290
550.776917
551.081238
551.588928
551.419373
550.836609
551.152283
551.930908
551.927917
550.834045
550.404358
550.585327
550.097290
548.797241
548.293274
548.997620
549.713135
548.804504
546.942078
546.273560
546.947876
546.724609
545.527649
544.589172
544.586853
544.285706
543.537537
542.803650
542.479309
541.863892
540.970520
540.486084
540.607788
539.765503
538.442749
537.516541
538.084351
538.934448
538.067017
535.729858
534.302490
534.727295
535.371033
534.917542
533.903442
532.923035
532.509460
532.130859
531.362854
530.846130
530.379761
529.700806
529.159973
529.565674
529.918396
529.283875
528.064514
527.690735
528.180298
527.825806
526.475281
525.750244
526.434204
526.963257
526.176392
525.256042
525.213989
525.510437
524.598083
522.903870
522.309875
522.968323
523.296875
522.589478
522.133301
522.826172
523.211914
522.501099
521.050293
520.519226
520.692749
520.322144
519.562927
519.593994
520.638306
521.333435
520.906738
520.507019
520.460205
520.460999
520.331665
520.473145
521.229004
521.489929
521.290161
521.674316
522.782898
523.635559
522.820312
521.315613
521.127747
522.633545
523.974304
523.999939
523.735779
524.487549
525.537598
526.366821
526.683655
527.121887
527.294739
527.004456
526.926636
528.074341
529.447754
529.935181
529.440979
529.734009
531.082764
532.018860
531.646118
531.211060
532.039612
533.159729
533.421875
533.444763
533.678772
534.288452
534.457520
534.402588
535.082336
536.272034
536.593079
535.719849
535.323975
536.123901
536.908325
536.840637
536.356079
536.533936
537.297302
537.611511
537.420227
537.486267
538.152039
537.915710
537.217285
537.090698
537.833435
537.925354
537.402161
537.421875
538.256897
538.393982
537.437622
536.435547
536.697815
537.370300
536.983093
535.771790
535.569275
536.460449
536.922424
536.158142
535.342651
535.682617
535.900269
535.160645
534.039673
533.828369
534.261597
534.038940
533.161438
532.619507
532.872253
532.810181
531.856750
530.872131
530.867432
530.656860
530.062378
529.290894
528.941467
528.187378
527.300781
526.865540
527.336487
527.315247
526.144226
524.931274
525.462341
526.951294
526.708862
524.299377
522.500793
522.914062
524.083252
523.919189
522.722046
522.348267
522.930054
523.288940
522.425415
521.648682
521.475098
521.578491
521.705444
521.865295
522.044434
521.577698
521.260986
521.627441
522.530151
522.108459
520.624817
520.301880
522.146729
523.667358
523.328796
522.110413
522.442139
524.149841
525.349304
524.710876
523.715088
523.713135
524.292236
524.717529
525.424133
526.330811
526.752136
526.221252
525.992432
527.320801
528.989502
529.141418
527.875854
527.749817
529.534424
531.280518
531.433350
530.575134
530.644897
531.573364
532.509583
532.950867
533.189758
533.495544
534.007080
534.616821
535.512146
535.892700
534.895813
533.527466
534.043518
536.306763
538.056885
537.680542
536.619385
537.168823
539.247009
540.461975
539.678345
539.005005
539.766602
541.349670
542.253784
542.457947
542.486511
542.986938
543.534790
544.571594
545.422791
545.783325
545.291809
545.862793
547.337646
548.703491
548.512573
547.717773
548.226318
550.141357
551.414734
551.176636
550.362854
550.407166
550.809387
551.145020
551.562500
551.951538
551.894653
550.972046
550.695068
552.003357
553.895569
553.414124
551.187744
550.094788
551.457642
552.632141
552.085815
550.712646
550.474731
551.032715
551.181274
550.265747
549.510803
549.111206
548.971558
548.878052
548.967529
548.511353
546.972656
545.442688
546.057861
547.863281
548.234375
546.094910
544.035645
543.949402
545.188904
545.071716
543.188782
541.896851
542.164001
542.176392
541.355713
540.183472
539.716003
539.171814
538.744141
538.142639
537.720642
536.898560
535.893799
535.439697
535.960938
535.613586
533.949646
532.455383
532.647461
533.755859
534.072449
532.666199
531.371643
531.263000
531.814270
531.473572
530.666382
530.060059
529.468018
529.208435
528.945679
528.904358
528.822937
528.011108
526.766663
526.353394
526.883179
526.493652
525.107605
524.192383
524.505798
524.875244
524.327026
523.384949
522.775574
522.409424
521.718811
521.121643
521.356934
521.814453
521.090698
519.625061
519.404297
520.639648
521.504761
520.677185
519.726501
520.068848
521.089355
520.936157
519.775024
519.676697
520.689026
521.416260
521.219055
521.114624
521.699707
521.981201
521.706238
521.595642
522.727173
523.548950
523.134521
522.497437
523.166931
524.461487
525.094849
525.410950
525.709351
526.177734
526.230530
525.633484
525.993896
527.586792
528.700745
528.210938
527.450134
528.286133
529.903992
530.816345
530.256165
529.773010
530.491760
531.643555
531.961060
532.159912
532.669678
533.598938
534.089600
534.337952
534.596497
534.422180
534.084839
534.627136
535.814331
536.406860
535.634705
535.443726
536.562012
538.179443
538.268494
536.558899
535.576782
536.320312
537.710815
538.115540
537.725464
537.358337
536.954956
536.712891
537.354370
538.439819
538.912170
537.674133
536.278442
536.551331
538.162659
538.365051
536.705322
535.416870
536.339661
537.600464
537.427002
536.121033
535.561279
535.820984
536.029846
535.681030
535.146301
534.611145
533.877563
533.248596
533.706909
534.769592
534.522217
532.503662
530.848938
531.054810
531.979065
531.587036
530.182861
529.277344
529.675476
529.820557
529.091675
528.066467
527.599792
527.325745
526.866150
526.269165
526.282227
525.685791
524.759216
524.145386
524.765625
525.010376
523.400024
522.238159
523.415039
524.802795
524.105469
522.322571
521.463379
521.407898
522.702087
523.719360
523.054871
521.872375
520.820679
520.121521
521.183289
523.322083
523.209229
520.706238
519.907776
521.545166
523.741333
523.741272
521.871399
520.663330
522.176758
524.168030
524.177246
522.568054
522.467041
523.885010
525.369995
525.380371
524.851440
524.626038
525.107605
525.974609
527.301086
528.421936
528.298462
527.030396
526.718445
528.397705
530.097168
529.960999
528.956787
529.157654
530.963684
532.435242
532.096497
531.879150
532.056152
532.635071
533.444580
534.311157
535.377258
536.110107
535.962891
536.038635
537.140930
537.664795
536.349792
535.935242
538.082397
539.845154
539.928528
538.734558
538.486145
540.468994
542.203308
541.820801
540.722107
540.799133
541.821106
542.267639
542.527588
543.036011
543.744812
544.046570
543.870789
544.598694
545.736267
546.218994
545.659119
545.863586
547.186951
548.428345
548.093689
547.403137
547.854370
549.278870
549.931763
549.909424
549.536865
549.994568
550.373535
550.952148
551.728271
552.283386
551.335083
549.587891
549.486572
551.610474
553.346436
552.642883
550.389343
549.998291
551.580322
552.535217
551.685730
550.162842
549.827393
550.071472
550.414062
550.203369
550.016907
549.505493
548.570923
547.816528
548.071655
547.752014
546.593872
545.580933
545.969849
546.257751
545.113464
543.588623
543.165344
543.748901
543.901428
542.410706
540.951843
540.757629
541.210632
540.734131
539.735291
539.196411
538.716125
537.764343
536.870911
536.619568
536.797119
535.948608
534.421509
533.445923
533.839111
533.824219
532.348755
530.483948
530.189636
530.772766
530.640808
529.372864
528.542542
528.150574
527.831482
527.485474
527.197571
526.877563
525.885132
524.399658
523.874023
524.802795
525.831238
525.097839
523.725952
523.562866
524.296509
524.735107
524.025940
523.307739
523.268738
523.304077
523.021545
522.643555
523.008667
523.071838
522.643677
522.314697
522.325500
522.150635
521.259338
520.909363
521.740051
522.331055
521.447510
519.821960
519.979980
521.727844
522.605164
521.447205
519.797852
519.498657
520.415283
521.226074
521.618774
521.971985
522.300720
522.070190
521.720459
522.393555
523.536865
523.594849
522.955627
523.216431
524.675781
525.688354
525.390381
524.963196
526.051270
527.662842
527.821350
527.100769
527.269531
528.516052
529.363403
529.673950
529.987915
530.431580
530.743469
530.941650
531.700195
533.141174
533.729492
532.782837
531.815491
532.444641
534.222351
535.132629
534.654968
534.216919
534.741699
535.763489
535.911926
535.670532
535.599487
536.150696
536.852783
537.316223
537.407898
537.234131
536.793274
536.956360
537.834229
538.432556
537.359253
536.421936
536.761536
538.198059
538.893860
537.669678
536.197937
536.204163
537.126953
537.414429
537.044495
537.106934
537.193115
536.657898
536.150085
536.025818
536.783386
536.494934
535.236511
534.674683
535.507812
536.170166
535.120361
533.493591
533.415161
534.285461
534.231506
532.942566
532.197388
532.411865
532.673889
532.470459
531.830322
531.012939
530.126160
529.101807
529.096985
530.391174
531.068787
529.402954
527.027283
526.250916
527.069458
527.457703
526.755737
525.417358
525.267090
525.398926
524.881165
523.764160
523.582642
523.813965
523.533264
522.741821
522.341675
522.146851
522.181702
522.075317
522.327759
522.113647
521.463257
520.937927
521.434998
522.315308
522.314209
521.309387
520.735840
521.420349
522.401550
522.229614
521.584167
521.867615
522.614868
522.713074
522.340515
522.732483
523.800659
524.059082
523.496033
523.366760
524.416077
525.572327
525.356323
524.858093
525.267029
526.320190
526.802734
527.088440
528.060669
528.722717
528.599976
528.375244
529.259521
530.747925
531.316162
530.850159
531.209045
532.882629
534.110840
533.503174
532.514587
533.061279
534.764709
535.604004
535.232422
535.267273
536.691345
537.864929
537.871216
537.482788
538.127502
539.403931
540.127075
540.336548
540.659302
541.235291
541.144104
541.019348
542.083801
543.574890
544.144165
543.634827
543.911011
544.924622
545.423157
545.259399
545.044373
545.893982
546.491638
546.141663
545.618103
546.361572
547.588379
547.550354
546.752930
547.041626
548.063782
548.738525
547.863708
547.576721
548.565857
549.997925
549.752686
548.920654
548.989197
550.003296
550.195496
549.877502
549.789490
550.737000
551.084473
550.764771
550.364990
550.556885
550.700012
550.653442
550.557068
551.156799
551.390930
550.581360
549.572021
549.944458
550.900024
550.951660
549.797852
548.937683
548.666626
548.608459
548.104492
547.872864
548.021912
547.571594
545.761475
544.240906
544.425232
545.380127
544.748108
542.905701
541.931091
542.086060
541.926941
541.222229
540.415344
540.059082
539.103638
537.772156
537.199707
537.642395
537.693237
535.982788
534.014954
533.898560
534.797668
534.703552
533.318665
532.340393
532.388184
532.239868
531.261719
530.035400
529.903198
529.964661
529.076355
527.730591
527.344360
527.254456
526.766968
525.473206
525.062073
525.370911
525.473816
524.618591
523.755615
523.277954
522.992004
522.671448
522.875977
523.177063
523.077393
521.623169
520.084900
520.445557
521.826660
522.248474
521.255371
520.342896
520.657898
521.292664
521.492126
521.005371
520.890381
521.205383
520.969849
520.681152
520.902771
521.326660
521.135498
520.615295
521.329590
522.212402
522.011414
521.078796
521.238892
522.083740
522.223083
521.779602
521.880127
522.999878
524.203613
523.669617
522.416748
522.588440
524.000183
524.691406
524.565979
524.757935
525.331421
525.719543
525.870728
525.955933
526.778687
527.649353
527.912231
528.031860
528.768311
529.559265
529.464355
529.257690
530.201233
531.661682
532.306091
531.790283
532.118591
533.285095
534.004822
533.759338
533.752197
534.539307
535.474365
535.255127
534.757141
535.083069
536.203491
536.266357
535.702942
535.748413
536.649719
537.075317
536.598999
536.426270
537.631287
538.626892
538.138428
536.791626
536.481140
537.293518
537.774536
537.443115
536.922913
537.160767
537.107544
536.757202
536.568970
536.760437
536.505554
536.039490
535.969849
536.259155
536.093872
534.725525
533.433838
534.174438
535.751892
535.792236
534.114319
532.753967
532.934570
533.811768
533.791077
532.166748
530.963745
531.159424
531.640808
531.569885
531.457458
530.829163
529.571167
528.801941
529.037598
529.402832
528.624878
527.462341
526.759949
527.237915
527.515198
526.823303
525.952515
526.235413
526.430542
525.512573
524.245117
524.051697
524.651855
524.924561
524.447815
524.131775
524.277771
523.957031
522.919250
522.250488
522.788635
523.394653
522.822083
521.773804
521.989197
523.071533
523.378906
522.258545
521.381226
521.716614
522.382568
522.262268
521.582336
521.660950
521.752380
521.939880
522.516602
523.109375
522.616394
521.268433
520.887268
522.832458
525.272400
525.344055
523.127686
522.025879
523.477783
525.326294
525.493591
524.561646
524.700378
525.926941
527.143616
527.644653
528.215271
528.466003
528.399292
528.551880
530.067810
531.702576
531.995728
531.262878
531.777588
533.662842
534.979858
534.724365
534.311157
535.360840
536.743347
536.929932
536.524048
537.185852
538.627197
539.346863
539.291077
539.676636
540.588806
541.035522
540.805176
541.387878
542.656616
543.516113
542.755310
542.358276
543.995728
546.277527
546.446533
544.997559
544.905701
546.775330
548.327332
548.054932
546.765869
547.033691
548.699524
550.268433
550.602234
550.100342
549.240417
549.173828
550.037476
551.530884
552.010620
550.835327
549.290466
549.799194
551.912109
553.160706
551.903381
550.537842
550.643982
552.146729
552.598877
551.565735
550.633362
551.216309
551.897278
551.680542
550.596436
550.334351
550.114258
550.242310
550.560669
550.458496
549.272339
548.006226
548.014954
549.245667
549.618652
548.147827
546.465881
546.733765
547.739746
547.379944
545.285034
544.321228
545.345825
546.826050
546.543701
545.079712
543.888306
543.637085
543.628113
543.667664
543.252686
542.689697
541.581482
541.160095
541.458801
541.909790
540.434448
538.803345
538.325684
539.189270
539.096130
537.532898
535.847778
535.835510
536.256226
535.341431
533.302734
532.205139
532.381897
532.623413
532.095276
531.474548
530.828125
529.700562
528.274658
527.474792
527.641724
527.322510
526.212463
525.168701
525.477783
526.237671
525.148621
522.667358
521.571655
522.518127
523.506836
522.705933
521.348389
521.061646
521.579712
521.703308
521.204590
520.313965
519.599731
519.588135
520.390747
520.928650
520.705078
519.470825
518.646118
519.768677
522.004272
522.084045
519.908325
518.082092
518.796814
520.628845
521.811584
521.185669
520.554810
521.116333
521.960449
521.865784
521.452881
521.274414
521.670166
522.398254
523.664551
524.495911
524.052063
523.098450
523.740784
525.812439
526.737366
525.211487
523.868713
524.949951
527.786438
529.277161
528.202209
526.886597
527.234924
528.243713
528.774475
528.996399
529.769348
530.477356
531.015930
531.310852
531.918579
532.329895
531.854797
531.418701
532.570557
534.428101
534.928040
533.768555
533.368713
534.519958
536.096497
535.958557
534.778992
534.555908
535.497559
536.401672
536.979675
537.292053
537.104553
536.365784
535.845581
536.740479
538.363525
538.707336
537.064819
535.772522
536.721863
538.600220
538.871582
537.516418
536.453308
537.002258
537.711975
537.723511
537.097473
536.783936
536.523621
536.273071
536.557617
537.141846
536.394653
534.622131
534.041687
535.210754
535.890015
534.855530
533.252625
533.024780
533.853210
533.686462
532.131287
531.284424
531.802124
531.993042
531.042297
530.195007
530.256836
530.360474
529.771118
529.009949
528.834717
528.881653
528.147766
526.844910
526.344299
526.900330
527.001709
526.130249
525.377441
525.464600
525.617554
525.029480
524.106812
523.866577
523.862915
523.492615
523.307312
523.735229
523.716248
522.685974
521.476318
521.910034
523.668701
524.326111
522.498718
520.565918
520.878174
522.403381
522.754211
522.028992
521.235046
521.237244
521.279419
521.392883
521.870667
522.650452
522.680725
522.041199
522.098450
523.314941
523.849243
523.102478
522.652405
523.817444
525.063110
525.086243
524.380737
524.597839
525.689270
526.441589
526.325012
526.357605
527.212036
527.766724
527.608337
527.687622
528.813538
529.828125
529.790588
529.436157
529.991272
531.265869
531.999756
531.656067
531.890808
533.165527
534.343018
534.462280
534.173096
534.447021
535.028809
535.565552
536.340332
537.437683
537.934387
537.513977
537.088440
538.000488
538.901489
538.896118
538.235962
538.492004
540.206665
541.532776
541.201050
540.427063
540.549622
541.534241
542.135376
542.436646
542.716370
542.891174
543.132324
543.568848
545.028809
546.314514
546.232849
545.317383
545.538574
547.016296
548.182434
547.715210
547.391785
548.337830
549.990479
550.201599
549.738037
549.872009
550.746277
551.188171
551.022217
551.041016
551.464111
551.610657
551.417419
551.583130
552.397644
552.536560
551.390259
550.769226
551.647034
552.712036
551.904785
550.096863
549.365601
550.918762
552.093689
551.222900
549.036377
548.342346
548.792419
549.202454
548.645386
547.678467
546.949707
546.796875
546.944824
547.065369
546.007263
544.474182
543.757751
544.344055
544.819641
543.524353
541.110718
540.192261
541.616455
543.244263
542.052917
539.182312
537.462158
538.191101
539.378784
538.831848
536.602112
534.789978
534.427856
535.373047
535.484741
534.735718
532.628174
531.142517
531.157959
532.275208
531.747559
529.419739
527.844482
528.748047
529.714294
528.652344
525.844299
525.062012
526.457336
527.044678
525.433105
522.990479
522.411560
523.513184
524.254333
523.988098
523.081604
522.199524
521.549622
521.733215
522.900879
522.866577
521.385132
519.554810
519.421875
520.985596
521.688599
520.580566
519.264160
519.840759
520.741882
520.159546
519.098511
519.262817
520.399841
520.956360
520.394043
519.871826
520.383911
521.249390
521.231262
521.296021
521.888489
522.136719
521.405823
521.021118
521.691406
523.059692
523.285706
522.080200
521.655762
522.959778
523.949951
523.519409
522.910583
523.598877
524.858093
525.685303
525.192200
524.649536
525.218933
526.285828
526.948975
527.221680
527.238953
526.813477
527.303406
528.921875
530.560120
530.579468
529.288940
528.829956
530.411560
532.247681
532.275146
531.352783
531.806335
533.359131
534.834839
534.519409
533.660583
534.159912
535.466187
535.904968
535.623291
535.644531
535.802551
535.918518
536.740662
537.511169
537.471191
536.996948
536.940430
537.710022
538.381653
537.636169
536.491333
536.694153
538.032715
538.519287
537.222229
536.286621
536.973511
538.175110
537.989563
536.620239
536.020752
536.430908
536.702332
536.889587
536.718933
536.556458
535.708069
534.789490
534.822266
535.623047
535.641846
534.201172
533.069458
533.736572
534.374084
533.617004
532.442383
532.536316
533.266052
532.894226
531.814514
531.204041
531.480896
531.558350
530.768188
530.350586
530.617249
530.679321
529.417664
528.103394
528.420349
529.137634
528.572021
527.020203
526.106567
526.932739
527.377869
526.399231
524.404358
524.276855
525.393860
525.638794
524.409241
523.286560
522.815369
523.117798
523.350830
523.214050
521.969238
520.728821
520.508789
522.063538
523.265564
522.612305
520.471985
519.793030
521.175781
522.756531
522.427551
521.359924
521.262512
522.091309
522.481140
522.404602
522.353027
522.684143
522.664307
522.477295
522.755188
523.805908
524.377869
524.453979
524.720032
525.452759
525.818115
525.573914
525.629761
526.796875
528.033813
528.008911
527.514771
528.551208
530.015137
530.368042
529.565735
529.540771
531.323730
533.240662
533.193726
532.015320
531.772705
532.978333
534.035339
534.504639
534.782776
535.451538
536.127563
536.017395
535.986145
536.861084
538.039734
538.818115
539.128601
539.374329
539.610535
539.723572
540.119629
541.411316
542.486084
542.096985
541.276001
541.754822
543.122070
543.823853
543.536621
543.213867
544.129272
544.926636
544.479431
543.768738
544.571838
545.856628
546.220032
545.823914
546.046021
546.680603
547.329102
546.905457
547.051270
548.072632
549.154663
548.843201
548.705750
549.202759
550.070190
549.885925
549.488220
549.753235
550.725647
550.906921
550.825806
550.995972
551.616211
551.164978
550.415283
550.151672
551.114563
551.780640
550.871521
549.397461
549.583008
550.846741
551.427063
550.459351
549.480469
548.872253
548.759338
548.433105
548.288452
548.186584
547.903992
547.179260
546.586609
546.386047
545.726318
544.255554
543.461365
543.753113
544.397522
543.403198
541.511108
540.668030
540.960693
540.620239
539.417786
538.382568
538.137634
537.712341
537.002014
536.316528
536.347717
536.594666
535.570801
533.915955
533.147278
533.447083
533.053528
531.857910
531.201416
531.390991
531.072937
529.708801
528.013428
527.902710
528.289551
527.927734
526.297913
525.946533
526.581238
526.637512
525.148560
523.821289
523.560791
524.053223
524.030151
523.625732
523.119629
522.538696
521.587280
521.029358
521.349304
521.920593
521.342468
520.279358
520.348511
521.517944
521.960327
520.803101
519.658264
520.077820
521.080383
521.003479
520.226501
520.504211
521.310913
521.681641
520.985352
520.654480
521.094177
521.917725
521.874207
521.632446
521.395691
521.498718
521.948303
523.064270
523.456970
523.050842
521.826416
521.408997
522.735291
524.797180
524.933289
523.788940
523.376648
524.330017
525.347107
525.761475
525.284729
525.349854
526.129333
526.972656
527.335754
528.016357
528.523682
528.306885
528.017273
528.837463
529.907349
530.509827
530.775818
531.773743
532.654846
532.390808
531.525024
531.868896
533.268982
534.443604
534.071777
533.446411
534.033020
535.521851
536.263062
535.994995
535.836792
535.898804
535.688171
535.873474
536.749512
538.001831
537.910461
536.573181
535.920349
537.072571
538.336731
537.708130
536.010559
535.621704
537.324341
538.695312
538.195251
537.049072
536.507507
536.417053
536.559204
536.742126
536.524353
535.923950
535.242065
535.470215
536.994141
538.014343
536.427429
533.403320
532.372925
534.143799
535.570374
534.593994
532.412354
532.060364
533.160828
533.693848
532.507996
530.956665
530.341064
530.732422
530.999390
530.911743
530.399048
529.155090
528.433716
528.960144
529.683533
528.802856
527.154785
526.858765
527.930237
528.282410
526.910767
525.522217
526.227417
527.964050
527.703125
525.424805
523.668884
524.125366
525.402588
525.792114
524.669250
523.416382
522.811157
523.144653
523.572632
523.946167
523.076172
521.635498
521.307800
522.885986
523.938110
522.594788
520.064819
519.652893
521.819458
523.499695
522.742065
520.960449
520.930420
522.025879
522.430725
521.964417
522.055298
522.830627
522.814453
522.216553
522.678223
524.238037
525.050842
524.297852
523.690247
524.753784
526.169189
526.464661
525.996887
526.878296
528.668152
529.229248
528.164062
527.714172
528.744019
530.303772
531.088806
531.531677
531.700989
532.034607
533.061096
534.447205
535.358398
534.899048
534.298706
534.977539
537.021790
538.645569
537.752869
535.970886
536.265991
538.681030
540.796997
540.769958
539.917786
540.042786
541.343262
542.590149
542.881165
542.776672
542.954407
543.555786
544.459717
545.419189
545.920227
545.563782
545.230103
546.521912
548.322205
548.316528
546.959351
546.881287
548.817078
550.281921
549.808228
548.430542
548.746643
550.524231
551.430969
550.678894
549.965332
550.109253
550.624329
550.576599
551.087830
551.622742
551.861572
550.932983
550.205139
550.479919
551.228210
550.505615
549.573975
549.656860
550.920532
550.789307
549.669067
548.842041
549.866272
550.521118
549.887817
548.675110
548.439331
548.790771
549.090393
548.718628
548.364868
548.106506
547.704712
546.949402
547.406067
548.080322
547.400818
545.619019
544.883545
545.688171
546.534607
545.217957
542.994629
542.271179
543.661499
544.108887
542.778442
540.817139
540.347961
540.459045
540.501343
539.997131
539.362000
537.992737
536.950378
536.489136
536.664673
535.861816
534.007324
532.789795
533.351318
533.812866
532.304932
529.702576
528.646790
529.515991
530.623108
530.288940
528.736877
527.481750
526.619995
526.254822
526.552002
527.023010
526.360107
524.252441
522.530090
523.157837
524.871826
524.760925
522.259155
520.200073
520.869080
522.821350
523.451782
522.069458
520.025818
518.946228
519.334961
520.749268
522.043030
521.739014
519.526672
517.189270
517.422302
520.365417
522.607178
521.960693
519.604370
518.135742
518.744690
520.517090
521.792175
521.702942
520.833008
520.114441
520.376221
522.346558
523.843201
522.770691
520.548645
520.619080
523.183838
525.128906
524.586060
523.125122
523.204590
524.693787
525.679016
525.502136
525.421326
526.372620
527.301331
527.680054
528.068787
528.403503
528.140503
527.642090
528.354370
530.137512
531.249207
530.544189
529.625061
530.696899
533.030090
533.967957
532.530396
531.316956
532.153687
533.958679
534.538391
534.253906
534.194458
534.562622
534.966003
535.766479
536.208374
535.922363
534.909546
535.076782
536.727844
537.963013
537.166992
535.744324
536.124390
538.425110
539.455139
538.055176
536.135681
536.171570
537.587097
538.268555
538.174438
537.412598
536.750305
536.427185
536.823059
537.692383
537.784119
536.305237
534.546936
535.082764
537.757629
538.616272
536.323242
533.413879
533.078064
535.052917
536.448975
535.335205
533.206177
532.313843
532.484802
533.016174
533.844666
533.872192
532.029907
529.847717
529.479675
530.937256
532.294678
531.130066
528.276184
527.036194
528.561096
529.937744
529.165527
527.243408
525.937256
525.890503
526.733765
526.947571
526.029297
524.464294
523.899963
524.780640
525.971680
525.058350
522.542603
521.633728
523.698303
525.446716
524.386719
521.364929
520.029297
521.906677
524.246704
524.208374
522.499207
520.853149
520.408386
521.118713
522.599548
523.070496
522.257202
520.905029
520.573669
522.179810
523.892517
522.895691
520.798706
520.901428
523.443115
524.922852
523.703735
521.545410
521.814819
524.020569
525.498230
524.481995
523.383118
523.692627
525.145569
526.281067
526.757446
526.457275
525.402588
524.781006
525.787292
527.924255
529.027466
527.988892
526.752869
527.696045
530.100769
531.252197
530.019165
529.113342
529.985901
532.094727
533.133606
532.956787
532.644836
533.080566
534.196655
535.488037
536.234436
535.633118
534.712036
535.495972
538.069519
539.764771
539.049072
537.523682
538.077454
541.102417
543.465515
543.042725
541.170532
540.698669
542.056091
544.018860
545.178650
545.292725
544.750244
544.603516
545.201050
547.053406
548.281372
548.168396
547.252869
547.832275
549.559631
550.711792
549.723999
548.633606
549.469482
551.470276
551.898254
550.928467
550.374390
551.387268
552.598877
552.796448
552.131592
551.826538
551.819702
551.560303
551.890320
552.631409
552.465698
551.080139
550.377869
551.530945
552.869995
552.192017
550.074524
549.179871
551.043152
552.036377
550.576843
548.303772
548.256592
549.418091
549.817017
548.584473
547.094666
546.336243
546.776123
547.006897
546.701233
545.361938
543.968933
543.451111
543.934082
544.333862
543.129883
540.788086
539.919739
540.989136
542.375732
541.690369
539.773071
538.317200
538.484741
539.018738
538.456421
537.216431
536.584351
536.001587
535.634521
535.144348
534.840881
533.943237
532.935852
532.154968
532.536011
532.735779
531.902527
530.679443
530.923828
531.334961
530.621277
529.338928
528.822510
529.231750
529.173889
527.687439
526.481750
526.979614
527.917603
527.504944
526.457642
526.041260
526.085388
525.801819
524.704834
523.756348
523.682312
523.648315
523.208801
522.815979
522.765259
522.381409
521.851990
521.854492
521.996277
521.581421
520.485901
520.043945
521.241394
522.096741
521.283081
519.767273
519.776794
521.410461
522.100769
520.521729
518.301636
518.504395
520.876709
522.479614
522.478638
521.638489
521.264526
521.733032
522.517456
523.168579
523.327881
523.030273
522.948059
523.938660
525.367676
525.558044
524.963867
525.091309
526.709595
527.927856
527.058105
525.863953
526.898071
529.250671
530.083801
528.974976
528.226746
529.181274
531.060303
531.758301
531.066162
530.533447
530.782837
531.466003
532.702454
534.195984
534.746399
533.643188
532.816406
533.990479
535.904053
536.332458
534.888794
534.230591
535.562378
537.105042
537.027466
536.034485
536.206238
537.096680
537.203064
537.002625
537.160461
537.705139
537.581116
537.555908
537.946655
538.172607
537.724182
536.436218
536.346069
538.075195
539.176636
537.937195
536.155396
535.967468
537.145081
537.598267
536.965515
535.747925
535.657776
535.825745
535.676331
535.680786
535.947388
535.150818
533.857239
533.498779
534.859619
535.544861
533.993286
531.929932
532.081970
533.749023
533.813110
531.877075
530.383850
530.830444
531.895142
531.624023
530.398193
529.775452
529.856445
529.579163
529.260254
529.424011
529.464355
528.578369
527.623474
527.330505
527.686523
527.018250
525.659546
525.197632
526.277588
526.587646
525.163269
523.573975
523.544922
524.132690
524.109863
522.907410
522.259583
522.244751
522.281860
522.261597
522.512451
522.522705
521.687500
520.486389
520.504333
521.855286
523.111633
522.330444
520.968079
520.967285
521.931885
522.328613
522.140015
521.786621
521.917053
522.281616
522.823364
523.252869
524.218384
524.670654
524.035278
523.833862
525.087402
526.151855
525.874512
525.218079
525.792664
526.864807
527.814270
528.019836
528.574097
529.307434
529.834778
529.871216
530.436768
531.701538
532.274719
531.235046
530.750732
531.985535
533.978699
534.593872
534.390991
534.572998
535.651367
536.285400
536.072388
536.332153
537.831726
538.952698
538.849792
538.520996
539.139526
540.418457
540.927124
541.049011
541.630188
542.674316
543.230469
543.397400
543.961609
544.611938
544.720886
544.758057
545.267090
546.628113
547.103943
546.292297
545.738708
546.667725
548.237305
548.870300
548.395142
548.136963
548.494812
549.198242
549.027893
549.348083
550.154907
550.483093
549.577393
549.189148
549.814453
550.961670
550.571899
549.515625
549.013733
549.965027
550.015320
549.550537
549.158325
549.737915
549.799927
549.553589
549.275146
549.792419
549.893616
549.039551
548.528320
549.538025
550.510864
550.245544
549.132141
548.652954
549.126709
549.216431
548.524963
548.290405
548.938171
548.937561
547.805908
546.919067
547.193604
547.611450
546.765137
544.956177
544.482788
545.359253
545.413391
544.523743
543.244507
542.591858
541.899414
541.385254
540.937988
540.839417
540.287231
538.544434
536.992004
537.116577
537.774780
537.265686
535.379395
534.066895
533.991028
534.304749
533.813965
532.732605
531.754456
530.842285
530.140503
529.935547
530.226746
529.680542
528.112732
526.778564
526.901062
527.336121
526.620178
524.928345
524.450745
525.002930
525.141724
524.192932
523.308228
523.159546
522.903198
521.883667
520.999695
521.158264
521.972290
521.898376
521.379150
521.128784
521.291748
521.103027
520.294922
520.093872
520.620056
520.786194
520.000061
519.617798
520.507080
521.214844
520.700317
519.679993
519.915161
520.847107
520.994141
520.470520
520.353271
520.953430
521.437256
521.385376
521.625061
522.514221
523.023376
522.146790
521.647827
522.515442
523.727356
523.967773
523.611389
523.868103
524.838806
525.229980
524.782227
524.714172
525.953369
526.889465
526.547607
526.154541
526.995544
528.037659
528.017029
527.566101
528.176697
529.208374
529.804260
529.583801
529.832031
530.500366
531.056519
531.290161
532.117920
533.180786
533.584351
532.763123
532.543335
533.912842
535.468628
535.462524
534.551575
534.484680
535.139038
535.530518
535.784180
535.973328
536.614380
536.954773
536.493042
536.348572
537.236084
538.174316
537.437073
536.717957
537.153137
537.822510
537.442749
536.825256
536.953491
537.310669
537.161743
536.696655
536.473877
536.977539
537.098328
535.853760
534.788025
535.291870
536.476929
535.965210
534.732239
533.995361
534.365356
534.876465
534.728333
533.834045
533.456238
533.141235
532.766113
532.193604
532.438416
532.043396
531.059387
530.212158
530.429871
530.886414
530.128601
528.613342
528.310364
529.202515
529.386658
528.264038
527.291992
527.134888
527.082520
526.380554
525.868652
526.296692
526.895996
526.123047
524.622620
524.121826
524.923950
525.106628
524.288025
523.583435
523.658936
523.332031
522.656921
522.043396
522.577332
523.263062
523.034302
521.873596
521.740356
522.283020
522.191589
521.871460
522.115356
522.460266
522.254089
521.676514
521.716919
522.553833
522.966980
522.144226
521.374390
522.098511
523.288513
523.374084
522.713013
522.644287
523.416809
523.469543
523.055969
523.142090
524.173889
524.897461
524.510620
524.045410
525.081970
526.312195
526.616272
525.870117
526.183777
527.054016
527.847046
528.182373
528.799744
529.484985
529.887756
529.861084
530.656067
531.697510
532.327759
532.385925
532.918091
534.339050
535.203003
534.732361
534.049561
534.912964
536.990540
537.904602
537.701538
537.716919
538.866577
540.126831
540.378601
540.550781
541.191162
542.300598
542.544556
542.549805
543.266113
544.281433
544.857361
544.845520
545.546875
546.580872
546.707092
546.408508
546.830994
548.233887
548.849304
548.600159
548.414795
549.219055
550.178162
549.933289
549.193237
549.863708
551.180603
551.404602
550.663696
550.515442
551.043335
551.617676
551.488098
551.574097
552.350342
552.997314
552.047485
551.094360
551.344299
552.363159
552.230896
551.274841
550.845337
551.371460
551.262329
550.835083
550.499817
550.711609
550.183899
549.455444
548.992065
549.211426
549.566589
548.589111
547.319824
547.575439
548.481934
548.137634
546.678406
545.753540
545.840820
546.011658
545.533691
544.404480
543.956970
543.648621
542.893127
541.712097
541.405518
541.243774
540.652405
540.041199
540.127441
539.990540
538.431519
537.116943
537.380920
538.329590
537.713440
535.875427
534.699097
535.203186
535.933960
535.141907
533.618591
533.357971
533.938782
533.725708
532.630798
532.166321
532.045288
531.722961
530.981262
530.135132
529.774109
529.505493
528.921204
528.118469
528.054443
528.125000
527.317261
526.315857
526.030884
526.274475
525.724976
524.382019
523.863220
524.215515
524.285950
523.404053
522.496704
522.595886
522.617432
521.607239
520.494385
520.760742
521.924927
522.032166
520.961914
520.214600
520.487854
520.972839
520.827942
520.686218
521.149658
521.240540
520.498474
519.610474
519.954163
521.246643
521.907593
521.841370
521.863708
521.906677
521.465454
521.291992
522.301697
523.725342
524.200806
523.774536
523.934143
524.875244
525.597046
525.151733
524.802002
525.818542
527.309021
527.384460
526.506226
526.664246
528.017395
528.998718
528.880920
528.355469
528.915405
530.282715
531.182922
531.187988
531.455261
531.897339
532.194641
532.420166
533.132080
533.738281
533.662415
533.313171
533.969055
535.408447
536.068176
535.132202
534.709229
535.519897
536.827148
536.824768
536.063660
536.069885
536.989380
537.178040
536.756592
536.786072
537.681824
537.808899
537.172974
536.772949
537.354065
538.161133
537.807800
536.949768
537.148926
537.775085
537.516174
536.649963
536.536438
537.002258
536.793823
536.066406
535.614014
535.988159
536.116272
535.729858
535.336853
535.473389
535.039734
533.688416
532.792236
533.778931
535.255981
534.965393
533.382629
532.328247
532.589417
532.687134
531.783264
531.013550
531.389404
531.845703
530.967896
529.668945
529.786743
530.422607
530.364807
529.171875
528.593018
528.517517
527.908020
526.979126
526.760681
527.100647
526.748474
525.919617
525.389648
525.618286
525.616211
524.461548
523.546631
524.311584
525.353271
524.685059
523.095276
522.512207
523.028442
523.057495
522.206177
521.216064
521.471680
522.206360
522.220642
521.492126
521.346863
521.617920
521.528809
521.006592
521.520935
522.035095
521.825317
521.104492
521.505371
522.691528
523.125366
522.630676
522.317932
523.084229
523.947449
524.022766
523.994629
524.672241
525.793274
525.919617
525.102844
525.352783
526.820679
527.836548
527.713013
527.683960
528.458374
529.480530
530.064758
530.276733
530.789734
531.508850
531.876831
532.014099
533.143005
534.390137
534.699463
534.336548
534.782104
536.219971
537.064392
536.868652
537.001892
537.985535
539.014709
539.141541
539.070129
540.189514
541.894226
542.275696
541.639893
541.851379
542.770142
542.974365
542.714966
543.181580
544.601562
545.987305
545.880798
544.805420
545.546143
547.029968
547.576843
547.301392
547.773376
548.740906
549.296387
549.335571
549.293640
549.597046
550.138733
550.019287
550.349915
551.098572
551.169800
550.578613
550.621704
551.704468
552.610596
551.890320
550.299438
550.081604
551.659058
552.820862
552.022827
551.148804
551.569763
552.389343
552.106873
551.117249
550.501099
550.669617
550.832520
550.532776
550.225464
550.555359
550.033569
548.877502
548.257629
548.829895
548.492371
547.605591
546.944763
547.104370
546.687988
546.099731
545.396545
545.368347
545.354370
544.157959
542.481567
542.385315
543.398682
543.593384
542.397034
541.188965
540.573364
540.377747
540.073059
539.186829
538.614868
538.059448
536.894287
536.042542
536.507751
536.910645
535.885254
534.032654
533.096008
533.648071
533.942566
533.121704
531.708191
531.437988
531.589966
531.330627
530.704102
530.452271
530.244324
529.446716
528.267212
528.138123
528.641113
528.907410
528.166809
527.352844
527.175476
526.997742
526.244873
525.558228
525.752319
525.909668
524.886536
523.762146
523.606689
524.357544
524.252014
522.620361
521.380737
521.828979
522.541016
522.490662
521.895203
521.647949
520.965820
520.278320
520.357544
521.145020
521.814453
520.787720
519.049133
518.995361
520.774353
522.178406
521.558411
520.300354
520.186768
520.887756
521.794067
521.789978
521.765686
522.188904
522.662048
522.807373
523.060486
523.388062
523.358154
523.501465
524.622620
525.825378
526.227051
525.853210
525.888062
527.243347
528.244751
527.820740
527.466309
528.330444
529.671692
529.998535
529.348022
529.373413
530.441956
531.731506
531.817505
531.501282
531.815674
532.180969
532.539673
532.890381
533.625000
534.467651
534.275452
534.130554
534.940735
536.031616
536.013428
535.008667
534.967834
536.408203
537.511475
537.206909
536.330688
536.544617
537.358276
537.532166
537.274109
537.471313
537.776855
537.331299
536.747192
537.614746
538.893005
538.711487
536.920837
535.987427
537.006653
538.329895
537.574463
536.127014
535.752563
536.679321
536.826538
536.158081
535.310242
535.293884
535.102539
534.658691
534.475952
535.278809
534.865356
533.530090
532.591003
532.953735
533.064880
532.563843
531.988037
531.846741
531.545105
530.609924
529.608582
530.498230
532.050476
531.769714
529.315857
527.478699
528.030273
529.134277
528.946594
527.530518
526.500366
526.545227
526.845947
526.837097
526.390381
525.988586
525.230408
524.492737
524.592712
525.194702
524.910278
523.965332
523.540527
523.736450
523.243835
522.550964
522.247375
523.041626
523.557312
522.875549
521.739624
521.833008
523.227295
523.733337
522.317383
521.265076
521.498535
