504.726746
507.356079
505.914001
498.207825
505.097229
516.856750
531.723389
542.272461
534.880066
531.168945
531.830505
532.603088
535.224121
530.847412
535.670898
534.477905
537.889709
530.294373
527.582642
534.364685
534.059998
537.490479
535.604370
531.666748
536.987732
533.020935
533.505493
528.232544
533.162231
536.740295
533.740479
536.737915
533.524292
532.337097
533.951599
529.443176
534.930237
536.829224
533.428223
535.328186
531.376953
532.824524
535.138184
531.185181
536.329346
536.236267
536.468140
527.072449
528.246155
540.752686
544.521484
546.350403
537.250793
529.121826
534.603882
533.106384
533.302612
529.046997
534.977356
537.837341
534.325500
535.906433
531.342896
531.310974
533.874817
530.568298
536.426697
537.171692
533.474365
533.936340
529.469482
533.093994
536.602844
532.680420
536.123535
534.239441
535.206482
527.520935
529.911987
540.527771
543.251526
545.534058
536.605652
529.251892
534.436646
532.655029
533.732910
529.716614
535.526794
537.071045
533.459900
534.821594
530.769226
532.564453
534.905457
530.641113
535.933167
536.626465
534.214783
534.536194
528.934082
533.141479
537.179321
533.540466
535.971008
532.726501
534.276123
527.902283
530.956421
539.253357
540.859497
544.325317
536.032837
529.546875
533.969604
531.507324
533.712097
530.663452
536.956238
537.455322
533.725586
534.120605
529.395325
532.833618
536.212280
532.122314
535.768311
534.374146
532.871460
534.223633
528.938660
533.576050
537.190308
534.117004
536.220520
531.653503
530.811890
530.106873
536.424255
537.844421
529.033630
527.581299
523.372681
526.830444
536.962769
534.001831
533.106445
531.484131
535.731628
535.546875
534.020020
534.992798
528.940918
532.291504
536.176331
533.582275
536.845215
533.346985
531.457947
533.553528
529.581909
535.240295
537.397339
533.732666
535.219666
530.944946
532.263977
531.625183
536.734741
536.281128
528.757812
529.798462
525.374207
527.275146
534.748169
532.588562
534.908325
533.641296
536.270752
533.747375
532.551514
534.657837
529.281128
533.254395
536.355225
533.815674
536.639282
532.474121
531.763367
533.957825
529.996948
535.653870
537.040771
533.904846
534.732605
529.565735
532.224548
532.589478
538.176880
535.500610
527.300659
529.040588
526.061279
529.369690
535.201355
532.140625
534.941223
533.405151
536.470764
533.295288
532.340759
534.011780
529.204468
534.565491
537.300537
534.499207
535.643311
530.498230
531.963684
535.352478
531.330994
535.890137
536.239929
533.773560
534.235718
528.517517
532.507263
536.826538
537.411499
530.178040
528.280396
542.656738
546.666260
544.769226
537.145325
527.162415
533.688171
537.077393
536.311096
531.985474
532.377808
535.048279
530.489990
535.326477
536.451843
533.650330
534.723022
529.492371
532.330017
536.041382
532.258423
535.940918
534.955444
533.715210
534.824158
528.718384
532.665649
536.438293
537.859741
530.344788
528.675842
542.271362
545.566956
544.216431
536.678772
528.161926
535.586914
537.259094
535.116516
529.621826
531.780518
535.837769
531.697815
535.551941
535.275513
533.337708
534.568665
529.251404
533.102783
536.781494
533.261597
535.946045
533.214478
532.323975
534.151245
529.216980
534.625732
537.938782
534.348328
532.075317
533.884277
539.116882
528.044861
519.750183
518.111938
524.551147
541.554565
540.008789
531.278564
529.420349
532.127014
535.978882
532.413330
535.828552
534.178711
532.853943
534.470947
529.186035
533.663574
537.145813
533.533691
535.476685
532.133057
532.618896
535.108521
529.725159
534.396240
536.787720
534.146484
531.757141
533.524353
538.049316
527.556763
520.770996
518.980896
525.185913
541.557251
539.137024
530.658447
528.406372
532.770142
537.389771
534.035034
536.204773
533.467712
532.710693
534.233704
528.807678
534.350891
538.088562
535.174194
535.425049
529.932983
531.460205
535.487488
531.205688
535.443726
535.989258
533.670471
534.603638
531.098877
532.481628
530.676758
538.794434
542.584290
541.012268
542.969360
532.721985
528.255981
532.047668
533.280884
537.492371
534.401733
535.676941
531.588867
532.218262
535.072754
530.164368
535.137695
537.295959
534.256836
534.615845
529.107117
532.235962
536.394409
532.098267
535.752991
535.548462
533.963623
534.417358
530.553833
531.259216
530.670166
541.028198
544.242493
541.828979
542.423157
531.756592
528.225769
531.935547
534.120178
537.977295
534.766846
534.919861
530.167908
532.811584
536.515991
531.126465
534.600281
535.633606
534.008301
534.707458
528.843872
532.552673
536.869446
533.233643
536.194763
534.256531
532.874573
533.946167
531.269592
531.342468
531.318115
542.490784
544.776184
541.467773
540.569702
530.269409
529.061890
533.153992
535.024048
537.162842
533.668274
533.689514
529.024414
532.995056
536.715210
531.528748
534.844055
535.255249
534.331848
534.291138
527.428223
532.318237
537.655273
534.981445
536.281677
532.119385
531.573303
534.135315
529.898926
534.342346
536.368469
541.074280
530.248901
520.537842
525.301086
528.115662
535.178162
535.630249
531.491089
536.622986
534.564209
534.074707
527.812378
532.537415
537.631348
533.507324
535.308960
533.392639
533.162048
534.573853
528.800903
533.873840
537.492981
534.041321
535.538147
531.669067
532.089355
534.314209
529.568848
535.547852
536.528748
540.676636
530.999634
524.927429
531.671021
533.758362
538.431396
535.670776
530.849915
536.798767
533.633484
533.995483
528.087402
533.247314
537.897705
534.020508
535.517395
532.381226
532.254822
534.314331
529.454285
535.319275
538.223267
534.446777
534.566528
530.083679
532.588867
535.474854
530.068420
535.033325
535.317505
539.757141
530.085510
525.082031
531.637634
534.707214
540.151978
535.676453
530.167603
536.130554
533.157166
534.193787
528.395935
533.980469
537.726135
533.807922
534.699707
531.112915
532.486328
534.609314
529.458862
535.388855
537.984131
534.936951
534.149841
528.406982
532.439880
532.693848
537.522461
540.925659
524.317200
521.535828
519.443420
523.582275
538.656189
543.398132
531.462646
526.650940
529.994080
527.692688
531.152466
534.140869
531.552368
537.082886
534.366516
535.467712
530.479187
532.329651
535.408569
530.064453
534.003601
534.878540
533.966003
535.395752
528.478149
530.692078
534.882385
533.249146
537.810852
534.443542
531.218933
532.085388
527.642822
533.588440
535.932312
541.323669
532.054016
522.430786
526.366150
527.420898
534.081848
535.427673
530.470276
535.354736
534.153076
535.729553
529.115601
531.043030
535.194885
532.220825
536.415283
534.532410
532.046631
533.443359
528.840881
534.002930
537.030945
532.797363
535.029480
532.145142
532.665710
534.570190
528.119080
532.664307
533.933716
540.643982
533.419983
526.066467
529.422729
528.964844
535.155762
536.223755
532.612671
537.397583
532.817200
533.331238
528.250305
533.039978
536.989746
532.520630
535.012085
532.941467
532.949341
534.502625
527.741760
532.128418
536.310913
534.927612
537.009583
530.945923
530.298950
533.724365
530.738831
536.590942
534.936768
537.843140
529.385864
526.045471
533.428223
534.883606
539.328613
535.196472
529.158447
535.435059
533.494751
534.940857
527.888428
531.417725
535.707825
534.191040
537.167236
532.309937
530.958130
533.452393
529.543274
535.558960
537.321655
533.379211
533.935059
529.322388
532.449951
536.159668
531.034668
534.640625
533.335022
538.346497
530.786804
526.950134
531.491699
532.718811
539.579956
536.890564
531.175354
535.151062
531.347046
533.601807
529.223877
534.627869
536.747986
533.006531
534.648071
531.061890
532.660461
534.973145
529.111938
533.699585
535.828918
534.626221
535.533752
528.535767
530.697449
535.126953
532.541504
536.648621
534.529297
535.672485
527.477661
528.992798
538.961731
542.350586
546.041382
536.380127
527.561035
532.948120
532.567017
534.538818
529.484741
534.278259
536.284180
534.082458
535.200195
529.437805
530.942139
534.718689
531.410522
536.396118
535.928162
533.207336
533.805786
527.957336
532.592224
536.647583
532.861816
535.650879
533.126587
535.554138
528.629150
529.953491
536.849609
539.128723
544.786621
536.537659
529.112488
533.279297
531.592163
534.362610
530.535034
535.889343
536.240723
533.013306
533.697266
528.460815
532.589355
536.530029
532.011658
534.938599
533.413513
533.150696
534.649719
528.064209
532.323608
536.416382
534.108093
536.222107
531.420593
531.023071
530.245667
536.078735
536.392334
527.819885
527.672424
523.647461
526.683167
536.520752
533.720093
533.103333
530.899414
535.315247
535.468628
534.004822
534.334351
527.308411
531.539734
536.596375
534.133911
536.449097
532.272156
531.322266
533.907532
529.577942
535.023682
536.848938
533.277222
534.738647
530.619629
532.484009
531.653137
536.116577
534.512512
527.030579
529.571960
526.095642
528.064697
534.831665
532.125610
534.487183
533.324463
536.282898
533.122070
531.597900
534.002075
529.170410
533.933716
536.297424
532.460815
535.007019
532.079712
532.576172
534.127380
528.355835
534.151123
537.641357
535.580139
534.944763
527.878845
530.751892
532.563965
539.001221
535.310303
525.797058
527.779114
525.324036
529.254333
535.534180
532.598938
535.059814
532.660156
535.686035
532.817871
532.324524
533.723450
528.270752
534.245056
537.502686
534.429932
534.632080
529.120056
531.592773
535.622070
530.687622
534.658447
535.320923
533.986145
535.071899
528.700684
531.629028
535.577820
537.002686
530.591309
529.265198
543.591492
546.044067
542.881348
535.596191
527.105957
534.602417
537.277100
535.197388
530.572937
532.031433
535.277344
530.051758
534.297363
535.851562
534.020203
535.164429
529.012146
531.410400
535.690430
532.274902
536.340027
534.784424
532.665710
533.857666
528.409790
533.394775
537.047729
537.228027
528.417419
527.211365
543.510986
548.212097
545.738403
535.528503
525.508240
534.058167
537.527710
536.094360
529.658081
530.763733
534.845764
531.059814
535.460144
535.033325
532.609558
533.926575
528.925293
533.212463
536.587830
532.049438
535.141541
533.507690
533.305359
534.388000
527.778381
532.858398
537.002625
534.320618
531.841003
532.800476
538.111267
527.214722
519.461914
518.177917
524.453186
541.265259
539.336975
530.699524
529.158508
531.984741
535.573792
531.663513
535.830383
534.873474
532.947388
533.451294
527.515442
533.012146
537.324707
533.334229
534.608704
531.379761
532.686768
535.266785
528.816772
533.192932
535.981567
534.245239
532.025269
533.351013
537.527588
526.335022
519.846252
518.545837
524.929321
541.302673
538.091187
529.743652
528.550171
533.188416
536.791504
532.080017
535.009644
533.238647
533.058289
534.125732
527.421997
532.839539
537.243103
534.635254
535.385010
529.856018
531.317139
535.143738
530.731812
535.080139
535.727844
533.429932
534.513123
530.690002
532.015137
529.552673
537.849670
542.401001
541.665588
543.679321
532.265076
526.896362
530.914368
533.135376
537.981201
534.146240
534.622253
530.500732
532.107056
535.510193
529.598694
533.588440
535.832397
534.036011
535.537964
529.816467
531.633667
535.330566
531.311768
535.681641
535.195190
532.921021
533.414368
530.301514
531.874512
531.174133
540.602661
542.971436
540.109131
541.336670
531.459473
528.441467
531.709656
532.966248
537.064819
534.853333
535.741821
530.020691
531.077454
534.891357
530.822388
535.551697
536.236694
533.670959
534.313171
528.688477
532.574707
536.407776
532.221375
535.256531
533.654236
532.681702
533.944702
528.220886
533.183960
535.546631
541.234497
532.727051
523.322083
527.379761
527.822937
533.122864
534.957092
531.522949
536.886169
533.940918
534.231873
529.046631
532.400391
536.254883
531.006470
534.348145
534.560364
533.856384
534.650024
527.501953
531.640076
536.638428
533.956055
536.376221
532.504578
531.731995
533.994141
528.920410
533.212463
535.484863
540.930786
530.275085
519.903687
524.245056
527.124023
535.519287
536.339539
531.027893
535.675537
533.985168
534.270569
528.122375
532.395325
537.012939
532.734558
535.112976
532.939392
532.478271
534.227173
528.346375
533.739502
537.913269
534.481018
535.267700
530.551880
531.399170
534.607849
529.753784
534.764709
534.793701
539.752869
531.117798
525.605469
531.655945
532.864990
537.575378
534.722900
529.893860
536.430054
533.523926
534.000610
527.600830
532.722656
537.250122
533.444092
534.969788
531.843933
532.654541
534.985413
528.916138
533.674927
536.976196
534.484497
535.089783
529.486511
531.270569
535.244995
530.819641
535.360413
534.257935
538.404480
529.813049
525.734924
532.226318
534.376099
539.749878
535.410767
529.692261
535.644714
532.633606
533.694702
527.836975
533.769714
537.600830
533.563843
534.214294
530.349243
532.256714
535.405457
529.738037
534.444763
536.584839
534.181519
534.249939
528.211853
531.483948
535.849854
531.776794
535.736084
533.679993
537.469482
529.314941
526.959839
533.645813
536.338501
541.955872
535.588623
528.762451
534.305664
532.232544
534.318726
528.664246
534.459351
537.624695
534.217102
534.207397
529.114136
532.000793
536.039795
531.217651
535.190430
535.537903
533.442200
533.930786
528.055298
532.416382
536.695496
532.542053
535.429993
533.539124
535.668213
527.689819
528.664246
538.183899
542.819946
547.524719
536.646484
527.147095
532.407043
532.526489
535.113647
529.869019
534.652466
536.438965
533.770752
533.900085
528.195557
532.036377
536.204102
531.897339
535.304688
534.252869
532.939392
533.558105
527.632812
533.309998
537.898743
533.754944
534.785583
531.400757
534.757324
529.186279
531.407532
537.508423
539.999573
545.233215
535.359070
527.351074
532.167480
532.120605
535.395447
530.544495
535.213501
535.906250
533.896606
533.904907
527.693054
532.610229
537.393921
533.363708
535.523621
533.134644
532.700806
533.979614
528.110352
533.798950
537.633118
534.066650
534.466064
529.801514
531.596008
531.638123
536.393127
535.599304
528.522461
529.985718
524.849731
525.792480
534.472961
533.389893
534.809570
532.511475
535.430908
534.201355
532.800232
533.690796
527.867249
533.194763
537.255859
533.123657
534.666565
531.682434
532.700562
534.815552
528.782166
534.343689
537.431885
534.393921
534.090881
528.686768
531.791931
532.708618
537.785278
534.890625
527.347656
530.264221
525.957764
527.374023
533.990845
532.726074
535.817200
533.339966
535.700134
533.001709
532.167847
533.506531
528.015686
534.460632
538.358582
534.620850
534.542419
529.768799
531.877930
535.208862
530.142700
535.003540
536.187500
533.639709
533.822327
527.958923
532.072144
536.565552
536.350769
529.436462
528.467102
543.690308
546.257446
542.832886
536.351379
528.020447
534.708801
536.470093
534.462463
531.007385
532.232117
534.581726
528.847168
534.475403
537.553467
534.730347
534.394287
528.373108
531.525940
535.786377
531.393066
535.424133
535.321411
533.551331
533.792175
527.829712
533.036987
537.220276
537.000610
528.242188
527.520508
543.439697
546.511230
543.155212
535.058289
527.596924
535.956848
537.154541
534.267883
528.900146
531.265991
535.094482
530.641357
535.708313
536.236389
533.105652
533.428894
528.180847
532.606689
536.100281
531.517822
535.354431
534.824585
533.552002
533.303162
526.838013
533.381714
538.117676
538.445496
527.876465
526.408447
542.544800
547.305359
545.074646
535.301941
526.929443
535.674683
536.712708
534.210388
528.390198
531.586304
535.454102
531.091675
535.676636
535.594055
533.295166
532.964600
527.053955
533.172485
537.821716
533.168213
534.605835
531.937256
532.519287
534.129578
527.994080
533.663330
537.224670
534.303528
531.032898
532.755676
538.198853
526.757812
518.570190
517.539673
525.390686
542.345459
538.197266
528.409790
527.782593
533.183411
537.087463
532.004333
535.085205
534.222412
533.396118
533.598999
527.011230
533.246399
537.928833
534.139709
534.768188
530.526306
532.041992
534.894470
529.600708
535.029663
537.179749
534.148560
530.245728
532.464233
537.867065
527.411011
520.308167
517.727356
524.937683
542.127014
538.217041
528.759338
526.993103
533.298645
537.899841
533.347839
534.821716
532.092102
532.800659
534.419312
527.962891
533.482483
537.105286
534.255432
534.827087
529.686096
531.637268
534.769348
530.404175
536.014221
536.895081
533.669800
529.089844
531.658203
537.289368
528.830994
523.385315
519.287598
524.668274
540.429871
536.949402
529.565369
527.559021
533.959900
538.095520
533.861206
534.283630
530.269653
531.982605
534.695801
529.401978
534.971863
537.051941
534.106995
533.800537
528.075256
532.274109
536.653625
532.005188
535.711304
534.743591
532.788635
533.398560
530.523254
531.381348
530.899597
541.347961
544.229980
542.157043
542.461853
530.029297
526.448059
531.213867
534.788513
538.492920
534.423584
533.967468
529.315735
532.375000
535.396118
529.984802
534.843262
536.375732
534.238586
533.284119
527.138000
532.942566
538.002686
533.503235
535.536072
532.975830
532.060120
533.591064
528.173401
533.207947
536.053467
541.153931
531.182739
522.387451
527.613892
528.029175
532.798889
534.014648
531.452698
537.792847
534.906616
533.701233
527.480530
532.002380
536.807556
532.360718
535.678467
534.405823
532.842773
533.591431
527.680969
532.870300
536.527344
533.238647
536.696411
533.841919
532.364563
532.080811
526.941772
533.446716
538.078369
542.665710
528.503723
517.191895
523.126465
527.906189
536.653015
536.599243
530.971802
535.357239
533.610901
533.684998
527.524170
532.365601
536.791626
532.928223
536.112976
534.123535
532.818604
532.885193
526.728760
533.089844
537.559875
534.617554
535.741577
531.217285
531.942078
533.985596
528.922180
533.118591
537.153076
542.241699
527.832397
515.761963
519.796692
525.672363
537.718262
538.549561
532.348267
534.903992
532.311890
532.056702
527.021912
533.912170
538.121338
533.719421
535.630249
533.222900
533.361938
533.415222
526.932678
533.511963
537.592834
534.435181
534.119690
528.733093
531.760132
536.024231
531.373413
535.696716
534.305176
537.521667
528.459656
526.068604
534.083313
536.238953
540.441223
535.576782
530.939819
537.009033
532.521057
532.283752
527.290222
534.689087
538.373596
533.624695
534.178894
531.244507
533.599854
535.362122
528.901733
534.059509
536.209412
533.673706
533.933167
528.324707
532.149109
536.064392
532.152100
536.723694
534.553894
536.626465
526.954163
526.258911
535.310364
538.897888
543.048401
534.626282
528.288391
534.970337
533.101685
534.545532
528.494690
534.321533
537.087280
533.892212
534.314758
529.535217
532.631775
535.974121
531.172729
535.837097
535.598267
532.709473
533.136230
528.388428
533.598816
536.433838
531.571167
535.320618
534.642700
537.029785
527.643677
528.038208
537.466919
542.597534
547.055115
535.480713
526.843506
532.812012
532.832764
535.463867
530.517700
535.746216
536.513794
533.165649
533.530029
528.672424
532.905212
535.971619
531.171204
535.330505
534.703674
533.393188
533.710022
528.105042
533.840393
536.866272
532.438843
534.809753
532.373535
535.458923
528.758667
531.041565
537.864685
540.336548
544.071960
533.387024
527.190552
533.048584
532.279602
534.878906
530.044983
535.828369
536.726685
533.988831
533.550110
527.850464
533.004089
536.372253
532.266724
535.653503
533.459412
532.709106
533.771729
528.612366
535.039062
537.420227
532.940491
533.926331
530.572083
534.717773
529.936890
532.981079
537.187500
538.010864
542.691040
533.363708
528.225769
532.715088
531.713318
535.377319
531.070679
535.918640
535.340515
533.599487
533.776855
528.103333
533.764343
536.838013
532.711670
534.822021
531.942993
532.634094
534.013672
528.916748
535.445007
537.701477
533.791931
533.786804
528.825745
532.292969
532.988831
538.327515
535.601746
527.766785
529.070251
524.515503
528.138611
536.000916
533.319031
534.556458
531.692505
535.672485
533.993896
533.129211
533.753235
528.504700
534.629761
537.016479
533.092346
534.695129
531.117493
532.765869
534.438110
529.351196
535.586609
537.327637
534.345947
533.548218
527.508118
532.031860
533.425415
538.969421
534.915649
527.406128
529.870361
525.833984
529.194824
535.246399
533.384033
536.365845
532.303040
534.474976
531.796021
532.725525
534.719604
529.759094
535.396484
536.546143
533.045898
534.342285
530.162781
533.017090
535.060303
530.489746
536.345581
536.563965
533.542175
532.867981
527.344177
533.218994
536.955505
536.981873
529.185120
528.963501
543.625732
545.359619
542.863159
536.240845
528.634216
535.722534
536.364502
534.681274
530.038330
531.829285
534.920715
530.959900
536.495361
536.368286
532.695801
533.318237
529.018555
533.969543
536.894714
531.932068
535.272400
533.666992
532.864990
534.450256
529.134827
534.088684
536.472717
537.127075
529.057495
529.130371
542.863831
544.389160
542.910156
536.123352
528.858582
536.370544
536.046631
534.014526
529.088867
532.304443
535.357544
531.336426
536.342102
535.315002
532.390625
533.310364
528.658691
534.483276
537.535950
532.776978
535.094971
532.390381
532.306152
534.104126
529.340393
535.243042
537.094543
537.324280
527.560425
527.627441
541.639954
544.652832
544.456726
536.369324
528.554199
535.846680
535.249573
533.729980
528.234192
532.545288
536.257874
532.976257
536.832214
534.032471
531.624146
532.939453
528.850586
535.312012
537.764343
533.277344
534.548462
530.652527
531.905579
534.769348
530.367432
535.440063
535.818970
532.528137
530.129944
534.140869
538.404236
525.843933
518.935852
518.284363
526.557373
542.505615
537.747925
529.233826
527.737183
533.617554
537.458313
533.668030
535.687988
531.712952
531.173096
533.838623
529.720337
535.612854
536.958069
533.157288
534.376343
529.896973
532.000732
535.357971
531.768188
536.595886
535.734558
532.605896
529.599609
533.783936
537.800781
526.742432
521.524414
519.966064
527.017212
541.303101
536.012146
528.636780
527.386597
534.191162
537.975708
534.338989
535.421021
530.526245
531.225464
534.579285
530.942383
536.580566
536.421204
532.403748
533.653320
529.538574
533.080505
535.878418
531.353210
535.721741
534.659058
532.670898
533.634094
531.041016
531.008911
529.832947
541.725525
546.594238
544.350037
541.986023
528.649231
526.993591
533.027344
535.243408
537.151611
534.068481
535.371399
530.160522
531.404968
534.478149
531.268005
536.747437
536.309204
532.754578
533.134521
528.229004
533.069824
536.889832
533.146851
536.211914
532.807983
530.949341
533.098450
532.096375
531.800659
530.747681
542.581543
545.932678
543.553040
541.067383
528.727173
528.398987
533.358704
535.021484
536.406067
534.116943
535.053223
528.965393
531.340698
535.005066
532.374573
537.324341
535.335266
532.172058
532.591248
527.588501
533.600464
537.606384
534.130249
535.979858
531.502563
530.757385
533.171814
532.879089
531.687622
531.229980
544.268127
546.190979
542.173157
538.611938
528.042603
530.667847
535.401611
535.753784
534.859497
532.907410
534.657532
528.815308
532.195618
535.212280
531.989868
536.151306
533.831299
532.447388
533.510315
528.149841
534.195679
537.536560
534.469055
535.516357
530.006714
530.534058
534.240051
530.927063
534.577698
536.027649
540.778748
528.419373
518.055725
520.664734
524.453857
536.625549
538.602295
532.389343
534.290405
532.286255
533.659546
528.304932
533.195312
536.528442
533.516479
536.012756
532.253784
531.997375
533.951599
528.798584
534.296753
536.794739
534.482788
535.389954
529.065674
530.575317
534.863159
531.901367
534.505432
536.109741
540.593567
527.540039
517.260376
519.293640
524.425049
538.221436
538.906433
531.914795
533.625793
532.718872
533.784058
528.143921
533.846863
537.306030
534.737854
535.835754
530.120422
530.951355
534.629700
530.685120
535.672302
536.168091
533.695007
534.589111
528.697388
531.687439
535.428589
532.224060
536.470703
533.633545
536.302612
528.993774
529.169312
535.755127
536.921509
541.489380
534.880859
529.110229
534.750427
532.495972
534.228821
528.637695
534.252747
537.112183
534.796936
534.890991
528.310364
530.877502
535.770752
532.420959
536.004333
534.269592
532.429077
534.460938
528.988586
532.486633
535.645386
532.734985
536.510681
533.437561
535.540222
528.488770
530.054565
536.448730
538.045105
543.260620
535.601807
529.089600
533.539612
531.858093
534.949768
530.285339
534.926147
535.682007
533.775574
534.489075
527.905457
530.919556
535.393066
532.576782
536.441162
534.218384
532.510254
533.885620
528.505493
533.421631
536.774841
533.686584
535.635986
531.696106
534.691345
529.555908
532.178772
536.565552
537.268616
542.967224
535.226257
528.730225
532.067749
530.880310
535.588928
532.167236
536.107300
534.560059
532.492615
533.815979
528.420959
533.006226
536.808105
533.335022
536.136963
532.978516
532.441528
533.884216
527.913147
533.387207
537.067688
534.592102
535.439697
529.893616
533.201355
530.337769
534.732849
536.639099
534.713867
539.995972
533.586731
529.621216
532.821106
531.181763
536.321472
533.221924
536.501465
533.519165
531.940735
533.672424
528.531311
533.471863
536.521790
533.340088
535.819946
532.106079
532.482300
534.444031
528.772888
534.189514
536.798157
534.660950
535.231689
529.109741
533.154480
532.073669
536.913574
535.597229
531.185181
536.401123
531.556091
530.022583
532.905029
530.947815
536.670532
533.685913
535.980042
532.020508
531.684387
533.961365
528.625244
534.186890
537.393250
534.676514
535.720764
530.021851
531.542175
535.000732
530.703369
535.333374
535.615723
533.599365
534.447083
528.679688
532.867004
533.510986
538.634460
533.414917
525.793884
530.414185
528.643616
531.336853
534.461365
531.803894
537.041382
534.372375
535.259827
530.284363
531.729126
535.397705
530.315918
534.830139
536.190247
534.103394
535.081970
529.202515
532.009766
535.660095
531.546997
535.326538
534.633240
533.719910
534.636719
528.437012
533.187134
534.587463
540.063782
533.058777
524.816406
529.392090
528.932983
533.226807
535.110657
532.015320
537.442810
533.839233
534.207458
528.629822
531.158020
535.474976
531.287842
535.702942
535.770630
533.749329
534.351379
528.436951
532.967651
536.670715
532.142273
534.946350
533.474487
533.616577
534.874146
528.099487
533.252502
537.151978
538.173584
527.758972
526.257568
542.308105
548.122559
547.493469
536.827332
526.769470
535.250610
536.675171
534.448425
527.824829
531.403320
536.266663
532.855103
536.552429
534.664856
532.888733
533.999756
528.118591
533.178589
536.703674
532.818237
534.710815
531.787415
532.735657
534.866516
529.034546
534.374939
537.143188
538.148010
527.309021
526.018066
541.128235
546.989197
547.609253
537.082642
527.626099
535.318909
535.420227
533.549683
527.626465
532.697266
537.259460
533.158264
535.508362
533.391907
533.257324
534.211182
527.705261
533.076538
537.221680
534.276428
534.830994
529.809265
531.587952
535.289429
530.604187
535.459229
536.154419
537.109436
527.117126
526.944397
540.453247
545.880005
547.653625
537.042297
527.822876
535.279297
534.462585
533.088318
527.562378
533.555725
537.693054
534.075378
535.236084
531.353699
532.448120
534.932495
528.649902
533.941895
537.364380
534.685303
534.902649
529.192932
531.622070
535.459412
531.362732
535.931519
536.096436
533.943237
529.932251
531.907898
536.450806
529.110535
525.661987
521.013672
524.771790
539.414246
536.756042
530.660278
528.083862
533.620056
537.642944
534.816895
535.241333
529.983459
531.836914
535.250305
530.247620
534.965393
536.112732
533.579590
533.862671
528.174988
532.238220
536.148254
531.701233
535.751221
534.829529
533.285828
529.916077
533.012573
536.889648
529.658142
527.146912
521.661316
524.921997
538.802917
535.692200
530.520203
528.087341
534.572693
538.156921
534.734558
533.950684
528.227722
531.991882
536.301208
531.223938
535.052917
535.258667
533.732300
533.798401
527.402161
532.562012
537.203796
533.542664
535.878296
532.819763
532.032593
533.392334
531.211792
530.450623
531.244446
544.296753
546.086121
541.990906
539.831848
528.926758
528.994873
533.471375
535.593384
537.173462
534.213379
533.521851
527.878357
532.890137
537.135010
531.942261
534.626831
533.688354
533.193298
534.094299
527.678101
533.276855
537.700623
534.235596
535.589600
531.296204
531.641357
534.148926
533.084839
531.142822
531.561279
544.993225
545.670593
540.988831
538.391235
528.824646
530.841919
534.347107
535.298828
535.660645
533.854980
533.514465
527.079346
532.758728
537.706055
533.420593
535.124207
532.098328
532.119873
533.910828
528.190430
534.126282
537.408997
533.831055
534.408020
529.692383
531.899170
535.178711
534.561951
530.864563
530.944824
545.151367
545.943604
541.183167
537.125916
528.389893
532.540283
535.652100
535.525818
534.257568
533.124023
533.489746
527.397583
533.519592
537.645264
533.492798
534.594055
530.960022
532.336060
534.687561
529.120667
535.111206
537.601440
534.150330
533.450134
527.820984
531.936768
536.125061
531.601562
533.266357
536.459473
541.832336
526.547363
514.008057
516.801453
525.339355
540.755432
539.703857
531.037109
532.210205
532.207642
533.589783
528.251465
534.843201
538.009277
533.883423
533.635193
528.984497
531.980286
535.464478
530.504639
535.280823
536.387451
534.020325
533.562622
527.354980
532.179077
536.877319
532.892517
536.234619
533.620056
536.371277
528.192749
527.662231
535.080872
538.794678
543.901306
534.952637
527.852112
534.018555
532.477417
534.422852
528.828003
534.730347
537.399231
534.537415
534.012573
528.256165
532.393311
536.507507
531.776245
535.689270
534.937805
532.903870
533.476624
528.124207
533.916382
537.535217
533.243286
535.610657
532.709167
535.498169
528.046692
529.662964
537.375916
541.166870
545.951111
534.793213
526.874573
532.506958
532.284607
535.488281
530.369568
535.355347
536.210999
533.626282
533.207825
527.531433
533.103882
537.390015
532.722839
535.634888
533.856934
532.623779
533.298828
527.541138
533.958557
537.797729
533.969971
535.028503
531.477966
534.521240
528.786133
531.880371
538.410095
541.314575
545.988770
534.447998
526.892822
531.799561
532.276123
536.063232
531.447998
535.767456
535.157166
533.112244
533.148682
527.613464
533.756714
537.441895
532.933228
535.076538
532.587524
532.708862
533.486145
527.705933
534.352173
537.914246
534.680908
534.278381
528.835876
533.110352
530.482300
534.463928
536.616516
536.237183
540.966919
532.134583
527.845703
532.237366
532.171326
536.612183
531.755188
534.999878
533.775085
533.223450
533.540222
527.542419
534.094116
537.855286
533.998230
534.682922
530.538696
532.101685
534.507385
529.285339
535.214539
537.158508
534.263000
534.093628
528.397522
533.020203
531.907593
536.301636
535.309937
532.654297
537.633179
530.811890
528.556213
532.447693
532.149658
537.420471
532.865662
534.752930
531.860107
532.463135
534.192139
528.728882
534.724182
537.171082
533.658691
534.274963
529.716858
532.317566
534.853333
530.070251
535.867981
536.652283
533.849426
532.950012
527.185364
533.067871
534.761475
539.230042
533.284119
526.760498
531.577881
528.422241
530.504639
533.984375
532.210754
537.024719
532.989929
534.286499
531.044189
533.077698
534.871582
528.962036
534.604675
536.547974
533.978943
534.087280
528.400818
532.523804
536.062195
531.821960
536.116394
534.801208
532.619568
532.564880
527.208130
533.699585
535.203369
539.561157
532.125732
526.326233
532.341064
530.400879
532.649963
533.767212
531.096863
537.093384
533.876221
534.993774
529.923645
532.091003
534.802429
530.808105
536.806274
536.701294
532.844971
532.100037
526.996521
533.370850
537.560730
532.869141
535.562988
533.568481
532.968323
533.460327
527.858032
534.332581
537.648254
538.017761
527.676392
527.043152
542.062927
545.458191
544.338257
535.818604
528.264526
535.787781
535.040100
533.347839
528.676025
533.301880
536.355408
531.650146
535.964661
535.049011
533.094116
532.785706
527.008362
533.458679
537.731140
534.141235
535.745911
531.803406
531.926208
533.900146
529.324524
535.561401
536.831055
536.515381
525.991211
526.994385
542.738159
546.808289
545.656982
535.231506
527.367493
535.885803
535.663391
534.023682
527.865234
532.670593
536.326050
532.691223
536.313782
533.970581
532.684875
533.136719
527.736755
534.089966
536.819519
532.980225
534.374939
530.674744
532.687805
534.662964
529.463013
535.321228
536.593018
537.330322
526.609375
527.225342
541.107239
545.613831
546.432617
536.090698
528.403748
535.440125
533.416870
532.216858
527.258667
534.271606
537.830811
533.197144
534.431152
531.200195
532.622864
534.660828
529.426208
534.822327
536.050171
533.074890
534.620605
530.636230
533.541504
535.088379
529.761475
535.421326
536.470825
534.513916
529.961487
532.765747
536.573242
527.880066
524.265625
520.975769
526.375366
539.889160
534.866455
529.040710
528.428040
535.612915
537.993103
533.345276
533.872986
529.885498
532.432617
535.201782
530.420898
535.702087
536.044495
533.087219
533.365540
528.824890
534.076843
537.134277
531.723267
534.766235
533.518494
533.148621
530.676392
534.671875
536.759705
527.677979
524.748352
520.549377
525.877319
539.311646
535.310669
530.907715
529.014099
535.168884
536.947693
533.749634
534.225281
528.927490
532.040466
534.913574
530.750427
536.345459
535.884155
532.934082
532.619568
527.572266
534.345703
538.404663
533.462463
534.887512
531.655029
532.059875
534.380615
532.919373
531.215271
530.384277
542.693665
544.816833
542.585693
540.825684
529.307983
529.529724
533.718872
535.098694
535.483521
533.057007
534.178345
529.285400
533.522705
536.022522
531.473633
535.800537
534.422302
532.956055
533.089539
527.413330
533.893005
537.371094
533.736694
535.392761
530.918457
531.642395
533.890076
533.416931
531.150635
531.390076
544.492371
545.729553
542.560242
539.439758
528.835815
531.170410
535.187744
536.061157
534.538818
532.104492
532.878174
528.664124
535.118713
538.043335
532.569519
534.630432
532.202820
532.753357
534.142700
528.217712
533.818909
536.280029
533.704834
535.090881
530.456116
532.666260
534.735168
534.119995
530.299255
530.344849
543.789429
544.435242
541.337158
537.371155
528.404175
532.557739
535.542725
536.255615
534.046692
532.060974
532.217163
527.518372
534.974060
538.504456
534.279663
535.085266
530.817505
532.318237
534.501160
529.645752
535.201660
536.288330
533.382446
533.869507
528.762268
532.756775
536.288940
532.531555
533.829468
535.937744
539.800537
524.940857
514.708679
518.179260
526.329590
541.286743
539.673218
531.385010
532.086243
532.278870
533.872070
528.828552
534.770447
536.959595
533.889526
534.811890
530.036255
532.554810
535.243652
531.096619
535.904358
535.092896
532.198669
532.969788
528.450500
533.883240
537.376953
532.906128
532.656128
535.533203
539.944214
524.949707
514.356018
516.397217
525.277100
541.701599
539.496399
530.981750
531.121521
532.609009
534.882935
529.817261
535.118958
535.735107
532.804932
533.874390
529.295715
533.645874
536.735168
532.351501
536.245117
534.135193
531.899719
532.644409
528.134949
534.289001
537.428467
533.374695
535.595398
532.364441
534.398621
527.874451
531.805542
539.332153
541.250305
544.002625
533.088745
527.513428
534.113892
533.708557
535.660889
530.234375
535.007446
534.885254
532.845215
533.418396
527.990295
532.852783
536.406982
532.891724
536.314209
533.454468
531.870605
532.556885
528.070862
535.096924
537.933960
533.834961
534.945496
531.563049
533.698975
528.846558
534.442261
541.329651
542.797180
545.014099
532.797424
526.760254
532.138306
532.462646
535.959656
532.566956
536.784973
534.411865
531.682922
532.223083
528.291931
535.261475
538.335022
533.541321
534.932190
531.133240
531.831177
534.157898
529.477783
535.452148
536.854309
533.254578
534.223267
529.490479
534.001221
531.626587
535.828003
535.935913
533.015015
536.881348
529.793579
528.438599
533.247559
532.079651
536.829407
533.088013
536.430908
533.339600
532.019836
532.897522
528.262817
535.134155
537.850098
533.536499
534.143372
529.875549
532.487610
535.405457
530.815918
535.558167
535.209045
532.412170
533.316772
528.448792
533.680481
533.195251
537.931824
535.210571
530.379211
533.779114
528.267944
529.466431
533.963074
532.949707
537.706848
532.868591
534.288330
530.798218
532.215393
534.953979
530.074951
535.271912
535.877441
532.570312
533.933594
529.509888
533.218445
536.386414
531.918091
535.892273
534.094482
531.894836
533.251160
528.531311
533.559570
533.652344
538.417480
533.632690
528.641174
532.856689
528.599487
530.447144
533.302551
531.959534
538.151062
534.737183
534.863892
529.531738
531.911621
535.606995
531.731262
536.402649
535.242981
531.922363
532.964539
528.232544
533.067566
536.820923
533.401489
536.958191
533.547852
531.210938
532.471680
528.561035
535.165894
535.243408
538.890015
531.450256
526.873291
533.178406
531.691772
534.650330
534.616150
531.139465
536.683289
533.022644
534.141541
529.067505
532.371765
535.559082
531.937622
536.527161
534.884827
532.329590
533.067627
528.139221
533.724121
536.996765
533.513489
536.372437
532.791382
531.752380
533.002808
528.670044
535.485229
535.591858
538.782471
529.882690
525.642212
532.438049
532.363525
536.482910
535.458130
531.790466
536.893311
532.016724
532.740356
528.536682
534.206482
537.031006
532.234741
535.457275
533.526001
532.770813
533.832520
528.427856
534.161621
536.953491
533.391541
534.494690
530.222046
532.215515
535.652466
531.283508
535.883362
535.413696
535.833496
526.754395
528.172607
540.991760
544.023254
545.242676
536.758545
529.472412
535.647278
533.321960
532.398743
528.030212
534.398010
537.138367
532.608704
534.695374
532.019287
532.974976
534.764709
529.389832
535.014526
536.919739
533.519653
534.272034
528.913757
531.917114
536.086975
532.736877
536.682129
534.185303
534.754395
526.721924
529.438965
540.868164
542.784363
544.275146
535.171692
528.956177
535.655701
533.490051
533.171692
528.184814
534.535034
537.146606
533.800781
535.081482
530.435425
531.906860
534.931885
530.944885
536.418091
536.254089
532.258423
532.555603
528.164307
533.421814
537.219604
532.604126
535.739014
533.244446
531.648926
529.595215
534.833313
537.738770
527.584595
523.858276
520.028137
525.704407
539.206482
535.382446
531.376465
529.712830
535.074402
536.499268
533.773071
535.363220
529.864136
531.356079
534.220581
531.748901
537.932190
536.166687
531.642944
531.795288
528.052979
535.092041
538.212463
532.199585
533.556946
531.546082
533.241455
532.100464
536.143127
535.668213
525.944519
525.402100
522.840759
527.899048
538.161743
532.886963
530.597229
530.655945
537.442932
536.878174
532.351440
532.459229
528.391968
533.887512
537.111267
531.900391
535.026428
533.645691
533.098206
534.414368
528.486023
533.233765
536.344238
534.073792
536.887756
531.866455
530.965210
533.200989
533.570007
532.062805
531.357117
543.437317
544.568298
541.839539
538.936829
528.591248
531.411011
535.661987
536.130493
534.654724
532.410400
533.396484
528.114502
533.454651
537.136963
533.934814
536.471741
532.216309
531.208496
533.657227
529.866455
535.482544
536.373413
532.333435
534.333496
530.887695
532.834534
534.907776
534.051636
530.216614
530.216064
544.273987
546.051208
542.547363
537.321716
527.327087
532.157288
536.600586
536.636597
533.291809
531.393005
533.219299
528.978882
534.712463
536.762451
532.736633
535.176575
531.518188
531.922607
533.819214
529.398926
535.698425
537.104553
533.782471
534.125671
528.643433
532.038879
535.667114
536.180481
530.922791
529.801392
543.213989
545.085876
542.864685
537.601074
528.168945
533.259216
535.925781
535.573975
532.304993
531.766602
533.581726
529.399902
535.735291
537.673035
533.684570
534.273193
529.303772
531.668579
535.005554
530.969849
536.031189
535.582092
532.578735
533.177490
528.186951
533.196655
536.962341
533.287842
533.300354
535.120178
539.708435
526.258850
517.081970
518.714417
525.494873
540.682373
539.284058
531.268005
530.936279
531.444458
534.142029
530.562500
536.282043
536.260193
532.513306
533.422852
529.074036
533.016418
536.096863
531.742798
535.991211
534.421265
532.194763
533.489197
528.529968
533.898804
537.032532
533.276367
532.299011
534.819336
539.429749
525.487793
516.455933
517.795593
526.005066
542.258667
539.115845
530.054749
529.588257
532.444458
535.741028
531.311584
535.640381
534.688843
532.527893
533.928650
528.997620
533.467529
536.238525
532.230835
535.828796
533.286743
532.066589
533.467102
528.731750
534.509094
537.168274
533.809326
535.154663
531.259216
533.023682
528.294739
534.340759
541.452271
542.157959
544.622375
533.388733
527.583130
532.254761
531.833862
535.471680
532.466797
536.863953
534.371826
531.766602
533.076904
528.771057
534.921875
537.539429
533.050049
535.124329
531.492432
531.591797
533.825134
529.623535
535.684082
537.148315
533.473755
534.253174
530.632385
532.179810
528.618652
536.875793
543.743164
543.865479
544.845886
531.972473
526.832214
532.483398
533.761597
537.135559
533.314880
536.306885
532.828735
531.666809
533.636292
529.170654
534.953125
537.130310
533.554871
535.123047
530.644531
531.691895
534.306885
530.394836
536.226379
536.637146
533.219299
533.831970
530.647522
531.898132
529.542480
539.076477
544.932312
544.102661
543.859253
530.540222
526.514587
532.212219
534.286133
537.577637
533.846252
535.595154
531.224548
531.430237
534.480713
530.721558
536.427612
536.631836
532.430115
533.712463
529.708130
533.053955
535.991882
531.354004
535.930298
535.197815
533.107178
533.927307
528.203369
532.796692
533.406433
539.162292
534.565918
528.034851
531.315063
527.657715
530.931641
534.673279
532.393555
537.503967
534.114563
535.401123
530.252747
531.265869
534.200562
530.734741
536.836670
536.810486
533.021729
533.171936
528.044312
532.662109
536.655029
533.189148
536.475891
533.443909
531.402100
533.115295
528.849182
534.300415
535.754944
540.436157
532.067078
523.881042
527.302734
526.567017
532.899597
536.081970
532.592773
536.682373
533.413818
534.181335
529.206970
532.254333
535.477844
531.715393
536.479431
535.037048
532.455444
533.387085
528.497681
533.829346
537.432007
533.602722
535.715515
531.747803
531.082275
533.680420
529.781921
535.492737
534.918884
538.668457
531.207764
526.749939
532.197327
531.060120
535.072815
534.929871
531.723083
537.371155
533.206177
533.746643
528.362915
532.695068
536.562561
533.081970
536.188965
533.197449
531.873596
534.011963
529.347839
534.610352
536.695496
533.327026
535.913818
531.565125
531.179199
533.536377
530.144531
536.793091
535.935547
538.752136
529.565247
525.861694
532.815491
533.494934
538.183472
535.917847
530.914307
535.959900
532.220459
533.987000
529.065063
533.927734
537.041870
533.227539
535.827332
532.005676
531.247986
533.880859
530.024841
535.888733
537.150696
533.402161
534.533020
529.894531
532.280518
535.254028
531.137512
536.392395
536.002625
536.636963
527.317139
528.056580
539.435913
543.059814
545.934326
537.193054
529.061096
534.545837
532.700378
533.194458
529.000427
534.909912
537.186035
533.363831
534.984009
530.778198
531.746277
534.490967
530.319031
535.863281
536.610901
533.620544
534.302490
528.688904
531.840515
535.734253
532.359985
536.725037
534.690063
535.571045
527.159302
529.492676
539.936218
542.564636
545.290771
535.938171
528.450989
533.996460
532.057434
533.498352
529.477478
535.589905
537.122742
533.205872
534.288391
529.952393
532.441772
535.450562
531.065247
535.896606
535.415405
533.121094
534.411682
528.840820
532.730652
535.946106
532.613098
536.564575
533.911438
532.359070
529.821594
535.037231
537.227722
527.789062
525.787048
522.119812
526.391602
537.828613
533.909729
531.619507
531.123779
536.792908
536.381531
532.473694
533.792542
529.401855
533.395874
536.628235
531.885376
535.518005
534.137085
532.812561
533.889893
527.991577
532.692017
536.508911
534.224915
536.815186
532.080505
530.924683
529.597290
536.224121
537.397827
527.798889
525.888672
521.732971
526.478699
537.465637
533.895447
532.570557
531.277832
536.638794
536.013306
532.793335
533.037476
528.063965
533.786194
537.780151
533.432068
535.392273
531.875000
531.522034
534.363586
529.554199
534.506104
536.547485
533.761719
536.058960
531.352051
531.517944
530.423218
536.687012
536.726807
528.140137
527.769409
523.053955
527.045471
536.412231
533.686646
534.059753
531.933350
536.036743
534.434814
532.833008
533.870178
528.274902
533.573730
537.144958
533.949524
535.507141
530.857788
530.934387
534.085388
530.425049
535.803894
536.465698
533.221375
534.837524
530.248047
532.471313
535.216309
534.946594
530.208496
529.809631
544.077881
546.339783
543.122131
537.163696
527.434937
532.795959
536.397583
535.900269
532.466309
531.768494
534.111023
529.291626
534.744446
536.958252
533.710999
535.187927
530.076904
530.912781
533.952454
530.497437
536.387695
536.556274
533.334534
533.565918
527.958191
531.908081
535.781677
536.464294
530.273010
529.046631
543.218933
546.006897
544.149536
537.557434
527.759583
533.696472
536.291138
535.616089
531.173401
531.031311
533.893433
530.206177
536.296814
537.207275
533.210327
533.384033
528.295593
531.804504
535.794434
532.392761
537.007202
535.648499
533.203369
533.878296
528.070190
532.607727
536.363342
533.178406
533.039429
535.274048
539.525024
525.690918
516.534668
517.731445
525.458923
541.662842
539.323364
530.066040
529.375549
531.529175
535.385742
531.805786
536.985962
536.273621
532.937744
533.187134
527.805847
532.207153
536.436401
533.093933
536.255920
533.154602
531.893250
533.861633
528.500977
533.299927
536.134949
533.086182
532.299011
534.895630
539.051575
525.918579
517.930359
518.295593
525.450256
541.767029
538.842712
529.876160
528.619934
531.568970
535.405823
532.376038
537.174622
535.226257
532.059631
532.428955
527.184204
533.052734
537.310547
533.827881
536.064575
532.328613
532.032654
534.475952
529.678101
534.370178
535.863220
533.271179
531.721436
534.415222
538.410767
525.747559
518.660522
518.764099
526.394958
542.331787
538.540649
529.530823
527.120056
531.415894
536.343079
534.136963
538.046997
534.754395
531.979492
532.368958
527.345276
533.891846
537.990601
535.054565
535.752014
529.939819
530.701660
535.215149
531.714600
536.018127
535.139160
531.784546
534.145264
531.699890
532.457153
528.514893
537.051025
543.883118
544.289612
545.532288
532.328979
526.035278
530.188965
532.342651
537.975281
535.454285
536.279785
530.745728
530.481201
534.286926
530.336304
535.097351
535.991760
532.863525
535.049377
530.283691
531.864075
535.065430
531.111816
536.114380
535.731567
533.495117
534.300842
530.621094
530.525452
528.747192
540.364990
546.769104
545.240051
543.292480
529.268127
525.967468
531.833618
534.849365
538.581299
534.798706
534.998108
529.750793
531.405334
535.306458
531.331238
535.977295
535.647400
532.821777
534.749939
529.786133
532.457764
535.192017
531.103455
535.583130
535.154114
533.918335
533.955627
527.268250
532.199402
534.865356
541.591675
534.371582
524.457031
526.688599
525.814392
532.380615
536.081726
532.742859
537.000305
533.664368
534.924866
529.496216
531.034363
534.757629
531.613525
536.653748
535.399353
532.680115
533.799927
528.650024
533.166931
536.230164
532.267822
535.925049
533.486938
532.588562
534.041870
528.329163
532.584229
535.132507
541.925964
533.295532
522.886780
524.397461
524.009766
532.916016
537.582764
534.319641
537.295898
532.616577
533.109680
528.735107
533.169739
536.550720
531.874939
535.690186
534.387329
533.191650
534.097473
527.928467
533.010254
537.032593
534.084045
535.386536
530.959106
531.380737
534.529419
530.173035
535.201111
534.714966
539.404846
531.763916
526.195862
530.663940
530.738953
536.533630
536.392334
532.374268
537.124695
532.747986
533.354736
528.048889
532.878296
536.392700
532.801880
535.682922
532.516907
532.287292
534.783386
529.284607
533.647400
535.969116
533.649231
536.052673
531.257080
531.378723
533.659973
530.143494
536.653870
535.869995
539.035400
529.373535
524.981567
531.251587
533.430664
540.142334
537.348938
530.741943
534.615417
531.419067
534.226318
529.489075
533.693298
535.792175
533.092773
536.294312
532.310547
531.858154
533.953613
529.419739
534.978333
536.422974
533.253357
534.448608
529.693054
532.412842
535.737427
531.433655
535.633057
533.736389
537.404175
529.313843
526.876709
533.075439
535.288513
541.554993
536.662903
529.725220
534.314026
532.303528
535.480591
529.929382
533.728271
535.800171
533.866943
536.394775
531.137756
531.033630
533.601440
530.141113
536.183594
536.532654
533.350464
533.615662
528.024902
532.345764
536.579895
533.150879
536.367188
533.460388
534.907593
527.520752
529.916260
538.602905
540.893677
545.048584
536.300476
528.701050
533.246643
531.805176
534.434204
530.558655
535.832092
536.448181
533.623657
534.909546
529.769409
532.200745
535.347839
531.573425
536.165527
534.906555
532.475830
533.181641
527.923767
533.518860
537.641907
533.553894
535.490723
531.870117
534.440247
528.567505
531.550049
538.134949
539.516113
543.782471
534.956055
528.710327
533.488892
531.917664
534.733398
530.250610
535.278137
535.868347
533.861877
534.100952
527.598511
531.437134
536.489990
534.058777
537.058716
533.141602
531.316650
533.319946
528.851990
534.488403
537.242188
533.720764
535.440674
530.790649
531.617249
530.912598
536.347351
535.593872
527.233643
528.534668
525.222290
527.793640
535.243958
531.777222
533.312195
532.559814
536.650818
534.459229
532.502502
534.223206
528.769409
532.824341
535.952454
532.848755
535.849731
532.370972
531.982300
533.817505
528.774841
534.587708
537.390076
534.577515
534.879700
528.704468
530.828125
531.916382
538.563538
536.536438
527.214661
527.972351
524.400146
528.009766
535.542847
532.791016
534.761963
532.490967
535.698975
533.565186
532.959900
534.297180
528.223633
533.229370
536.737732
534.220032
535.775513
530.604126
531.457153
534.906555
530.509338
535.201111
535.826721
533.682434
534.867004
529.240906
532.182312
532.588623
538.351624
534.998962
527.245483
530.006653
526.751221
529.375183
533.824524
531.482178
536.286621
534.362610
535.844360
531.180481
531.602051
534.800293
529.842346
534.285339
535.714294
533.665283
535.716553
530.214722
531.493896
534.761536
531.391174
536.341858
535.617493
533.082825
533.607544
528.028015
532.744385
536.794373
537.425293
529.723938
528.081787
542.675476
546.665527
545.016235
536.669678
526.880859
534.059204
537.106567
536.197815
530.903076
531.126648
534.117371
530.552734
536.032349
536.456665
533.527161
534.159424
528.803162
532.665894
536.367798
531.974426
535.615051
534.288025
533.155334
533.888550
527.843384
533.139893
537.462280
538.871033
529.592773
526.994629
541.321655
546.033813
545.678528
536.787109
527.154663
534.818481
536.647644
535.204041
529.357849
531.320740
535.143738
531.392639
535.808289
535.082764
533.222839
534.080688
527.768616
532.241577
536.833984
533.896057
536.126038
531.980225
531.422913
534.295532
529.434265
534.177124
536.598511
534.098511
532.195251
533.633606
537.440613
525.613464
519.281799
519.415649
525.840820
541.348450
538.222717
530.081299
529.356384
533.222168
536.114075
531.496338
535.385010
534.280945
533.601807
534.516724
528.107483
533.210205
537.209778
534.102844
535.629944
531.273865
531.970825
534.488831
529.246887
534.460571
536.768311
534.632690
531.389343
532.865112
537.050354
527.029724
521.528320
519.360291
524.835083
541.057007
538.838196
531.194153
528.436951
532.046326
536.062927
533.660828
536.522888
532.773682
531.998169
534.114075
529.079651
534.411560
536.894775
533.743225
534.633667
529.435913
531.570374
535.758362
531.561157
535.611084
535.320007
533.455200
534.758118
531.028687
531.221558
529.205688
539.443115
544.760925
543.152100
543.316345
531.492432
527.539307
531.605042
533.038574
537.009155
534.390137
535.969788
531.147339
531.899841
534.914978
530.076660
534.607788
536.147400
534.136230
535.125854
529.116760
531.669861
535.758484
532.121582
536.021484
534.514526
532.796631
534.008301
530.772827
530.375305
529.879944
542.060364
546.170410
542.729553
541.176819
529.679321
528.398193
533.087097
534.379761
536.723999
534.027100
535.068604
529.526062
531.684814
535.441895
531.032349
535.386841
535.425293
533.729614
534.607178
528.388367
532.227173
536.379456
533.506592
536.154114
533.038452
532.580566
534.503784
528.575745
532.324341
534.619202
541.279297
532.750671
522.513184
524.729065
525.584839
533.925110
536.777710
532.798828
536.679626
533.463257
533.896301
528.482727
532.623047
536.982117
532.544617
535.684998
534.047302
533.094543
534.312561
528.170532
532.698792
536.564819
533.589722
535.402100
531.356689
531.899048
534.678650
529.720703
533.076538
535.215210
541.352661
530.745544
520.244568
522.968933
525.722595
535.431152
536.769287
531.723938
535.651550
533.792664
533.910278
527.556946
532.661621
537.476562
533.788879
535.405273
531.928833
532.239441
534.812561
529.225586
533.596558
536.576599
534.394043
535.904236
530.345093
530.945312
534.176758
530.294556
533.734375
536.361877
541.787903
528.810913
517.003296
519.365356
524.933105
538.028625
538.801453
531.613586
533.486511
532.574585
534.477112
529.007812
533.919495
537.206848
533.342468
534.538086
531.193481
532.847351
535.303223
529.519836
533.927063
536.230347
534.564453
535.308716
528.548950
530.767944
535.544067
532.355286
536.409119
534.044128
537.423340
529.918091
527.678650
533.283447
534.884521
540.805542
535.822998
529.681702
534.672485
532.211731
534.369324
529.027344
534.054504
536.915955
534.078369
535.081177
529.983704
532.009521
535.523193
531.063660
535.824219
536.306458
534.015747
534.593201
528.542969
532.263000
536.124878
532.393311
535.669067
533.127441
536.614563
529.552429
529.207275
535.205505
537.549316
543.386536
535.555725
527.787720
532.504456
531.997375
536.116516
530.941345
534.376038
535.517578
534.220825
535.756836
529.489563
531.450562
535.117432
531.535706
536.107239
535.024963
533.140747
534.149597
528.285522
532.804993
536.490173
532.730713
535.153198
532.141846
535.277405
529.308777
531.526489
537.515259
539.159424
544.044006
534.972229
527.747742
532.306152
531.906128
535.684143
531.457520
535.939819
535.905090
533.563171
533.936157
527.937378
532.406921
536.865662
533.189636
535.734070
533.183899
532.837219
534.667542
528.700195
533.584106
537.250610
534.404968
535.187988
530.010193
533.458801
530.237488
534.098816
537.229309
536.333923
541.322327
533.785400
528.565613
532.194397
531.430420
536.052124
532.068665
535.872620
534.728271
533.578491
534.576050
528.233887
532.558655
536.106750
533.164734
535.624390
532.249146
532.724670
534.498291
529.037354
534.649170
537.680237
534.647644
534.177917
527.939575
531.077209
532.968323
539.128479
535.628906
526.416199
528.391296
525.507080
528.394897
535.025940
532.651489
535.297729
533.063232
535.904419
533.229126
532.548950
533.795654
528.109558
533.717651
537.524353
534.164185
534.538879
529.799072
532.409912
536.168274
530.567017
534.065186
534.955261
533.671326
535.136597
528.792480
531.585754
532.615356
538.989258
535.160400
527.001953
529.703613
526.528931
529.084412
534.030212
532.508179
537.079773
533.832336
534.789795
530.890808
532.312744
535.271179
529.547974
533.755127
536.045105
534.260986
535.020874
529.091431
531.833923
536.036194
531.843933
535.355469
534.456055
532.852478
534.187256
528.820679
533.371033
537.072510
537.283569
528.906677
527.812927
543.353577
547.138855
544.318176
535.795410
527.191406
535.331787
537.292236
534.756409
529.429626
531.749756
535.358582
530.666809
535.208069
536.260742
533.974182
534.171875
527.641052
531.712769
536.595581
533.079773
535.905090
533.254211
531.936768
533.668884
528.675110
534.275757
537.549133
537.838867
528.172302
527.160767
542.421753
546.141724
544.281311
535.366028
527.302002
536.034790
536.671570
533.739380
528.110657
532.288940
536.732910
531.617065
534.616089
534.346252
533.808716
535.071716
528.046326
532.268921
536.859497
534.033447
536.193542
532.162476
531.748840
534.035461
529.242065
534.644043
537.139954
533.554382
530.752808
533.130310
538.858765
527.450867
518.862061
516.515137
524.221497
542.638123
540.475769
530.497314
527.348511
531.549744
537.255554
534.264832
536.544067
532.936707
531.574219
533.706482
529.157593
534.979980
537.612427
532.839844
533.858032
530.604492
533.033264
535.992920
530.076294
534.033691
535.652832
534.044800
531.460144
533.219360
537.191467
526.540771
520.485413
518.397095
525.237183
542.099976
539.067749
530.368896
527.536621
532.554199
537.356506
534.388428
535.983765
531.682007
531.610718
534.017273
528.919983
534.751221
537.592834
533.821899
533.663757
528.671997
532.034058
536.528198
531.794983
535.170898
534.953064
533.158325
530.697510
533.694458
537.615234
527.945435
522.959290
519.511230
524.980042
540.506104
537.325439
529.944763
527.448303
533.467957
538.038025
534.557800
534.614502
529.722412
531.855713
535.398865
530.230286
534.486084
535.969971
533.785950
534.426575
528.806580
532.289368
536.261902
531.975952
535.332458
534.365723
532.981750
533.782166
530.383850
530.658081
531.013672
542.544739
545.030884
541.384521
540.587402
529.981567
528.523865
532.756531
534.384766
537.086853
534.242310
534.682495
529.463806
532.067993
535.347473
530.695312
534.983765
535.430298
533.510559
533.801392
527.961853
532.831299
537.212463
532.744141
534.926086
532.888428
532.740234
534.179382
531.273071
530.309814
531.068298
544.253296
546.219910
541.407532
539.109375
528.758606
529.220398
533.578003
535.002563
536.504944
533.729126
533.896545
528.294067
532.386414
536.523193
531.779663
535.059875
534.410767
533.670959
534.263733
527.510193
532.928955
537.981384
534.670593
535.661011
530.964661
531.061279
533.904297
529.628357
534.053833
536.653809
541.709106
529.005615
517.376282
521.825256
526.511963
536.533081
537.214966
531.270752
535.176270
533.705383
534.320801
528.037720
532.599915
537.059387
533.168396
535.706421
533.277466
532.740967
534.119568
528.377014
533.951294
537.458923
534.107849
534.759949
530.111633
532.139221
535.260864
530.051575
532.934265
535.971680
541.906921
528.493652
516.126709
519.386597
525.831787
538.616760
538.767822
531.653076
534.614136
533.722656
534.216919
527.272705
532.280457
537.007141
533.985779
535.549622
531.587280
531.827332
534.244202
529.391235
535.367371
537.794922
533.986633
533.748169
528.851074
532.636230
536.503723
531.286743
532.933533
535.992004
542.101379
527.643066
514.462952
516.724731
525.082031
540.538452
540.051880
531.224060
532.506226
532.623962
534.458130
528.415649
533.675537
537.338989
534.338623
535.236572
530.394043
531.799438
534.853577
530.296265
535.643738
536.759277
533.440430
533.243347
527.924194
532.974976
537.192688
532.027832
535.162354
533.477905
537.664246
529.325317
526.786743
532.894958
536.557495
543.837708
537.251282
529.478333
533.473755
531.093079
533.985107
529.475464
535.040039
537.160278
533.855164
534.260925
529.320984
532.388733
535.468872
530.675354
535.492371
536.172607
533.881348
533.365723
527.096313
533.168518
538.422852
533.961670
535.107971
531.682800
535.717773
529.439514
529.663147
535.277344
537.948853
544.179077
535.900879
528.666992
533.049438
531.437622
534.408630
530.130493
535.818298
536.986572
533.620239
532.832581
527.628113
533.278503
537.596191
532.321838
534.509766
533.500610
533.220825
534.030884
527.311707
532.630737
537.353455
534.375061
535.628601
531.005066
533.798584
528.983765
532.131104
537.807678
539.362183
543.940369
533.952698
527.364624
532.810669
532.695435
535.671814
530.360046
535.236023
536.287415
534.517639
533.622375
526.595276
532.278748
537.846680
534.179993
535.755737
532.325623
532.202881
534.087036
528.833557
534.803528
537.580933
534.013062
534.902161
530.323425
534.117188
530.075317
533.179688
536.594604
537.639771
543.200806
533.241150
526.362305
530.405273
531.720276
538.100464
533.655579
535.637939
533.540466
532.976929
534.538757
528.383423
533.384155
536.876831
533.444824
535.230591
531.268372
532.042480
534.155884
529.265564
535.688171
537.776001
533.766357
532.988831
527.955811
533.652039
532.691833
536.274475
535.024658
532.835571
539.145142
532.574097
528.517883
531.202087
531.303406
537.818481
534.209534
535.579102
531.891968
532.006836
534.378784
529.152161
534.554932
536.700928
532.794067
533.848999
530.438965
533.483887
535.599365
529.809937
535.218567
537.075562
534.407104
533.077087
526.379944
531.723267
534.451050
540.126953
534.324463
526.598816
530.636475
527.555786
529.365540
533.195923
531.530823
536.782043
533.918030
535.435730
531.678833
532.609802
534.458801
529.140747
535.313354
537.550537
533.891968
533.063904
527.675720
532.616577
537.144104
532.084473
535.345825
534.894104
533.581909
533.510681
526.811401
532.224854
534.385254
539.891968
533.507690
527.135254
532.190186
529.405518
530.842285
533.009827
532.330933
538.851501
534.098755
532.914490
528.472046
532.951294
536.979492
531.303589
534.820679
535.563721
533.808472
533.783447
527.589294
532.189636
536.877625
533.633118
537.079712
534.430969
532.085144
532.279602
527.283142
534.896362
538.903076
538.028870
526.553223
526.157227
543.513977
548.440796
545.982544
535.218445
526.632629
535.675293
537.089417
535.096130
528.683838
531.865112
535.805481
532.215881
536.976196
535.836853
532.708923
532.469543
527.822083
534.826050
538.475830
532.886047
534.059509
531.938660
533.591858
534.894836
527.764709
533.124207
537.196106
539.368164
528.793030
526.788452
540.495972
544.723633
545.211548
536.585083
529.239197
537.059631
535.346741
532.255371
527.173706
533.460266
537.770508
532.552673
534.949951
533.458008
533.521912
534.187378
527.455627
533.191528
537.540100
534.670654
535.877502
530.738220
531.136414
533.228149
529.374756
536.304443
537.852844
533.499634
528.996826
532.429504
539.103149
528.775024
520.733887
516.562805
523.901245
541.701538
538.596924
530.137695
527.582214
533.023804
537.452515
533.923584
535.936768
532.345337
532.231445
533.548157
528.674988
535.627502
538.264832
533.923218
533.629028
529.207336
533.111450
536.186707
530.266174
534.485046
535.613953
534.290649
530.722839
533.234680
537.052368
527.345703
522.512207
519.525513
526.113464
541.541809
536.673218
528.674011
527.028137
534.511780
538.538879
534.098572
534.128784
529.957397
532.377380
535.300354
529.781555
534.756897
536.329468
533.881409
534.442200
528.746399
532.111206
535.421631
531.703308
536.891418
536.034729
532.949341
531.802307
529.180847
531.498108
532.514038
542.595459
543.304993
540.277832
541.120056
530.843384
529.118042
532.574707
533.620361
535.985657
533.825500
535.411316
530.469421
532.086365
534.169983
530.191101
536.910339
537.460571
533.210571
531.476929
526.427979
533.893494
538.760254
533.559204
534.974243
532.571167
532.892212
534.339844
531.482117
530.273438
530.758972
543.716736
546.083801
543.080933
541.039612
529.182373
528.232788
532.817749
535.712952
537.354370
533.698730
533.150757
528.320740
533.827759
537.250305
531.525574
534.832581
534.916565
534.577759
534.393066
527.063232
532.401306
537.123962
534.574219
536.318420
531.733398
531.533325
533.768982
533.169006
531.643921
531.560547
544.010132
544.874878
541.725220
539.725403
529.624084
530.354492
533.249878
534.767151
535.995483
534.434448
533.862610
527.165894
532.413269
537.142761
533.882446
536.294617
532.860046
531.828369
533.413269
529.202698
535.810669
537.805359
532.606873
533.519775
530.667114
533.680054
535.397461
529.275146
532.725830
537.418823
543.554749
528.725586
515.870300
518.688965
524.967407
538.024475
538.832275
532.956787
534.967834
532.673401
533.287231
528.443787
534.858032
537.383362
532.310059
533.921509
531.740906
533.418396
534.302002
528.276489
534.479614
537.577515
534.787537
534.609375
528.702759
531.564941
535.295410
531.661560
534.119629
537.259705
541.636841
526.243896
515.172791
519.154907
526.858398
540.233459
538.086487
530.344971
532.870361
533.607056
534.554199
528.287354
534.124451
537.208496
534.275635
535.247681
530.200623
531.689026
534.201477
530.215393
536.674011
537.398071
533.423584
533.093018
528.593445
534.170410
537.183777
531.425598
534.656799
533.375244
537.224609
528.898315
528.400635
535.710205
538.594666
543.634888
535.562012
529.403015
534.674744
531.652832
533.452515
529.727173
536.820740
538.170654
533.468262
533.126953
528.610168
533.243347
536.657593
531.445984
535.514038
535.232605
533.697632
534.326782
528.472229
533.256104
536.531494
533.281189
536.592102
533.482971
535.106934
527.572510
530.470459
539.357971
542.411011
545.392151
533.761475
526.798706
533.330811
533.590271
536.264587
530.385803
534.649719
535.820312
534.315491
534.876587
528.478882
531.977966
535.571289
532.819336
537.458252
535.099854
532.243835
532.486267
528.153076
535.478699
538.422668
533.290283
534.306946
531.356018
535.525940
530.138367
532.290405
536.972839
538.399048
543.265869
533.862427
528.237183
532.860413
532.078125
536.207153
532.387085
536.864502
535.330811
532.264282
533.062195
528.984253
535.347778
537.842407
532.514709
534.956116
533.139954
533.888428
534.703369
528.264038
533.866455
536.982910
534.680115
535.708069
530.096558
533.299133
530.048767
534.984802
538.339233
537.201355
539.841309
530.248108
527.237488
533.555237
533.984436
537.744385
531.690063
534.607300
533.797241
534.182190
534.955444
528.467834
533.520874
536.645020
534.158081
536.614563
532.202454
531.837219
533.336487
529.732117
536.398193
537.402344
532.907959
532.819763
529.427856
535.801208
534.018921
536.490234
533.962769
531.106262
537.047852
532.268921
530.889221
533.181152
530.894348
536.274902
534.130676
537.667542
533.277283
531.289978
532.356995
529.143616
536.874939
538.613831
533.416809
533.605774
529.852966
533.626526
536.153320
530.490356
534.924133
535.781555
534.318054
534.699463
528.274475
532.354614
533.414124
539.385315
534.773315
527.603943
530.084961
526.477539
530.532532
536.135742
534.154480
537.314636
532.586975
534.636963
531.824829
533.509155
534.713257
529.221619
535.103760
537.254639
534.597107
534.562134
528.591980
532.215332
535.920044
532.573181
536.748657
534.153076
531.559326
533.483521
530.199280
535.884583
534.986084
538.124573
531.797424
527.037415
532.748169
530.015320
532.290344
534.232239
532.396118
538.233154
534.811707
534.823120
528.556702
530.898132
535.450867
532.679626
537.205017
535.335938
532.171021
534.354492
530.676147
534.461182
535.262329
530.429199
535.262939
534.630310
533.828125
534.074036
528.541809
535.009094
538.176025
538.101624
527.753662
526.767273
541.535034
545.832153
546.242004
538.144043
528.895264
534.963745
534.844543
534.585815
530.251343
533.122131
535.081848
530.771423
536.438477
536.208313
533.674194
533.052063
527.432617
534.224182
538.267090
533.912048
534.844727
530.657593
531.692078
535.119019
531.334839
536.519592
536.719604
536.744690
527.397522
528.223572
541.620911
543.660156
543.376221
535.814575
529.855225
537.752380
535.656250
532.609009
526.762207
533.059814
537.892883
533.976013
535.776001
532.102356
531.919128
534.983276
530.539062
535.311523
536.576721
533.047180
535.182861
531.013245
531.903137
534.143738
530.435486
536.800903
537.517883
537.528259
526.994385
527.035889
539.642578
544.010742
546.731445
538.017883
529.123047
534.024048
532.401489
533.572815
530.226196
535.273315
536.321106
531.919250
535.480286
533.179993
532.984192
533.497925
528.493774
535.409424
538.038574
534.404419
534.019165
528.361755
532.112183
536.837036
532.909729
536.164429
533.862305
531.848328
530.566528
535.721619
538.338318
526.176086
521.191467
519.744446
527.260864
541.633423
535.999451
528.922729
527.640686
535.460205
539.258789
535.221436
534.921631
529.278320
531.521973
535.968384
532.063232
535.990417
535.179138
532.899719
534.871826
529.907654
532.738037
535.412476
532.673584
537.539917
534.907043
531.540588
528.432129
534.108582
538.226929
529.590576
526.373596
521.821960
525.695679
537.805725
534.446838
531.932678
531.134949
535.824402
535.947693
532.896545
534.842041
530.286255
532.576904
534.819519
530.745300
536.493408
536.240845
533.423096
533.398926
527.698181
533.165710
537.682495
534.375244
536.303833
532.017639
531.318787
533.923035
533.116943
531.579834
530.184631
543.017761
546.773804
544.330627
540.498474
527.466125
528.015503
533.888062
536.730896
537.673584
534.130981
533.408691
527.113342
531.899292
537.134949
534.114685
536.403870
532.547852
531.273315
534.625793
530.420227
534.338135
535.599365
532.494995
536.174377
532.658447
531.634705
532.924438
533.020630
532.201904
532.248535
544.807983
545.650391
541.521851
537.966187
528.235168
531.745667
536.253235
536.050842
534.386963
533.012878
535.128906
529.071960
532.361572
535.203613
532.843933
537.138550
534.170898
532.163879
532.509521
527.968811
535.434326
538.893921
534.859741
534.080872
528.136658
531.164551
536.822998
536.893372
530.872192
528.229919
542.714844
547.462036
545.708984
539.362122
526.518433
529.860657
535.228027
537.082214
535.284119
532.674744
532.847595
527.580200
534.131531
537.994202
534.388428
535.242126
530.339355
531.697083
535.625061
530.941833
534.890259
535.502441
533.701233
535.635681
529.804199
531.369812
534.437561
531.644226
534.578125
536.564880
540.966187
527.204285
516.149231
517.688477
524.454712
540.315125
540.506836
531.969482
531.673584
531.469055
534.741821
530.369934
534.933838
536.145020
533.249817
535.587280
531.244446
532.718933
534.625732
529.867249
535.731506
537.305542
535.250732
534.630249
526.999756
531.001587
536.594543
534.411011
534.258484
534.661377
538.768982
526.332886
517.678894
519.016968
525.213928
540.786804
539.891602
531.414795
530.986572
531.513306
533.986938
529.804993
535.500977
537.018616
534.089355
534.354065
528.466064
531.955750
536.363098
532.529907
535.731384
533.797241
532.639587
534.720581
528.815979
532.672791
535.838440
533.143066
536.669800
533.290405
534.967285
528.026062
530.397400
537.366028
539.899841
545.344238
535.638062
527.425537
531.554077
531.975830
537.209717
532.447510
534.695312
533.622070
533.013733
536.146729
530.099976
532.060242
534.473938
531.763062
536.634338
534.685425
533.225952
533.643311
527.694763
533.645752
537.883545
535.133362
535.624084
530.471924
532.580444
529.311707
535.658569
541.301575
540.546997
543.256897
533.310913
527.826538
533.008789
532.925232
536.046570
531.615356
536.014343
535.353943
533.709656
533.720337
527.237915
533.030029
538.230774
535.081055
535.696533
530.803406
532.126038
535.836975
530.354858
534.034485
535.616821
533.847351
536.194702
531.817871
532.025330
528.115601
536.069336
542.622559
543.053528
545.492493
533.238098
526.157288
530.567627
532.727844
538.087158
534.207520
535.102905
531.292114
532.274231
536.048950
530.222534
533.445862
535.520813
533.325928
536.195557
531.643860
531.835571
534.377014
530.370544
536.093628
537.316101
533.986877
533.300598
527.347839
533.086548
533.973877
538.865967
534.668335
527.812622
532.597107
530.469788
532.192749
535.066101
531.462097
535.516479
532.680176
536.383667
533.419312
532.744141
533.375549
528.056641
535.133545
538.888794
535.479065
534.043091
527.655273
531.745605
537.090942
532.744263
535.606262
534.204895
532.899353
534.799805
529.239990
533.346008
533.788025
538.750732
533.209717
527.371460
533.047729
530.460999
531.299683
532.636169
531.129883
538.805481
536.115906
534.904297
528.139404
531.036499
536.541687
532.499084
535.586975
534.979004
532.916199
534.568970
529.318420
532.883423
536.271118
532.209534
535.854248
534.818176
533.855835
534.273743
527.432800
532.907837
535.463440
541.565857
533.304260
524.374146
528.695801
529.390137
535.042908
536.254211
531.536987
536.278931
533.660950
535.884094
530.477234
532.035950
534.494812
530.830872
536.700378
536.904419
533.565369
532.457703
526.561890
533.155334
538.575317
534.314880
534.946899
531.240356
531.993835
535.161621
529.895264
534.782959
534.908203
539.562012
531.636292
526.084045
532.500183
532.372742
535.494690
534.075256
531.139893
538.557434
534.821411
533.515503
526.889038
532.214233
537.994934
533.955566
535.354980
532.265869
532.175781
534.937195
529.690735
534.492676
537.119751
533.268250
535.278809
531.862183
532.731140
534.448914
528.936157
535.071350
538.397583
539.149536
526.708618
524.455322
539.541870
547.387085
549.804199
538.108337
526.773682
533.842896
535.256226
535.213867
529.032776
532.732788
535.990479
532.871216
536.302979
533.855652
533.188721
533.797058
527.975647
534.627014
538.631592
535.096375
534.406372
528.811768
531.907104
536.212341
531.420532
535.289795
535.461182
537.273560
527.898987
527.787476
539.982666
544.313782
546.160645
536.169983
528.582764
536.390686
534.935486
532.758179
526.597168
533.747314
538.712708
534.410217
534.092224
530.101257
532.916992
536.353699
530.261658
534.458252
536.407593
534.366333
534.929260
528.883179
532.052917
535.796265
531.697388
536.309143
535.947693
537.072632
526.759338
526.705139
538.840820
545.292114
549.216614
537.229004
526.818542
533.078735
533.653931
535.113586
529.311279
534.170715
536.930786
534.320190
535.445068
530.238037
532.071167
534.911316
530.473694
536.151672
537.433960
534.441223
533.119324
526.542053
532.437683
538.180359
534.044617
535.451172
532.377441
531.955872
530.592773
535.004089
536.857605
528.041382
525.775818
521.195435
525.692078
539.171875
535.981506
531.228149
528.905518
535.671509
538.532593
534.922668
533.258667
527.074219
532.477722
538.065247
533.493042
535.561035
533.729187
532.540039
534.095947
528.856567
534.228027
537.259155
532.928223
535.306946
532.937195
533.107300
530.452026
533.875549
535.615051
530.202087
531.216797
524.844421
525.030151
534.728760
533.349854
533.645691
532.282593
535.943359
535.169189
532.788574
534.055725
528.896362
533.322266
536.273926
531.718628
535.517578
534.800720
533.862244
533.302002
526.554810
533.486633
539.013977
536.029907
535.615112
529.379822
530.480713
534.708008
535.085571
532.028015
531.220764
544.057373
544.877319
541.164917
538.590881
529.510498
531.686707
534.174927
535.000427
535.587708
534.459595
533.756470
526.514160
532.587646
537.937744
534.554810
535.406616
531.132202
531.629456
534.391174
529.927063
535.990845
537.918030
533.668823
533.709412
529.425659
532.882080
535.601929
534.371826
529.739868
530.780334
546.062988
546.745361
540.968811
535.342224
527.777161
534.053040
537.193176
535.967957
532.695435
532.144165
533.914551
528.829590
534.742004
537.598206
533.761047
534.901123
531.279785
532.840515
534.347656
528.779541
535.216125
538.213257
535.224792
533.526855
526.809570
532.128052
537.840515
533.640869
533.314392
535.313416
540.877197
526.713440
515.078308
517.061951
525.051453
540.459656
539.073059
531.455627
533.213135
533.161621
533.220886
527.356934
535.043274
539.261719
535.403564
533.636292
527.701416
532.023621
536.920837
532.171631
535.648132
534.856934
532.915405
534.162231
529.023499
533.641418
536.260742
531.877136
532.606384
536.680542
542.040771
525.608093
512.406616
513.727844
524.784668
543.638000
540.935913
529.989258
529.201965
531.957520
535.621216
530.496338
535.068420
535.780273
533.371094
534.191101
529.123474
533.201172
536.157043
531.385071
535.883667
535.612366
534.172302
533.318481
526.629150
533.265259
538.502563
534.909119
535.440491
531.057495
533.953735
528.868286
532.514954
539.060669
540.900696
544.648193
533.775940
527.482178
533.463135
533.189209
535.496582
530.421753
535.881104
536.830444
534.208862
532.899109
526.623901
533.301270
538.510132
534.264709
535.612732
532.214478
532.363159
534.414185
529.308350
534.824890
537.029053
533.302429
534.555969
531.635132
534.647278
529.738281
533.640625
538.920044
541.177490
545.832947
534.561829
527.137634
530.844604
531.618713
536.501831
533.123840
536.610657
534.105652
532.252991
533.311401
528.646118
535.132507
537.825928
533.010742
534.940491
532.395752
533.480774
534.216064
528.429504
534.989502
538.179993
534.871277
533.720825
529.060059
531.794983
529.963806
537.613953
542.903137
543.128052
544.820923
531.905701
526.402283
532.100952
534.138550
537.148193
532.375732
535.483154
533.842834
533.431824
533.371521
527.336548
534.679810
538.807800
534.967651
534.209717
528.989807
532.244080
536.128296
531.592834
535.976440
535.861938
533.212830
534.227234
529.551514
534.103271
532.592041
536.174683
533.437927
531.149902
537.066589
531.024109
528.963745
531.686340
531.850342
538.864197
535.094360
535.157104
530.469788
532.296936
535.306885
530.573914
535.707886
536.664551
533.552490
534.686768
530.206116
533.158813
535.010071
530.011719
535.602905
536.804871
534.535706
533.138367
526.462036
532.665955
535.781738
540.997314
533.209106
525.144775
529.495361
528.055237
532.127747
535.890381
533.406433
537.382996
532.947571
534.246704
531.090698
533.458984
534.536011
528.735962
534.995117
537.621155
535.071533
533.514709
526.573547
531.959717
537.513916
533.954956
536.209778
532.845825
531.615845
533.776917
529.625183
535.507568
534.989868
537.989319
530.751221
527.266785
534.811829
532.627625
533.058777
532.325134
530.947449
539.088989
535.590454
534.395508
527.740845
531.760132
536.616394
533.037781
537.064697
535.222412
532.348267
533.122620
528.627319
534.617676
537.345581
532.610291
535.377380
533.374390
533.640137
533.781433
527.691345
534.596069
536.436523
540.764282
530.950562
525.199951
532.092224
532.786377
537.173218
535.899170
531.962341
537.203552
532.550110
533.376770
529.050110
534.146362
536.482666
531.377747
535.430786
534.454590
533.413452
533.312866
527.408752
534.130676
538.146606
534.317749
534.845093
530.504211
532.367126
535.310547
530.689575
535.930237
535.013794
538.181641
529.393860
526.842285
534.906250
535.340515
537.984375
534.152161
531.112671
538.523010
534.163879
532.840759
526.598633
533.448730
538.347351
534.552917
535.476135
531.508240
532.484314
535.192261
530.052490
534.998535
536.212646
533.011353
535.084290
531.125122
532.642761
534.282959
530.268555
536.815063
537.572388
537.487366
525.921570
526.591309
540.489014
546.086060
547.996094
536.796875
528.171936
534.705872
533.590637
533.862671
528.759094
534.148010
536.184570
532.865601
535.478394
532.209229
532.962097
533.880981
529.157349
536.159363
538.025757
533.860107
532.796387
527.934448
533.408203
537.601074
532.661987
535.881287
534.634705
536.494019
527.744446
528.732849
538.724060
542.168884
545.331726
535.812439
529.243652
535.558655
533.184143
533.070374
528.558777
535.958130
538.350830
533.901428
533.682434
529.420105
533.302673
536.420898
531.138733
535.329712
535.576172
533.902771
534.273743
528.326782
532.715088
536.114868
532.880005
536.863220
534.414734
532.626648
529.428223
534.277527
537.493530
529.705688
526.666870
520.613525
524.933655
538.128601
535.835022
533.028870
530.428406
534.996033
535.986572
533.863098
534.750427
529.348389
532.635193
535.466797
531.914307
536.743652
534.913696
532.211243
533.070129
529.012024
535.596863
537.560669
531.752136
533.859314
532.426880
534.545776
532.199402
535.237671
535.260376
528.134155
528.851868
524.134644
527.307251
537.126831
533.497925
532.472900
531.140686
536.827698
536.309326
532.792053
533.029968
528.711304
534.813354
537.717529
532.082214
534.388672
532.849548
533.660828
534.678955
528.418823
534.055115
537.062195
534.036560
535.170105
530.124756
531.799133
535.155762
535.394104
531.977295
530.877380
542.839355
543.549194
541.545898
539.554077
530.355103
532.392822
534.026855
534.578674
534.635803
534.242310
534.579956
528.226990
533.722351
537.300659
534.111267
535.927246
531.234924
531.331848
533.785645
530.335388
536.954773
537.506042
532.458374
532.889282
529.612061
534.357727
536.803162
535.109985
529.259583
529.878967
545.128174
546.851196
542.964844
536.959839
527.850891
533.630310
536.882812
536.765503
533.050293
531.776001
533.381714
529.568359
536.216370
537.556213
532.612976
533.725891
530.685120
533.848511
535.833374
530.187561
535.238220
536.249268
534.014282
534.112244
528.071045
532.464661
536.633301
533.451904
533.885376
535.819580
539.824890
525.498657
516.017700
518.742737
526.183044
540.778748
538.821411
531.550415
532.774963
533.433167
534.259705
529.119324
535.662109
537.588074
533.809692
533.289856
528.312500
533.051208
537.237122
532.740112
535.799133
533.903015
532.032837
534.186523
529.898682
534.674194
536.494385
532.284302
532.605042
536.528015
540.961426
525.072021
513.919373
516.020447
526.046631
543.462708
540.244019
530.368164
529.642334
532.528625
535.875793
531.699402
536.326294
535.878296
533.014282
534.078735
529.107361
533.388733
536.331543
532.779297
537.345825
535.162903
532.076050
531.610901
527.383484
535.564941
539.374695
534.331238
530.565735
533.203552
539.598816
527.562378
518.521729
517.479797
524.847656
541.702393
539.350891
531.254761
529.802979
532.002686
534.890503
532.004517
537.528198
535.707092
531.891602
532.186951
528.539490
535.511230
538.201782
533.063599
534.735596
532.326904
533.575195
535.455078
529.685303
534.649231
536.922058
534.437866
535.712097
531.485413
532.111328
527.898376
535.557129
543.465881
544.581299
545.163086
531.429932
525.952637
532.613342
534.895203
537.790710
532.118286
534.769409
533.478760
533.520569
534.713074
528.811401
533.982666
536.786011
534.083130
536.211792
531.400208
531.423889
533.735229
530.683228
537.021667
537.209412
532.813171
533.507935
531.500977
533.851868
530.286194
537.025940
541.794556
542.577209
544.870422
532.929749
527.785278
531.858643
533.160461
537.173950
534.357422
536.330566
531.700195
531.257568
534.082153
530.909302
536.820312
536.966614
532.106262
533.692749
530.803467
534.050476
536.060486
530.900024
535.981445
536.641418
534.029907
533.891907
530.281372
531.178772
530.084717
540.925598
545.909851
544.346436
542.686157
529.240112
526.692627
533.560547
536.080322
537.552612
532.898926
534.558594
531.479980
533.421936
535.215332
529.982300
535.142883
536.499390
534.179199
534.877319
528.985657
531.920410
535.738892
533.041321
537.761230
535.103699
531.424500
532.432495
529.172913
535.441956
536.140381
539.391479
531.354797
524.907715
530.219849
529.040588
533.277527
535.655334
532.576965
537.271118
534.245239
534.881897
529.495605
531.884155
535.212036
532.195740
537.533264
536.053345
532.187439
532.924805
529.308594
535.312500
537.808411
532.222534
534.656738
533.116394
533.724304
535.193726
528.944214
532.871277
535.302917
541.491760
532.469849
523.165710
525.349792
524.922546
533.073669
537.283325
534.521606
537.738464
532.906067
532.893066
529.313232
534.966431
537.790100
531.858337
534.522949
533.451233
533.460571
535.336304
529.029358
533.200867
536.422302
534.074463
536.892212
532.053284
530.555420
532.558472
530.222778
537.724854
536.502136
538.149719
529.151428
526.782166
535.403625
535.424866
539.414978
534.684692
528.798035
535.415466
534.354797
537.226379
529.871582
530.249756
533.647705
535.065369
541.539734
533.358154
527.997131
530.151062
530.515442
539.979431
539.580994
531.005432
532.146606
531.056030
534.935059
536.020020
529.242371
533.638916
534.490112
539.953674
531.525269
526.749451
531.978577
533.324707
540.095337
537.872681
532.605225
535.609985
530.418640
533.158264
531.116882
537.358643
537.508118
531.028198
533.423218
532.132935
534.291382
535.318298
529.292053
535.695190
538.083496
535.072998
534.739807
527.989502
531.174927
536.472412
534.030762
537.597595
534.695984
535.026917
526.555176
529.905945
541.114746
543.036072
544.425049
535.121704
528.894043
535.745239
533.947144
534.016785
529.060669
535.681824
538.131348
534.470459
534.342407
528.829529
531.542908
535.883789
532.663086
537.452393
536.158447
532.782654
534.136353
529.551208
533.386597
535.639832
531.709717
535.956848
534.218323
535.808289
527.821899
529.972900
539.157471
541.944458
545.603027
535.867126
528.448669
532.900330
531.324158
534.532776
531.928101
537.837219
537.578491
533.117859
533.428467
528.841858
532.925354
536.396973
532.469971
536.354126
534.656982
532.681396
534.154175
529.140015
533.844299
536.490234
533.134766
536.042053
532.184814
531.295166
530.166626
536.978760
538.940552
529.634644
526.773071
521.216614
525.478943
537.074341
534.657227
533.349304
531.188049
535.398376
535.387268
534.225525
535.502930
529.100037
532.088501
535.587524
533.593750
537.791992
534.107300
531.291138
533.289551
530.445984
536.792358
537.652344
532.007690
533.331360
530.911438
533.775635
532.656982
536.763184
535.599548
527.762939
529.266418
525.754517
528.632874
535.535400
531.378845
532.680908
533.068787
538.656128
535.988281
531.754272
532.246399
528.534851
535.317810
538.063965
532.801514
533.964905
530.955078
532.854187
535.730103
530.467102
535.302124
537.033569
534.595581
535.706238
529.520691
530.830872
534.611938
536.484253
532.711304
531.161499
543.073181
544.153687
542.039978
537.766663
528.517822
533.149170
536.058228
535.570312
532.880066
532.451965
534.208862
529.196655
534.823792
537.407104
534.631348
535.856934
530.260315
531.002686
534.381409
531.613037
537.411072
536.815735
532.672363
533.541687
529.130493
533.403015
536.557922
536.321106
529.929382
529.346680
543.473694
545.589722
543.119690
536.907349
527.715088
534.181152
537.467102
536.530334
531.538696
530.677185
533.171997
530.180359
536.772400
537.620483
533.112915
533.671021
529.409180
532.643738
535.989014
531.481079
535.773926
535.251404
533.301392
534.291382
528.430481
532.916382
536.857544
538.262085
531.038452
528.850098
541.044495
543.105286
542.970764
537.730530
529.447815
535.364014
535.671692
534.252136
530.424072
532.300415
534.866272
530.427612
535.660095
536.192322
533.979858
534.724182
528.717407
532.094543
535.966858
533.371338
537.537476
534.468079
531.262146
532.303589
528.457092
535.280334
538.218384
533.647156
531.530823
534.178345
539.479736
526.649963
517.573425
517.400574
525.028687
542.359009
540.569946
531.577881
529.208130
531.080994
535.199646
532.984436
537.463806
534.570129
530.923157
532.794495
529.486633
534.912292
536.937866
532.190491
535.660889
533.680420
532.947144
533.678955
527.892700
534.465698
538.517273
535.947632
532.102234
532.800049
536.821655
525.895447
520.609741
521.195618
527.188232
541.181946
536.843323
529.190796
529.385925
534.144531
536.658875
531.821411
535.286743
534.060181
533.170105
534.303711
528.292603
533.206421
536.953125
534.716553
536.337830
530.482971
529.994751
533.878540
531.724182
537.492859
536.399414
531.578796
529.401794
534.439209
539.821106
527.823425
519.984314
517.510986
524.695251
541.842773
539.397583
531.396179
527.751221
531.206360
536.120056
535.426941
538.244080
532.226318
529.602722
532.766785
530.841919
537.692261
537.719421
531.968994
533.241150
530.396973
533.578735
536.003540
530.701172
535.292236
535.812439
534.074097
534.870728
530.904053
530.833740
529.070007
540.502686
546.617859
544.538696
542.494324
529.137451
526.723511
533.445435
535.172302
536.743408
532.629639
535.200623
532.044739
533.048096
535.122192
529.652100
535.039795
537.207153
534.987610
535.286865
528.341064
530.464722
535.008728
533.373047
538.042114
534.903503
531.301636
532.651550
531.646851
532.698853
531.134521
541.547974
545.337769
543.228882
541.643127
529.284302
528.061035
533.606995
535.745605
537.775146
534.142700
534.259705
528.454224
530.873535
535.482483
532.629150
536.899536
534.845520
531.720093
533.597595
529.417297
533.689148
536.284546
532.272583
536.043152
534.245483
533.038940
533.918274
527.996521
532.883423
535.669128
542.349121
533.470825
522.673035
523.984619
524.363953
533.911377
539.028809
534.713623
536.185547
531.385742
533.366394
530.431396
534.349060
536.073303
530.788452
535.439331
535.821350
534.224121
533.850037
527.045471
532.401611
537.818604
535.764648
536.940125
531.110962
529.887390
533.374573
530.482788
535.191284
536.392822
540.760132
530.052612
520.843689
524.226074
526.387268
535.660522
537.418274
532.531494
536.371643
534.164246
534.241882
527.849792
532.084717
536.936462
534.925659
537.730530
532.917847
530.491699
532.843262
529.405823
535.657349
537.722168
533.289551
534.877502
531.123108
532.425293
534.886047
529.802307
534.990234
534.879150
539.547424
531.346985
526.592407
531.361938
531.941895
538.364929
537.423279
532.334167
536.067505
531.247437
533.066223
529.321960
534.955933
537.370056
532.995911
535.574646
532.928101
533.060730
534.274353
528.156677
533.814636
537.300171
535.759827
536.287109
528.843689
530.028381
534.730835
532.940247
537.937927
534.504578
536.285217
528.320923
527.661987
535.434937
536.850281
541.304443
535.711304
529.713867
535.217529
532.866699
534.683960
528.508667
533.149536
536.856079
535.402344
536.953308
530.161804
529.827576
533.827087
531.781860
537.525146
536.454041
532.309143
533.789795
529.781677
533.235352
535.482910
531.404785
536.543457
536.196899
537.242004
527.259338
527.496582
537.574219
542.446716
547.748047
538.539612
529.066772
532.448303
530.962524
534.406738
531.754456
536.806030
536.531494
532.542542
534.602905
531.057251
533.334595
534.963440
529.892151
535.152832
536.080017
534.608032
534.753174
527.453247
531.325317
536.026672
534.302063
537.257385
533.083740
534.078430
527.472900
531.238647
539.570740
540.875977
544.482788
535.372375
529.109070
534.189392
532.604736
534.490662
529.881226
535.664734
536.938538
534.363037
534.212585
527.326172
531.168579
536.643250
534.250305
537.233704
533.699951
531.793579
534.303894
529.534363
533.524902
535.616089
532.933960
536.850464
533.513428
534.644897
527.808350
531.211060
538.278992
540.130066
544.405457
534.662048
527.467529
531.752563
531.612305
536.773621
533.099731
535.787476
533.870605
532.635071
535.298279
530.172791
532.924011
535.130798
532.147644
537.022400
534.812988
532.510681
532.713867
527.323608
534.332825
538.544312
535.698547
535.732361
529.246582
530.742737
531.957825
539.064209
537.590576
527.283875
526.760864
523.027771
527.778748
536.703003
533.390503
533.901794
531.911377
536.353516
534.995850
533.434387
533.978516
527.841370
533.163818
537.807617
535.580811
536.666931
530.863220
531.040955
535.126587
531.567078
535.984436
535.662415
532.594666
535.278870
531.061768
532.862915
531.750000
537.091675
535.379028
528.468750
530.758545
526.550964
528.393555
533.867310
531.879211
536.490601
534.763367
536.124329
531.480164
531.091125
534.883240
531.093872
535.212341
535.690552
532.603943
535.682617
531.765991
532.383301
533.766052
529.090698
536.122253
538.500732
535.387939
533.156067
525.846863
531.570007
538.783813
539.865601
530.127014
526.059875
541.024841
546.893188
547.772095
540.238037
527.438416
531.661316
535.168579
536.718994
534.084351
532.877502
532.035706
526.810181
535.826172
539.727234
535.992493
533.882568
526.847412
531.669800
538.266052
534.234070
535.433777
532.791748
533.011230
536.679077
530.787720
532.411987
534.550110
537.223022
531.965332
530.609619
542.401062
543.390930
542.017883
536.172974
529.138245
536.998169
537.804443
534.519226
528.554443
531.512024
536.481995
532.604309
535.982056
534.535461
532.533936
534.996460
529.946167
532.449829
534.854370
531.984497
537.088562
536.085571
533.944275
533.483887
527.136292
533.046448
537.361206
538.663086
529.398499
527.694458
541.798401
546.188782
545.865784
537.001282
527.151489
534.652649
536.538696
535.672913
529.792542
531.427246
534.691406
532.156433
537.331665
536.049500
532.874451
533.056641
527.532166
532.938660
537.376953
534.041626
536.286438
532.611816
532.109863
534.526367
529.417664
533.979126
536.029053
534.116760
533.119629
535.425049
538.778442
525.624451
517.866089
517.861633
526.335999
543.328003
539.500488
529.285278
526.612122
531.869690
538.110657
535.164917
536.415344
532.558533
532.087646
535.326965
529.979614
533.203247
535.208679
533.702148
538.121216
533.915466
531.736511
532.257202
528.446655
536.581421
539.014038
534.560974
529.498047
531.651794
537.825806
529.241211
523.862183
520.342651
524.157776
539.277832
537.669006
531.864624
529.790039
532.642090
535.748047
533.791870
537.590942
533.394104
531.205078
532.810913
528.632141
535.004822
537.675659
534.409241
535.148743
530.032104
532.197876
535.677673
531.025269
534.760071
534.496521
533.830383
536.112427
532.235352
531.158386
528.324036
539.110168
545.773438
544.767639
543.500793
529.844543
526.264099
532.094910
535.305054
538.864868
534.219360
534.583252
530.628052
532.704834
535.702759
529.462402
533.737549
536.113892
535.747437
536.827209
529.070801
530.285706
534.688293
533.047729
537.620667
534.784363
531.914612
533.873779
532.707153
532.837036
530.763977
541.213684
544.736023
542.337769
541.722290
530.705505
529.118530
532.668579
533.000305
536.120056
535.409973
537.401001
530.301331
529.930237
533.496643
531.466919
537.668762
536.667297
532.646545
533.162231
528.734985
533.951050
537.319153
532.609802
535.248352
533.184204
533.009583
534.653137
531.905212
530.502014
530.180908
543.313354
546.783264
543.208008
540.366821
528.986145
529.490234
534.207825
535.259277
536.279114
534.105591
535.347778
529.484131
531.948975
535.626709
532.040771
535.834473
534.253479
533.062805
534.866882
528.962402
532.812256
536.059998
533.757385
536.984985
532.677979
530.882019
532.811157
529.487549
535.188171
537.497009
541.685974
529.344116
518.825623
523.051636
526.995850
536.678650
537.292358
530.830505
534.682190
534.482056
535.827637
528.594543
530.894287
535.042542
533.767090
537.667114
533.533875
530.815857
533.057556
529.931213
536.047546
537.806580
532.845398
534.344238
531.107300
532.921204
535.463806
529.587769
532.670288
536.054749
542.809204
530.714844
518.471436
519.366699
523.418030
537.149536
540.177368
533.801636
534.783081
531.759521
532.926636
528.479553
534.285706
537.670227
533.641113
535.342102
531.754089
532.387390
535.032227
529.288269
533.506653
535.845886
534.517273
536.200439
529.599854
530.203552
534.113037
532.212402
538.025391
535.013489
536.455688
528.069397
527.076416
534.822693
536.405518
541.165405
535.533936
529.084900
534.795227
532.971252
535.100342
528.715759
532.289368
535.304077
534.486877
537.818848
532.198486
530.795654
532.698792
529.731567
537.205872
538.379883
533.826660
532.379700
526.835999
532.580505
538.344482
533.481934
534.772095
531.682983
536.567139
531.258301
530.407288
533.509888
532.898682
539.768494
537.324097
532.740479
535.614136
529.747559
531.400085
529.391418
537.375305
538.705505
533.306580
532.774109
528.949951
533.014099
536.473267
530.922791
534.375793
534.726196
534.365784
535.481079
528.492065
531.583252
536.153198
534.279419
537.689270
533.103638
533.927429
527.642334
530.995850
538.361206
539.383423
543.051147
534.812439
528.922668
534.110596
532.152466
534.261902
529.432373
535.081543
536.664185
534.728516
535.044250
528.389587
531.336426
535.926270
533.248474
536.973389
534.368774
532.335938
533.632996
528.692627
534.056580
537.399597
533.760620
535.414307
531.112488
533.714783
528.921692
532.582642
537.879395
538.269714
543.301331
535.598206
529.629089
532.927002
530.725403
534.566895
531.689941
537.025208
536.076294
533.059753
533.425476
527.831543
533.012817
537.389038
533.582520
535.439087
532.336914
532.980957
535.623108
529.446777
532.987427
535.622864
534.860596
537.503845
531.131653
531.978027
528.067383
534.396912
539.707825
538.472961
540.716125
531.258728
527.219055
532.916138
533.245544
537.596191
531.557495
533.841736
533.301208
534.278442
535.959839
528.376221
531.636169
535.856567
534.921631
537.581970
531.464233
530.194458
533.688232
530.728088
536.391357
536.779419
532.907166
534.174988
529.725952
532.365173
531.843262
537.151794
535.051147
527.941162
530.965576
527.380737
529.021729
533.903809
531.201111
535.756104
535.137695
537.411072
532.318970
530.575989
533.339355
529.604370
535.352905
537.177795
533.041443
534.284241
530.649292
532.882812
535.397583
529.714172
534.288330
535.816223
535.069153
535.619812
528.053650
530.957275
533.090576
540.434265
536.007996
526.108032
527.616089
525.481384
530.642151
535.772949
532.229126
535.690063
533.489136
536.140625
531.892334
531.856750
534.110962
529.559509
535.205017
537.163452
534.699585
535.367493
528.969543
530.833923
535.019348
532.681274
537.499695
535.415100
532.083130
532.840637
528.247986
534.039124
537.614990
537.389343
528.879578
528.065125
543.929321
548.193176
545.935547
536.107178
525.814880
534.116150
538.064575
537.244934
530.579590
530.342896
533.862610
531.243774
537.181824
536.772400
532.817810
532.721741
527.364258
532.409607
537.263672
533.835510
536.774231
533.455383
531.840210
533.499390
528.326050
533.705078
537.430542
538.752441
529.610779
527.470337
540.879883
544.613647
545.269226
537.758667
528.343445
534.799927
535.338989
534.153503
529.697632
533.213013
536.662354
531.463928
534.685852
534.250549
534.351501
536.279663
528.881836
531.063293
534.420349
533.619263
538.404846
534.190430
531.507568
532.497925
528.514648
535.395508
538.063477
538.363708
528.113281
527.109802
540.762573
544.772400
545.273499
536.583313
528.415039
536.373840
536.547546
534.096985
527.310547
531.767395
537.351013
534.623352
536.323853
532.169739
531.509155
535.016663
530.719971
534.466248
535.717529
532.447998
535.883484
532.725342
532.759033
533.893555
528.596252
535.048340
537.943665
535.420166
531.126831
532.139709
536.582336
527.459656
523.065186
520.732544
525.052368
539.867371
537.931641
532.027161
529.454834
532.052124
534.723267
532.734253
537.295898
533.805481
531.801819
533.055664
529.341797
536.590210
539.126587
534.249390
532.753418
527.624512
532.370544
537.759155
532.747620
534.598145
533.686768
533.778259
532.837280
535.091003
535.755371
524.402466
521.345825
521.029236
527.801636
541.441162
536.425537
529.245361
527.739807
534.606812
538.184326
534.030457
534.108032
529.586731
532.357727
536.439087
530.956848
534.554321
535.881592
534.825378
536.014099
528.854736
530.101807
533.980469
532.293274
537.895874
535.649963
532.561829
533.550537
531.945801
532.568970
531.196838
541.005005
543.032898
540.443481
541.259399
531.729980
530.585144
533.318909
533.145813
536.091492
535.230469
536.206299
528.971741
529.826111
534.321777
532.013611
536.926514
535.511597
532.921326
534.675293
529.734314
533.395020
535.515320
530.877625
534.926819
534.294434
534.574890
535.266418
531.323364
528.939636
529.601624
544.839722
548.830261
543.920593
539.050659
526.914246
528.565857
535.224121
536.791382
536.651611
533.400452
533.974121
528.760193
532.547974
536.313477
531.902161
535.431274
534.506958
533.973145
535.307373
528.359558
531.936462
536.232910
534.240601
536.605164
531.891541
531.440186
534.212463
530.094910
533.958679
535.905945
541.298279
530.270508
519.580933
522.680908
525.908936
535.873230
537.123718
531.755249
535.945679
534.602905
534.575867
527.234253
531.173218
536.601257
534.655457
537.101929
532.598328
531.311646
534.025146
529.894592
535.027100
536.977356
533.153259
534.869629
531.264038
533.457642
536.047363
530.036560
532.029724
534.850891
542.081299
530.959595
519.112366
520.052368
524.177917
537.486572
539.601013
533.159302
534.230042
531.749573
533.293945
528.843506
534.460571
537.586426
533.382263
535.160950
531.828491
532.908081
534.604187
528.329956
533.337280
536.746643
535.404053
535.864563
529.061096
531.289307
536.022522
532.559509
533.440979
534.443115
540.428345
529.014648
518.651306
519.786682
524.607422
538.308411
538.837097
532.216003
533.983154
533.105225
533.658875
527.271484
533.403992
538.366699
535.843079
535.343384
528.747375
530.627991
535.532104
532.078003
535.707214
534.803040
532.689636
534.870361
529.866150
533.105042
535.947693
531.575562
535.403809
533.429199
536.943726
529.980408
529.453796
534.979370
536.738342
542.493835
535.848572
529.273193
534.067200
532.078003
534.569397
529.547791
534.351196
536.578796
535.013184
535.859070
529.166992
530.980652
534.941101
