538.504211
538.350525
538.371277
538.747559
538.312500
537.367493
536.911621
536.450745
534.088562
529.128296
524.283386
522.882996
525.280701
528.111572
529.280640
531.118042
535.466064
541.171509
545.398010
546.462646
545.023010
542.241821
538.894958
536.567444
536.745483
537.891113
536.190308
531.060547
525.726990
523.534790
524.200073
525.877197
527.773071
531.233398
535.722900
539.491516
541.951111
544.755920
546.934204
545.519775
540.383728
536.107239
535.811157
536.995117
534.886475
529.273315
524.058594
522.432983
524.017273
527.222229
530.893616
533.953735
536.642273
539.254944
543.269409
548.082153
550.020447
546.868408
540.923462
537.384094
537.576477
538.233948
535.966858
530.783020
526.128174
523.960083
524.100891
525.875610
528.447021
532.033936
535.807556
539.541016
543.148193
546.053101
546.409241
543.878418
539.955444
537.463745
536.585449
536.091553
533.800293
529.261963
523.979980
521.454834
523.499817
528.166321
531.785217
533.299255
533.759949
536.180603
540.918030
545.338501
546.883911
545.343201
541.631042
537.953857
536.251343
536.287109
535.270508
531.060791
525.553711
522.678345
523.759033
526.303833
528.492493
531.311584
535.903687
540.932800
544.247009
545.249634
545.151367
543.871826
541.333008
537.718140
535.369690
535.031006
534.452026
531.673096
527.783875
525.096680
524.208984
524.468079
526.491455
530.250793
535.178101
538.860107
541.139221
543.687439
546.251282
546.095337
541.959106
537.609497
536.511047
536.661621
533.988525
528.750732
524.891907
524.209778
525.213989
526.295837
528.422424
532.240417
536.615479
540.643127
543.428040
545.473816
545.969727
544.213623
541.040344
538.944153
538.358887
537.386353
534.858643
531.284302
527.164917
524.280396
523.273804
524.680725
528.103699
532.009094
534.638855
537.090088
541.219849
545.940491
547.600159
544.933289
540.336487
537.384094
537.024536
536.913452
534.643799
529.961792
525.022949
522.110168
523.112671
527.059509
530.881714
532.793762
533.605774
535.616882
539.888123
544.492493
546.839905
545.666016
542.085999
538.307739
536.638855
536.944824
536.208313
532.294250
526.564148
522.812134
523.048828
525.651123
528.145508
530.913025
535.038147
539.502808
542.782776
544.787048
545.730347
544.556702
540.832947
537.112183
536.025146
536.366089
534.313293
528.950745
524.050598
522.695984
524.015686
525.238953
526.446838
529.410400
533.806763
537.673401
540.626892
543.921692
546.759155
546.228821
541.727600
537.195435
536.365173
537.354187
535.559998
530.010132
524.903381
523.558594
524.713745
526.183899
528.049561
531.087036
535.224426
539.178528
543.105408
545.930481
546.495911
543.779541
539.709412
537.696106
538.414246
538.744202
536.455811
531.863892
527.632507
524.665833
523.729980
524.587952
527.177979
530.738525
534.046448
536.985291
540.968872
545.173645
547.084778
545.099243
540.960571
538.045044
537.617737
537.546997
535.120667
530.058105
524.866272
522.494507
524.012207
526.867188
529.773010
532.180847
534.589966
537.734375
541.488098
544.732544
546.324707
545.582275
542.782227
539.028625
537.308899
537.303955
536.716492
533.378052
527.694702
523.171021
522.706665
525.223328
528.569458
531.307007
534.454224
537.961609
541.536560
544.632751
546.247498
545.104126
541.013428
537.020325
536.765198
537.787720
535.935303
529.471985
522.836365
520.817322
523.618530
526.533569
527.085144
528.062439
531.528442
536.244507
541.071472
544.402588
546.522278
546.372375
543.050842
538.481384
536.430664
537.249756
536.637085
532.374817
526.969116
523.658325
523.547119
525.138916
527.976440
531.738892
535.013916
537.811707
541.221436
545.669250
547.872437
545.278381
539.818420
536.171692
536.728271
538.708679
537.956665
534.047852
528.922852
524.798828
522.884277
523.819092
526.994263
530.538086
533.080994
535.540833
539.546265
544.647583
547.386963
545.811523
541.496704
537.984802
537.254944
537.413940
535.478699
531.260376
526.319885
523.277283
523.295898
526.055847
528.821533
531.466309
534.661194
538.587036
542.668945
545.406616
545.618408
544.627747
542.965027
540.775085
538.215271
536.786011
535.670593
533.030701
528.826538
524.416565
522.636353
524.334412
527.434570
530.487122
533.404175
536.806702
540.685425
544.191833
546.524536
545.839294
542.112854
537.797913
536.724060
537.699951
535.899109
530.260376
524.453613
522.894043
525.367493
527.043152
526.254822
526.125000
530.084534
536.162415
540.905518
543.624146
544.877869
544.895691
543.267334
540.222046
538.274414
537.576782
535.908081
532.128296
527.788818
525.065063
523.784363
523.851746
526.358521
530.970886
535.556335
537.966003
540.030945
543.706177
547.037842
546.281799
541.246338
536.437195
535.850464
538.309082
539.079712
535.551453
529.872742
524.898010
522.812134
523.942932
526.692627
529.414124
531.838989
534.893188
539.307373
544.338501
546.771545
545.281433
541.669067
538.973389
537.978882
537.606323
535.649658
531.915405
527.593994
524.114441
522.685181
524.454346
527.654968
530.905701
534.241699
538.164795
541.974182
544.846313
546.221558
546.015320
544.453979
541.288757
537.804321
536.411072
536.756775
535.532532
530.290771
524.336548
521.987671
523.945251
527.232666
529.781677
532.233704
535.887756
540.205627
543.744080
545.816650
546.219849
543.356445
538.824951
536.249268
536.551086
536.016418
532.195557
526.615112
523.502502
524.427307
526.253418
526.272461
526.635864
530.082275
534.910278
539.164307
542.216309
544.647705
546.284912
544.962280
540.940063
537.342957
536.653076
536.408813
533.377930
528.861511
525.345642
524.166748
524.576782
526.085632
529.369141
533.545227
537.303406
540.531433
544.135376
546.928101
546.182373
542.239929
537.857361
536.635864
537.974548
538.221619
535.484863
530.571472
525.985474
523.286499
523.365417
525.754883
528.652649
531.864319
534.987854
538.577454
542.645752
545.641724
546.058716
543.772034
540.568054
537.912781
537.341309
535.527710
531.456116
528.350891
529.084229
532.752075
534.512817
531.025024
524.794373
521.893005
524.143127
526.972595
529.330750
532.382263
536.351990
541.047485
544.568298
546.041138
545.471313
543.117310
539.859253
536.617493
535.114868
535.332703
534.236572
530.669250
526.313538
524.149902
524.250366
525.480652
527.590088
530.619812
535.025940
539.468872
542.155579
544.420044
546.297180
545.537964
541.383423
537.105591
536.072144
536.291992
533.866028
528.708313
524.457764
523.336853
524.406128
526.740662
529.967834
533.770996
537.557983
540.762207
542.997498
545.222046
546.565430
544.601379
540.757507
538.259644
537.793213
537.234619
534.765991
530.237427
525.463684
523.357544
523.584900
525.361145
528.367798
532.412354
535.821228
538.799622
542.492126
545.701233
546.443542
543.595032
539.581116
537.580139
537.246155
536.444092
533.077576
528.222473
524.101379
522.577820
524.534668
528.348450
531.482300
532.828491
533.303894
535.920593
540.636536
545.233398
546.424072
544.205688
540.734375
538.070557
537.040833
536.783264
535.036011
530.838989
525.440430
522.916443
523.929199
526.980408
529.586548
531.516541
534.889587
539.704407
544.095337
545.724487
544.878723
542.430847
539.240540
537.572754
536.858826
535.372375
532.633789
528.231140
524.927368
523.930664
524.755188
525.289429
526.357666
530.069397
535.017090
539.256104
542.018738
543.692566
545.801880
545.558777
541.754761
537.080505
535.661499
536.839478
535.573486
530.478394
525.038208
522.917664
524.044983
525.857544
528.856201
533.114563
537.121643
539.852478
542.599915
545.353027
546.693481
544.536743
539.951355
536.510437
536.369141
537.202148
535.973389
532.159912
527.621399
523.850403
522.795898
524.261353
528.088928
532.064941
534.985352
537.567261
541.333984
545.662231
547.138489
544.330627
539.815247
537.433899
537.672729
537.127441
533.850037
529.036621
525.227112
523.768555
524.023865
526.425842
529.951660
533.298462
535.741699
537.911804
540.756165
543.813721
545.576538
544.910095
542.175232
539.295410
537.238586
536.050659
534.867554
532.155945
527.661682
523.713135
522.905029
525.195618
528.818726
531.966675
534.797607
537.950378
541.839478
545.157104
546.594482
545.054382
540.886536
536.897278
535.958923
536.261719
534.640869
529.629028
523.724243
521.058167
523.010620
526.189514
528.257385
529.690002
532.336304
536.151489
540.825806
544.534302
546.414734
545.629883
541.975159
537.871643
536.597961
537.127014
536.011658
531.304504
525.862061
522.850525
523.215393
525.438110
528.867737
533.121643
536.475159
538.591980
541.425903
545.216125
547.561096
545.134216
539.085815
534.579407
535.359497
538.294250
537.994995
533.324280
527.599426
524.127991
523.576904
524.675232
526.747131
530.072083
533.944580
537.456726
541.186035
544.827271
546.501709
544.741760
540.636475
537.850769
537.721863
537.334290
534.317261
529.840698
526.148499
524.177124
524.020508
525.542358
528.060608
532.059631
536.203552
539.332336
542.241089
544.824768
546.360107
545.325439
542.168579
539.046997
537.446533
537.574890
536.457703
532.556030
527.328125
523.487793
523.085754
525.058228
527.841553
530.595825
533.863281
538.285156
542.462280
544.990051
545.568726
544.159851
541.246399
538.201294
536.683228
536.288330
534.414001
530.239746
525.303589
523.061768
524.796265
527.361267
527.857666
527.856506
530.531189
535.907471
541.286499
544.511353
545.367065
544.960449
543.322083
539.994751
537.015381
535.995911
535.179260
532.180725
527.717285
524.099243
523.462524
525.051453
527.727783
531.651611
535.967651
538.846436
540.974365
544.118835
546.523499
545.441711
540.991638
536.419250
535.587646
537.926270
538.292542
533.611633
527.285461
524.131409
524.385193
526.217102
528.078308
529.958740
532.598145
535.939697
539.995605
544.088562
546.297729
544.674316
540.915466
539.318787
539.692566
538.127014
533.561462
529.019714
527.019348
526.114075
523.915588
522.601929
525.840881
532.355713
538.007202
540.567200
541.019409
542.323364
544.947388
546.609558
545.032471
540.911438
536.964050
535.293335
535.893250
535.171814
530.478638
524.539734
521.261780
522.891541
527.556274
531.685364
534.180664
536.880127
541.194336
545.170898
545.397888
542.120850
539.410400
539.582520
541.235779
538.803467
534.664124
528.069519
524.348083
525.462524
526.923950
525.777283
523.908386
523.721802
528.181458
535.180176
542.847290
543.947754
544.023315
544.469055
543.875732
540.917480
537.311401
535.330078
535.525513
534.192200
530.010010
524.241211
521.799500
523.589844
527.482666
531.174622
534.816772
537.374817
540.025940
544.118164
547.925903
546.906677
541.686462
535.939148
534.794678
538.024292
539.587219
535.383240
528.536926
524.096619
523.639343
525.215393
527.044128
528.397339
531.922729
536.666504
539.696228
541.519836
543.780518
545.918335
546.220398
543.421204
538.135315
533.495300
531.969788
531.980408
530.474182
526.675598
522.567383
521.964417
527.072266
533.571350
536.305603
537.084961
538.891113
543.440063
548.035950
548.616760
544.630920
539.427856
536.911987
537.325500
537.133545
534.720093
529.490906
524.754944
523.449524
525.175354
527.623230
529.011841
531.002808
535.411560
541.106445
545.608521
546.247864
543.907104
541.536987
539.983459
538.617981
536.761230
534.526367
531.510376
527.698120
524.206726
523.534790
525.400452
527.813293
529.760803
531.747803
534.895081
538.675049
541.934021
544.286255
545.769592
545.245056
541.344482
536.794983
535.470459
536.542053
535.548523
530.291321
524.328796
522.342896
524.580139
527.575134
529.779419
532.447876
536.667664
541.105347
544.624207
546.649475
545.930847
541.649170
536.863342
535.441162
536.436951
536.282593
532.316528
526.655212
523.300903
523.574036
525.064331
526.046692
528.126831
531.520264
534.605591
537.858398
541.948975
546.342102
547.630981
544.228210
538.599670
535.906372
537.196289
537.663330
533.660339
527.749146
524.365112
524.171753
525.443665
527.352905
529.855164
533.115479
536.780884
540.944214
544.347534
546.119568
545.427307
542.662048
539.803406
538.193604
537.445801
536.403870
534.402222
531.279785
526.853943
523.340576
522.862427
525.727356
529.904175
533.045227
535.069092
537.825684
542.503723
546.734131
547.278625
543.736816
539.205078
536.833191
536.859314
536.527344
533.407043
527.899536
523.409729
522.567017
524.941650
528.790283
531.651489
533.363159
535.345947
538.414734
541.784302
544.229797
545.462280
544.796875
542.241028
539.161377
536.625732
535.543823
534.349731
531.148743
526.444763
523.141418
523.187622
525.537354
529.009094
532.948242
537.106201
540.256470
542.427368
544.557312
545.995789
544.208252
539.540771
535.903687
535.737427
536.341553
533.571045
527.326050
522.386658
521.790649
523.749023
525.386047
527.255981
530.619812
534.669861
538.269043
541.682556
545.346130
547.388123
545.122498
539.943115
536.588440
537.091919
537.783875
534.876160
529.110107
524.641235
523.479004
524.573303
526.488770
529.163147
532.440186
535.873779
539.631897
543.903442
546.677185
546.033875
542.018494
537.935913
536.675842
537.765930
538.045959
535.608398
531.350952
527.181580
524.256287
523.770935
525.598633
528.829224
531.806763
534.168152
537.010803
541.567139
546.157410
547.326904
543.994385
539.263245
536.809143
536.968018
536.665222
533.811890
528.579895
523.923157
522.609497
524.706848
527.572510
530.378601
533.180725
536.159607
539.493591
542.569641
544.361328
545.164673
544.926086
542.752686
539.440491
537.470398
536.553528
535.050232
531.425354
526.515747
523.308838
523.676331
525.953430
528.326172
531.267456
535.361877
539.381653
542.260620
544.083984
544.985168
544.022034
540.913086
537.689148
536.631287
536.511230
533.846558
528.402222
523.735535
522.786499
524.668518
526.095642
526.918274
529.319275
533.776489
538.131165
541.283325
543.729126
545.374634
544.836792
541.376099
537.467163
536.485840
537.139038
535.680420
530.907166
525.834778
523.219299
523.530396
525.442810
528.745300
533.039368
536.497925
538.847839
541.894836
545.589722
546.794434
543.786682
538.719543
535.913452
537.069275
538.732544
537.017700
532.213257
527.532288
524.714539
523.763855
524.513000
526.793701
530.604065
534.908508
538.399658
541.511841
544.388306
545.952881
544.802612
541.515381
538.363098
536.455872
535.279846
533.493164
530.548584
527.013550
524.043945
523.372192
525.519348
529.196838
532.914673
536.252441
539.763184
543.212585
545.888977
546.833801
545.704163
542.970337
539.600525
537.194275
536.362183
535.596436
532.354492
526.990723
523.220581
523.494263
526.405823
529.025391
530.754761
533.520996
538.055359
542.712341
545.397461
545.624146
544.099670
541.178650
538.186829
536.746582
536.198730
533.750488
528.726013
524.011230
523.054077
525.279541
527.001526
526.956055
528.178040
532.395935
537.398193
540.878052
543.173767
545.419312
546.276733
543.584534
538.704956
536.122742
537.000977
536.726501
532.148621
525.983276
522.812683
523.475464
525.536804
528.037537
531.349365
535.368469
538.813110
541.713440
544.977783
546.684509
544.993835
540.337463
536.325684
536.080994
537.554565
537.021118
533.153687
528.484985
525.023193
523.406860
523.965332
526.308777
529.801147
533.604126
536.923218
540.515320
544.225830
546.408691
545.201172
541.521057
538.376892
537.330811
536.827698
534.889404
531.350220
527.139709
523.802246
522.729858
524.608704
528.484070
532.667114
536.023987
538.816772
542.221985
545.451355
546.878540
545.858154
543.352112
540.433044
537.781189
535.903015
534.672913
532.853699
529.670471
525.498474
523.068176
523.907104
527.303955
531.004639
534.142883
537.334351
540.941589
544.224243
545.990051
545.515015
542.277649
538.201660
535.816406
535.558838
534.675354
531.160950
525.983643
523.015320
524.323975
526.987610
528.090881
528.931824
531.769348
536.413757
540.588623
543.142334
544.789795
545.651794
544.012329
539.655518
536.404114
536.113892
536.193604
533.012634
527.600525
523.782654
523.811157
525.639038
527.739441
530.893372
534.669617
537.831177
540.767822
544.296265
546.918030
545.637878
541.067139
537.375916
536.535278
536.724670
534.466064
530.135925
526.704346
525.341309
524.799561
524.373108
525.701111
529.119568
532.679993
535.937622
539.462036
543.756042
546.918152
546.328674
542.093140
537.994690
536.967896
537.370483
535.914001
531.514893
526.806641
523.780823
522.975952
524.744995
528.369141
532.245728
535.093323
538.030090
541.323425
544.985901
547.415039
546.547241
543.163147
539.503845
537.303345
536.989319
537.094849
535.074402
529.659668
523.931030
521.829224
524.080933
528.144775
530.893616
532.518982
535.757019
540.731140
545.076721
546.915649
545.447693
542.023865
538.161499
536.260925
536.246216
535.745972
532.408386
526.586121
522.344910
522.336121
525.857605
529.589294
531.532471
532.870544
535.284668
538.817505
542.846619
546.113708
546.906555
543.952942
539.412048
536.579468
536.713074
537.104980
534.171448
528.377991
524.129639
523.483826
524.769104
526.540649
529.536621
533.922974
537.570068
540.085022
543.047058
546.698730
547.345459
542.753418
536.939575
535.457886
537.004333
536.513245
531.441589
525.491150
522.950623
523.966797
525.523804
526.850952
528.889038
531.638916
534.559692
538.359009
542.820496
546.580322
546.701843
543.116089
538.827148
537.322266
537.651367
536.543823
532.898071
528.231995
524.659546
523.172607
523.814941
526.932129
531.102173
534.827393
537.525757
540.539612
544.358887
546.507080
545.178772
541.396912
537.849609
536.878479
537.284668
536.934204
534.478882
530.198914
525.740723
523.428955
524.187744
526.726501
529.222229
531.918945
535.315186
539.735168
543.671509
545.444763
544.921265
542.705872
539.550171
537.090576
536.257751
535.898682
533.417114
528.393982
523.580444
522.622681
525.097778
528.927063
531.742798
533.867065
536.405640
539.235107
541.855713
544.350891
545.919434
545.137878
541.332825
537.561707
535.991882
536.441101
535.164490
530.385986
525.085876
523.012451
524.290039
526.921692
529.866455
533.206726
536.746399
539.893127
543.098145
546.278198
546.945312
543.126587
537.642029
535.535156
536.801514
536.684021
532.344482
526.295898
523.255310
523.936462
525.191833
525.747253
527.517334
531.359253
535.153503
538.230408
541.377563
544.989441
546.991089
545.077454
540.173462
536.617554
536.435913
536.541260
533.950439
529.416443
525.104858
523.015381
523.642456
526.702454
530.656433
533.920105
536.536865
539.723877
543.979370
546.765686
545.584229
541.720337
538.372681
537.557251
537.951904
537.170776
534.315918
530.447205
526.805420
524.236511
523.637817
525.335083
528.366333
531.838562
535.421021
539.107971
542.650696
545.326599
545.861633
543.917053
540.733887
537.857544
536.559143
536.141602
534.191833
529.472534
524.253662
522.295166
524.422363
527.813049
530.967896
533.583130
536.856262
540.405884
542.961487
544.443115
545.413330
545.155457
542.213623
537.964600
536.144043
536.329895
535.502197
531.330505
525.597534
522.723145
523.932007
526.494812
528.599304
531.485718
535.742432
539.805176
542.903381
545.260376
545.806274
543.418152
539.448181
536.970337
537.295532
537.223633
533.481323
527.679138
523.958557
524.148926
525.279297
525.452881
526.415894
530.105286
534.853394
538.344910
540.952698
543.884277
546.135193
545.349670
541.175110
537.379639
536.652893
536.973938
534.662231
529.919800
525.811584
524.004639
524.318848
525.996521
529.111145
532.554749
535.855591
539.262268
543.290344
546.175659
545.979797
542.506592
538.305176
536.349548
537.044983
537.583984
535.893982
531.906189
527.544006
524.439026
523.821960
525.261414
527.618713
530.496521
533.829712
537.625854
541.794678
544.818909
545.532471
543.787415
540.918274
538.335388
537.133179
536.400513
534.235596
530.034973
525.475769
522.928223
524.194702
527.008728
529.663208
532.568420
536.834229
541.298767
544.066101
544.716919
544.809204
544.931274
543.627563
539.578186
536.008850
535.383606
535.735962
533.248230
527.682922
523.067322
522.898193
525.837158
528.931030
531.382080
534.650330
538.481628
541.985352
544.781006
546.105835
544.744263
540.489563
536.669861
536.143433
536.745300
534.387756
528.649170
523.556274
522.954834
525.678284
527.716919
528.067993
529.629028
533.007874
536.616760
540.242981
544.028259
546.632629
546.303955
542.383850
537.915405
536.490723
537.018799
535.482300
531.161377
526.896667
524.551270
524.087158
524.909424
527.576294
531.765015
535.788818
538.803284
541.874329
545.282349
546.571045
543.956787
539.803955
536.735779
536.244324
536.662476
535.529114
532.442261
528.476990
524.772217
522.951782
524.127625
527.774048
530.817932
533.117004
535.935669
540.287109
544.852844
546.902710
545.321716
541.594727
538.240234
536.903259
536.314453
534.996765
531.420471
526.688721
523.119019
523.044983
525.996094
529.060242
531.654480
534.792725
538.835571
543.054382
545.455994
546.155762
545.616638
543.705566
540.261597
536.810913
535.660522
535.921753
533.940063
529.146362
524.121948
522.805359
524.932617
527.949951
530.555054
533.511108
537.379395
541.415649
544.217834
545.826538
545.112549
541.757446
537.749756
536.328979
536.655945
535.126282
530.384399
525.363220
523.110413
524.919312
527.150879
528.159668
529.671814
532.796692
536.094299
539.014954
542.575317
546.279907
546.687744
543.352661
538.187744
536.439392
537.874634
537.549805
532.588562
526.451233
523.710144
524.414795
525.832947
527.515137
530.226746
534.239319
538.322327
542.237183
545.309265
546.084412
543.867188
540.169861
538.121399
537.679932
536.452209
533.457153
530.124268
528.109314
526.392212
524.453125
523.882324
526.187195
530.466492
533.598389
535.466064
538.753906
543.647461
547.213928
546.226318
541.683472
537.607361
536.855530
537.682556
536.270813
531.819580
526.738220
523.507751
523.363220
525.646301
528.335754
530.971558
534.494873
538.883423
542.996582
545.061462
544.837952
543.840271
542.831665
540.900330
537.793823
535.682434
535.370850
534.638977
530.940186
525.447754
522.456421
523.759644
527.250916
530.386841
532.971619
536.285828
540.280823
543.928528
546.248291
546.125610
542.593872
537.639221
535.392151
536.422302
536.721252
532.856628
526.653320
523.057373
523.801086
526.144165
528.389038
531.067871
535.142029
538.765259
540.458984
541.687622
544.442322
546.771912
545.080872
539.841858
536.130066
536.318848
537.303894
534.487305
528.735046
524.287659
523.457642
524.718689
526.763245
529.928467
533.708740
536.892090
539.692627
543.431885
546.878174
546.348267
541.574463
536.700256
535.821716
537.155579
535.787903
530.980713
526.091309
523.743469
523.414551
523.892700
525.701233
528.952637
532.509766
535.138184
537.747925
541.713074
545.862305
546.826050
543.854736
539.404297
537.083862
536.776917
536.212036
533.459167
528.821777
524.672974
523.301025
524.795166
527.743530
530.372803
532.916626
536.386841
541.085938
545.149902
546.626587
545.086304
541.918701
538.560547
536.455078
536.075073
536.587891
535.606934
531.669434
526.252869
522.971313
523.605530
526.838989
529.863708
532.363281
535.331604
539.098389
542.693420
545.533203
546.356323
544.013184
539.495850
536.277466
536.373108
537.132202
534.327148
527.930420
522.833801
522.982849
526.259216
528.728455
530.447388
533.695007
538.068481
541.184204
542.797058
544.390625
546.043579
545.507080
541.353027
537.076538
536.307617
537.319092
535.343384
529.786926
524.931335
523.934082
525.286743
526.618774
528.360596
531.992859
536.424927
539.878296
542.742676
545.453613
546.208069
543.451416
538.887878
536.389893
536.802490
536.437988
532.474731
527.014404
524.134766
524.048279
524.850952
526.010376
528.004944
531.107605
534.332947
537.531616
541.387573
545.345764
546.869324
544.342712
539.995789
537.454651
537.102844
536.678101
534.251221
530.060120
525.571228
523.067566
523.634583
526.652100
530.269958
532.975342
535.436523
539.232544
544.010559
546.723633
545.787659
542.353516
538.603088
536.379028
536.056091
536.345459
535.744995
532.827148
528.095215
524.028381
523.002075
525.069702
528.347107
531.529907
534.750732
538.119507
541.553955
544.554504
546.070435
544.818237
540.702698
536.549133
535.342102
536.276489
535.276611
530.387573
524.607605
522.637634
524.556519
527.449097
529.722534
532.800903
537.202209
540.822632
542.249390
542.969055
544.683044
545.880188
543.370117
538.587769
536.009644
536.718689
536.505432
532.057373
525.857788
522.946228
524.404358
526.930298
528.534912
530.711609
534.527405
538.822021
542.642700
545.385620
546.166504
543.995300
539.849426
537.098816
536.841980
536.327759
533.239441
528.494568
525.520996
524.628174
524.105530
523.990173
526.060181
530.846802
535.047791
537.009766
539.139832
543.183350
547.329895
546.977173
541.912903
537.143799
536.145996
536.989075
535.472412
530.959961
526.238098
523.744324
523.657715
525.320190
528.386292
532.004639
535.566162
538.959595
542.377502
545.231628
545.901062
543.800232
540.061523
536.945251
535.788879
536.145691
536.265625
533.989685
529.169861
524.373901
522.445190
524.266785
528.021729
531.145752
533.727844
537.055908
541.131409
544.651672
546.407654
545.370361
541.579895
537.460510
535.856873
536.507324
536.107910
531.653931
525.308777
522.179932
524.301147
527.918823
529.784729
531.060120
534.464050
539.886536
544.040344
545.456909
545.436157
545.090210
543.386353
539.834717
536.855347
536.333252
536.054932
533.073730
527.920410
523.953369
523.414856
525.294312
527.642090
530.617676
534.429504
537.988342
540.989807
544.252563
546.871765
545.801147
540.813782
536.361023
536.185303
537.615356
535.652954
529.745911
524.242615
523.162842
525.384033
527.088379
527.648010
529.294189
532.461548
535.902039
539.720825
543.836243
546.698120
546.503967
542.708862
538.581482
537.199585
537.559265
536.023987
531.575745
527.000549
524.256897
523.893311
525.328125
527.751587
530.921875
534.258362
537.775513
541.808533
545.539673
546.713745
544.231995
540.209229
537.833191
536.892456
536.132080
534.139221
531.382202
528.510986
525.560913
523.460571
523.924744
526.839722
530.416870
532.916016
535.548584
539.385559
544.130432
547.161560
546.040710
541.923828
537.937927
536.391907
536.942871
536.731079
532.487122
525.853516
522.061646
523.453979
527.217957
529.586060
530.582214
533.132690
538.465271
543.641907
545.722351
545.552307
544.968567
543.562683
540.445984
537.355286
536.459290
536.564941
534.301453
529.036133
524.108215
522.866516
524.752075
527.458679
529.907410
533.094971
536.887695
540.585449
543.944458
546.893066
546.635376
541.996399
536.610291
535.568237
537.698730
537.327942
531.902161
525.102783
522.382080
524.057129
527.070007
529.356201
531.458069
534.063110
536.129028
538.259521
542.317932
546.778870
547.708313
543.689209
538.383972
535.769958
536.518677
537.039734
533.837036
528.568909
524.505127
523.056152
524.253906
527.414001
531.090576
534.036438
536.364075
539.769104
544.362000
547.561279
546.256226
541.495667
537.225830
536.289429
536.478699
534.934204
531.299683
527.462280
524.453430
522.988525
523.827332
526.600037
529.970825
532.711243
534.734375
538.074402
542.777832
546.751465
546.976868
543.615723
539.204041
536.440002
536.127380
535.979309
533.576843
528.399353
523.742310
522.744751
525.162048
528.672546
531.458069
534.105957
537.299622
540.812866
544.259766
545.752563
545.286072
542.709534
538.698975
535.628357
535.580933
537.070007
536.100220
530.979919
524.805786
521.596008
523.426270
527.196350
530.279114
532.897217
535.748535
538.968079
542.678040
546.062134
546.941162
543.492188
538.405579
536.068726
537.252625
537.253418
532.766785
526.478821
523.410217
524.250122
525.921387
527.465393
530.669189
535.430969
539.068970
540.130554
541.038696
543.819275
546.618347
545.456604
540.537231
536.627869
536.365417
537.034302
534.978699
530.147522
525.464294
523.001465
523.343628
526.017212
530.126953
533.953918
536.382751
538.820312
542.889343
546.617554
546.698792
542.641724
538.049316
536.240173
536.579712
535.938293
532.688354
528.098267
523.979858
521.834778
522.630493
525.566284
528.962830
531.750061
534.169678
537.785950
542.492676
545.967041
546.046692
543.321350
540.069702
537.786438
536.821777
535.784607
533.291870
529.472473
525.638489
523.816528
524.555664
526.889832
529.730103
532.909424
536.884521
540.758606
543.623291
545.212402
544.953430
543.257690
539.973267
536.430908
534.959717
535.728455
535.914795
532.447510
526.811218
523.070496
523.127502
526.142395
529.027039
531.552673
534.671387
538.603760
542.552917
545.541016
546.536316
544.111206
539.421143
536.521484
537.058472
537.578308
533.921448
527.730530
523.756348
524.081604
525.958740
527.201050
528.953247
533.427979
538.711914
541.499146
542.080994
543.245300
545.352600
545.473389
542.092407
538.323792
536.682495
536.664001
535.010315
530.770691
526.156189
523.788696
523.835510
525.320374
528.528381
532.683777
535.759216
538.247742
541.894287
546.031860
547.201599
543.901855
538.473877
535.951233
537.180847
537.351074
533.249207
527.469910
523.769043
523.007324
524.211060
526.229309
528.221130
530.257812
532.763550
536.576904
541.835327
545.986694
546.391052
543.508057
540.047485
538.272156
537.633301
536.498047
533.990295
530.285828
526.559204
524.086609
524.310486
526.409424
529.020203
532.203003
535.807434
539.845947
543.419067
545.637573
545.341797
542.966858
539.814697
536.850769
535.598877
536.334473
536.447754
533.386047
527.597534
523.129578
522.791382
525.940063
528.978638
530.459595
532.641846
536.966492
542.018921
545.512756
546.277344
544.474976
540.434021
537.036438
536.600769
537.163696
534.839722
529.093018
524.397705
523.763245
525.623962
527.033875
528.110718
531.330688
536.802551
541.136780
542.791809
543.943604
545.862488
546.303406
543.347656
539.027100
536.614319
536.390076
535.804321
532.486816
527.668579
524.295349
523.143372
524.392578
527.867371
532.531433
535.819946
537.609985
540.190735
544.666443
547.589661
545.571777
539.991455
536.233215
536.555237
537.441956
534.747925
529.275208
524.311646
523.008118
524.834045
527.565002
529.755493
531.317566
532.755127
535.392090
539.829590
544.370850
546.299866
545.174194
541.699341
538.455017
537.177551
536.849243
535.438721
532.130066
527.559570
523.666870
522.824829
525.430847
528.886047
532.062073
534.823914
538.073242
541.851440
545.222046
546.524902
544.542419
540.693665
536.707581
534.555725
535.862183
537.445007
535.470581
529.278381
523.377991
521.989990
524.929199
528.695374
530.927734
532.854858
536.504211
540.757812
544.035400
545.638733
545.433716
542.619507
538.322021
535.785095
536.078796
535.668152
531.973267
526.511902
523.366455
523.791870
525.847412
528.242554
531.623840
535.722412
539.562439
541.709167
543.914917
546.747681
547.723816
543.954529
538.056519
535.463318
537.067383
538.204651
534.733154
527.388306
522.453735
522.684082
525.776489
528.275696
530.200134
532.457703
536.066040
540.819397
545.524109
547.407410
545.009521
540.410767
537.413086
537.432983
537.490967
534.499146
529.782898
525.818115
523.794373
523.970886
525.722900
528.856567
532.222534
534.390198
535.545410
537.790405
542.136780
546.088684
546.893188
544.289368
539.802612
536.652283
535.799011
535.473816
533.354553
528.974182
524.403992
522.625244
524.884033
528.757324
531.524475
533.259460
536.217773
541.131775
545.562622
546.701355
544.245117
540.457703
537.794556
536.989746
536.074951
533.922668
530.482727
526.713196
524.289734
524.078186
525.147278
526.260620
528.456787
532.378357
536.734680
540.488647
542.846863
544.503784
545.553406
544.061951
539.681702
535.911438
535.772888
536.511963
533.872742
527.892090
523.185608
523.177368
526.057434
528.940857
531.049438
533.972717
537.737732
541.974243
544.900757
546.027710
545.108887
541.687073
537.564758
536.345764
537.956787
538.327515
534.533997
528.555847
524.108032
523.786621
525.206970
526.286072
528.409607
532.803101
537.567810
540.715698
543.042725
545.199402
545.804138
543.071045
538.528198
536.068604
536.385437
536.259277
532.920105
527.662537
523.002625
521.744995
524.187012
529.031433
533.522278
535.153015
534.514343
535.378479
540.490479
546.945068
548.912964
544.953003
538.822754
536.030029
536.972351
537.241760
534.121521
529.059021
525.229187
524.003540
524.809326
526.572510
529.030762
532.569946
537.064453
541.159058
543.957581
545.441040
545.281738
543.261230
539.454041
536.058533
534.717529
534.182434
533.041809
529.293457
524.241638
521.653076
522.877441
526.362671
529.550171
532.100769
534.481812
537.677307
542.136169
545.459351
546.216980
544.057251
539.946106
537.083496
537.095032
537.244019
533.767395
527.745605
523.534668
524.017944
526.609009
527.969543
528.809937
532.114685
537.434265
541.517700
543.599243
544.957947
545.338074
543.319031
538.527649
534.521606
534.671326
536.862488
536.169678
531.256958
525.886353
523.149170
523.403442
525.641113
528.929260
532.695068
535.839966
538.098816
541.334290
545.686340
547.428406
543.794067
537.982544
535.724548
537.545593
537.955505
533.460999
527.017334
523.371155
523.510193
525.127075
527.167786
530.627075
535.078125
538.310303
539.518799
540.868469
543.605469
546.036438
545.619873
542.137085
538.143372
536.251648
535.800964
534.576111
531.531555
527.191467
523.500793
522.834045
525.560852
529.475098
532.714844
535.686646
539.464661
543.813904
546.659485
546.354309
543.309448
539.655518
537.040955
535.945190
535.327881
533.160034
529.360474
525.216309
522.778442
523.336731
525.655151
528.077820
530.336182
533.532227
537.460999
541.635193
545.252319
546.638000
545.179993
541.134521
537.244263
535.989563
536.516357
535.344543
530.499451
524.973572
522.898376
524.791199
527.600708
529.354736
531.837402
535.754822
539.871521
543.096924
545.600952
546.107483
543.857178
539.048462
535.124878
535.235474
537.628784
537.213074
532.165344
526.290344
523.836060
524.570435
526.569153
528.460632
531.176331
534.713135
538.225708
541.353882
544.561279
546.560669
545.011230
540.462646
537.030396
536.946289
537.142700
534.447144
529.506042
525.073242
523.490906
524.193420
526.543762
530.036377
533.822205
537.025757
539.539734
542.685242
546.185425
547.668030
545.644775
541.491272
538.266907
537.240601
536.999268
535.513794
531.591736
526.877563
523.585083
523.035583
525.418274
529.217773
532.256409
534.642517
537.942627
542.612000
546.357056
546.570618
543.129456
538.820740
536.760864
536.816833
536.707947
534.243652
529.242859
524.646240
523.012268
524.617188
527.312927
528.927551
529.857727
532.082275
536.365723
541.318665
544.804321
546.375000
545.234863
541.974548
538.061462
535.827942
536.049316
535.936279
532.374939
526.591919
522.710266
523.433289
526.487976
529.088684
531.164307
534.532043
538.883240
542.922607
545.874695
546.782349
544.389160
540.152039
535.934265
534.951904
536.948547
537.343994
533.207153
527.245361
523.770386
523.905457
525.610840
527.720642
529.822510
533.566101
537.702637
541.046692
543.782349
545.992188
545.519958
541.779053
537.809753
536.518799
536.583374
534.693237
530.339478
526.459595
524.467468
524.045471
525.072693
528.336792
532.742249
536.683960
539.192932
542.200745
546.802429
549.894043
547.311279
540.724304
536.337036
537.050964
539.354187
538.243103
532.589783
526.595215
523.711670
523.912415
525.347717
527.571167
530.620789
534.122131
537.358154
540.967102
544.731995
546.571289
545.284363
541.505554
537.935852
536.354004
536.020020
534.684204
530.808960
525.755493
522.151428
522.616821
526.477539
530.407349
532.382324
533.243652
535.384766
539.403198
543.573547
546.168457
545.854309
543.044250
539.051514
536.419250
536.140869
536.138672
533.205811
527.549133
523.159729
523.099121
525.584595
528.262817
530.476074
533.900085
538.025391
541.721008
544.725281
546.479126
545.235535
540.461182
536.379150
535.243958
536.568909
536.454407
532.002930
526.135559
523.414001
524.392395
525.921692
526.901184
528.878540
531.947693
536.504272
540.589905
543.522034
545.491943
545.483582
542.450256
538.457031
536.779724
536.996155
535.782471
531.663086
526.875732
524.266113
524.192017
525.407227
527.841553
531.351379
534.855225
537.736267
541.210327
544.684448
546.625916
545.188110
541.254211
537.898438
537.049500
537.313904
536.267944
533.057312
529.247131
525.453796
523.766663
524.270081
526.989685
530.506836
533.606079
536.501221
539.982788
543.836609
546.370117
545.386841
541.864075
538.442078
536.898193
536.467773
535.135864
531.906494
527.207275
523.814209
523.316833
525.802307
529.332581
531.602966
532.918579
535.217468
539.040466
543.117859
545.548462
545.641968
543.475159
540.303223
537.355774
535.898193
535.708679
533.817078
529.153442
524.452271
522.987488
524.904785
527.870117
530.353577
533.338745
537.163025
540.812317
543.422302
545.377136
545.687500
542.819275
538.329651
535.678406
535.828979
535.769592
532.198120
526.432556
522.548828
522.642395
524.464050
525.799927
527.994507
532.215820
536.701782
539.609741
541.877197
544.585266
546.060303
543.866516
538.985046
535.689880
536.383972
536.817810
533.496460
527.848999
524.202271
523.450256
524.810852
527.466187
531.266357
534.914368
537.624878
540.147888
543.852417
546.472412
545.427246
540.752197
536.581970
535.910156
537.550598
537.627258
534.531616
530.184753
526.432373
524.076599
523.797546
525.664429
529.101562
532.581238
535.686462
539.093506
542.949768
545.753235
545.576904
542.671570
539.576965
537.787598
536.669312
534.708008
532.133484
528.592651
524.686951
522.918213
524.143188
527.206055
531.269775
535.105896
538.703735
542.082703
544.097351
543.647644
542.837158
543.217346
542.853943
540.448608
537.376892
534.689148
532.851562
530.210022
526.426270
523.584900
523.759949
526.263611
529.238586
532.248352
536.031128
539.867554
543.117920
545.299805
545.777100
542.926758
538.617920
536.613770
537.023315
536.434937
532.585388
526.267822
522.033569
522.189636
525.129944
527.943604
530.302551
531.877747
532.478210
534.633606
540.481140
547.210754
549.870117
545.177856
537.729370
534.668823
537.285156
539.216553
535.327332
527.999268
523.444031
523.659912
525.688538
526.790222
528.565613
531.880249
536.685425
541.704102
545.018982
545.590088
544.054077
541.215759
539.310425
539.088867
538.822754
536.527893
533.526733
530.800903
528.005676
524.785339
522.629517
523.706299
528.719299
534.044617
536.439331
537.180359
539.978088
544.796631
547.646484
544.913940
538.755066
534.858643
535.366272
537.125916
535.388794
529.450989
523.341736
521.611755
525.064270
529.568481
531.015442
531.254883
533.818237
540.028503
546.780640
549.321716
547.042969
542.978333
540.632263
540.349426
539.776123
537.345093
532.609497
527.959412
525.665527
525.830322
526.915527
526.867004
527.184753
530.130005
535.674622
540.668518
543.199463
544.153137
544.829468
544.336548
540.768555
536.350586
535.050537
535.842651
534.443848
529.118591
523.762512
522.867737
525.985718
527.412231
526.276550
527.373291
533.245728
540.289185
544.767883
545.173706
543.674255
542.706055
541.576416
539.241943
537.673706
536.619751
534.193542
530.357666
526.905334
524.284302
523.204224
524.579895
528.235962
532.910522
536.497070
538.656128
541.396912
545.731567
547.823608
544.864685
538.850830
535.155396
536.105530
538.434082
537.338257
532.687378
527.365479
523.355225
521.723755
524.105652
529.680420
534.998840
536.769165
535.327698
535.855103
541.957520
549.010864
549.611084
542.899475
535.852051
534.112549
536.045044
536.449402
532.025635
525.275208
521.664795
523.258057
527.520020
530.535950
532.410889
534.963074
539.002014
543.497925
545.878601
545.928467
545.342896
543.512878
539.528870
535.385437
534.653076
536.284790
535.717896
530.257568
522.647339
519.463684
523.106140
529.162598
533.190857
535.090698
537.030823
540.053833
544.186890
546.941467
545.625061
540.804199
536.222351
535.109192
536.296082
535.500305
530.557983
524.643860
522.907715
525.409058
527.747375
528.139832
528.761902
532.059570
536.721619
540.550781
543.109497
544.883789
545.119263
542.687866
538.950500
537.201172
536.992371
535.406982
531.189392
526.844910
524.917236
524.736938
525.093445
526.771790
530.772522
535.671936
538.971985
541.337463
544.430603
546.520325
544.871094
540.635498
536.809204
535.653625
536.106201
535.562683
533.090088
529.429382
525.751038
523.403015
523.648010
527.020447
530.880127
533.881897
536.276123
539.843201
544.482300
546.767517
545.154724
540.991760
537.610962
537.002625
537.285217
535.557373
531.299011
526.312744
523.238281
523.282227
525.917236
528.973633
531.708069
534.331177
538.298279
542.636963
545.920593
546.630371
545.463867
543.220520
540.041870
537.284668
536.382507
535.856995
533.753113
528.778931
523.904480
522.657959
525.121948
528.219849
530.348206
532.996460
537.071533
541.033691
544.155579
545.622437
545.206604
542.266296
538.066223
536.112488
536.640381
535.958008
531.661804
525.542908
522.324341
522.977661
526.294312
529.343140
532.043396
535.145874
537.849792
539.882385
542.405640
545.098145
545.840027
542.929993
539.293152
537.325012
537.384644
536.225891
531.868103
526.824158
524.569153
524.716309
525.282898
526.586243
530.172119
534.721436
538.218506
540.601685
543.692200
546.646362
546.115479
541.543640
536.834045
535.638000
536.122925
534.733032
531.268738
527.546082
525.125671
523.877747
523.803711
525.724060
529.212219
532.850464
535.964844
539.596130
542.860901
544.428040
544.954651
544.555481
542.854004
539.357849
534.517700
531.207214
531.390564
531.936768
528.506592
523.359680
521.838318
525.779175
532.495483
537.148560
538.173828
539.492859
542.473267
545.950256
547.230896
545.201172
540.780273
536.395325
534.740417
535.593628
535.461121
532.003052
526.346252
523.334412
523.724854
525.867920
528.405762
531.957581
536.996643
541.617310
543.882690
544.516846
544.689331
543.274048
539.761841
536.755737
536.080078
535.757446
532.403320
526.966553
523.396790
523.531372
525.527771
527.748535
530.430176
534.683228
538.502075
540.320679
541.656555
544.302612
546.465271
544.843628
540.113403
536.962402
537.010498
537.292542
534.009888
528.512939
524.505249
523.912537
525.400330
527.137024
529.482239
532.777222
536.194580
539.751343
544.086121
547.243958
546.440369
542.147156
537.723877
536.310364
536.991333
535.894104
531.886902
527.716309
525.004028
523.595459
523.460205
525.066406
528.266602
532.058167
535.104553
538.017456
541.867310
545.515503
546.456360
544.017395
539.755737
536.718262
535.782593
535.627563
534.161255
530.347351
525.299988
522.352966
523.576782
527.098938
530.867004
534.028992
537.064453
540.518799
543.799988
545.739624
545.251282
542.942810
539.314514
535.828918
534.954895
536.132507
536.016663
532.124817
526.361816
522.987427
523.630554
526.577087
529.095764
531.459595
535.023926
539.104858
542.606018
545.053284
546.008118
544.178406
539.740540
536.054382
535.770630
536.487122
534.044678
528.558105
524.218140
523.506348
525.132874
526.935120
529.569336
534.226196
538.862549
540.785645
541.403503
543.163513
545.719849
545.643311
541.638794
537.559998
536.405884
536.917847
535.235596
530.665100
526.119019
523.512634
523.539185
525.535767
529.301758
533.563049
536.266479
538.389954
541.957397
546.147156
547.234253
543.524719
538.480225
536.320679
536.872009
535.967346
531.852966
527.177917
524.734253
524.194519
524.321472
525.001648
527.118286
530.745483
534.452698
537.622803
541.062195
544.396240
546.107239
544.826355
541.168274
537.474976
535.933960
535.980957
535.020081
531.334045
525.973267
522.340820
523.082092
526.881226
530.453308
532.865356
535.477539
539.203491
543.217834
546.000488
545.977844
543.406250
539.295227
535.437561
534.558105
536.583191
537.364197
533.566406
527.173035
523.057251
523.495178
526.400757
528.667175
529.721985
533.996277
539.760254
540.444092
541.644592
542.179749
545.298828
545.783630
543.037109
538.925415
535.095276
531.966492
526.967957
522.021545
523.332642
525.151733
528.673096
530.847229
533.970093
537.222900
539.297974
541.828003
544.823975
547.461548
546.707642
541.993530
537.353149
536.267151
537.006653
536.468750
532.469971
527.766235
523.839600
523.320251
524.954285
528.458801
532.576111
535.463074
537.881592
540.980042
544.906738
546.907166
544.627014
539.759277
536.319702
536.089600
536.370422
534.315369
529.627747
525.349792
523.363586
524.040527
526.091125
528.329712
530.514709
532.702271
535.875671
540.387634
544.349365
546.392151
545.200378
542.016479
538.357727
536.331787
535.894409
535.207886
532.257141
527.391663
523.477295
523.467529
526.284546
529.453735
531.850037
534.827026
538.701355
542.462219
545.136902
545.863037
544.377991
541.079712
536.824768
534.663757
535.571838
536.696045
534.542603
529.280212
524.732178
523.568176
525.210571
527.526672
529.838745
533.424683
537.503174
540.909424
543.654114
545.722717
545.529236
542.159485
537.934692
536.279175
536.706116
535.157227
530.090637
525.472778
523.874512
525.072876
526.440552
528.295715
531.808167
536.162842
539.444336
541.977356
544.628845
547.515808
547.374878
542.833496
538.967590
537.845520
537.625366
535.945679
530.797241
526.857178
525.027222
525.239624
526.270752
527.720947
531.350098
534.234314
536.768616
540.508789
543.868408
546.567749
544.755005
540.758423
538.045593
537.062195
536.776428
534.510559
530.179016
526.005615
523.379761
524.109436
526.907104
530.003479
531.766968
532.760925
535.127258
539.201172
543.660217
546.247070
545.832397
543.138550
539.377319
536.747131
535.998535
535.732727
533.022461
527.724792
523.432739
523.152344
526.117188
529.270996
531.347412
533.670410
537.282104
541.560364
544.858398
546.232788
544.760986
540.633179
537.375671
536.029602
536.511719
536.114441
532.456421
527.063477
523.530334
523.610779
525.187561
526.871460
529.332642
532.321228
536.377563
540.213196
543.317688
545.869446
546.192261
542.925537
537.939453
535.800537
536.775269
536.586182
532.205688
526.511780
523.573975
523.955933
525.982056
528.421265
531.449585
534.483887
537.414978
541.362854
545.189392
547.479309
545.838989
540.876770
536.589905
535.750610
537.304382
537.487854
534.442383
529.342407
524.294434
522.778992
524.461304
527.600708
530.491882
532.607178
535.070251
539.437744
544.477234
547.418884
545.902344
541.489197
537.532654
536.402893
536.732056
535.629822
531.969299
526.973694
523.403442
523.108765
526.041199
529.640015
531.879150
532.834717
534.383484
537.775391
542.298401
545.684875
546.497559
544.333679
540.502930
536.860474
535.738770
535.997192
534.561707
529.676636
524.225281
522.155579
524.346619
528.045410
530.803833
533.322632
536.367371
540.059204
543.663635
546.534119
546.724854
542.589722
536.961853
534.718750
536.220459
536.991882
532.771667
525.568481
520.861572
521.421021
524.151184
526.393311
528.964172
532.625183
535.956970
538.671387
541.370422
544.836548
546.897095
544.757385
539.586792
536.098083
536.170227
536.345581
533.375366
528.604553
524.625061
523.305420
523.956299
526.744812
531.154297
535.477051
538.170837
540.201965
543.647644
546.752441
546.165222
541.812866
536.849609
534.978943
536.190002
537.157410
535.327576
531.151794
526.442017
523.078918
522.874268
525.813416
529.683044
532.737610
535.463562
538.868652
542.976135
545.873230
545.681030
542.712219
539.086792
537.086304
536.377686
535.281311
532.686707
528.482544
524.370300
522.675903
524.273254
527.382446
530.960266
534.667175
537.896423
540.475708
542.384338
543.897339
545.423218
545.624268
542.525208
537.527222
535.067566
535.426819
535.114563
531.109131
525.320435
522.391846
523.869019
526.994873
529.366089
532.031494
535.840027
539.852905
543.249634
545.852112
546.517151
543.627930
538.447876
535.244324
535.846680
536.348145
533.024963
527.153381
523.483398
524.124329
525.891296
526.117554
526.738281
530.315552
535.509644
539.190430
541.449707
543.952148
546.135986
545.471985
541.388550
537.082581
535.697021
535.853943
534.104431
530.004700
525.863281
523.691040
523.809082
526.358765
530.332336
533.753479
536.281738
538.902283
542.942200
546.518372
546.639648
542.819336
538.283508
536.333618
536.808655
536.713623
534.747253
531.292725
527.730530
524.599854
523.408081
525.009399
528.425720
532.268982
535.501526
538.206421
541.554504
544.713745
545.998169
544.278015
540.905273
537.852539
536.301208
535.637939
533.709412
529.528320
524.766663
522.582642
524.282898
527.331665
530.313232
533.498047
537.255432
541.020386
543.233643
544.188171
544.685059
544.851562
543.096497
539.395264
536.790405
536.352600
535.232300
531.739075
526.580994
523.809998
524.351868
526.182495
528.086914
530.908264
535.601074
539.927063
543.065125
545.170227
545.815674
543.796143
539.772095
536.725525
536.653198
536.662109
533.872070
528.215820
524.467041
524.226318
526.004517
527.110901
527.528503
529.095947
532.965332
536.976379
541.033325
544.942566
547.461304
545.894287
541.162659
536.931030
535.908691
536.532837
535.059570
530.292053
525.958740
524.094055
524.090698
525.400757
528.350098
532.211365
535.839966
539.060486
542.645630
545.554688
546.012939
543.512634
539.537354
536.595032
535.542358
535.625305
535.068726
532.895996
528.844849
524.673889
523.092896
524.654053
527.532288
530.632935
533.875854
537.707214
541.866760
544.887207
545.753540
544.588440
541.641296
538.122131
535.698792
534.998779
534.104248
530.870483
526.151672
523.164490
524.064148
526.910645
529.581787
532.036011
535.390503
539.658081
543.156067
545.052307
546.270142
546.404724
543.662354
538.806396
535.721497
535.907104
536.249146
532.882751
526.730347
522.925964
524.083862
527.074890
528.910706
530.246094
532.631592
536.575806
541.693298
546.679871
549.074341
546.595581
540.065613
534.845581
535.197876
537.391907
535.387512
529.279663
523.715332
522.915344
525.577698
527.766113
528.514526
530.029297
532.796143
535.808777
539.571045
543.778748
546.316040
545.739746
541.857544
538.186218
537.287109
537.367554
535.448059
531.269348
527.531006
524.909607
523.676453
524.344421
527.090088
531.483521
535.266968
538.051331
541.194824
544.686584
546.686340
544.544434
539.800842
537.146118
536.736816
537.418823
536.377930
532.518311
526.824890
521.899231
521.103149
524.586182
529.219116
531.696472
531.961182
534.653992
540.322754
545.694763
547.397766
544.917603
540.979248
538.194519
537.283569
537.087036
535.760864
531.736816
526.706177
523.937439
524.379883
526.177612
527.987427
530.856201
535.148315
539.594360
542.133179
543.424500
545.400879
547.356628
545.815796
540.280334
535.562073
535.442505
537.066772
535.104187
528.715942
522.683167
521.558777
525.021973
529.375305
532.693787
535.387268
537.260132
539.030029
542.206848
546.001526
546.212769
541.916992
537.089233
536.070374
537.321045
536.104553
531.016296
525.659363
523.614868
524.245117
526.006042
528.734863
532.416748
535.712341
537.060181
538.324402
541.419861
545.526428
546.948120
544.098328
539.440796
536.388367
536.085999
536.071655
533.796509
529.548218
525.169617
523.107544
525.014709
528.741943
530.157593
530.799133
534.821777
543.002502
550.242065
549.816711
542.217773
535.686035
536.281433
539.742126
539.303833
534.318970
528.435730
525.315552
525.047791
525.561157
525.666870
525.966675
527.926147
532.124939
536.986084
540.525146
542.546204
544.119995
545.446411
544.711975
540.429504
535.915283
534.954956
536.059265
534.384399
528.840820
523.680176
522.734985
525.752136
529.221313
531.638550
534.022583
536.950195
540.466431
544.579956
547.135010
546.146851
541.225830
535.299622
533.246948
536.006409
538.443298
535.940552
529.684265
524.690308
523.701904
525.541382
527.359192
528.932556
532.019226
536.310181
540.388184
543.772522
546.031555
545.789734
542.533386
538.770691
537.205688
537.231079
535.705811
531.578796
526.765076
523.913208
523.755127
525.299500
528.332764
532.331238
535.250122
536.177368
537.177673
540.735413
545.598450
547.500549
544.708740
539.602600
536.665649
536.997925
536.988770
534.135132
529.382812
525.313477
523.844299
524.613953
527.021729
529.795898
532.843506
536.359497
540.317993
544.088928
546.059631
545.388977
542.273804
538.339539
536.242126
536.327454
535.901428
532.871094
527.600891
522.645813
521.234131
523.233093
526.165771
528.496338
531.123596
534.652283
538.680359
542.506348
544.957703
545.906372
544.618347
540.885559
537.208862
536.379761
536.667542
534.251770
528.718872
523.942871
523.273926
525.863403
527.938599
529.169739
532.030518
536.784180
541.084717
544.401123
546.208435
545.963989
542.411377
537.088989
534.007263
535.579651
538.169373
536.629456
531.050659
525.896851
524.052856
524.767212
526.008972
527.613037
530.920410
535.345764
539.348938
542.883545
545.982056
546.391846
543.140625
538.791992
536.801758
537.267212
537.017578
533.558594
528.432739
524.611267
523.621582
524.901733
527.720581
530.724243
533.782715
536.650696
539.737122
543.343933
545.972412
546.259827
544.220398
540.929138
538.403320
537.417114
536.625366
533.918823
529.900208
526.223450
524.693359
525.658997
527.002502
527.815430
529.965698
534.733948
540.542969
544.806396
545.602112
544.243652
542.693848
540.462830
537.524231
535.619324
534.980103
533.397278
529.709351
525.439697
523.251465
524.310120
526.783752
528.254089
530.000793
533.293335
537.299744
540.767029
543.729919
545.855042
545.443909
541.922058
537.596375
535.677734
536.435852
535.733765
530.992615
524.945496
522.224243
523.889709
526.824829
529.671936
532.789307
536.154053
539.232422
542.469543
545.788818
546.807434
543.945984
538.623962
534.847412
535.648315
537.954651
537.093994
532.573486
527.611572
524.671631
523.835876
524.646912
526.886047
530.496094
534.738281
538.123169
541.278076
544.757812
546.489502
544.604370
540.123169
536.602966
536.053772
536.195435
534.254944
530.173035
525.932373
523.491943
523.774414
526.718628
530.507507
533.486694
535.832397
538.570862
542.975098
547.435913
548.473999
545.490234
540.989502
537.480225
536.482910
537.307312
537.536560
534.225891
527.701172
521.565857
520.662415
525.416077
531.239380
533.826355
534.332275
536.288086
541.163818
545.925232
547.219910
544.368896
539.611633
536.146790
535.964111
536.812988
534.859741
529.466553
524.124451
522.814331
525.866577
528.624756
529.202271
529.421692
531.855713
536.268921
539.978394
542.338013
544.593323
546.643555
545.937439
540.742493
535.029419
532.515381
533.143494
533.121155
529.727844
524.862183
522.242065
523.831055
528.743652
533.920654
536.971191
537.865417
539.860901
544.531555
548.038208
545.779297
540.080811
535.530762
535.583740
537.930542
537.424316
532.611816
526.949463
523.640259
523.526306
525.622070
528.355652
530.277283
532.482361
535.759460
540.345581
545.191284
548.088806
546.444458
541.011780
535.685608
534.589233
536.758911
537.052246
533.015808
526.455200
521.991211
522.665710
526.669006
530.399170
532.213806
534.141479
538.010376
542.680603
545.924011
546.088806
544.109253
541.634094
539.289185
537.486511
536.784241
536.644470
534.192688
528.708435
523.849670
523.141846
526.158386
529.253418
530.749573
532.794861
536.934937
541.746521
544.529053
545.062622
544.189819
542.006226
538.733826
536.269775
535.858093
535.347900
531.889343
526.692505
523.032410
523.875061
527.120850
529.452698
530.802673
532.936157
536.011047
539.183228
542.344238
545.518005
546.484985
543.938721
538.903198
535.926819
536.514465
536.811096
533.161499
527.196533
523.574829
523.616577
525.269409
527.826660
531.605957
535.567749
537.924744
539.430786
542.392639
546.150269
546.771362
542.207642
536.863464
535.538940
536.521057
535.043579
530.093018
525.146484
523.213013
523.901794
525.245178
526.700256
529.170715
532.243103
535.384399
539.361389
543.976440
546.920044
545.982361
542.267822
538.583557
537.202393
536.938232
535.339600
531.882324
527.878418
524.875183
524.101746
525.468018
528.073730
530.791931
534.167725
538.172119
542.374329
544.876282
544.901978
543.830078
542.825562
541.298340
538.720276
536.342346
535.374268
534.521606
531.462830
526.103821
522.455383
523.160278
526.828369
530.658203
533.389404
535.992554
539.391602
543.163940
545.876953
545.985168
542.948425
538.204773
535.760681
536.299133
536.417114
532.654541
526.711731
523.442871
524.148621
526.370544
528.438049
531.163330
535.640686
539.346191
540.679749
541.106567
543.445923
546.239807
545.079224
540.001770
536.273743
536.594849
537.719482
534.778259
528.881653
524.546326
524.084595
525.526978
526.972229
529.115479
532.908203
537.224121
540.882568
543.954529
546.121399
545.170776
541.686523
538.454102
537.479858
537.155457
534.682922
530.140076
526.513672
525.364441
525.380676
524.881226
525.613770
528.250183
532.110107
535.580505
538.589355
542.172058
545.507935
546.091858
543.297791
539.211548
536.923706
536.446411
536.010559
533.643372
529.522827
525.635437
523.729370
524.727905
527.415710
530.450928
533.541016
537.081177
540.936035
544.085876
545.679932
544.949158
542.291748
538.667786
535.477600
534.451050
535.233276
535.304443
532.198914
527.039795
523.433105
523.455139
526.156982
529.202332
532.170776
535.527405
539.235901
542.579529
545.004944
545.673401
543.890808
539.833130
536.556335
536.419128
536.805847
533.666687
527.976196
524.071289
523.997009
525.727661
527.383484
529.549988
533.903320
538.757629
541.062134
541.579712
543.277344
545.634460
545.543274
541.772949
537.670654
536.602112
537.005493
534.983032
530.192749
526.019348
524.257507
523.902710
525.267517
528.825256
533.877014
537.802124
539.512939
540.989136
544.110718
546.241150
544.229553
539.288391
536.070801
535.822510
535.998108
533.492798
528.939514
524.916077
522.877197
522.790527
524.785767
528.278137
532.102295
534.638428
536.939148
540.415405
544.695435
546.946350
545.257812
540.994873
537.483704
536.208557
536.017517
534.421936
531.061462
526.553711
523.519531
523.711975
526.477905
529.752563
532.865601
536.125000
539.710693
543.222107
545.763550
545.846802
543.510681
539.547546
535.986328
534.643555
535.905640
536.709473
533.605591
527.790833
523.424011
523.173462
525.896179
528.574341
530.831848
533.932495
538.125854
541.974670
544.648071
546.088257
545.004761
540.914429
536.639404
535.458557
536.621887
535.294983
530.050415
524.818909
523.221619
524.661011
526.867920
529.522949
532.977173
537.166077
540.195251
541.694824
544.045471
547.117249
547.404907
542.935059
537.351562
535.130005
536.190674
536.711182
532.913147
527.113464
523.723572
523.903381
526.250732
528.900635
531.490479
533.947083
537.325928
541.972473
546.175476
547.143188
543.807190
538.996338
536.781433
537.110779
536.728455
533.701050
529.147034
525.876709
524.288452
523.978516
525.012390
527.482117
530.840149
533.747986
536.432678
539.834473
543.511536
545.972961
545.303772
542.124451
538.772705
536.921204
536.324646
534.908142
531.633362
527.349426
524.707947
523.572327
524.902100
528.263000
532.546814
537.287659
540.566528
541.563721
542.372925
544.584656
545.789001
542.584045
537.153381
533.258728
534.024475
537.261719
536.860352
530.994873
524.139404
521.577637
523.802307
528.011230
531.617004
534.333313
537.100708
539.878235
542.972595
545.888672
546.169739
542.265259
537.372986
534.810791
535.172974
535.332336
532.029602
527.255493
524.477478
523.802368
524.351379
527.177856
532.252563
536.977539
540.157776
542.530151
545.060242
548.542358
549.074341
544.134338
537.951111
535.196289
535.919678
536.247925
533.260620
528.327576
524.418213
523.569702
524.823914
527.203064
530.594910
534.321838
537.793518
541.258301
544.589539
546.191895
544.532471
540.877258
538.032532
537.017639
536.064026
533.727783
530.401550
527.189697
524.567566
524.150513
525.969849
529.344177
532.360291
534.138000
535.476807
538.428406
542.647156
545.612244
545.716187
542.967529
538.712952
536.261169
536.241760
536.371643
533.537415
528.084290
523.126587
522.510986
525.812073
528.935425
530.729431
533.075378
537.237122
541.838440
544.833191
545.737183
544.208923
541.212585
538.464600
536.224915
535.572510
535.176697
533.103394
528.892029
524.980469
523.989441
525.099182
526.943359
529.439087
532.319214
536.094421
539.587646
542.836731
545.528015
546.298523
543.659302
538.587830
535.658081
536.376709
536.733887
533.040771
527.483337
524.244934
524.242065
525.692383
527.506470
530.528442
534.769409
538.215576
541.412170
544.105530
546.233215
545.749390
541.972107
537.526001
535.870728
536.950134
536.908264
533.912048
529.520264
525.357544
523.870117
524.647339
526.758057
530.002441
533.292603
535.889160
538.801208
543.065491
546.521667
546.072510
541.983582
537.805115
536.560913
537.008301
535.700500
531.676086
527.041992
524.189636
523.958984
526.253540
529.499817
531.826111
533.026489
534.424683
537.722168
541.978882
545.125305
545.728333
543.900940
540.962830
538.065979
536.395020
535.576416
533.853149
530.121948
525.326233
522.984009
524.363220
527.699280
530.865479
533.609924
536.490784
539.830566
543.152100
545.759888
545.965698
542.933228
538.082886
535.504639
536.178528
536.655151
533.260071
526.534302
521.439331
521.480225
524.663574
527.139771
528.850708
531.409729
534.930786
538.450684
541.650818
544.375977
546.066589
544.452271
539.665161
535.980469
536.150696
536.846069
534.254395
528.799683
524.558350
523.595276
524.996521
527.196289
530.359192
534.577393
538.036560
540.710266
543.679443
545.925232
545.567627
541.887573
537.889771
536.531799
537.591797
537.743713
534.798950
530.531311
527.050537
524.921326
524.308350
525.325256
528.201843
531.898621
535.587769
539.113403
542.744202
545.698608
545.878479
542.980774
539.270081
537.447815
537.283569
536.200562
532.990417
528.522461
524.892334
523.843506
525.343262
527.562317
530.183899
533.166321
536.690613
540.290894
543.532166
545.187134
545.220886
543.921021
541.182495
538.078186
536.820190
536.363647
535.074829
531.166626
526.136047
523.321106
524.401062
527.433411
529.546509
531.393494
534.400818
538.479980
542.695740
545.662048
546.419189
543.708191
538.566467
535.297852
536.049561
537.249939
534.569519
527.981445
522.833191
522.788635
525.808960
527.622314
527.951294
529.777100
533.561951
537.500061
541.242615
544.441223
546.464111
545.195435
540.779785
536.824646
536.196960
536.813782
534.786072
530.132996
526.117798
524.770081
524.899353
525.987488
528.832336
533.163635
536.912109
539.368103
542.032715
545.220459
546.415771
543.712036
538.575989
535.141235
535.356934
536.789185
536.061523
532.703491
528.161072
524.532593
523.240906
525.158691
528.525696
531.742065
534.385376
537.183472
541.187195
545.147034
546.203247
543.890991
540.131226
537.877502
537.124451
536.237122
533.558350
529.356506
525.575073
524.143616
525.270386
527.460510
529.411194
532.234314
536.269592
540.745483
543.877991
544.881470
544.688721
544.106140
542.650696
539.847717
537.305969
536.363281
535.242798
532.049194
527.194214
523.773743
523.981323
526.408386
528.923096
531.017639
534.082520
538.222778
542.158264
545.128845
546.096558
543.927124
539.167358
535.996460
536.649414
538.042725
535.008667
528.171753
522.995789
523.352722
526.929443
528.484314
527.304749
527.860596
531.505005
536.698669
541.133240
544.467102
546.081482
544.947571
540.997253
536.938721
535.927917
537.111206
536.070923
531.458374
526.294800
523.832642
524.366943
526.322571
528.750244
531.424438
534.253662
537.615967
541.984436
546.167053
547.123413
543.905151
538.822754
535.789795
535.939819
536.976196
536.026001
532.721252
528.776123
525.417664
523.821472
524.791504
527.347778
530.327576
533.240112
536.456787
540.379517
544.229858
546.144470
545.115662
541.677307
538.113586
536.102539
535.546509
534.809875
532.056641
527.212463
523.139099
522.958984
526.177612
529.692749
532.246765
534.850037
538.617310
542.578796
545.034119
545.505920
545.078613
543.453613
540.316162
537.025208
535.882568
535.716248
533.526367
528.651794
524.467896
523.707581
525.606201
527.874573
530.079102
533.325562
537.670532
541.062378
543.343323
544.992920
544.975403
541.825378
537.524963
535.922668
536.443481
535.441223
531.003662
525.919373
523.291443
524.486572
526.748535
528.676392
531.176758
534.413086
536.702332
538.588867
541.636536
545.571167
546.542358
543.514954
538.352051
535.579529
536.225281
536.611023
533.564636
528.448425
524.401001
523.343201
524.552856
527.380127
531.163513
534.340820
537.210205
540.747437
544.559387
546.436096
544.522949
540.195679
537.127075
536.196167
535.956116
534.328918
531.917969
529.340454
526.517822
524.225037
523.664429
525.819031
529.791077
533.130249
536.030396
539.176086
542.811951
545.599854
545.624146
543.035156
539.169678
536.467957
535.704102
535.309448
533.127441
528.696106
524.614929
523.609985
525.505066
528.385132
530.921143
533.967957
537.736938
541.840576
544.365112
544.882690
544.434937
543.008057
539.971375
536.874146
536.029114
536.553223
534.949585
530.233215
524.841370
523.319397
525.337524
527.516724
528.919312
531.685425
536.173279
540.605530
543.589355
545.574219
545.681152
542.595215
538.015686
535.939087
536.812317
536.460999
532.193054
526.798767
523.955627
524.257080
526.049438
528.285400
531.480469
535.102966
537.200073
537.843140
540.162231
544.898987
547.590332
544.892761
539.440613
535.677612
536.008911
537.244873
534.821594
529.189697
524.563232
523.329041
524.877197
527.664917
530.473511
532.796387
535.809814
539.968750
544.208130
546.543518
545.547668
541.877686
538.428711
536.967834
536.141602
534.372803
531.871521
529.071777
526.279846
524.150452
523.469116
524.970337
528.490295
532.541809
535.657104
538.444153
541.684998
544.658875
546.156372
544.690674
540.559937
536.327576
534.805115
535.618469
534.869568
530.131104
524.396240
522.315247
524.747986
528.220642
530.598022
532.588135
535.961609
540.300171
544.157654
545.566833
545.005127
542.705872
539.075623
535.860596
535.665161
537.096252
536.137329
531.438049
525.945435
523.101013
524.279602
526.917419
528.961670
531.213928
535.108582
539.193481
542.450378
545.349060
546.328979
543.494263
538.637207
536.174377
536.558411
536.731873
533.581604
528.071533
524.212891
523.741821
525.022278
527.001648
530.650452
534.890991
537.434326
538.129883
539.746216
543.416626
546.385315
545.211792
540.682739
536.963257
536.775940
537.195068
535.080322
530.210083
525.910217
523.982117
524.530151
526.797607
529.660461
532.235962
534.804749
538.449463
543.013733
546.522705
546.094299
542.655029
538.581482
536.845520
536.909912
536.078308
532.943176
528.374084
524.023926
522.160339
523.122742
526.263489
528.976196
531.089600
533.304688
536.755005
541.284363
544.953918
546.080566
544.346863
540.580750
537.220154
535.903748
536.127563
535.117493
530.934448
525.664246
522.944641
524.166870
526.918701
529.537598
532.716003
536.347046
539.657593
542.110229
544.463257
545.819702
544.574036
539.903809
534.480652
533.182007
535.699646
536.867859
533.224670
527.270569
523.532715
523.408813
525.416748
527.845520
531.123657
535.163391
538.462036
541.123230
543.940430
546.207275
545.237427
540.954102
536.917297
536.181824
536.465454
534.202393
529.602295
525.930847
524.483887
524.647461
526.092651
529.005432
533.671753
537.956604
540.172241
541.390991
543.495728
545.830261
545.501099
542.066772
538.202148
536.325439
536.573120
535.621887
532.208191
527.405090
523.910522
523.325195
525.421509
528.780273
531.862305
534.547852
537.757751
542.205383
546.096191
546.542053
543.504883
539.359741
537.018555
536.596741
536.248840
533.671570
529.354675
525.431213
523.273193
523.783813
526.094666
528.052124
529.658691
532.101135
536.320129
540.986816
544.468079
545.659485
544.679749
541.939087
538.490234
536.121033
536.103394
535.732117
532.153259
526.443359
522.786621
523.806946
527.136780
529.737488
531.721252
534.408997
538.122070
541.629517
544.937988
546.583801
544.790710
540.185425
535.628174
535.067749
537.933228
538.715332
534.056763
527.179871
523.601013
524.048340
526.095398
527.772217
529.718079
533.451660
537.880188
541.000000
543.440979
545.630859
545.612183
542.211304
538.053528
536.219421
536.123657
534.699524
530.999207
526.621277
524.030823
523.596863
525.515381
529.212036
533.150818
536.389099
538.627686
541.347900
545.297485
547.926331
546.669495
542.428955
538.636719
537.382141
537.425781
536.296387
532.502014
527.832703
524.826416
523.928955
524.912109
527.413452
530.696228
534.240112
537.397461
540.753540
544.100830
545.887268
544.842224
541.108765
537.351440
535.843933
536.278076
535.560120
531.435852
525.743347
522.449829
524.034546
528.007324
530.109131
529.990845
530.713928
534.902161
540.560669
544.453857
545.675354
544.885986
542.825745
539.532593
536.697083
535.885864
535.507324
532.941162
528.045044
524.120850
523.516113
525.253601
527.388611
530.263306
534.463257
538.578186
541.516907
544.016052
546.175720
545.610596
541.707886
536.294189
533.953491
536.162964
537.944397
534.928406
528.787537
524.204712
523.417053
525.032959
527.209656
529.332703
532.414612
535.973572
539.538940
543.359314
546.521057
546.379517
542.603577
538.286438
536.544617
536.915527
535.408936
531.186890
526.791504
524.534912
524.502258
525.993835
528.687134
531.551758
534.262207
537.760132
541.533813
544.960205
546.511353
545.211731
542.171082
539.242981
537.692322
537.022217
536.071228
533.865051
529.543457
525.111023
523.204468
524.510376
527.710388
530.769226
533.279053
536.105225
540.008118
544.137451
546.251099
545.354370
542.164917
538.554321
536.405029
536.170349
535.396057
532.131531
526.944214
522.912720
523.048401
526.471802
529.260803
530.012634
530.908569
534.242920
538.904663
542.747559
544.655762
545.086304
543.777161
540.453430
536.899841
535.801575
535.968079
533.845947
528.795471
524.195923
523.314819
525.240479
527.120911
529.535400
533.490356
537.950867
541.312073
543.765137
545.714661
545.433777
541.744446
537.329895
535.979736
536.926514
535.872192
531.112549
525.786255
523.543274
524.342773
525.193359
525.703674
527.995361
532.078491
535.942139
539.082825
542.329712
545.501526
546.280396
543.363220
538.704529
536.472107
536.771423
536.082275
532.461548
527.653687
524.340881
523.373596
524.623108
527.363525
530.559204
533.683289
536.753052
540.830261
544.730591
546.267944
544.556396
541.385315
539.023376
538.026917
537.547485
536.402161
534.346497
531.041016
526.680908
523.504089
523.360229
525.921448
529.384460
532.569519
535.902771
539.563293
543.097534
545.302734
545.499573
543.480347
539.912842
536.618530
535.634888
535.686646
533.925293
528.801270
523.666565
522.556091
525.041809
528.891541
531.837341
534.197510
536.956177
539.356140
541.461304
543.789856
546.064209
545.605713
541.130371
536.510681
535.286682
536.534485
535.718567
530.854919
525.584351
523.457825
524.619263
526.843506
529.462463
533.032227
536.804688
539.500244
542.188354
545.556946
546.940552
543.562988
537.894470
535.066284
536.058289
536.596130
533.034180
527.090515
523.377197
523.163025
524.076050
525.331116
527.972717
531.864258
535.178650
537.642944
540.826721
544.776733
547.129089
545.195374
540.225098
536.437378
535.873230
535.990051
534.095825
530.179504
525.922852
523.268738
523.519409
526.743103
530.944885
533.920898
536.006897
539.037109
543.492615
546.826721
546.008301
541.957275
537.603882
535.632446
536.101624
536.922729
535.905579
531.964294
526.633911
523.179871
523.466736
526.564453
529.262268
531.112183
533.930603
538.231567
542.796814
545.600342
545.740906
543.609497
540.157471
537.338623
536.198303
535.875732
533.665405
529.070251
524.564941
523.206665
524.785522
527.261902
529.868713
533.624634
537.885437
540.740356
541.629272
542.790955
544.956848
545.889343
542.712402
537.705200
535.595215
536.289734
535.711243
531.369568
525.675049
523.129761
524.217468
526.507263
528.529236
531.523987
535.576965
539.173645
542.347107
545.292847
546.320557
543.936462
539.276611
536.638000
536.889343
536.765137
533.158264
527.552979
524.294189
524.494446
525.234680
525.437317
526.442505
529.840637
533.961731
537.290161
540.462280
544.033997
546.551025
545.678955
541.462769
537.494995
536.015198
535.979492
534.673584
531.174866
526.850830
523.582092
523.223572
525.833984
529.406128
532.471863
535.054932
538.476013
542.808105
546.266602
546.377136
543.164246
539.124084
536.586548
535.985962
536.782227
536.521423
533.168457
527.678772
523.801208
523.688904
526.223755
528.541138
529.777527
532.071960
537.094666
542.429016
545.449463
545.708252
544.206543
541.403564
538.137024
536.228149
535.757690
534.466064
530.755249
525.968262
523.612732
524.399170
526.896484
529.406677
532.197144
536.223083
539.908386
541.926819
543.465820
545.323669
546.164490
543.411621
538.771545
536.333191
536.863586
536.657959
532.512756
526.556702
523.468323
524.185425
526.304199
527.888977
530.500977
534.626465
538.454285
541.318665
543.920044
545.425903
544.191040
540.432190
537.426147
536.783508
536.731384
534.683716
529.887207
525.362061
523.624146
523.948364
525.262939
527.383728
530.430420
533.097473
535.395996
539.206970
543.649170
546.794678
545.894531
541.546387
537.745911
537.031189
537.577759
535.938843
532.078552
527.788269
524.491943
523.481323
525.044617
528.066040
531.362732
534.819031
538.181213
541.836304
545.123657
546.268433
544.324280
540.645874
536.990540
534.688416
534.940552
536.070435
534.673096
530.063477
525.037842
523.056824
524.464539
527.282227
529.601257
532.255676
536.384888
540.720825
543.752197
545.223389
545.372925
542.985474
538.723633
535.649170
535.467773
535.538025
532.269592
527.149841
523.662842
523.806091
526.213684
528.732483
531.650696
535.045532
538.423462
540.886047
543.394897
546.842651
548.048584
545.055847
539.412415
536.048401
536.482422
536.918091
533.847961
528.190918
524.275391
524.011108
525.311462
526.891846
529.566101
533.746521
537.846130
540.843323
543.487122
545.240295
544.949951
541.861450
538.241028
536.758667
536.628845
534.683960
530.842529
526.878540
524.184937
523.842529
525.744751
528.764465
531.931702
534.183594
535.891296
538.275452
542.262878
545.439636
545.674316
543.100403
539.229614
536.943848
536.390564
535.908447
533.666565
529.248413
524.478271
522.582886
524.318359
527.802002
531.118408
534.178101
537.457336
541.358826
544.402954
545.314880
543.831909
541.280334
538.683899
536.332520
535.142151
534.874390
533.675171
530.597412
526.567749
524.175049
523.959351
525.352295
527.938599
531.259155
536.090088
540.617371
543.337830
544.933533
545.418823
543.631348
538.972717
535.330566
535.361206
536.317139
534.142578
528.708313
524.210144
523.705933
525.838867
528.116882
530.179688
533.662109
537.765381
541.691467
544.382141
545.689941
545.409485
542.977539
539.368042
536.741821
536.422119
536.345032
533.933472
529.862061
525.653931
524.112427
524.797424
526.523071
528.924988
532.090759
535.930542
539.647217
543.225159
546.006531
545.774597
542.702026
538.967834
537.326599
536.882324
534.817566
530.920898
526.992981
524.588440
524.036011
525.446228
528.574280
531.973083
534.030273
534.757080
536.188721
540.142639
544.939819
546.782104
544.494934
539.979004
536.895874
536.632812
536.660339
534.562012
529.740906
524.468384
522.337219
524.337036
528.015198
530.578857
532.716980
535.908325
539.822449
543.390381
545.055481
544.427795
541.820190
538.656738
536.457031
536.233337
536.153137
533.828552
528.395264
522.997131
521.188477
523.016052
525.741577
528.127686
531.062927
535.106506
539.096924
542.382935
544.686462
545.711731
544.230530
539.858826
535.808350
535.551880
537.123779
535.307861
529.415527
524.186340
523.373901
525.337585
527.218750
529.223328
532.713440
537.194397
541.052185
544.103882
545.756531
545.587830
542.482239
537.994934
535.588501
536.352356
537.321533
535.329163
531.088684
527.252747
524.946838
524.510193
525.340698
527.858032
531.687439
535.431885
538.444580
541.615784
545.369141
547.048157
544.271240
539.161499
536.151917
536.242310
536.188232
533.470764
528.675354
524.757812
523.570496
525.222595
527.747375
530.856567
533.600830
535.735291
537.900146
541.174194
544.277405
545.861877
544.999451
542.002747
538.283997
536.404968
535.731812
534.572449
531.394409
527.033936
523.749390
524.097595
526.763489
529.273804
531.543457
535.209534
539.751282
543.284241
544.973694
545.076477
543.546387
540.641602
537.535461
536.148865
535.548706
533.512329
528.736877
524.140930
522.838806
524.580261
526.452759
527.628357
529.849854
533.914612
537.891785
541.036011
543.370544
545.242920
545.105469
541.776428
537.693909
536.513733
537.266174
535.834045
530.426819
524.849548
523.208313
524.912659
527.230469
529.231750
532.021484
535.507629
539.135864
542.901367
545.955566
546.187988
542.862915
538.137268
536.006653
537.511475
538.952209
536.859924
532.046509
527.489014
524.793213
524.110779
525.347900
527.838562
530.929382
533.924133
536.907654
540.916077
545.182922
547.052734
544.759094
540.105103
536.997681
536.588928
536.532410
534.488403
530.452820
526.210083
523.534302
524.006226
526.888062
530.023438
533.251221
535.953979
538.634583
541.862488
544.499146
545.876038
545.193970
542.622131
538.675476
535.678406
535.491882
535.598083
533.180298
528.237793
523.757751
523.112915
525.672241
528.952515
531.401123
533.999512
537.652344
541.655762
544.940063
546.439697
545.002380
540.770264
536.577515
535.224609
535.923157
534.770264
530.139099
524.953613
523.520569
525.951843
528.363586
528.328247
528.619629
531.932495
536.759216
540.784180
543.370728
545.182190
545.636292
542.957153
538.543274
536.215271
536.670471
535.885254
531.648621
526.905823
524.423035
524.586731
525.853638
527.595947
531.058167
535.501526
538.663574
541.153503
544.641052
546.746948
544.983459
540.128845
535.998352
535.637329
537.576233
537.419983
533.711975
528.845337
525.046509
523.289001
524.336121
527.267456
530.681274
533.819275
536.447571
539.774658
543.918457
546.384888
545.296814
541.276123
537.852783
536.844727
536.686951
535.088867
531.389343
526.933044
523.760620
523.520996
525.989380
528.938843
531.919434
535.025269
538.655396
542.459351
545.125000
545.799866
544.970520
543.114807
540.194214
537.208069
536.099731
535.899475
534.053772
529.524048
524.632080
523.045654
525.058411
527.966064
530.349609
533.099915
537.072571
541.219177
544.451111
545.898438
544.948547
541.584534
537.348999
535.558899
536.280579
535.506592
531.153381
525.437988
522.939453
524.951843
527.795593
528.727661
528.925720
531.294189
535.244141
539.278931
542.911926
545.859131
546.760254
543.734314
538.401733
535.656677
536.388733
536.872498
533.331909
527.624512
524.074524
524.176331
525.841797
527.555420
530.388000
534.295166
537.596130
540.384583
543.656006
546.086426
545.323425
541.372803
537.791626
536.197510
535.819031
534.356689
531.315552
528.504150
526.581299
524.901733
524.236267
525.922607
529.535583
532.866638
535.878418
539.090088
542.925659
545.958496
545.654053
542.456665
539.040405
537.434631
536.869080
535.317078
531.846436
527.493713
524.654968
524.198914
525.773743
528.160522
530.639709
533.787231
538.093079
542.307312
544.722656
545.023071
544.362488
543.347290
541.241882
538.291565
536.268616
535.753113
534.674133
530.692749
525.525879
522.904968
524.297913
527.382446
529.995605
532.617371
536.188965
540.173584
543.280701
545.040771
545.328003
543.117859
539.126831
536.223572
536.296265
536.168823
532.803101
527.640747
524.280701
523.799011
525.625122
527.827454
530.652344
534.613342
537.983459
539.040283
540.097534
543.360229
546.348145
545.203430
540.526733
536.302002
535.828613
536.915833
535.007629
529.822449
525.088074
523.566162
524.821411
527.210083
530.081543
533.302185
536.394775
539.641418
543.492249
546.378296
545.817322
541.761353
537.836853
536.861389
537.027222
535.423584
531.658630
527.945862
526.112793
525.191406
524.724121
525.450500
528.178772
531.854736
534.940735
537.991150
541.908447
545.414795
546.127747
543.393921
539.491455
537.015381
536.347900
535.890808
533.701538
529.599060
525.525513
523.475708
524.838196
527.978577
530.890808
533.176575
536.124268
540.191467
544.456177
546.306152
545.222778
542.501282
539.517517
536.880005
536.171631
536.757141
535.970642
531.688416
526.170044
522.955688
524.333313
527.630066
529.546509
530.844971
534.397339
539.316650
543.276367
545.438721
545.737305
543.628723
539.581970
536.300903
535.899780
536.211243
533.723389
528.128540
524.068787
523.969116
525.635742
527.458862
529.918823
534.178101
538.519714
540.317810
540.868164
542.564819
545.430908
545.640869
541.953857
537.635620
536.061218
536.291626
534.737549
530.502075
526.439636
524.395264
524.588135
526.345154
529.200562
532.549927
535.762390
538.555420
542.075928
545.960205
546.856384
543.259705
538.451233
536.626770
537.268250
536.632812
532.576843
527.396484
524.663147
524.209961
524.553589
525.507141
527.690308
530.763428
534.031494
537.133118
540.817993
544.411987
546.143188
544.630310
541.000793
537.783997
536.534241
536.157654
534.800781
530.719421
525.905640
523.203186
524.424255
527.755371
530.166321
531.803894
534.647705
539.328857
544.044922
546.441101
545.567078
542.398376
538.675903
535.806702
535.338135
537.059082
537.498413
533.243042
526.610962
522.854675
524.077698
527.532104
529.265869
529.836731
532.697205
537.925232
543.001526
545.486511
546.032227
543.740234
539.601257
536.745972
536.912354
537.807617
535.431152
529.271729
524.080750
523.368958
525.910828
527.820190
529.159729
532.229248
536.698914
540.279175
542.076721
543.840698
546.050903
545.936340
541.927856
537.333313
536.249817
537.792236
537.003906
531.789978
525.833191
523.454346
524.395874
526.197327
528.861694
531.980042
535.003479
537.396545
540.860657
545.206421
547.407349
545.153992
539.934998
536.325928
536.274231
536.475769
534.010681
529.395386
525.548828
523.656067
523.533691
524.800415
526.957642
530.022461
533.165405
536.414246
539.985657
543.915222
546.236450
545.118530
541.450806
538.263000
536.892822
536.841614
535.463501
531.908752
526.981934
523.666870
523.909058
526.454346
529.060913
531.417603
534.322876
538.618896
542.950439
545.667480
545.400024
543.107544
540.090637
536.987305
535.480347
536.342957
536.945618
534.442505
528.840820
524.144653
522.777344
524.691650
528.017029
530.901917
533.790039
536.838135
539.776001
542.843201
545.820984
546.839294
542.817322
536.979736
534.708496
536.196045
536.846680
532.750427
526.467957
522.937805
523.629211
526.176208
528.824219
532.024475
536.253906
539.432129
540.859009
542.555603
545.473389
547.064148
544.173584
538.731384
535.724304
536.312622
536.916626
533.553101
528.110901
524.463745
523.873474
525.202026
527.311646
530.417358
533.923584
537.021606
540.100098
544.081055
546.890076
545.621704
540.972351
536.809326
535.781555
536.278564
535.164490
531.549805
526.559082
523.708496
523.760864
526.251831
529.355957
531.625122
533.181152
534.950989
538.009644
542.402039
545.623535
546.094543
543.197571
539.309692
536.562927
535.932007
535.644409
533.185913
528.637024
524.538574
523.221313
525.290161
528.255188
530.597473
533.226990
537.484253
542.240784
545.126404
545.633362
543.782654
541.050232
538.172913
535.544556
534.814209
535.573975
534.990234
531.016785
525.924866
523.485413
524.249390
526.963989
529.735107
532.258972
535.679077
539.466492
542.690735
545.177185
546.106262
543.319153
538.334778
535.656616
536.578613
536.871033
533.129822
526.965027
523.337158
524.460571
526.842041
528.355957
530.327942
534.150085
538.933167
542.251282
544.216675
545.431702
545.299927
542.843323
538.985596
537.351562
537.793762
537.332458
533.808167
528.808105
525.830261
524.993958
525.106140
526.207092
529.293518
533.675659
537.224670
539.551331
542.407654
545.864197
546.219543
542.697266
537.924866
536.123901
536.243530
535.444885
532.022949
528.089966
524.932556
523.803223
524.935181
528.175903
531.948059
534.904968
536.014221
537.684448
540.858337
544.707031
545.965271
544.477173
540.826294
537.370056
535.906128
535.572815
534.323486
530.722229
525.817383
522.795471
523.867188
527.763977
531.080566
532.289429
534.574829
539.998962
546.479187
548.175415
543.920898
538.263672
536.464844
538.730591
539.619263
536.333313
530.453918
525.116089
523.352539
524.633911
526.585693
527.160645
527.303650
530.009766
535.063782
540.105103
542.418945
543.612549
545.129639
544.900879
541.239868
536.313477
534.449707
535.314331
534.493652
529.973267
525.730530
524.282104
525.032410
526.777039
530.182922
534.039612
537.926453
540.909912
542.796814
544.512756
546.036621
544.370728
540.018677
536.607788
536.464905
536.954041
535.427856
531.155518
526.036987
523.465454
523.806641
526.125977
529.792175
533.315002
535.208374
537.033264
541.170044
547.416443
549.509521
543.521545
535.199646
533.447144
537.936462
539.806885
534.474548
526.219116
521.689575
523.737671
526.938049
528.884216
530.281128
532.335999
535.253418
538.725342
542.465271
544.867493
545.146240
543.737610
541.143250
538.992676
537.500488
535.675354
533.533630
530.164246
526.504272
524.619995
526.363953
528.610596
528.977661
529.724731
534.176086
540.741455
546.118347
546.795593
543.877258
540.596985
538.964172
537.582336
536.593811
535.259399
532.408997
527.889282
524.026367
523.118652
524.788330
526.623169
527.629944
530.111877
534.339355
538.445557
540.737000
542.474609
545.304993
547.708984
544.592224
536.663940
531.406738
533.267334
536.740479
534.755432
526.992981
521.025635
521.779114
527.303467
531.803345
533.678833
534.630615
537.621460
543.121033
547.349548
547.278564
542.317383
536.119751
533.943604
536.640381
539.986023
537.797913
530.781921
524.336182
521.717163
523.821533
528.092163
532.067810
533.961243
533.598083
534.248718
538.706787
545.937866
549.696411
545.586609
538.235779
534.860107
536.718933
538.270874
534.872253
528.681152
524.196655
523.333862
525.081665
527.350830
530.273254
533.578186
536.289917
538.525208
540.808472
544.471497
546.474426
544.863892
540.441040
536.111694
536.108337
539.153870
539.585144
533.670898
523.875916
518.951660
522.016541
529.826355
534.156006
532.511475
531.672363
536.148010
543.337585
547.409058
545.955200
542.009766
538.510986
537.186829
537.074768
536.329102
533.447021
528.972717
525.241333
524.097778
526.149902
527.785706
527.580750
527.926453
531.176636
537.187622
543.327393
546.802795
546.266479
542.541382
538.556519
536.487244
538.143799
539.740112
536.421143
529.201111
523.827698
523.716858
526.210449
527.141235
527.437073
530.343384
535.641907
539.997192
542.266052
544.478271
546.032959
544.759583
539.963684
535.998779
535.166992
536.438599
535.757019
531.398254
527.368286
526.756775
527.460876
527.499268
526.845642
527.596191
530.754150
536.718933
542.831116
546.466003
547.042480
544.340454
540.219666
538.119385
537.884338
536.514893
533.153931
529.092346
526.104919
524.160522
523.948792
526.047485
529.537598
533.120117
536.038818
538.628418
542.243042
545.961792
547.351807
545.371948
542.221741
538.899536
536.483459
535.353394
534.633667
532.689331
529.847717
526.356079
524.299377
524.905273
527.707214
530.877441
534.781738
538.690796
541.444824
543.299500
544.434509
543.946960
541.692200
538.373657
536.494141
536.222229
535.082764
530.622620
525.111389
522.653931
524.277161
526.936951
528.119202
528.971069
531.998047
536.460266
540.451233
543.368225
545.408142
545.433960
542.715515
538.099609
535.729797
536.490479
536.649048
532.693909
526.989685
523.794067
524.359863
526.188904
528.016663
530.592773
535.686890
539.480591
540.790710
542.980103
545.460388
545.268127
541.110596
537.027039
537.032410
539.060852
539.131042
533.815063
527.444702
524.654724
524.546997
525.398926
526.636719
529.656006
533.651428
537.036682
540.222168
543.262268
545.713440
545.827942
542.617126
538.093384
535.780457
535.807983
535.343506
532.350464
527.880615
524.541260
523.833191
525.622986
528.734802
532.000000
535.122009
538.279480
541.909302
545.361328
546.965942
545.955505
542.937134
539.473389
537.261292
536.672180
536.371521
533.945740
529.088379
524.096619
522.551453
525.368347
529.595154
532.140259
533.248413
535.278687
539.521973
544.179199
546.648132
545.549744
541.695557
537.724304
536.181396
536.920654
536.091370
531.486816
525.593628
522.338379
524.007202
527.456665
529.320862
529.923706
531.972168
535.965454
539.512329
541.768799
