530.774292
530.774292
530.811401
530.687805
530.956177
531.231201
530.768188
530.156921
531.091858
534.205322
537.256104
538.173889
537.910339
539.386719
543.258789
546.133301
546.238281
544.321594
542.284973
540.769104
539.544556
538.628113
537.644348
535.934875
533.263367
531.011414
530.036865
528.686035
526.419556
524.329285
524.175476
525.489197
527.351257
528.875916
530.747070
532.959290
534.205872
533.704590
533.307068
534.874207
538.017883
540.837585
542.794250
543.673035
544.275208
544.286377
543.685425
542.563232
541.466858
539.715759
537.464233
535.780579
535.086670
533.972656
531.255981
528.278381
526.638245
525.650818
524.891968
524.712769
526.297607
528.611816
530.065552
530.510010
531.541016
534.236206
536.651672
536.851196
536.459473
537.859070
541.086304
543.867859
545.039001
545.015564
544.438049
542.940125
540.994568
539.525452
539.019409
538.044067
535.570435
533.009888
531.375061
530.025208
528.056824
525.887146
525.119080
525.693237
526.087097
526.412598
528.171021
531.064392
532.808228
533.262817
533.804688
535.730225
538.106323
539.446106
540.291565
542.000977
544.213196
544.678345
543.673889
542.998901
542.933472
542.056885
539.448547
536.808655
535.573853
534.793701
533.432739
531.044922
529.165161
527.520691
525.731506
524.453979
524.994995
527.158508
528.518982
528.802124
529.864380
532.434143
534.780090
535.733948
536.516846
538.528442
541.064026
542.527039
542.849182
543.563660
545.017273
545.134949
543.279297
541.366394
540.466614
539.368164
537.254395
534.978149
533.754822
532.793213
530.590454
527.338074
525.695801
525.761414
525.906982
525.679199
526.325562
528.174072
530.495056
532.170105
533.119019
534.100464
535.552124
537.261230
539.543762
542.561340
544.780029
544.760925
543.704895
543.488159
544.228088
543.694885
541.488831
539.056763
537.734253
537.044006
535.169678
532.384216
530.676819
529.835632
528.291626
525.835327
524.552612
525.291199
527.017212
528.330505
529.183960
530.662964
532.192749
533.313049
534.769592
537.155029
539.355713
540.688171
542.067932
543.701782
545.251465
545.209167
543.517151
541.828369
541.125793
540.585999
539.241699
537.977173
536.603638
534.183960
531.192322
528.825867
528.398376
528.045898
526.249756
523.946594
523.898376
526.764465
529.558167
530.746948
531.167358
532.280273
534.141235
535.683899
537.512390
540.260315
542.716675
543.764160
543.815125
543.815613
544.149536
543.694275
542.122375
540.417236
539.588684
538.632202
536.473999
534.339111
533.113892
531.492676
528.984131
526.305969
525.356140
526.064514
526.430603
525.882507
526.426086
529.131897
532.081970
533.064941
532.903625
534.125488
536.897827
539.603821
541.200134
542.377502
543.592346
544.409912
544.490906
543.667664
542.138489
540.229797
538.571777
538.114746
538.300537
537.144897
533.792664
530.693909
529.840027
529.618835
527.589600
524.343201
523.180298
525.632019
529.037415
529.879578
529.038818
529.843140
532.576904
535.024292
536.019348
536.756775
538.506775
541.542053
544.390259
545.574158
544.699646
542.955261
541.974731
542.040894
541.621643
538.928101
534.846252
532.708557
533.811218
535.254578
533.565308
529.066650
525.315796
524.729065
526.075073
526.783020
526.550110
527.047363
528.775391
530.920410
532.588928
533.478333
534.592529
536.152832
538.448853
541.638306
543.885437
544.230652
543.648132
544.036133
544.237183
542.757019
540.004150
537.895996
537.224670
537.104431
535.394104
532.736938
530.803223
529.768860
528.344116
526.727722
525.813782
525.554199
525.415649
526.414551
528.343201
530.451294
531.761353
532.105469
533.138184
535.854614
538.453186
539.520996
540.404297
543.034180
545.758545
545.938171
543.644104
541.241150
540.753418
540.842590
539.480408
537.033081
534.859863
533.330811
531.262817
529.386963
528.378906
527.657104
525.909180
524.138489
524.409241
526.680542
528.870117
529.075867
529.138367
531.447815
534.580322
536.082031
535.829773
536.911255
540.069946
543.694031
545.516846
544.883484
543.299438
542.060364
541.667419
541.961060
541.044312
537.789734
533.991089
532.743164
533.309753
532.711487
529.216248
524.656067
522.652161
524.713379
527.023376
527.066895
526.442139
527.114075
529.171082
531.895020
533.610840
534.123169
534.787048
536.946594
539.486511
542.188293
543.923950
543.900146
543.448303
543.712708
543.576904
541.753540
539.120361
537.923035
537.930359
536.798096
533.309937
529.986816
528.820923
528.648315
527.606079
525.675354
524.854736
525.678955
526.715698
527.274414
528.620422
530.907349
532.396240
532.686096
533.581482
535.924500
538.698303
540.614990
541.851379
543.483215
545.172913
545.125916
543.077576
541.337646
540.893066
539.954346
537.784668
535.787598
534.573669
533.279114
530.799194
527.718567
526.089905
525.976685
526.158569
525.661621
525.688721
527.243408
529.663086
531.277588
531.783447
531.954834
532.549194
534.405884
537.963257
541.094910
542.130981
541.703674
542.334045
544.744080
546.627380
544.722900
540.039307
537.179138
537.993469
539.467529
537.570251
533.336304
530.035217
528.844666
528.476196
527.355042
526.145325
525.317688
525.500305
526.704590
529.254822
532.358093
533.512512
532.573364
531.766724
533.385803
536.430176
538.659973
540.024536
541.661926
544.029785
545.237610
544.482544
542.905762
541.985413
541.264404
539.473389
537.460815
536.115417
535.204407
533.391113
531.080872
529.298889
527.687500
525.836060
524.228943
524.255737
526.005188
528.434021
530.318542
531.733643
533.440430
533.989868
532.771667
532.290344
535.759888
541.223633
544.248291
543.287170
541.386597
542.471619
545.881714
546.926636
543.270508
537.944885
535.631165
536.563049
537.917969
536.369141
531.819885
527.305237
525.876404
527.509583
528.179932
525.916626
523.790649
525.365234
529.323792
532.353149
532.617432
532.135925
533.467896
536.730347
538.391541
537.944336
538.715759
541.330322
543.649048
545.066345
544.654907
543.382202
542.047180
541.656128
540.176819
536.795898
532.225647
528.076294
527.730103
530.453308
531.092285
527.492432
522.559753
521.732178
526.109375
531.963745
534.687500
533.419434
531.760559
532.811768
537.079529
540.688110
541.065063
540.560669
542.325073
545.400635
546.274048
543.314575
539.483765
538.617554
540.970032
542.046265
539.580811
535.296326
532.057678
530.960754
530.611938
530.345459
528.316162
525.141113
523.119873
523.596375
526.525513
530.678467
533.433716
533.382263
531.941406
531.389526
532.798401
536.922791
541.758423
544.214783
543.185608
541.881348
542.899475
545.107727
544.948669
541.699402
538.053284
536.726257
537.684753
537.961182
535.736328
532.938782
530.979614
529.393250
527.882141
526.795593
525.961243
525.934204
526.707153
527.447998
528.460449
529.245605
530.178955
532.910461
537.637817
540.676636
539.520874
536.586365
537.301270
542.734253
547.730652
547.171387
542.954102
540.151550
540.320557
540.721680
538.823975
535.540100
533.507202
532.952332
532.378906
531.234497
529.068604
526.382935
524.582886
525.232544
527.143005
528.458374
528.465271
528.624756
530.840759
533.574158
534.348572
534.517944
536.246948
539.811462
541.812622
541.260010
541.309082
544.999878
548.852600
547.284851
540.446350
534.840698
534.837585
538.563171
539.440613
535.506653
529.843811
527.139221
528.186890
530.266785
529.755920
526.227173
522.635620
523.091919
527.897339
532.360657
532.342957
530.240417
530.682251
534.193054
538.208191
539.322876
538.753235
539.634399
541.951843
544.336548
546.402710
547.039001
545.293457
541.463013
537.407776
534.647644
534.202515
535.078125
535.269958
533.885986
530.480103
525.591187
522.574036
523.290527
526.321167
528.150513
527.096985
526.037415
527.733154
531.572693
534.367432
534.319214
533.789612
535.284241
538.811646
541.817810
543.354309
543.973633
543.902039
543.803101
543.447693
542.319092
540.172363
537.775757
536.337524
536.263000
535.558594
533.003540
529.723145
527.755005
527.290466
526.778442
525.499878
524.732666
525.593201
527.756409
528.912903
529.528503
530.826416
532.885132
535.034241
536.269165
537.583313
539.400513
541.525757
543.735718
545.063660
545.259521
543.636292
540.805969
539.433533
540.199402
540.387878
537.771790
534.340027
532.666260
532.277710
530.860596
527.518433
524.614624
524.735596
526.628784
527.715088
528.133179
528.742920
529.280090
529.906982
530.912964
532.803406
535.148438
536.974487
538.076477
540.834473
543.334778
543.362549
542.228027
542.532959
544.640442
545.688904
542.750366
537.642212
535.152649
536.364990
536.177673
533.362366
529.736084
527.228455
527.032288
527.603210
527.025513
525.675964
525.563782
527.284363
530.112244
533.040100
534.031067
532.991211
532.715393
534.958679
538.236511
540.317993
541.136353
542.046204
543.846619
545.062622
544.053589
542.065613
541.310730
540.840332
539.301758
536.860352
534.772522
533.361084
532.119995
530.240173
528.674133
527.454102
525.745178
523.548157
523.790039
527.226135
531.789795
534.542419
534.600586
532.965210
531.429626
531.265442
533.992493
538.914612
542.713196
542.794006
541.272400
541.911499
545.354797
547.067688
544.161438
539.533630
537.613892
537.961792
537.107117
534.734253
532.467529
530.685425
529.085632
527.148804
526.094116
526.189941
526.518433
526.834351
527.762268
529.808411
531.632141
532.777710
533.849731
535.482971
537.119873
537.524170
538.179993
540.551819
543.099670
544.521606
544.320068
543.204163
542.624573
542.251465
540.796875
538.871216
537.457764
535.357483
532.678467
531.510803
531.105774
529.595154
526.782959
524.170959
524.300293
527.257507
529.531616
529.295654
529.404724
531.459351
533.523865
534.600647
535.447937
537.101013
539.167419
541.077576
542.497192
543.739319
545.085388
544.981812
543.269470
541.596375
540.530579
539.159058
537.660522
537.081970
536.444580
534.211792
530.597290
527.836121
527.602295
528.323059
527.187744
524.556091
524.604370
528.040405
531.511597
532.550659
532.253723
532.846436
534.596680
536.679016
538.671936
541.043030
543.405090
544.312805
544.172791
543.938660
543.961548
543.066956
541.399353
540.228149
539.478821
537.921692
535.221436
533.159546
532.854187
532.297852
529.660767
525.686096
523.879395
525.244812
527.420044
528.596436
529.050659
529.717102
530.755127
532.126953
534.336853
536.615906
538.284668
539.315857
540.542297
542.913330
545.180908
545.509155
544.491211
543.585449
542.898987
541.003662
538.650330
537.597107
537.719482
537.054565
533.943848
529.888123
528.092834
528.250244
528.085388
526.427551
524.866699
525.221863
527.438843
529.825073
531.539917
532.202454
532.275940
533.400024
536.665649
540.489319
542.344177
541.974548
542.052673
543.516479
545.278748
544.856018
542.387756
540.360291
539.828552
539.308411
538.015076
536.375305
534.843567
532.624695
529.740845
527.686340
526.980469
526.963135
526.391235
525.466003
526.340576
528.704285
530.763123
531.551636
532.261780
534.002014
535.718628
537.074219
538.934387
541.497009
543.785278
544.446228
544.067871
543.397827
543.040771
541.811340
540.097412
539.061462
538.536865
537.417908
535.470459
533.583130
532.230347
530.127502
527.633789
525.765808
525.989075
527.065002
526.869141
526.288391
527.487610
530.769714
533.645691
534.149475
534.000366
534.809509
537.257324
540.346680
543.000916
544.534973
544.281677
543.068909
542.363342
542.594482
542.477417
540.037048
536.719055
535.253174
535.985107
536.136963
533.545227
529.982910
528.144531
527.427124
526.208191
525.055725
525.770874
528.560669
530.905029
530.757812
529.172241
529.528381
532.508179
535.797668
538.475403
540.569397
541.414734
541.812683
542.996216
544.718384
544.913452
543.103333
540.826355
539.621643
539.281494
537.953918
535.564331
534.461792
534.650208
533.531677
529.825806
526.262878
525.645447
526.853333
527.353882
526.576843
526.504944
528.031433
530.092529
532.016113
533.477661
534.577454
535.401794
536.630371
539.368652
543.124512
544.850464
544.113770
542.981384
542.366821
541.992371
541.450012
540.526245
539.287354
537.178528
533.996033
530.910583
530.741333
532.393311
531.871338
528.480469
525.058594
524.337646
526.244873
528.069031
528.570618
528.864258
530.504150
532.543640
533.562805
534.567383
536.426758
538.939941
541.234558
542.731750
543.866089
544.096436
543.881531
543.295166
542.383972
540.668945
538.249268
536.932617
536.592529
535.522278
532.685120
528.759644
527.126709
527.856018
528.288086
526.917419
525.064331
525.172241
527.195496
529.332886
530.572571
531.405701
532.692505
533.992065
535.310669
537.856873
540.814697
542.974731
543.540344
543.608643
544.128235
544.188477
542.816589
540.804321
539.465027
538.649902
536.879211
534.689941
532.635071
530.939270
528.832520
526.562866
525.482361
525.859497
526.539490
526.141907
525.779053
527.277283
529.506714
531.173645
532.008118
533.398315
535.531372
537.345947
538.695435
540.229736
542.606262
544.309753
543.725220
541.427063
539.778503
540.675781
543.080933
544.144470
542.119263
537.208862
531.621460
528.756470
529.098145
528.874268
526.563904
524.016785
524.107971
526.494507
528.626221
528.729492
527.948669
529.359619
532.288818
534.431396
535.352905
536.103455
537.395264
539.214355
541.321411
543.529602
545.041504
544.681580
542.870300
541.362915
541.047119
540.373047
538.084229
535.952454
535.065796
534.381348
532.175598
528.758789
526.779968
526.287598
526.209167
525.517700
525.752197
527.793762
530.148499
531.295898
531.480591
532.077942
533.532715
535.086243
536.745911
539.050232
541.307922
542.635376
543.237000
544.179016
545.219727
544.293396
541.467896
538.855896
537.911316
537.613098
536.196655
534.519287
533.090332
531.449036
528.558167
525.241272
524.707214
526.440918
527.504883
527.133301
527.448669
529.998779
532.667847
533.652161
533.286072
533.762817
535.741150
537.576294
539.062073
541.265686
543.517700
544.587097
543.591797
542.709839
542.540283
542.073425
540.068054
537.612793
536.641418
536.087830
534.228271
531.562866
529.547974
528.603821
527.283752
525.876404
525.346436
526.455811
528.217529
528.880371
529.623901
531.755005
534.059448
535.027771
535.098572
535.805542
537.473999
539.906982
542.324158
544.059875
544.961670
544.136230
542.056824
540.968872
541.233948
540.426270
537.252625
534.300415
533.505249
533.695801
532.200867
528.796143
526.224731
525.980774
526.760803
526.925903
526.981995
528.074646
529.545105
531.174194
532.748047
534.869873
536.375122
536.605530
536.455750
537.964661
541.137085
544.013245
544.932617
544.414124
543.278320
542.189087
541.135193
540.282837
539.323853
537.718262
535.124817
533.141113
532.143921
530.932434
528.545227
525.944397
525.373291
526.727051
527.563049
527.367310
527.798828
529.960815
532.172119
533.593384
534.625305
535.606323
537.333740
539.428223
541.597656
544.327209
546.061890
545.257202
543.111450
541.846252
542.065063
541.977356
540.337585
537.778137
535.971191
535.146729
533.310669
530.529358
528.619629
527.478821
526.404785
525.315735
525.084106
526.823364
529.243286
530.267578
530.389099
531.458679
533.526489
535.699463
537.908508
539.373596
540.093567
541.245117
543.514771
546.076904
547.455322
545.387207
541.312561
539.036255
539.666260
540.097290
538.282471
535.164307
532.873718
531.773621
530.707275
528.709045
526.804016
525.628784
525.122437
525.679016
527.800537
530.385986
531.473999
531.211914
531.754028
533.846619
536.218140
537.617859
539.547363
542.418640
544.334473
543.893921
542.316345
542.309448
544.211487
544.757324
542.328125
538.565552
536.580078
536.485901
536.389282
534.982849
531.848938
528.522522
526.551514
525.993896
526.479553
526.727783
526.497925
527.182312
529.511353
532.227112
533.076538
532.580811
533.631897
536.647339
539.644470
540.991821
541.942261
543.859741
545.314331
544.532227
542.132812
540.556885
540.916016
541.239441
540.075195
537.939636
535.727417
533.462036
531.401245
529.960815
529.403259
528.375366
526.129700
524.563660
525.508301
528.024536
529.628296
529.871033
530.937317
533.181030
535.161011
535.502014
536.224976
538.998962
542.399963
544.188110
544.006958
543.384399
543.353638
542.883728
541.257263
539.472656
538.406738
537.402771
536.312866
535.619873
534.491333
532.075806
528.880066
526.790405
526.549133
526.980225
525.908386
524.881104
526.596436
530.385193
532.689636
532.259033
531.465820
533.222290
537.102478
540.233398
541.169128
541.560425
542.474915
543.916809
544.737305
544.036194
541.684326
539.572205
538.306946
537.918274
537.231812
535.290894
532.468628
530.952209
530.792969
530.077881
527.491943
525.151794
524.677551
526.330200
527.971191
528.541626
529.310974
531.740662
534.142273
534.817932
534.800354
536.252625
539.144714
541.964417
543.702637
544.278687
543.940369
543.248779
542.607239
542.037415
540.318481
537.240479
535.171387
534.800171
534.856323
533.330139
529.873230
526.805298
526.205505
526.970398
526.702148
525.911743
526.078308
527.022644
528.961182
531.122437
532.880371
533.731567
533.957520
534.926270
537.770020
541.349426
542.919312
542.561584
542.578369
544.346191
545.377502
542.827332
538.862183
537.549133
538.541138
538.298767
535.446106
531.769165
529.359192
528.813660
528.453674
527.614380
526.486572
525.342224
524.371887
525.532959
529.253479
532.367493
532.570740
531.433777
532.152344
535.404541
538.671875
539.718384
539.682007
541.486572
544.305054
545.605591
544.615906
542.494141
540.606323
539.335571
538.475769
537.632080
536.305359
533.888000
531.085999
529.431458
528.983826
527.815063
525.473572
524.010193
524.764038
526.698242
527.846130
528.491882
530.364502
532.994812
534.261169
533.596985
533.810364
536.683899
540.557190
542.686890
542.732239
543.098145
544.225708
544.391113
542.509949
540.282593
538.922302
538.091736
537.418274
535.744080
532.947510
530.599487
529.366943
528.525269
527.490906
525.800293
523.981201
524.181763
527.189087
530.232300
531.010803
530.652405
531.233826
533.214661
535.665039
536.634094
537.438354
539.711487
542.768311
544.393738
544.074890
543.570862
543.245239
542.107727
540.089172
538.101868
536.847229
535.782227
534.765686
533.371399
531.032959
528.273926
526.303833
525.832153
526.182800
526.606506
526.592285
527.263855
529.601440
531.940552
532.679016
532.300232
532.977417
535.181458
537.924133
539.897217
540.625000
541.876587
543.947754
544.953430
544.019287
542.005737
540.281128
539.251038
538.700378
537.776367
535.734009
532.892944
530.658447
530.116089
529.858582
527.887573
525.013489
524.138855
525.994751
528.956055
530.517151
530.559814
530.932617
532.355347
533.577209
534.468262
535.893921
538.079041
540.355713
542.378723
543.485657
543.925720
543.822937
543.109863
542.150024
541.207642
539.357239
536.490295
534.705078
534.742859
534.360291
531.682861
527.628357
525.523682
526.149170
526.982178
526.388733
526.132874
528.108948
530.622375
532.081848
532.513550
533.335571
535.032776
536.398560
537.097168
538.387146
540.906616
542.923889
543.664795
543.945190
544.015198
543.235840
541.094116
538.863037
537.754761
537.588074
536.435974
533.710449
531.604309
530.513916
529.003296
526.614563
525.068604
525.620300
526.941040
527.952576
528.856079
530.645691
532.550537
533.632202
533.913147
535.085449
537.193298
539.007507
540.000854
541.400391
543.616882
544.804932
543.853149
542.515442
541.519104
541.023010
539.526306
537.411621
535.971375
535.132812
533.808716
531.233521
529.045654
527.848450
526.693054
525.746826
525.617554
526.881042
528.468872
529.635376
531.124146
532.911377
534.290710
534.726685
535.523743
538.342773
542.085632
543.998535
543.497986
542.565186
543.239990
544.186584
543.578491
541.571289
539.803711
538.825623
537.566284
535.717712
533.978210
532.326538
530.490417
528.127869
526.558716
526.226501
526.421387
526.449219
527.349060
529.431335
531.176819
531.844604
532.534851
534.291260
536.320496
537.612549
538.642456
540.770935
543.946716
545.598389
545.006958
543.749939
543.206848
542.658813
540.995483
538.951294
537.616089
537.039917
535.823669
533.441467
531.410339
529.734863
527.794006
525.986206
525.491577
526.268066
527.459045
528.425598
529.390747
531.078735
532.708008
533.289307
534.175476
536.698242
539.315979
540.715637
541.988770
543.544067
544.765015
544.515259
542.632141
541.014526
540.814209
540.853455
539.170776
537.000671
535.909058
534.971985
533.036560
530.124878
527.777161
526.894348
526.465393
526.015076
525.809448
527.030945
529.005676
530.700806
532.189026
533.343750
533.948425
534.344177
536.023743
539.525330
542.610291
543.613953
543.272583
543.469238
544.043518
543.239807
540.390076
537.848633
537.691528
538.756531
538.224792
535.728394
533.147705
531.448730
530.184082
528.683472
526.679016
525.310913
524.803711
525.849121
528.412659
531.015625
531.687012
530.998474
531.769897
534.781006
537.651367
538.430115
538.451416
540.786011
544.478210
545.876648
544.218140
542.063538
541.038208
540.524963
539.284363
537.636536
536.403931
535.959351
535.067261
533.422302
531.434570
528.904785
526.291992
525.157715
525.835999
527.062195
527.179932
527.367493
529.358215
532.656738
534.575928
533.951965
533.399658
535.783264
539.821411
542.461792
542.556396
542.530090
543.642700
544.453796
543.516541
541.271912
539.008667
537.320374
535.835571
535.629211
535.997986
535.323486
532.592529
529.240723
527.424438
527.252930
526.767883
525.478333
525.267761
527.600708
530.083984
531.234558
531.718994
532.683289
534.321594
535.925537
537.518127
539.636536
541.929016
543.434631
543.966553
544.240356
543.618591
541.570496
539.402832
538.359192
538.119141
536.974426
534.096985
531.557983
531.132385
531.692322
530.659485
528.183533
526.063660
525.459045
525.918213
526.859985
528.390137
530.411682
531.940552
532.232239
532.581482
534.712952
537.341797
539.148743
540.145142
541.731201
543.903687
544.963318
544.452820
542.640442
540.809753
539.245605
538.010376
537.344788
536.578857
534.627075
531.641418
529.310059
528.743286
528.485596
527.085571
525.583984
525.654480
527.052673
528.204590
528.788513
530.133240
532.592285
534.438049
534.188965
534.092407
536.588806
540.384766
542.530518
542.493347
542.486206
543.608521
544.442932
543.174805
540.312805
538.171875
536.775513
536.034851
535.087280
533.603882
531.656616
529.537170
527.836731
526.992371
526.487549
525.473755
524.900818
526.550598
529.289490
530.841187
531.162659
531.686890
533.575439
535.848450
536.588806
536.992432
539.515869
543.158813
544.887512
543.882812
542.639526
542.324890
542.125427
540.642212
538.069885
536.139648
535.275879
534.645813
533.532898
531.328674
528.451111
525.919983
525.488586
526.937439
528.106567
527.239136
525.988464
527.209534
530.775085
533.442688
533.591919
532.876038
534.112183
537.124756
539.832153
541.301880
542.647888
543.648804
543.414978
542.437256
541.677124
541.299194
539.997925
537.862610
535.981873
535.105347
534.025330
531.733154
529.350342
527.853821
526.791016
526.120544
526.221130
527.591003
529.156921
529.628540
529.241089
530.411682
532.914490
534.526184
534.573486
534.941772
537.084045
540.183655
542.663269
543.464294
543.756836
543.957092
542.852539
541.140625
540.000549
539.171143
537.321594
535.263611
534.041565
533.098877
531.632629
529.065186
526.839722
526.378723
526.644165
526.502625
526.645630
528.452820
530.841736
531.840759
531.776611
532.143982
533.958740
535.909790
536.941956
538.218445
540.606018
543.044067
543.896423
543.188721
542.692993
542.304932
541.186951
539.304504
537.743774
537.251770
536.157776
534.026733
531.888306
530.081543
528.117676
526.288757
525.897583
526.846008
527.619873
527.924194
528.577576
530.932251
533.509827
533.836914
532.402771
532.412292
535.105713
538.511963
540.613464
541.689148
542.768433
543.639648
543.548401
542.528687
541.497681
540.782959
539.119873
536.956604
535.793579
535.290527
533.996399
531.416931
529.089355
527.791443
526.566467
525.472351
525.483093
527.547668
529.872375
530.536438
530.644897
532.103699
534.564514
535.814941
535.402710
535.690552
538.062988
540.996948
542.993774
543.716736
544.185547
544.169678
542.651733
540.441528
538.846985
538.158936
537.180298
535.506226
534.130188
532.499573
530.505249
528.087891
526.383362
526.306824
526.544067
526.666199
527.704956
529.930420
531.637146
532.210876
532.827271
534.050659
536.182434
537.972839
538.706726
539.804077
542.130310
544.148254
544.372681
543.552429
542.502686
541.364136
540.333862
538.929871
537.207336
535.909546
534.849792
533.653198
532.083740
530.198425
527.671204
525.487427
525.479370
526.834290
527.769897
528.278809
529.554443
532.070312
533.900574
533.916809
533.762878
535.445312
538.940979
541.365051
541.953979
542.030151
542.869446
543.970947
543.893372
542.567383
541.099670
539.779663
538.130554
536.673889
535.873169
534.825806
532.790649
530.331543
528.551331
527.635254
526.734985
525.597534
525.504028
527.883423
530.528992
531.520813
531.787781
532.807312
534.587280
535.859863
537.085327
539.073303
541.397949
542.821411
543.152893
543.540405
544.441162
544.187622
542.195801
539.905334
538.824890
538.325867
536.792053
534.398621
532.875305
532.177673
530.798950
527.992065
525.768127
525.739075
526.753235
527.669373
528.453369
529.617737
531.370361
532.875366
534.012451
535.086792
536.341858
537.822571
540.053162
543.150085
544.923096
543.857971
541.968811
541.752136
543.458862
544.131592
541.496338
537.435425
535.421021
535.648987
535.297241
533.170959
530.231750
528.037598
526.961182
526.335510
526.199524
526.617371
527.508057
528.735779
530.490662
532.822510
534.035095
533.937195
534.496582
536.990112
539.911133
541.291260
541.953735
543.150024
544.371155
543.939941
541.215149
538.913269
539.099121
540.140381
539.306335
537.041626
534.885986
533.208069
531.533203
529.839966
528.125061
526.845825
525.923218
525.504761
526.688660
529.276245
530.834900
530.959229
531.843689
533.903503
535.606689
536.254089
536.951050
539.409729
542.578430
544.181030
543.746460
543.191467
543.070007
541.887573
539.319519
537.458069
537.232544
537.682190
536.631287
534.436157
532.618530
531.352051
529.442688
527.025757
525.546265
526.071411
526.931702
527.697998
528.635193
530.492004
532.430542
533.073608
533.402344
534.781860
537.114868
539.227844
540.908569
542.835510
544.092529
543.857483
542.508423
541.607422
541.534058
539.803467
537.321533
535.379639
535.149048
535.351379
534.077820
531.506897
528.947693
527.452576
526.602234
525.896301
526.757568
527.774902
528.569702
529.306152
531.007446
533.156799
534.093262
533.968201
534.697632
537.396851
541.223755
543.208618
543.345093
543.284729
543.689880
542.909668
540.959045
539.243591
538.273804
537.211426
536.212585
534.678223
533.225769
531.424561
529.330933
527.758545
527.560181
527.557617
526.492249
525.608582
526.907715
529.510254
531.496460
531.976990
532.230347
533.585510
535.591309
537.221069
538.395813
540.284485
542.647400
544.355530
544.644775
543.500000
541.609009
539.575684
538.560730
538.415833
537.786682
535.768677
533.219116
531.638550
530.858521
529.165710
526.343384
524.062195
524.666138
526.745789
528.045166
528.309692
529.164124
531.201294
533.057434
533.650940
534.225342
535.670227
537.730652
539.568542
541.450317
543.530518
544.630066
543.824463
541.675537
540.422668
540.203979
538.975586
537.252075
536.132568
535.342163
533.662598
530.880249
528.528870
527.750366
527.532837
526.206055
524.572144
525.026306
527.365540
529.876465
531.317932
531.977417
532.622620
533.270264
534.226929
536.335022
539.197632
541.266052
541.967407
542.644592
543.893066
544.432190
542.788879
539.966003
538.405273
538.060120
537.157410
535.417480
533.947998
532.866211
530.673706
527.862549
525.937439
525.715759
526.723877
527.273315
527.441833
528.711426
530.564819
531.690491
532.157959
533.058350
534.332764
535.581177
536.985413
538.777283
541.555054
543.864136
544.208679
543.329468
542.600769
541.569397
540.008362
538.409790
537.524170
537.067383
535.572632
532.716736
530.599609
529.573242
528.265991
526.237305
525.235046
525.992798
527.986145
529.612976
530.445190
531.273193
532.351868
532.827209
532.913879
534.240540
536.398071
538.401611
539.905273
541.454468
543.540710
544.694397
543.763367
541.426453
539.899780
539.502380
538.221008
536.739502
535.497253
534.577087
533.013550
530.581665
528.472168
527.120361
526.375549
525.639038
525.932678
528.132080
530.236084
531.352722
531.860474
532.954651
534.333435
534.966858
535.035278
536.265564
539.300293
542.179688
543.359741
543.599792
543.745850
543.446716
541.884399
539.764160
538.266907
537.804443
536.710510
534.731567
533.204407
532.034729
530.296265
527.952759
526.362427
526.297180
526.616089
527.029297
528.362610
530.776184
532.516479
532.808472
532.764465
534.005737
536.092712
537.350891
537.594299
538.884277
541.819519
544.061157
544.251160
543.255676
542.136414
541.097046
539.396667
537.624023
536.585693
536.141052
534.875427
532.554382
530.751099
529.471497
527.833557
525.876404
525.265381
526.519409
528.165344
529.552734
530.889587
532.466309
533.251343
533.271240
534.167419
537.191895
540.558289
541.814575
541.211182
541.166443
543.074402
544.601807
544.046265
541.878906
539.801331
538.510254
537.246094
536.366699
535.407349
533.852417
531.433105
529.040344
527.901184
527.471130
526.594971
525.462891
526.083801
528.616516
530.836304
531.869324
532.597351
533.824585
534.901978
535.984802
537.542419
540.110413
542.540955
543.262817
542.926941
543.098999
543.786987
543.410522
541.665955
539.892822
538.561523
537.464966
535.688965
533.935730
532.898743
531.746460
529.455078
526.968872
525.858276
526.304565
526.826050
527.352539
528.601318
530.991455
533.011475
533.515442
533.842773
535.140991
536.936829
538.738525
540.418335
542.560913
544.300232
544.329468
543.251770
542.403198
542.239197
541.466003
539.332031
537.153809
536.088379
535.806519
534.518066
532.055054
529.879456
528.335083
526.870056
525.942871
525.899963
527.021790
528.478516
529.814697
531.319031
532.848877
533.553284
533.565063
534.896118
538.090027
541.039124
542.419495
542.832275
543.185120
543.684265
543.367920
541.913147
540.597656
540.045410
538.870972
536.872559
535.434631
534.734253
533.466858
531.304199
528.482056
526.614014
526.351501
526.445374
526.348999
527.307434
529.496582
531.108582
532.055481
533.096680
534.218140
535.284424
536.195312
537.959412
540.871765
543.121582
543.499634
543.101501
543.062683
542.779480
540.910645
538.461243
537.276733
537.677856
537.784729
535.802490
533.388855
531.912842
530.534668
528.751099
526.718994
525.941223
526.260864
527.007874
528.018066
529.542358
531.845825
533.240845
533.192749
533.694946
535.525452
537.785767
539.638306
541.655518
543.371460
543.951538
543.344421
542.333313
541.617676
540.843445
538.872253
536.376099
535.467346
535.972107
535.604736
533.388062
530.710999
529.072021
527.957520
526.614319
525.441040
525.798096
527.879822
529.779724
530.600159
531.340149
532.662109
533.931702
534.698242
536.084595
538.582886
541.193176
542.517883
542.898438
543.363586
543.553833
542.295227
540.571777
539.406006
538.699707
537.063171
534.806152
533.688599
534.131348
533.751892
531.150818
527.909363
526.508789
526.659302
526.880127
526.753540
527.707703
529.747986
531.643188
532.497620
533.229309
534.283508
535.501465
536.633667
538.679626
541.647522
543.595032
543.442017
542.839233
542.869995
542.386108
540.389648
538.093628
536.956909
537.030945
536.100708
533.318604
530.943970
530.437622
529.875977
527.934692
526.014771
525.609619
526.456360
527.583435
528.792419
530.530273
532.726685
533.623901
533.074280
533.618103
536.066101
539.053406
540.757385
541.718872
542.695312
543.585266
543.758179
542.693481
541.115784
539.263306
537.254578
536.288574
536.051880
535.470886
533.133667
529.799438
527.656189
527.652405
527.934143
526.865967
525.695129
526.281250
528.002197
529.920166
531.406128
532.704773
533.842041
534.041931
533.784790
535.436768
539.130005
542.400574
543.335022
543.098633
543.169189
543.137512
542.008728
540.114929
538.819336
537.937744
536.533630
534.908081
533.656555
532.463501
530.441711
527.793518
526.268616
526.329956
526.867004
526.404602
526.288330
527.913635
530.455750
532.262573
533.051880
533.501648
534.299377
535.522644
537.327148
539.868042
542.738525
543.995667
543.453064
543.039978
543.102966
542.048157
539.620239
537.288574
536.312256
536.233826
535.179077
532.973145
531.278687
529.895508
527.644409
525.352234
524.956909
526.528503
528.264404
528.898865
529.095642
530.291138
532.224792
533.381104
533.990295
535.138733
536.930176
538.725464
540.330017
542.487427
544.483398
544.404724
542.675415
541.259155
540.887695
540.096313
537.640625
535.267273
534.424805
534.585693
533.207642
529.937439
527.490845
526.769592
526.811707
526.555298
526.591736
527.920349
529.779663
531.284424
532.101379
532.755432
533.378662
533.754150
535.054016
537.493652
541.407715
542.314880
541.413696
542.043884
544.079163
544.955933
543.417542
540.263245
537.084412
535.747437
536.230835
534.996521
533.514465
530.926392
528.115234
527.517822
528.480103
527.877014
525.557495
525.083191
528.066895
532.450378
534.817444
533.273621
530.713379
530.790894
534.151733
537.987549
540.209595
540.783508
540.963257
542.272095
543.882812
544.635681
543.505310
540.918518
538.340393
536.935791
537.102783
536.575867
533.778687
530.996277
529.809692
529.399414
527.603210
525.676331
525.573853
526.769653
528.144165
529.116821
530.450806
533.197449
534.982544
534.180298
532.722351
533.513855
536.751526
540.214966
542.701355
543.993042
544.020020
542.969788
541.609497
541.177307
541.078186
539.613403
536.876648
534.965515
534.726318
534.544189
532.450073
528.992188
526.512939
525.915466
526.229370
526.553528
527.363281
528.830994
529.954773
531.333313
533.027649
535.007446
535.966736
535.463013
535.493713
537.863770
541.291626
543.338623
543.243225
542.731201
542.792419
542.849487
541.601074
539.472534
538.011536
536.871033
535.247925
533.735474
532.614197
531.055420
528.420654
526.000183
525.877625
526.982788
527.739258
527.907349
528.899292
530.959167
532.937744
533.689880
533.999939
534.848633
536.604065
538.709900
541.364441
544.148010
545.255188
544.053772
542.428406
542.321655
542.597168
541.144104
538.700745
536.914062
536.731140
536.276001
533.604065
530.374695
528.960144
528.750000
527.119141
524.997437
525.037537
527.360291
530.081360
531.009216
531.074280
531.612183
533.138184
535.006714
536.602966
538.205444
539.992065
541.692627
544.047302
546.127930
546.066284
543.255676
540.659912
540.325745
540.764038
539.548340
536.594666
534.261169
533.977295
533.699402
531.288696
527.859131
526.255615
526.405151
526.632935
526.678223
527.820984
529.842468
531.350159
532.256958
533.139648
534.013916
535.024902
536.240967
538.924438
542.136658
544.160828
543.676941
542.381104
542.395020
543.134155
542.489197
540.770752
538.777649
537.290771
535.986633
534.917908
534.155579
533.132874
530.598511
527.325562
525.128906
525.308105
526.045349
526.796509
528.218811
530.377686
532.341248
532.594360
532.127197
533.423218
536.271362
538.616943
539.574402
541.066101
543.364014
544.864563
544.154968
542.080444
541.050903
541.287964
540.635437
538.604736
536.784119
535.973938
534.877625
532.725342
530.418274
528.722046
527.451477
525.874207
524.889038
525.970764
528.155090
529.833740
530.452332
531.663940
533.386475
534.240479
534.447266
535.587402
538.362183
541.558472
543.916809
544.941223
544.143127
542.498474
541.024475
540.234314
539.877747
538.677002
536.013977
533.873535
533.998779
534.995789
533.843018
530.716492
527.491028
525.850769
525.955811
526.171326
526.484924
527.941528
530.132996
531.877014
532.616882
533.508911
534.510132
535.849792
537.474915
539.878601
542.403564
543.650818
543.600464
543.464355
543.292236
542.205261
540.164490
538.164795
536.918335
536.291504
535.218384
534.003052
533.223633
531.961060
529.086304
526.082581
525.262817
526.216919
527.026245
526.830383
527.275757
529.926819
533.065002
534.080322
533.421021
533.916687
536.243591
538.981445
540.946472
542.506287
543.933044
544.623474
543.872437
542.177002
540.487488
538.654053
537.018616
536.452393
536.205933
534.777527
531.504456
528.544739
528.144226
529.206726
528.584656
525.894104
524.118835
525.603027
528.829529
531.060486
531.355591
531.719604
533.202515
534.631409
535.552429
537.123169
539.280151
541.334595
542.483582
543.511658
544.191162
543.558167
541.632568
539.774353
538.693420
537.569519
536.078491
534.780762
533.750732
532.349426
529.391968
526.296692
525.308533
526.512207
527.321228
526.570862
526.229309
527.789307
530.304810
532.443237
533.412537
533.847168
534.470093
535.723755
537.873230
541.050110
543.414795
543.671570
542.835449
542.915466
543.440125
542.157715
539.340088
537.171570
536.796631
536.284668
534.007996
531.589417
530.107910
529.247498
527.284302
524.924500
524.393616
525.844360
527.265320
528.038879
528.999573
530.733765
532.414856
533.439453
534.278870
535.829895
537.430054
538.931274
540.470032
543.127014
544.828918
544.411133
542.433411
540.886108
540.483948
539.142090
536.958557
535.644043
535.073914
534.340332
531.823425
529.158325
527.341858
526.858032
526.300781
525.546936
525.953430
527.585571
529.151672
530.637695
531.945129
533.132690
533.731812
534.162476
534.937134
537.647949
541.080505
543.492065
543.940857
543.391418
542.382507
541.800171
541.764282
541.074341
539.115906
536.369324
534.167847
534.036133
534.132568
531.749023
527.444946
525.051331
525.851013
527.107666
527.071411
527.091309
528.542847
531.863647
533.752441
533.112732
532.242004
533.245300
535.451843
537.513794
539.631592
541.686279
542.992798
543.823792
543.307007
542.704346
542.046936
540.410706
538.319946
537.067383
536.652222
535.557983
533.572998
531.570740
530.037720
528.142151
526.371033
525.606445
526.367188
527.578552
528.526367
529.574219
531.648682
534.035400
534.497864
533.159180
533.291565
535.811890
538.895203
541.049988
541.962769
542.671265
543.386902
543.671997
542.756042
541.152100
539.811646
538.100830
536.693909
535.786133
534.966736
533.233032
530.519470
528.362732
527.284790
526.438782
525.638916
525.750427
527.837036
529.655823
530.978638
531.853516
533.594543
535.519287
535.994019
534.915771
535.316772
538.511658
542.276245
543.903564
543.827209
543.563721
543.543701
542.452759
540.565674
538.321411
537.213257
536.311462
535.076233
533.589905
531.872864
529.946594
527.841919
526.485596
526.212891
526.020203
526.567993
528.270752
531.021484
532.657410
532.555298
532.452820
533.943359
536.751892
538.294922
537.780151
538.814819
541.539368
544.205872
544.455872
543.005127
542.131226
541.662476
540.482300
537.733704
535.877502
536.266235
535.786255
533.740967
530.668579
528.256897
526.956116
526.194275
526.103149
526.588806
527.762817
529.056641
530.893738
532.553345
533.213257
532.919800
533.373169
536.481934
540.648621
542.709656
542.017029
541.123657
542.482910
544.709167
545.198608
542.982422
540.080688
538.415771
537.513550
536.833679
535.800781
534.078308
531.912964
529.789429
528.266357
526.921021
525.501770
524.880249
526.648682
529.831787
531.513428
531.064270
530.962341
533.207886
536.171875
537.053345
536.963257
538.319336
541.794312
544.500916
544.710693
543.388245
542.750183
542.646118
542.056335
540.609924
538.501221
536.360046
535.034363
534.558594
534.321472
532.431458
528.903870
525.769348
525.642151
527.480652
527.793213
526.870178
527.164001
530.477417
533.822083
534.304626
533.283752
533.385742
535.898804
539.015015
541.072937
542.484009
543.331970
543.291443
542.519775
542.566040
542.967590
541.908569
538.973389
536.435059
536.328918
536.942749
535.477539
531.849548
528.864075
527.966980
527.676331
526.514465
525.015137
525.251526
527.436279
529.967163
531.977783
533.044189
533.142700
533.485046
535.426941
538.304077
540.527832
541.736511
542.644836
543.942688
544.844727
543.488586
540.268372
538.278320
538.752502
539.476501
538.082397
535.537170
533.922668
533.225342
532.082153
529.757507
527.375122
526.347595
526.196594
526.177490
526.736023
528.819397
530.940735
532.071289
532.956482
533.876221
534.965820
535.997314
537.719177
540.582642
542.705444
543.363281
542.937805
543.270142
543.245117
541.306519
538.467957
536.946045
537.349426
537.934814
536.312805
533.916809
532.077881
530.954468
529.097595
526.744019
525.552551
525.635132
526.305054
527.608032
529.326782
531.496765
532.704529
532.835327
533.549133
535.463074
537.934937
539.499878
540.950378
542.873169
544.369629
544.300354
542.908142
541.606873
540.528870
538.833374
536.550842
535.231995
535.631531
536.044067
534.375549
531.372559
529.004944
527.596008
526.492676
525.738464
525.794312
527.004700
528.487671
529.940613
531.918823
534.010437
534.386963
533.588806
534.435852
538.051575
541.910034
543.188477
542.625977
542.681824
543.739685
543.489014
541.378845
539.015869
537.673767
536.757812
535.279846
534.045349
533.667480
533.011230
531.143005
528.474731
526.533875
526.216797
526.587952
527.193420
528.223389
529.717468
530.698181
531.587830
533.198853
534.808716
535.651794
536.312988
537.943542
541.338440
543.939636
544.141846
542.882690
542.394653
542.251160
540.639832
538.490479
537.080383
536.791931
535.922913
533.086487
530.393311
529.498291
529.568481
528.447205
526.369507
525.526489
526.022217
527.156006
528.458008
530.018433
532.043091
533.034668
533.080811
533.785583
536.174683
538.982605
540.426453
541.383789
543.121704
544.516296
544.296997
542.387756
540.600220
539.369873
537.995850
536.708191
535.755920
534.988831
533.286804
530.396545
528.169312
527.675110
527.804077
526.842590
525.355713
525.883301
528.144897
530.426208
531.650696
532.124817
532.797607
533.613586
534.456787
536.177002
539.033264
541.771973
542.972168
543.339233
543.864563
543.748840
541.969177
539.693237
538.489685
538.135498
537.071594
535.157776
533.493042
532.205750
530.349487
527.769653
525.943665
525.799072
526.404419
526.339294
526.360718
528.057007
530.621643
532.224304
532.643616
533.055908
534.203308
535.772339
537.436584
539.348755
542.096619
544.191589
544.297791
543.328125
542.617554
541.759827
539.782837
537.534180
536.378235
536.164307
535.160706
532.785522
530.633545
529.305969
527.963318
526.181763
525.231445
526.217163
527.921875
528.747314
529.242065
530.747620
532.795532
533.543396
533.084961
533.865234
536.576660
539.482544
541.119080
542.076965
543.379272
544.123291
543.493164
541.655273
540.353821
539.796814
538.221558
536.204102
534.718384
533.947205
532.429810
529.996155
528.107788
526.822266
526.015137
525.567017
526.228088
528.639526
530.903564
531.640991
531.312134
531.890137
533.553711
534.737793
535.270874
536.377502
538.956604
542.072327
543.838989
543.922363
543.254333
542.217773
540.975586
539.934753
538.782715
537.311646
535.318848
533.766968
533.102478
532.284546
529.799133
526.650818
525.307434
526.350586
527.268188
527.577515
528.299500
530.590942
532.908020
533.597107
532.788940
532.783875
534.427368
536.726746
538.677429
540.707397
542.758911
543.920410
543.635803
542.757690
542.027222
541.085083
539.024048
536.912598
535.874695
535.573792
534.517822
532.281067
530.208496
528.749512
527.425049
526.114441
525.747925
526.979980
528.512268
529.828613
531.230225
532.692749
534.114136
534.459595
534.497803
535.608887
538.026855
540.249329
541.306580
542.193726
543.430237
543.983093
543.536133
541.721191
539.761963
538.540771
537.737549
536.723938
535.414429
533.726929
531.406433
528.946716
527.667053
527.296509
526.364746
525.557495
526.518799
529.366943
531.782715
532.478333
532.414917
532.906860
534.870361
537.140198
538.352234
539.796875
541.831299
543.118652
543.219971
543.437805
543.845520
543.086060
541.011597
538.589417
537.054565
537.052368
536.457458
534.157959
531.920166
530.485596
529.023132
527.137207
525.800903
525.905212
526.782104
528.333923
529.942383
531.583496
532.611755
532.799072
533.598389
535.497375
537.650940
539.258606
540.564453
542.546692
544.474182
545.049194
543.653381
541.884827
541.131775
540.544800
539.095581
537.323608
536.137634
535.327271
533.887390
531.543518
529.227417
527.828674
527.001038
526.308777
526.148682
526.929932
528.205566
529.767456
531.917480
533.686890
534.144592
533.804565
534.902954
538.285156
541.802246
543.319214
542.913696
542.736084
543.925537
544.636230
543.485291
541.075989
539.060913
537.843018
536.760315
535.655396
534.391235
532.814636
530.573059
528.048889
526.540833
526.440369
526.493530
526.338623
527.068787
529.168335
531.268921
532.382935
533.203979
534.431580
535.650146
536.650574
538.401428
541.227722
543.460693
544.007324
542.975220
542.365601
542.571655
541.892334
539.794922
537.750916
537.063416
536.686279
535.388550
533.376038
531.418152
530.021362
528.514221
526.776794
525.919922
525.920410
526.387878
527.512878
529.617859
532.155273
533.697144
533.467407
533.574097
535.572327
538.579529
540.346191
541.212219
542.484436
543.673035
543.972229
542.656250
540.763916
539.881287
539.458374
537.975403
536.258484
535.473999
535.077087
533.808105
531.500671
528.799683
526.799744
525.922974
525.723450
526.499268
528.467041
529.669250
530.214478
531.402710
533.305664
534.672119
534.946045
535.852844
538.580872
541.922668
543.475708
543.245361
543.371338
543.527893
542.436584
540.425598
538.645325
537.833984
537.134338
535.613953
533.898132
533.099792
532.394165
530.368958
528.117859
526.992676
526.548950
526.305359
526.303772
527.924011
530.693848
532.714966
532.929199
532.729614
533.927917
536.138794
538.133484
539.851013
541.838013
543.294922
543.165161
542.507385
542.388428
542.016235
540.185608
537.825745
536.143188
535.812012
535.829285
534.412598
532.347717
530.699524
529.304321
527.517334
526.150269
526.163635
526.728271
527.467957
528.474548
529.888123
531.892883
533.293152
533.652832
534.185913
536.329895
539.073120
540.890198
542.028442
543.403137
544.245178
543.657532
541.759216
540.271301
539.408813
538.116394
536.440308
535.118530
534.137695
532.304382
529.547913
527.304260
527.019165
527.687744
526.963806
525.383301
525.508667
527.968384
530.656738
531.964661
532.385559
532.728943
534.054932
535.572205
537.539185
540.154114
542.133789
542.774780
542.742249
543.333069
543.432251
541.835999
539.488037
537.619812
537.067688
536.528931
534.984985
533.152161
531.594299
529.878418
527.500183
525.747437
525.852295
526.860474
527.311584
527.145081
527.991028
530.195740
532.207153
533.079407
533.415222
534.478271
536.262268
538.089233
540.023621
542.256836
543.998779
543.751953
542.609131
541.919495
541.370117
539.780762
537.530762
536.228088
535.994873
535.079651
532.516479
529.752258
528.123718
527.297363
526.391724
525.778442
525.997009
527.064392
528.030640
529.107910
530.964783
532.892822
533.437073
533.372925
534.380920
537.356567
540.352051
541.880981
542.099670
542.854126
543.784546
543.335571
541.582153
539.889832
538.690979
537.124268
535.660828
534.938171
534.138794
532.403687
529.383484
527.024658
526.101196
526.382996
526.307861
526.096924
527.589966
529.821228
531.107971
531.663574
532.211304
533.596313
535.007874
536.189819
537.450012
539.759888
542.591064
544.061707
543.869019
543.139893
541.848145
540.468567
539.466248
538.439697
537.329529
535.331055
533.501465
532.727722
531.950195
529.613403
526.317444
525.111450
526.258789
527.519897
528.038391
528.442261
530.578857
533.468933
534.526001
533.223022
532.429199
534.408020
537.549316
539.867310
541.105713
541.918152
543.117493
544.143799
543.822327
541.980164
539.782288
538.110229
537.323547
537.296753
536.402832
533.638123
530.649902
529.210754
528.899475
527.482361
525.376221
524.784546
526.565857
529.166260
530.820862
531.171204
532.235107
534.045166
534.894165
534.222473
534.481384
536.910950
540.591064
543.457275
544.241333
543.357239
542.597412
541.983276
541.483032
540.451965
538.975220
536.242065
534.060608
533.765076
534.022705
533.049194
530.019531
526.291748
524.696533
525.350037
527.038696
528.002747
529.028809
529.931335
531.032288
533.067383
535.375916
536.467651
536.425415
535.799133
537.204407
540.987183
544.102966
544.193542
542.918030
542.461060
542.633667
541.364807
538.690308
536.345093
536.157898
536.304260
534.388062
531.538574
529.344604
527.966003
526.822144
526.227661
526.059937
526.393494
527.779053
530.101013
532.196655
533.063416
532.621338
532.998352
535.535767
538.916443
540.433899
540.032532
540.302612
542.358032
544.272156
544.305969
542.551514
540.798584
539.748718
538.562256
537.174683
535.979248
535.269897
533.648315
530.956238
528.782288
527.381470
526.423950
525.707520
526.132385
527.946472
529.735718
530.739502
531.527222
532.976013
534.325989
534.736145
535.449280
537.952148
541.424255
543.527466
543.497070
543.172485
543.714539
543.855408
542.362000
540.154053
538.693481
537.904175
536.732971
535.148560
533.944702
532.963318
530.826538
527.755859
525.818970
525.828125
526.414673
526.528687
527.253540
529.375244
531.826660
532.905090
533.083069
533.674683
535.212708
537.307373
539.597290
541.814941
543.635132
543.887146
543.026855
542.608337
542.954651
542.294678
539.981995
537.792786
536.876526
536.812988
535.873169
533.222656
530.816406
529.571960
528.179871
526.171753
525.048706
525.884094
527.437744
529.104675
530.643738
532.305664
533.416260
533.281982
533.593323
535.760681
538.785217
540.971558
542.075684
543.365112
544.530823
544.005432
541.971191
540.266357
540.123596
539.871277
538.150208
536.335388
535.455872
534.981201
533.271362
530.187317
528.022034
527.117249
526.662354
526.041870
526.217346
527.828125
529.722229
531.169800
532.279541
533.476685
534.698120
535.164978
536.401978
539.145203
542.005310
543.200317
543.332336
543.593384
543.732300
542.343384
539.663574
537.456665
537.269409
537.656006
536.664734
534.742249
533.460938
532.173645
530.017395
527.245300
525.716309
525.864746
526.361816
526.718018
527.991760
530.425964
532.710815
533.398560
533.557983
534.430603
536.041504
537.616272
539.393982
542.006042
544.123352
544.182556
542.932007
541.832581
541.233826
540.125854
537.915649
536.286255
536.296387
536.524414
535.192810
532.672363
530.445618
528.821289
527.242432
525.804749
525.445618
526.587463
528.073669
529.486877
531.380310
533.038391
533.699219
533.380859
534.161255
537.065918
540.392822
541.699829
541.816650
542.659363
543.962097
543.981262
542.500977
540.300049
538.712036
537.396667
536.046997
535.068359
534.863647
534.261230
532.277832
529.584351
527.630005
526.477539
525.632202
525.398132
526.863708
529.245789
530.674500
531.076904
531.868835
533.624512
535.359741
535.973816
536.858215
539.855164
543.337708
544.476440
543.265991
542.368591
542.295410
541.639038
539.988892
537.989868
536.896362
536.210022
534.611328
532.596802
531.179565
530.315613
529.015381
527.444763
526.523987
526.205566
526.217224
526.801575
528.742737
531.398621
533.006653
533.018188
533.139282
534.635193
537.177185
539.100708
540.569092
542.348633
543.746338
543.875488
542.967346
542.077332
541.033264
538.912903
536.788513
535.825439
535.627380
534.314453
531.305603
528.619141
528.132507
528.737671
528.037476
526.088928
525.408875
526.591980
528.456238
530.194031
531.437561
532.750488
533.822144
534.134277
534.980530
537.350769
540.263672
542.071167
542.950745
543.756897
543.982056
543.098083
541.100708
539.268494
538.080078
536.893372
535.725464
534.834839
533.593567
531.506226
528.827820
526.763367
526.337402
526.551086
525.962830
525.550171
527.074951
529.515991
531.143982
531.784851
532.377319
533.690918
535.513672
536.566223
537.804993
540.398621
543.132935
544.101685
543.713013
543.030029
542.192078
540.629761
538.768250
537.478943
536.943604
535.871643
534.095215
532.588440
530.921021
528.278442
525.643066
524.845886
526.249939
528.040771
528.195129
527.602905
528.645935
531.236023
533.123169
533.213867
533.379883
535.147339
538.078125
540.630859
541.783325
542.382874
543.251648
543.934204
543.346436
541.493469
539.457458
537.651367
537.026733
537.137451
536.189819
533.349487
530.015747
528.441772
528.135376
527.413452
525.827454
525.229492
526.952942
529.629822
531.224426
531.504822
531.844238
532.912659
533.566040
533.839539
535.225464
538.434814
541.508301
542.605347
542.634094
542.725708
542.945801
542.255859
540.749451
539.458618
538.441223
537.250793
535.493225
534.084839
532.995361
530.670227
527.825989
526.039368
526.279358
526.897095
526.673584
527.047607
529.031006
531.402344
532.110657
531.700562
532.250244
534.018616
535.857056
537.130920
539.098511
542.104675
544.240479
543.860168
542.722046
542.591492
542.639648
540.990784
538.228516
536.618225
536.616638
536.230652
533.848755
531.231934
529.298035
527.890747
526.738708
526.206665
526.524536
527.334656
528.708496
530.347473
532.185181
533.596985
533.299500
532.794312
533.971130
536.674988
539.038269
540.371460
541.600037
543.131470
544.245544
543.879089
541.887329
539.915161
539.352539
538.634399
537.482666
536.259766
534.926270
532.944824
530.146912
528.387207
527.114624
526.301819
525.818481
526.256897
528.527344
530.236267
530.819031
531.337341
532.473938
534.680115
535.896118
