538.514893
538.514893
538.830322
539.367126
538.937073
536.892212
534.216431
533.057495
534.317383
536.391541
536.853638
535.229065
533.566833
534.007446
535.512329
536.276733
534.894836
533.327515
534.390320
537.738892
539.495056
536.653931
531.580444
530.011719
533.622681
538.488098
538.996216
535.327881
532.359009
533.345642
536.373535
537.524170
535.699402
533.253540
532.453369
533.577393
535.518616
536.611938
535.919617
534.281616
533.780884
535.145752
536.696045
536.502197
534.834839
533.462952
534.104126
535.606445
536.077698
535.453186
535.017334
535.291565
535.528687
535.097290
534.471680
533.964600
534.459167
535.612366
536.522461
536.363953
535.092712
533.942688
533.883118
535.103149
536.384583
536.106628
534.725647
533.935486
534.261902
534.994385
535.558411
535.872498
535.788452
535.436951
535.077942
534.742798
534.643066
534.615906
534.355835
534.572815
535.690979
536.893372
536.856079
535.596191
534.316162
533.663574
533.795288
534.241638
535.045410
536.254761
536.773193
535.935974
534.477905
534.132874
535.179260
536.180969
536.274231
535.640076
534.950195
534.616699
534.662292
535.062317
535.363708
535.338501
534.877197
534.749878
535.301147
535.752502
535.255066
534.599304
534.806213
535.721619
536.067383
535.486206
534.498535
534.284180
534.801880
535.149414
535.221863
535.449158
535.621155
535.477966
535.193542
535.132507
534.919067
534.321350
533.914429
534.378479
535.472656
536.051819
535.478760
534.648193
534.578003
535.121704
535.328979
535.147766
535.223267
535.577393
535.535767
535.141724
534.850952
534.937134
535.046509
534.945557
534.994019
534.865356
534.737976
534.883667
535.704651
536.892212
536.404419
534.165894
532.516602
533.263428
535.868408
537.201782
536.215027
534.540771
534.138123
535.108887
535.498474
535.131653
534.837830
534.865173
535.018127
535.145569
535.047729
534.985657
535.006042
535.155151
535.332031
535.375244
535.089478
534.788696
535.002869
535.658691
535.716858
534.869141
534.239380
534.721802
535.693848
535.924194
535.369324
534.727234
534.735657
535.073975
535.148804
535.051147
535.193298
535.294861
535.099915
534.935059
535.216614
535.251526
534.901428
534.706604
535.083801
535.678162
535.571533
534.819092
534.492432
535.015320
535.633545
535.485657
534.928589
534.818665
535.119751
535.364563
535.215454
534.991455
534.940125
534.982605
535.078552
535.197388
535.239990
534.860718
534.207214
534.270081
535.142761
535.882812
535.638916
534.963562
534.865295
535.293457
535.535583
535.250916
534.971558
535.050842
535.068726
534.857117
534.781372
535.106262
535.544006
535.403076
534.800720
534.634827
535.081665
535.438110
535.535767
535.406677
535.049805
534.607666
534.763672
535.446838
535.885925
535.556274
534.459290
533.744812
534.586487
536.084839
536.453369
535.503479
534.508911
534.397583
534.941772
535.604309
535.694641
535.196838
534.626099
534.446472
534.771912
535.386658
535.512939
535.121216
534.767273
535.075134
535.420776
535.128296
534.620178
534.648804
535.282593
535.666199
535.265564
534.761047
534.816650
535.335571
535.401855
534.758789
534.428833
534.609924
534.962158
535.277832
535.628967
535.743530
535.244995
534.670959
534.666016
535.102295
535.517273
535.310425
534.687805
534.481323
534.963745
535.507751
535.614197
535.625183
535.482544
534.930542
534.586731
534.906677
535.476990
535.544006
535.034424
534.473633
534.659363
535.258484
535.412903
534.916504
534.773621
535.120422
535.369202
535.394165
535.468262
535.460999
535.154968
534.693298
534.730103
535.346436
535.790100
535.443542
534.672546
534.539368
535.046387
535.405884
535.290649
535.373535
535.174133
534.810669
534.407043
534.523376
535.173279
535.803345
535.804199
535.355713
535.128601
535.219543
534.868591
534.793640
535.310547
535.869141
535.622437
534.919861
534.792358
535.251221
535.545471
535.132812
534.650879
534.866211
535.370117
535.445984
535.040100
535.080933
535.379700
535.214600
534.866455
534.768555
535.128357
535.385010
535.028809
534.538208
534.669556
535.302124
535.515564
535.283813
535.079712
534.807129
534.586426
534.723083
535.572205
536.372986
536.227600
535.181946
534.518799
534.905701
535.471008
535.276733
534.869995
534.599731
535.011230
535.358582
535.194885
534.999023
535.156616
535.176758
534.995605
535.081848
535.510315
535.371338
535.046021
534.872375
535.020630
535.233337
535.334473
535.119812
535.008606
535.098145
535.010864
534.797119
535.074768
535.606323
535.663086
535.238831
534.566956
534.462097
534.605713
534.748657
534.996582
535.528259
535.891479
535.656067
535.327820
535.568787
535.540955
535.263000
534.687073
534.526550
534.935486
535.502808
535.378296
534.768127
534.653809
534.984070
535.088318
535.206909
535.516968
535.819031
535.372864
534.784180
534.688721
535.197998
535.483276
534.963501
534.465759
534.711060
535.034058
535.190613
535.038330
535.184387
535.378479
535.190613
534.658752
534.593384
535.345520
535.849060
535.344604
534.730957
534.663574
535.037048
535.291138
535.269836
535.236389
535.251709
535.004456
535.014160
535.287415
535.629944
535.478699
535.180664
535.106506
535.138916
534.574768
533.816833
533.708313
534.873840
535.793579
535.625977
534.701904
534.489563
535.080505
535.597290
535.350403
535.091187
535.187073
535.246216
535.003967
534.917297
535.254456
535.143433
534.931641
534.863281
535.248718
535.516724
535.383484
534.881592
534.626099
534.908447
535.447693
535.334656
535.285278
535.243042
535.024475
534.459473
534.485352
535.208801
535.583374
535.088135
534.432983
534.608704
535.408325
535.729309
535.219299
534.693237
535.082458
535.497925
535.328003
534.933716
534.962646
535.417664
535.596802
535.071411
534.518555
534.608582
535.343628
535.677490
535.611694
535.078796
534.469543
534.513733
535.272766
535.933594
535.420837
533.961731
533.167114
533.935425
535.333069
535.861206
535.389099
535.001770
535.184387
535.400879
535.093384
534.777100
535.020264
535.190979
534.452087
533.516479
534.053772
536.113708
537.457642
536.396118
534.351807
533.644714
534.477539
535.411621
535.527710
535.269775
535.312500
535.357910
535.034790
534.682983
534.976990
535.503296
535.228577
534.277893
533.948792
534.805359
535.843018
535.987976
535.573242
535.328674
535.288879
535.166626
534.886414
534.685608
534.720520
535.055237
535.546326
535.837097
535.670349
535.243408
534.924011
535.036987
535.208435
534.950867
534.542236
534.927734
535.952576
536.185425
535.182495
534.231018
534.497070
535.662964
536.067932
535.173645
534.244385
534.436829
535.163635
535.425720
535.233337
535.076660
535.115540
535.339355
535.421997
535.230225
535.008850
534.921448
535.064453
535.365295
535.321899
534.987366
535.269470
536.386414
536.774475
535.069275
532.484253
531.815491
534.210938
537.356079
538.140930
536.328857
534.449097
534.249573
534.883057
535.012085
534.694153
534.686523
534.949829
534.937012
534.783569
534.988525
535.625610
536.176392
536.045654
535.260742
534.323486
534.053711
534.788330
535.943726
536.329041
535.319092
534.016663
533.918518
535.202942
536.355225
536.087524
535.202515
535.093994
535.318604
534.803406
533.622192
533.473877
535.037231
537.422363
538.928772
538.768311
537.089600
534.409668
531.865112
531.412720
533.432739
536.222839
537.118652
535.892334
534.712891
535.231628
536.463135
536.369812
534.995483
533.979065
534.205994
535.112183
535.494202
535.251404
534.837585
534.889038
535.415588
535.838074
535.601685
535.240295
534.910522
534.515747
534.019470
533.865479
534.359131
536.366882
538.930115
539.575134
537.199707
534.156311
533.105652
534.241150
535.293335
535.056702
534.294800
534.847595
536.356201
536.847168
535.514160
533.870300
533.738281
534.799072
535.457886
535.256042
534.763489
534.784668
535.402466
536.092896
535.846985
534.826477
534.242981
534.735107
535.656982
535.909973
535.224792
534.692749
535.140015
535.713013
535.411499
534.213074
533.956055
535.419434
537.525024
538.181152
536.341797
533.395996
531.824585
532.880920
535.867310
537.752075
536.933960
534.604065
533.613831
534.839294
536.291138
536.020874
534.580933
534.085449
535.142029
536.094482
535.497314
534.200012
533.985962
535.111938
536.145996
535.999207
535.158630
534.570679
534.556091
535.221558
535.698853
535.320984
534.131409
533.322693
534.880127
538.032288
539.310547
536.481506
531.969299
530.649292
533.573792
537.416809
538.115784
535.713318
533.979919
534.699402
536.096436
535.980103
534.593811
533.862976
534.632385
535.671875
535.496948
534.498230
534.017212
535.022217
536.940369
537.814575
536.412537
533.980042
533.100891
534.918579
536.533569
536.165283
533.804810
532.799500
535.203003
538.989075
539.831787
536.094604
530.987244
529.905334
533.453186
538.339233
539.200073
535.839539
532.369751
532.702087
535.711487
537.285828
535.687073
533.637451
533.906067
535.739990
536.505310
535.430908
534.267456
534.868164
536.297607
536.456543
535.371948
534.696838
534.761230
535.301636
535.560303
535.405396
535.386963
535.631775
535.698181
535.151184
534.340332
533.935791
534.111633
535.421997
536.622314
536.908813
535.448792
533.619751
533.143799
534.246765
535.642517
536.532837
536.806946
536.538940
535.587646
534.708130
534.021301
534.364502
535.162964
535.345703
534.886230
534.695007
534.878113
535.124634
535.396606
536.000122
536.117249
535.312744
533.916565
533.377136
534.677612
536.687134
537.508667
536.643616
534.874023
533.668640
533.265137
533.984009
535.285706
536.262695
536.031189
535.072449
534.782532
535.440613
535.930908
535.597900
534.731812
534.359924
534.641235
535.001038
535.159485
535.416870
535.739319
535.564819
535.010193
534.801758
535.024475
535.131836
534.735046
534.575562
535.155762
535.521301
535.226990
534.466431
534.716187
536.034241
536.636536
535.669861
534.179565
533.939453
535.172668
536.321411
536.319763
534.870667
533.696655
533.948120
535.090393
536.292908
536.372009
535.089172
533.828430
534.020142
535.287354
535.891785
535.386597
534.778381
534.811096
535.303833
535.323364
534.901367
534.849426
535.385864
535.756409
535.494324
535.028564
534.947327
535.018799
534.967041
534.650696
534.205994
534.419739
535.582153
536.990906
537.348206
535.921814
533.772644
532.877014
534.064758
535.957520
536.196716
534.934082
534.071045
534.682800
535.898560
536.369812
535.784668
534.931396
534.433228
534.458679
534.719177
534.992676
535.193359
535.247375
535.305603
535.378113
535.310913
534.972534
534.730042
534.935547
535.468750
535.587952
535.112915
534.747253
535.116455
535.547119
535.227661
534.600952
534.535339
535.172485
535.506226
534.964111
534.379395
534.471619
535.128296
535.604858
535.581665
535.370483
535.054871
534.697754
534.601624
535.030334
535.681030
535.754700
535.387695
535.108643
535.124756
535.024719
534.713318
534.560059
534.917908
535.359985
535.324036
535.015381
535.126465
535.420410
535.357605
534.667114
534.327209
534.915222
535.968445
536.494202
536.292786
535.429932
534.151428
533.411255
534.298401
535.956360
536.639038
535.361877
533.535645
533.418823
535.372437
536.926697
536.291931
534.579529
534.103333
534.944946
535.619507
535.243713
534.453186
534.364441
534.990173
535.620361
535.730103
535.278564
534.773376
534.667114
535.056824
535.540649
535.354004
534.499817
533.989502
534.673889
535.419250
535.182068
534.409302
534.285156
535.167297
536.054443
535.932739
535.228516
534.926086
535.140015
535.140198
534.930786
534.828796
534.769104
534.819946
534.954041
535.169922
535.440918
535.515259
535.278137
535.167664
535.177795
535.036682
534.881531
535.142273
535.444580
535.298096
534.745422
534.662048
535.415222
536.330566
536.184326
535.073608
534.281372
534.526855
535.034668
535.255737
535.207458
535.213562
535.078796
534.831238
534.698975
535.008057
535.392822
535.371399
535.009827
534.929993
535.320923
535.530273
535.180359
534.932861
535.022278
535.227356
535.194519
535.124695
535.184692
535.296753
535.094299
534.816467
535.048279
535.687561
535.643250
534.907959
534.520081
534.991272
535.517883
535.561707
535.105774
534.901489
535.087219
535.251099
535.125000
534.984741
535.015259
535.006348
534.976135
535.227966
535.429260
535.361084
534.940796
534.731506
535.031738
535.363708
535.349121
535.154480
535.266724
535.399658
535.110413
534.708984
534.922241
535.705688
536.106079
535.649841
534.979309
534.779419
535.028687
535.171265
535.210083
535.252441
535.233643
535.021118
534.809143
535.058960
535.482544
535.335876
534.845947
534.857361
535.449341
535.752991
535.260010
534.678650
534.680115
535.173279
535.423950
535.104187
534.890747
535.092590
535.280151
535.187378
535.164673
535.389648
535.392700
535.058960
534.962036
535.329285
535.604858
535.339966
534.909424
534.959229
535.265686
535.207153
534.867126
534.963379
535.538940
535.824341
535.357788
534.661804
534.490479
534.876404
535.291626
535.391357
535.355469
535.246887
534.999878
534.928467
535.291199
535.565857
535.304077
534.704895
534.760376
535.695679
536.356201
535.913025
535.047546
534.744690
535.020447
535.148499
535.212708
535.367798
535.435364
535.120300
534.410217
534.336365
535.303162
536.218872
535.926086
534.826172
534.502136
535.118896
535.714600
535.552063
534.938904
534.628174
534.846497
535.295166
535.443665
535.170715
534.862610
534.746460
535.252502
535.948120
535.901978
535.076904
534.582214
535.129211
535.778320
535.512634
534.748535
534.653015
535.480957
535.955627
535.235352
534.423035
534.657837
535.569641
535.761292
534.994019
534.393066
534.660400
535.359619
535.670288
535.455933
535.181641
535.049805
535.052490
535.102112
535.110962
535.126953
535.013062
535.095581
535.539734
535.726257
535.224304
534.655640
534.894470
535.544495
535.523315
534.817932
534.486633
535.069641
535.854065
535.719421
534.834106
534.431702
534.905823
535.444458
535.423096
535.052002
534.952393
535.097229
535.322205
535.482971
535.459473
535.187866
534.903503
534.962524
535.160339
535.060059
534.873047
534.936707
535.576294
536.000916
535.391052
534.298523
534.156067
535.108215
535.814514
535.510620
534.992981
534.883362
535.209106
535.348511
535.081421
534.909241
535.079529
535.218750
535.122498
535.063965
535.272278
535.306641
535.098022
534.967285
535.075195
535.220276
535.179321
535.129944
535.087036
535.012207
534.928467
534.940247
535.468018
535.964844
535.658142
534.813171
534.484009
535.017029
535.427979
535.181335
534.892761
535.027405
535.457764
535.470398
535.029175
534.810669
535.092651
535.350891
535.285706
535.166138
535.303955
535.314331
535.054382
534.932983
535.060913
535.162476
535.080688
535.091553
535.329468
535.397827
535.033630
534.725464
535.030884
535.671692
535.663696
534.780762
534.091919
534.459778
535.173279
535.304810
535.017883
535.018494
535.291504
535.319946
535.122925
535.087341
535.149170
535.076172
534.822449
534.850891
535.259888
535.506897
535.339478
534.994446
534.985291
535.259888
535.206482
535.092957
535.225037
535.423279
535.244995
534.906006
534.972290
535.429321
535.496338
534.920532
534.480469
534.897095
535.429382
535.295715
534.848511
534.918091
535.373962
535.567017
535.198792
534.827759
534.930298
535.265564
535.292969
535.155518
535.115967
535.140930
535.004333
534.942078
535.134644
535.370117
535.340881
535.236511
535.273315
535.311829
535.036621
534.679443
534.818909
535.481079
535.684753
534.961243
534.150330
534.257019
535.031006
535.515015
535.427429
535.236572
535.102905
535.009277
534.889648
535.015869
535.298096
535.358154
535.086182
534.889282
535.144897
535.453674
535.179565
534.858215
535.027161
535.569580
535.611206
535.186951
535.006287
535.255615
535.445618
535.196716
534.917114
535.144409
535.409973
535.297485
534.940063
534.834290
534.915649
534.759277
534.651978
535.137085
535.841614
535.856567
534.975830
534.391724
534.787659
535.473328
535.535217
535.128601
535.035095
535.287109
535.221069
534.841736
534.769409
535.179443
535.505310
535.383240
535.163208
535.179382
535.252136
535.213257
535.124939
535.122375
535.175720
534.964111
534.779541
535.223389
535.876892
535.817627
535.080200
534.663818
534.970886
535.331787
535.231384
534.967957
535.008240
535.400513
535.396484
535.038513
534.870911
535.144653
535.457153
535.417969
535.132935
535.026245
535.006958
535.178528
535.394592
535.502319
535.138977
534.581238
534.584229
535.188660
535.714294
535.275269
534.219788
534.031494
534.984619
535.845581
535.675415
535.054565
534.904175
535.130127
535.264282
535.125549
535.022705
535.161560
535.316162
535.286804
535.250854
535.320618
535.196167
534.972717
534.904358
535.046143
535.054688
534.927917
535.064087
535.359619
535.317566
534.763855
534.457642
535.052856
535.807190
535.720703
534.775574
534.354065
535.168823
536.119629
536.017700
535.159546
534.711426
534.920349
535.227783
535.335327
535.142639
534.957764
534.885193
535.028198
535.326904
535.486938
535.202271
534.720764
534.775269
535.354004
535.599243
535.156860
534.706360
535.021606
535.635559
535.592163
534.997192
534.679565
534.996155
535.406372
535.344238
535.098877
535.177429
535.309875
535.100952
535.016724
535.304016
535.426697
534.959656
534.566650
534.889526
535.572144
535.726868
535.148682
534.644470
534.903564
535.327576
535.207031
534.734070
534.763794
535.327087
535.646667
535.338135
534.969482
534.822327
534.832275
535.018066
535.307678
535.373108
535.049438
534.624634
534.855469
535.767883
536.457275
535.983643
534.911072
534.488037
534.920715
535.392822
535.469116
535.303955
535.280334
535.111511
534.697815
534.540100
534.968079
535.456909
535.428040
535.017944
534.917969
535.252563
535.490967
535.304688
535.025269
534.886658
534.887207
535.098999
535.602173
535.879395
535.340088
534.298645
533.962097
535.023560
536.536133
536.777954
535.607300
534.575500
534.680420
535.328430
535.625549
535.445312
535.176636
534.945129
534.846802
534.868286
535.059265
535.245789
535.231323
535.160034
535.336792
535.499329
535.192383
534.741821
534.834045
535.197754
535.269165
534.925293
534.848022
535.295166
535.644897
535.359863
534.708923
534.649597
535.211792
535.425598
535.098450
534.899231
535.158691
535.405701
535.293762
535.209534
535.264648
535.120422
534.711121
534.528931
534.929382
535.462097
535.453186
535.115967
535.089478
535.403442
535.397522
534.860779
534.554749
535.010864
535.581299
535.590515
535.187866
534.859070
534.716492
534.732239
534.834961
535.235291
535.595703
535.346313
534.632568
534.496582
535.263794
535.864075
535.463013
534.723694
534.494873
534.916199
535.306702
535.402100
535.293335
535.076416
534.924133
534.995789
535.388428
535.756409
535.433167
534.539795
534.108643
534.809937
535.739014
535.750183
535.118408
534.806213
535.070129
535.328979
535.323547
535.250793
535.239319
534.801147
534.158875
534.192261
535.124817
535.909058
535.698669
534.882080
534.525269
534.772034
535.105957
535.023132
534.990906
535.202209
535.323242
535.112732
534.990112
535.070251
535.126587
534.970825
534.838135
534.962830
535.178040
535.255127
535.317749
535.366333
535.092834
534.453430
534.278625
534.978699
535.958374
536.000488
534.781433
533.682800
533.966248
535.121338
535.799988
535.570496
535.108826
534.811646
534.811401
535.146729
535.587769
535.728699
535.408020
534.961304
534.906433
535.079102
534.991150
534.634033
534.638123
535.347534
535.885986
535.402039
534.564270
534.583008
535.325256
535.589478
535.008179
534.529114
534.901123
535.655884
535.779968
535.231750
534.738403
534.567566
534.509583
534.639954
535.189026
535.669006
535.442871
534.790894
534.611084
535.054565
535.377258
535.025940
534.561218
534.750916
535.376770
535.536255
535.185791
535.029968
535.294189
535.342651
535.029175
534.848450
534.964172
535.201538
535.246704
535.136230
535.127808
534.944702
534.530457
534.404236
534.969421
535.616516
535.415588
534.722229
534.595947
535.218628
535.756714
535.443909
534.790649
534.727783
535.153381
535.337708
535.109314
534.859619
534.795532
534.900635
535.087036
535.363892
535.423218
535.223145
534.875122
534.763550
534.955078
535.077209
534.958008
535.079834
535.356201
535.430725
534.849365
534.333923
534.777710
535.669250
535.870850
535.159485
534.488342
534.604065
535.070618
535.368835
535.211731
534.977112
534.921204
534.880859
534.959717
535.335510
535.572632
535.151245
534.539917
534.507812
535.102722
535.730957
535.740540
535.353821
534.939697
534.690125
534.675537
534.912354
535.226257
535.239990
534.665283
534.153931
534.595764
535.826294
536.505615
535.868774
534.903015
534.602356
534.764709
534.986816
535.058899
535.103760
535.140442
535.039734
534.943420
535.072571
535.375488
535.431030
535.088684
534.809937
534.858521
534.932312
534.864380
535.001892
535.360718
535.471191
535.092224
534.794739
535.072388
535.585022
535.262939
534.160583
533.705444
534.561401
535.795166
535.818359
535.049683
534.417908
534.299866
534.936096
535.827332
536.294922
535.993042
535.108704
534.458130
534.382751
534.988831
535.090942
534.478271
534.368103
535.221680
535.996216
535.873718
535.339172
535.059753
535.086487
534.952637
534.547791
534.479370
534.923218
535.383667
535.351868
535.200134
535.320923
535.412354
535.257080
535.193054
535.364380
535.288940
534.662598
534.204590
534.602112
535.445679
535.696289
535.283569
535.000000
535.257812
535.417480
534.962158
534.375305
534.713867
535.063599
534.933472
534.396362
534.426697
535.376099
536.252258
536.399597
535.667053
534.711243
534.326904
534.164429
534.805908
535.777161
536.080322
535.334473
534.370056
534.505859
535.275635
535.613159
535.276733
534.768738
534.536743
534.681519
535.008606
535.453003
535.879089
535.717590
534.770935
534.025940
534.458557
535.518494
535.786438
535.151917
534.592041
534.795837
535.284119
535.347351
534.933594
534.649109
534.736938
534.968567
535.369507
535.738037
535.609558
534.917847
534.500610
535.044556
535.751648
535.596497
534.767090
534.342163
534.842773
535.502197
535.429138
534.958313
534.900940
535.645264
534.933838
533.733643
533.268616
534.304199
536.168457
537.402039
537.076172
535.587280
534.101318
533.892273
533.876038
534.482544
534.802612
534.818237
535.524902
536.715637
537.108643
535.999451
534.684021
534.643799
535.470642
535.451050
534.294373
533.545471
534.424133
535.875061
536.158875
535.252563
534.648926
535.053589
535.569702
535.296692
534.628845
534.484985
534.864441
535.434692
535.689941
535.401245
534.726074
534.441040
534.921021
535.493347
535.174561
534.025391
533.344543
534.797119
537.578125
538.936768
537.390991
534.585815
533.148499
533.956116
535.780212
536.589539
535.409790
533.716187
533.405151
534.793945
536.380310
536.465942
535.068909
533.959045
534.348450
535.407349
535.563721
534.901794
534.554199
534.969788
535.357971
535.116089
534.783813
535.076904
535.587830
535.509888
534.960510
534.727051
534.909058
534.919678
534.605469
534.592407
534.976379
535.151794
534.932373
534.971191
535.054871
534.938293
534.301941
534.040833
535.074158
536.758667
537.309692
536.118652
534.377563
533.638733
533.949585
534.996826
535.614502
535.453918
534.828491
534.463196
534.921021
535.902039
536.207703
535.304871
534.294739
534.284546
535.127197
535.462341
534.799561
534.248779
534.559143
535.215820
535.378296
535.072388
534.922363
535.056030
535.308350
535.283325
535.264526
535.378784
535.243896
534.984985
534.954102
535.055176
534.989624
534.752930
534.855835
535.385681
535.869995
535.648132
534.604736
533.973083
533.757568
534.240051
535.786133
537.546143
538.257568
536.737244
533.496094
530.967529
531.156006
533.744385
535.963135
536.522827
535.837891
534.826965
534.571777
535.233765
535.971252
535.866821
534.911499
534.051147
534.076660
534.842041
535.440491
535.334473
535.027893
535.292908
535.630737
535.313721
534.744568
534.868835
535.339722
535.431641
534.979614
534.923401
535.430359
535.226013
533.541626
531.767212
532.179688
535.216309
538.176880
538.352783
535.528076
532.495056
532.019226
534.166199
536.743164
537.359009
535.734253
534.127808
534.177673
535.410767
535.928040
535.059875
534.181702
534.460266
535.350952
535.518311
534.884521
534.592163
534.961365
535.352661
535.222412
534.927063
535.104492
535.613220
535.835999
535.105713
534.298523
533.551331
533.627686
535.341858
537.759094
538.073669
535.080688
531.609436
531.900757
535.726318
538.964355
537.708984
533.990295
532.478271
534.467712
536.686707
536.187622
534.085022
533.361938
534.641052
536.008606
535.832764
534.508179
533.932007
534.964417
536.493469
536.669312
535.357056
533.696106
533.697815
535.508789
536.694458
535.255615
533.072083
533.792236
537.341614
539.537720
537.536438
532.933472
530.766968
533.090210
536.658508
537.310425
535.195740
533.832642
534.798218
536.573181
536.796875
534.964355
533.222229
533.616394
535.521118
536.484741
535.415100
533.896851
534.063110
535.842773
537.112976
535.908203
533.319031
532.203674
533.684021
536.263855
537.175842
535.608154
532.853333
531.625977
534.372437
538.764648
539.742920
535.427429
530.170776
530.489685
536.471130
541.317261
539.265808
533.166382
530.715393
533.597595
537.386780
537.334229
534.219482
532.603455
534.047485
535.738342
535.291626
533.766174
533.457886
534.569824
536.504883
537.717224
537.280945
535.070068
532.945557
532.925903
535.023499
537.470703
538.084106
536.340027
533.878845
532.557922
532.921631
534.111267
535.768555
536.966248
536.735229
535.659607
534.822388
534.725525
534.927368
534.968384
534.835449
534.808289
534.720520
534.626282
534.865356
535.429016
535.510681
534.819092
534.165588
535.156738
536.968506
537.339722
535.815552
534.304199
534.249695
535.224731
535.530518
534.902832
534.582520
535.511780
536.295898
535.799622
534.924927
534.690002
534.972229
535.349609
535.130493
534.387390
533.934753
534.259277
535.080078
535.831177
536.118103
535.405334
533.920166
533.194153
534.288574
536.289673
537.695984
537.657837
535.712830
532.682617
531.232666
533.103027
536.743286
538.482483
536.596313
533.098083
531.859436
534.023743
536.664124
536.848145
535.318481
534.631470
535.354858
535.839233
535.304199
534.424988
534.097595
534.481567
535.201416
535.363281
535.110596
535.181396
535.578613
535.939026
535.621643
534.566895
533.637634
534.320251
536.242798
537.086975
536.185974
534.681946
534.242126
535.229309
535.976318
535.762695
534.779297
534.149902
534.346802
534.754456
534.944153
535.194092
535.631958
536.062805
536.224731
536.028442
535.102051
534.124329
534.199463
535.049316
535.366516
535.084961
534.756409
535.039917
535.523926
535.338013
534.639648
534.506348
535.535767
536.540710
536.028748
534.538208
533.833679
534.462036
535.277039
535.569580
535.389587
534.860352
534.590027
534.664429
534.963745
535.297791
535.290161
534.949951
534.801208
535.088257
535.430054
535.350952
535.296204
535.412231
535.355835
534.944214
534.605225
534.911804
535.469849
535.389954
534.606140
534.062561
534.754944
535.880432
536.208618
535.669983
535.120300
534.851196
534.534851
534.483887
535.075256
535.791260
535.797058
534.893433
534.222229
534.582336
535.498169
536.021179
535.858643
535.346985
534.725098
534.270142
534.295288
535.108459
535.931152
535.345398
533.644287
533.171509
534.986694
537.378296
537.813660
536.051331
533.805237
532.941772
533.825073
535.353699
536.299194
536.054138
534.861084
534.097168
534.638672
535.814575
535.973389
534.890869
534.228516
534.830811
535.547546
535.082642
534.159607
534.432007
535.748779
536.484436
535.565125
534.179749
533.980286
535.049255
536.053589
535.988953
535.115540
534.347351
534.377197
535.186218
535.949036
535.696533
534.347717
533.241272
533.686462
535.106079
535.846069
535.349854
534.798035
535.127502
535.744751
535.557312
534.752197
534.442261
534.943787
535.722961
535.842346
535.097656
534.374817
534.388306
535.071045
535.759705
535.678589
534.753052
533.940613
534.623657
536.051331
536.330261
535.338379
534.330688
534.476318
535.466431
535.650696
534.800903
534.694641
534.995300
535.437988
535.190247
534.552002
534.684631
535.107666
535.342468
534.945374
534.587769
535.071655
535.234985
535.400574
535.399963
535.023376
535.026489
534.965637
535.285889
535.518616
535.248596
534.725098
534.703674
535.082520
535.355408
535.062683
534.827148
534.900024
535.345764
535.144104
534.345947
534.078186
534.833984
535.567932
535.591736
535.484253
535.202698
534.755859
534.387268
534.626648
535.199768
535.840820
535.620544
535.125183
534.913086
535.186035
534.984802
534.626038
534.650024
535.142456
535.153137
534.948853
534.811340
535.375427
535.681824
535.228577
534.530518
534.534485
535.236328
535.594910
535.106567
534.647217
534.709106
535.025757
535.086182
535.250061
535.617920
535.571167
534.925232
534.292603
534.347290
534.983887
535.376648
535.387817
535.352722
535.381165
535.509338
535.219910
534.825623
534.689819
534.920898
534.792175
534.880981
535.079346
535.322754
535.073486
534.908508
534.896057
534.962769
534.885071
534.946777
534.508972
535.345459
536.544128
535.833801
535.050110
533.872131
534.739868
535.509949
535.508301
535.526917
535.091797
535.306458
535.494324
534.542847
534.976868
534.702515
535.211243
534.800842
534.593323
534.799744
535.532227
535.468872
535.761963
535.736023
535.589294
535.108643
534.594849
534.706116
535.144836
534.593689
533.952942
533.835022
535.021973
535.782898
535.962219
535.378113
534.571228
533.918823
534.144531
534.760559
535.216187
535.667175
535.466614
535.211304
535.370056
535.448792
535.336243
534.748596
534.669373
534.905334
535.258179
535.356079
535.415894
535.373169
534.997192
534.747437
534.787292
535.066895
535.131165
534.655701
534.585510
535.350830
536.071777
535.864929
535.021545
534.738647
534.903809
535.049255
535.022217
534.967285
535.249268
535.502991
535.327148
535.115356
535.109436
535.205017
534.928345
534.638977
534.626282
534.873718
535.053345
535.148926
535.450623
535.610535
535.284119
534.807129
534.714111
535.030151
535.268188
535.181763
535.216675
535.556396
535.643616
535.018738
534.470337
534.869751
535.687378
535.770447
535.064819
534.447876
534.574890
534.974426
535.068237
534.942566
535.041992
535.350220
535.372803
535.247314
535.219910
535.270081
535.065857
534.897583
535.119324
535.424377
535.281555
534.781860
534.625183
535.025269
535.434143
535.344299
535.084534
535.253967
535.493774
535.223694
534.742737
534.773376
535.241760
535.359314
535.180847
535.236328
535.611084
535.771790
535.207397
534.524231
534.457886
534.936523
535.246826
535.203369
535.169373
535.245667
535.126526
535.040710
535.212341
535.308533
534.911011
534.530396
534.899353
535.853821
536.381348
535.826721
534.706116
534.288025
534.765198
535.149597
534.975220
534.753845
534.769043
534.820862
535.011597
535.521729
535.948669
535.677246
534.824463
534.338196
534.625610
535.084656
535.227234
535.136963
535.295654
535.625427
535.599670
535.123230
534.772339
534.857483
535.070374
535.085693
535.127014
535.092468
534.867798
534.765686
534.999084
535.518494
535.477112
534.446350
533.501404
533.938599
535.389587
536.271240
535.849365
535.046326
534.753052
535.122375
535.320251
535.070007
534.760071
534.774292
534.972290
535.215271
535.430054
535.373535
535.025940
534.845520
534.984497
535.222839
535.163940
535.004395
535.209534
535.742676
535.913452
535.303406
534.659790
534.755615
535.165466
535.089722
534.531799
534.333801
534.715210
535.130859
535.161255
535.119934
535.148804
535.047241
534.790588
534.796753
535.193787
535.539551
535.452087
535.276855
535.471741
535.699585
535.231506
534.548889
534.619202
535.339600
535.661926
534.981567
534.371582
534.635254
535.399536
535.518677
534.763794
534.208252
534.604248
535.420898
535.973572
535.885864
535.327820
534.525452
534.411194
535.460571
536.662354
536.517334
534.959412
533.631409
533.881348
535.026367
535.583557
535.254456
535.024658
535.413208
535.733215
535.287231
534.496643
534.367310
534.877686
535.428223
535.711609
535.638306
535.286255
534.936462
535.019775
535.255432
535.284607
534.864014
534.445801
534.823120
535.660278
535.827209
535.181335
534.803528
535.305298
535.688232
535.284424
534.530396
534.589783
535.320618
535.630981
535.175842
534.770752
535.058472
535.709473
535.859863
535.289307
534.614624
534.385010
534.512756
534.958618
535.514771
535.686707
535.284180
534.947266
535.031799
535.318237
535.207153
534.633301
534.419556
534.891968
535.458801
535.588013
535.457886
535.406494
535.244507
534.989136
534.868835
535.037842
535.299438
535.161194
534.824768
534.887146
535.293884
535.457397
535.079102
534.700012
534.745117
534.999878
535.217712
535.409485
535.633118
535.533020
535.108582
534.922241
535.136658
535.306885
535.005859
534.559265
534.939392
536.059326
536.593750
535.902771
534.812683
534.514771
534.848511
535.019470
535.161255
535.293579
535.395142
535.181519
534.742920
534.820984
535.383606
535.827209
535.577332
534.909607
534.614868
534.752747
535.096558
535.412903
535.491089
535.228577
534.755554
534.682800
535.137817
535.527039
535.248962
534.546631
534.397583
535.160645
535.919739
535.896362
535.362244
535.120850
535.117371
535.150024
535.286560
535.332031
535.188904
534.693665
534.446472
534.916626
535.658936
535.685730
534.820618
534.329468
534.742249
535.452637
535.499817
535.047729
534.998596
535.314697
535.499817
535.290771
535.104126
535.142395
535.107910
534.954834
534.922180
535.273315
535.502808
535.107910
534.757202
534.842285
535.188904
535.241882
535.247742
535.470947
535.561646
535.240479
534.841492
534.969482
535.554260
535.679260
535.094727
534.593567
534.918457
535.469666
535.272888
534.764343
534.694519
535.153198
535.326355
535.127930
535.003113
535.411560
536.019226
535.954651
535.108948
534.232361
533.736328
533.776062
534.531433
535.754333
536.300293
535.644409
534.728577
534.617859
535.064148
535.285034
534.937866
534.649536
535.001953
535.612366
535.680298
535.186768
534.886108
534.969666
535.076050
535.074341
535.145203
535.392029
535.479065
535.345276
535.219055
535.070496
534.946228
535.022888
535.373718
535.665588
535.207581
534.250122
533.814880
534.514282
535.551575
535.676819
535.082275
534.722046
534.846680
535.175720
535.225403
535.313904
535.383423
535.231567
534.853638
534.892273
535.519531
535.908691
535.497009
534.864990
534.858215
535.407837
535.513916
535.049683
534.606384
534.661804
534.933777
535.016663
535.024841
535.302979
535.492310
535.184265
534.830139
535.097656
535.561096
535.516235
535.095398
534.934021
535.067505
535.157654
534.928162
534.800781
535.141174
535.589478
535.486267
535.125488
534.970337
535.095642
535.156982
535.145081
535.269287
535.377502
535.265625
535.148193
535.295410
535.518616
535.227417
534.689026
534.539185
535.153992
535.754211
535.447510
534.702698
534.600891
535.097595
535.375854
535.133240
534.891846
534.813354
534.989624
535.268250
535.506287
535.621399
535.450256
535.081848
535.038147
535.381470
535.454529
534.843506
534.388367
534.836121
535.631592
535.718811
535.016663
534.527832
534.742615
535.158264
535.189148
534.996399
535.126465
535.412048
535.244141
534.822388
534.796570
535.097656
535.200256
535.071777
535.167847
535.365234
535.280273
534.966003
534.855408
535.107483
535.259705
534.951538
534.678223
534.884521
535.316589
535.338257
535.140259
535.222107
535.529419
535.436035
534.934143
534.656738
534.882080
535.190552
535.250000
535.268738
535.502502
535.494324
534.923584
534.293213
534.261780
534.719055
534.975647
534.974731
535.163818
535.416870
535.374146
535.038574
535.019958
535.391052
535.474854
534.937195
534.493530
534.918945
535.675293
535.744202
535.176392
534.825623
535.075012
535.357788
535.273499
534.997681
534.964539
535.072998
535.007751
534.971802
535.200439
535.513794
535.351013
534.889893
534.822937
535.104858
535.507324
535.925842
536.231018
535.961060
534.880432
533.870483
534.026917
535.200745
535.945251
535.177795
534.115356
534.387268
535.780029
536.612671
536.064087
535.010925
534.555054
534.724243
534.976074
535.088562
535.142761
535.084534
534.984009
535.023560
535.238953
535.419678
535.250183
534.977417
535.147278
535.473450
535.379150
534.943481
534.925659
535.406006
535.563599
535.161865
534.817810
534.933411
535.185120
535.102966
535.001343
535.183228
535.390076
535.288879
535.073730
535.324341
535.936646
535.526001
533.837341
532.386047
532.867798
535.749207
538.882996
539.863525
537.713318
533.743042
530.894409
531.125183
534.444763
538.096008
539.061584
537.446533
535.367188
534.667908
535.228271
535.701172
535.508545
534.792847
534.289368
534.292542
534.681885
535.259460
535.558960
535.311401
535.121765
535.244568
535.520203
535.402649
535.020691
535.040894
535.561523
536.043152
535.212524
533.817627
533.131287
533.527527
534.791138
537.020813
539.339966
539.604004
536.822449
533.287476
532.251282
534.763916
537.507996
537.094666
534.141052
532.572693
533.978760
536.151245
536.743835
535.753418
534.851685
534.960022
535.423340
535.318726
534.736694
534.479431
534.878967
535.495728
535.570374
534.977722
534.540039
535.136230
536.058472
536.043701
534.985046
534.069153
534.577209
536.072876
536.784851
536.055542
535.095154
534.757080
534.528503
533.757385
533.382874
534.644470
537.531982
539.835388
538.681641
534.154724
530.119263
530.249390
534.435303
538.435852
538.610779
535.540100
533.294983
534.356934
536.647156
536.841064
534.751160
533.254456
534.029114
535.564209
535.716736
534.586914
534.331360
535.789917
537.259216
536.996399
535.409424
534.291321
534.448669
535.238770
535.832703
535.803284
535.158325
534.406128
534.265808
534.977356
535.985962
536.432861
535.941040
535.019409
534.504761
534.682739
535.103882
535.415100
535.436646
535.065430
534.630615
534.660645
534.909363
535.106567
535.347290
535.662476
536.219666
536.348450
535.386597
534.081238
533.963745
535.139526
535.903748
535.345947
534.440857
534.312500
535.198303
535.929138
535.839417
535.332031
535.018799
534.957825
534.915771
534.937134
535.138367
535.455566
535.671875
535.749451
535.561279
535.032715
534.598083
534.816284
535.368164
535.481995
534.755859
533.964111
534.105225
535.432373
536.896790
537.538147
537.089844
535.602600
533.682678
532.756714
533.758240
535.760010
536.781189
536.096252
535.005554
534.969360
535.671692
535.811279
535.017883
534.315002
534.506348
535.135559
535.395569
535.337708
535.263977
535.177368
534.958740
534.863525
535.009766
535.357178
535.586060
535.680786
535.705750
535.501831
534.682190
533.896362
534.106140
535.144348
535.714417
535.276306
534.680603
534.924805
535.601257
535.857117
535.449768
534.722290
534.197388
533.790344
533.922485
535.292908
537.432129
538.730713
537.772705
535.098572
532.675293
532.013428
533.382812
535.332764
536.484497
536.285095
535.428223
535.161865
535.723572
536.176819
535.515869
534.106140
533.459229
534.120422
535.057129
535.239197
535.030701
535.092041
535.376953
535.560608
535.398071
535.166870
535.199951
535.279297
535.201355
535.075623
534.982300
534.933228
535.303772
535.618774
535.490967
534.298523
532.633484
532.902954
536.067017
539.832092
540.497314
536.798767
531.815186
529.439331
531.742676
536.606262
540.055054
539.823669
536.606506
533.643860
533.694031
535.793274
536.890625
535.610840
533.757080
533.710449
535.077148
535.639038
534.757080
534.028870
534.932007
536.448853
536.764343
535.661743
534.748047
534.467285
534.361938
533.951355
533.551086
534.143188
536.474609
539.028748
539.565369
536.805664
532.778564
530.107910
530.920898
534.394653
537.410583
538.016907
537.225952
536.326477
535.946289
535.724060
535.520630
535.020325
534.372620
534.053284
534.195312
534.683899
535.200928
535.373108
535.428345
535.767761
536.343872
535.968384
534.349182
533.184448
534.055969
536.258545
537.658203
536.644775
534.132324
532.612183
533.587585
536.260437
538.484497
538.332886
535.753113
533.077087
533.177795
535.843384
537.650879
536.400146
533.566467
532.871216
535.041199
537.200562
536.710754
534.453491
533.234253
534.365967
536.132874
536.557556
535.523560
534.416077
534.418701
535.649292
536.308838
535.264038
533.625549
533.611816
535.588867
537.313904
536.797241
534.623596
533.492371
534.834961
536.591675
536.665588
535.272156
534.211914
534.445557
535.403076
536.020752
535.843567
535.358643
535.201660
535.455566
535.845947
535.498291
534.509521
533.912842
534.646423
535.892639
536.154907
535.291382
534.450745
534.582397
535.306702
535.562195
535.409363
535.393066
535.713257
535.775024
535.240601
534.834412
534.792603
534.898682
534.877991
535.052368
535.539001
535.616211
535.187195
534.792603
535.131958
535.427429
535.085754
534.562317
534.727051
535.646667
536.370239
536.013184
535.166687
534.593872
534.805542
534.979187
535.118652
535.345886
535.505005
535.463074
535.340881
535.287720
535.124023
534.779724
534.593018
535.093689
535.889648
536.163025
535.408508
534.755859
534.881592
535.510864
535.634277
535.359863
535.204712
535.333313
535.216980
534.983276
534.948975
535.406677
535.476501
534.999573
534.601196
534.949036
535.621216
535.608582
534.990906
534.655762
534.896667
535.441467
535.732666
535.633789
535.202271
534.787842
534.898438
535.485535
536.017517
535.593567
534.317139
533.579224
534.342163
535.764648
536.078247
535.172058
534.427124
534.509521
535.186646
535.723083
535.666443
535.017944
534.627686
534.994934
535.739197
535.952515
535.335999
534.486206
534.517395
535.498779
536.168030
535.611206
534.786072
534.730103
535.325012
535.432129
535.054199
534.935730
535.451904
535.787415
535.259399
534.539673
534.652832
535.338379
535.779541
535.675110
535.465881
535.214783
535.041321
535.175110
535.462219
535.568237
535.164856
534.504822
534.558350
535.345398
535.879883
535.430054
534.734619
534.783325
535.402344
535.617310
535.386292
535.249756
535.425232
535.325562
534.969788
534.800049
535.190430
535.546570
535.443542
535.114563
535.099182
535.077454
534.860291
534.808472
535.398254
535.889893
535.600952
534.747253
534.437012
535.098755
535.754150
535.633972
535.287598
535.368103
535.648315
535.457031
535.053894
534.994263
535.324951
535.429993
535.093567
534.837158
534.998535
535.364014
535.598328
535.659058
535.640503
535.144531
534.176941
533.681885
534.413086
535.644287
536.050293
535.550659
535.039612
535.008972
535.263123
535.409912
535.377991
535.270569
535.139343
534.988037
535.038391
535.401917
535.529480
535.168762
534.761963
535.013000
535.476624
535.461792
535.238831
535.325378
535.538513
535.358154
534.912781
535.001526
535.520874
535.914307
535.572571
535.038086
535.013000
535.315796
535.292297
535.130371
535.395508
535.830078
535.579346
534.818848
534.372681
534.817505
535.439331
535.641785
535.418945
535.325134
535.283936
535.289551
535.347290
535.585815
535.555847
535.187195
534.778198
534.877380
535.321960
535.553528
535.383789
535.260559
535.272034
535.310730
535.083679
534.996887
535.441895
535.850708
535.663147
535.130066
535.126587
535.450745
535.378174
535.096680
535.129395
535.510803
535.625183
535.160583
534.773743
535.051819
535.723389
535.867004
535.229919
534.663391
534.641235
535.057251
535.400574
535.610291
535.519043
535.133850
534.910278
535.221191
535.695862
535.619873
534.925903
534.623230
535.394165
536.483459
536.578308
535.632385
534.963074
535.027954
535.223022
535.027710
534.802368
535.106689
535.644531
535.688293
535.287842
535.000305
535.252625
535.567688
535.670776
535.478149
535.088562
534.735535
534.680420
535.147705
535.640259
535.736023
535.442688
535.234863
535.201477
534.987061
534.555481
534.626709
535.718933
536.931519
536.838318
535.663574
534.749512
534.793457
535.229614
535.391418
535.208557
534.998108
534.913269
535.068054
535.403870
535.766479
535.664795
535.022583
534.642456
535.054077
535.705627
535.742920
535.265320
535.057617
535.149231
535.297546
535.101074
535.051941
535.308533
535.402466
534.952332
534.487610
535.094299
536.286316
536.590881
535.893799
535.074524
534.918884
535.208313
535.404175
535.295898
535.017029
534.908997
535.127625
535.584351
536.063843
535.992065
535.313110
534.734802
534.756287
535.261841
535.458984
535.318726
535.354980
535.467834
535.156677
534.670105
534.817017
535.529236
535.729187
535.194519
534.415833
534.648560
535.647461
535.955383
535.367554
535.089355
535.750793
536.550537
536.212097
535.047729
533.937500
533.759644
534.627380
535.751343
536.406311
536.106750
535.143188
534.582031
534.864075
535.502319
535.552002
535.113647
534.869812
535.238708
535.642212
535.611511
535.320312
535.007263
534.853088
534.956055
535.440552
536.119324
536.015137
534.773254
533.570435
533.810791
535.182312
535.833679
535.207886
534.445312
534.548706
535.378113
536.048889
535.855469
535.447083
535.151733
534.905396
534.913818
535.316956
535.651855
535.230103
534.647095
534.777710
535.524353
536.016907
535.595947
534.820801
534.678284
535.150757
535.512573
535.427673
535.375122
535.488953
535.362427
535.042542
534.935486
535.239441
535.371521
535.146179
535.043091
535.185547
535.387817
535.430603
535.375122
535.423645
535.136597
534.597778
534.443054
535.158020
536.011475
535.902344
535.116516
534.785950
535.317261
535.778931
535.286133
534.625610
534.819092
535.752258
536.051697
535.469116
534.777649
534.762085
535.233582
535.691284
535.961060
535.808228
535.023987
534.388611
534.648560
535.787903
536.304626
535.617981
534.608215
534.621704
535.539673
535.980835
535.467834
534.880066
534.909180
535.228821
535.054504
534.766235
534.816833
535.222351
535.454468
535.379211
535.156738
534.968018
535.013062
535.292114
535.461609
535.391968
534.804993
534.328064
534.887756
536.157898
536.489258
535.468384
534.352783
534.518188
535.420410
535.852905
535.227478
534.475037
534.599976
535.374207
535.734619
535.386780
534.831848
534.838196
535.176453
535.431641
535.275757
534.942810
534.916199
535.405273
535.731873
535.293274
534.501221
534.571777
535.661133
536.277527
535.502869
534.164612
534.051392
535.641968
537.203674
537.043030
535.520142
534.361938
534.429871
535.116455
535.673218
535.604858
535.051208
534.715698
535.070923
535.782349
535.968750
535.304565
534.487183
534.571716
535.439331
535.856262
535.188232
534.491333
534.857849
535.732727
535.836975
535.113831
534.385376
534.545959
535.357117
535.976868
536.111877
535.844360
535.183411
534.655457
