516.883179
516.883179
517.700867
516.335205
513.886169
510.597839
512.209656
526.478394
545.930847
554.681885
545.029114
523.830811
512.126160
523.495850
545.948303
554.808167
541.439514
520.652100
510.963654
521.551086
548.236511
565.107544
560.142029
539.175171
516.078674
511.020325
530.124451
550.499023
553.200195
534.888367
516.001038
513.950195
534.016602
552.004333
550.914185
531.405151
514.582520
516.123474
537.403076
553.480469
549.137329
528.302002
512.846436
518.303040
541.085266
554.658875
546.261353
524.756226
512.000793
517.564941
541.869324
561.695435
560.750549
542.404724
519.330688
509.385132
524.964966
546.994385
554.958618
540.413208
519.584473
512.131226
528.432678
549.205383
553.261536
536.205017
516.971069
513.038696
532.014465
551.760132
553.027527
533.892578
515.241699
514.255981
535.018555
552.427002
550.018616
530.011169
514.087952
514.137085
535.177734
559.003540
564.316772
549.557556
525.745361
509.723511
519.389465
541.966064
554.405212
544.943909
523.775208
512.181641
523.468079
545.490295
554.150635
541.227051
520.867249
512.158203
526.621521
548.135315
554.291321
538.656738
518.735901
513.069458
530.649475
550.366882
552.476807
534.440613
516.491211
514.856079
531.495300
552.367310
555.953857
541.875488
521.989929
508.963348
517.708618
540.076721
553.624146
548.820801
527.923584
513.006531
518.806702
541.045044
554.058594
545.994751
525.174011
512.458984
521.774109
544.321045
554.974915
543.471680
522.097290
511.511963
524.463318
546.469055
553.822693
539.541138
519.867126
513.130310
524.934387
548.483032
559.754883
551.236511
531.253906
512.699829
512.966370
533.472229
551.370422
552.130127
533.186218
515.623291
515.584473
536.162964
552.570923
549.476257
529.388733
513.691284
517.448303
539.572449
554.376831
548.029236
526.542603
512.110352
519.472656
542.113953
554.275757
544.938782
524.219543
512.673096
523.527466
547.032837
556.343994
541.659851
516.678162
499.472717
504.217041
531.009521
553.194031
554.548828
538.154663
518.184692
512.953003
530.617615
550.154907
552.214478
534.351501
516.209717
514.387817
534.402527
552.733398
551.702881
531.425903
513.985840
515.766602
537.753906
553.917419
549.244202
528.304443
513.033447
518.442505
540.364807
555.864319
548.875854
527.286987
507.635925
504.016907
524.375000
548.222229
555.407959
543.703003
522.259155
511.819885
524.640930
546.366882
553.908447
539.942139
519.948364
512.615295
528.643250
549.660706
553.949280
536.593750
516.794373
512.826599
531.981323
551.408081
552.309509
533.579468
515.810425
515.270264
535.729187
555.734009
552.059265
528.801514
504.868561
496.908020
515.813049
544.438721
557.032959
547.988647
526.776001
512.761780
519.930054
542.165527
554.140015
544.853882
523.891846
512.039734
523.021667
545.741211
555.003174
541.566772
520.012085
511.117004
526.389771
548.629028
554.546387
538.352417
518.157471
512.498352
530.245789
553.686157
555.219482
533.290100
506.811981
494.408844
508.965027
539.404968
556.939575
551.538513
531.124634
513.900269
515.687866
537.324219
553.274658
548.892822
528.309753
513.229553
518.577881
541.041626
554.336243
545.915405
524.358704
511.629059
521.336182
544.040344
554.451965
543.266602
522.580627
512.332825
524.788574
546.476624
554.275940
541.756714
521.961609
508.830353
513.567444
535.700439
552.274414
551.665710
536.718689
517.402405
513.171143
531.545654
550.907715
552.672180
534.437866
516.154968
514.749939
534.864014
552.150208
549.894348
529.943237
514.108643
517.638855
539.477844
553.971130
547.973999
527.353699
512.975525
519.292419
541.288208
555.380310
546.934875
525.260010
506.888611
505.460114
526.660217
548.802856
553.953918
541.417664
520.804932
511.772339
526.022339
547.812378
554.490417
539.172729
518.768188
512.221436
529.376465
549.689941
552.543823
534.598450
516.191162
514.312744
534.260925
552.395325
551.525757
531.655151
513.979797
514.735596
536.313293
553.457642
549.726868
531.873962
515.889221
512.478638
528.707214
548.649414
554.175171
543.707397
524.806885
511.509552
520.854858
544.266602
555.896729
544.639954
522.352661
510.766357
523.639343
546.815552
555.137939
540.275330
519.074890
511.726501
528.525696
549.898926
553.832642
536.092834
516.271667
512.600830
532.412537
552.499939
552.479431
535.297913
517.681396
511.145874
523.613953
544.662720
553.667725
546.377319
529.173584
513.415710
517.292053
539.563538
554.376282
547.993713
526.481201
512.042786
519.532532
542.676758
554.953247
545.129883
523.887146
512.379761
523.305359
545.119690
553.953064
541.448242
521.075500
512.148010
526.498657
548.172852
554.221741
540.362305
521.129822
509.878540
516.503113
537.955627
552.172729
550.119141
535.479004
517.246399
514.250549
532.915222
550.988708
551.100830
532.270508
514.979492
515.480652
536.492432
552.972778
549.551819
529.471924
513.957520
517.894409
539.417603
553.577393
547.195007
526.627136
512.807922
520.661865
543.259399
555.019531
545.145874
525.275635
511.018860
513.042542
533.589600
551.402527
552.863708
539.483582
519.968384
512.007507
527.868225
549.374084
554.328674
537.304749
517.064209
512.526917
531.697632
551.640869
552.500977
533.041992
514.919189
514.634644
535.658997
553.064941
550.469543
529.934204
513.482239
516.651917
538.793091
553.752930
547.291382
529.230591
515.582275
514.854187
531.611206
549.415344
553.114380
542.692810
524.705566
512.508057
522.031494
543.988586
554.168274
542.738403
522.131287
512.292053
525.597412
547.080322
553.987915
539.409912
519.556213
512.633240
528.844055
549.255188
553.365723
536.366882
517.094666
513.405945
532.565613
551.561829
551.781372
535.201111
517.373535
509.575012
521.075989
541.976196
552.467957
547.111877
530.179199
513.751648
518.194397
540.554688
554.676819
547.223572
525.469666
511.728943
520.543701
543.776917
555.000977
543.946960
522.678589
511.986237
524.353210
546.609863
554.652283
541.956848
523.343079
510.889221
513.757263
529.050293
548.884766
560.422913
558.111755
539.528931
517.047607
509.796021
527.006836
548.184021
554.474976
538.683228
518.170044
512.073975
529.805115
550.752686
553.491577
534.687500
515.235718
513.313782
534.295349
553.165771
551.853271
531.443604
514.120667
515.432129
536.769775
552.915955
548.900635
528.429260
513.450073
518.538818
540.265137
556.007202
548.677063
527.201172
508.736938
505.670074
524.541321
546.704102
553.757812
543.404907
523.182617
512.785156
524.904297
545.789368
552.965149
539.991760
520.983093
514.018677
528.783081
547.947815
551.719238
536.590210
519.357666
514.141479
530.155701
548.819214
551.553894
535.045105
517.662476
515.337219
531.503418
552.494019
555.564392
540.429321
520.134827
507.808014
517.336609
539.826355
553.469666
549.075317
528.082214
512.427673
518.159180
541.348083
555.059937
546.244141
524.200867
511.485565
521.998047
545.292969
555.456543
543.029541
521.463257
511.365448
525.290955
546.799133
552.890625
537.634888
518.307190
513.834961
528.229919
551.501892
558.800049
546.340820
526.592712
511.004578
514.110474
534.873535
551.260925
551.294556
532.809998
515.875427
516.043518
536.656006
552.990723
549.457397
528.762268
513.030640
517.390808
539.961365
554.603455
547.915161
526.198242
511.632050
519.353882
542.756470
555.184204
544.813293
522.894226
511.612274
524.170837
548.926453
556.788635
539.457825
513.782227
498.519775
505.368164
532.213440
553.139587
553.811401
537.569214
518.172729
513.458191
531.429260
550.530640
551.699768
533.394897
516.218628
515.647949
535.603516
552.394653
550.235535
530.565674
514.419312
516.637573
537.916626
552.907166
547.801575
527.400085
513.372192
519.749939
541.608765
555.155396
546.182800
525.310669
508.428864
506.568420
526.025879
547.713745
553.986145
542.747070
522.270752
512.008179
524.476746
546.032471
553.390137
539.473083
519.986023
513.082947
528.866455
549.014282
552.903625
536.107483
517.411743
513.934937
532.736450
551.494812
551.513916
532.148132
514.971985
515.843750
536.766479
555.605103
550.785461
528.025696
505.975739
499.029999
517.068359
544.153870
556.273071
547.293335
526.008179
512.320068
520.595215
543.369324
554.362000
543.500610
522.523071
511.938751
523.796814
545.813293
554.356384
541.363586
520.845947
512.068054
526.546997
548.044373
553.885986
537.893066
517.888062
512.371582
530.284729
553.460388
554.719727
533.390991
508.041443
495.648499
509.001251
538.648438
556.502136
551.556030
531.106812
513.892944
516.260315
538.264832
553.408997
547.776978
527.226379
513.449829
519.676514
541.776001
554.516357
546.117249
524.910400
512.083740
521.411865
544.349670
555.055969
543.392639
522.067139
511.981873
525.118408
549.020508
556.046265
539.403992
514.696350
499.147125
505.483459
532.277649
553.346680
553.812927
536.828247
517.033630
512.892578
532.132812
551.740540
552.484192
533.193481
515.147705
514.762634
535.650757
552.840210
549.987793
529.333862
513.089661
516.977234
539.692261
554.378174
547.508789
526.106140
512.586182
520.460999
543.009155
555.875000
545.896729
524.081238
506.477325
505.437500
526.783081
549.297241
554.653015
541.759338
520.785034
511.976685
526.576782
548.059509
553.809692
538.155701
518.453613
512.687073
529.984253
550.260498
553.301453
535.383301
516.332092
513.763123
533.802124
552.368896
551.641541
531.917725
514.850037
516.009338
537.170898
555.783936
550.720215
527.761597
505.255219
498.466522
517.720215
545.247131
556.681763
546.812073
525.302673
512.216675
521.199707
543.608337
554.221924
543.307922
522.498108
511.919556
524.154175
546.294006
554.376587
540.518860
519.979065
512.162048
527.885925
548.796143
553.292542
536.769165
517.826965
513.520386
531.513062
550.641724
551.461670
536.049805
519.283325
511.640015
522.481323
543.658630
553.920227
547.299194
529.990723
513.808960
516.944641
538.789917
553.788635
548.261719
527.549255
513.079712
519.340088
541.808960
554.669189
545.757202
524.330505
512.014343
522.412048
544.867065
554.424744
542.255310
521.719116
512.383728
525.936035
547.564148
554.510986
541.651245
522.087219
509.184875
514.276733
536.275146
552.187744
550.822693
535.392944
516.500427
513.485535
532.742188
551.445557
551.831360
532.906616
515.288086
515.160889
536.102783
553.019409
549.840759
529.219788
513.410156
517.856262
540.167175
554.161011
547.099304
526.044434
512.474548
520.323364
542.760864
554.459717
545.126648
526.024658
512.014832
513.446106
533.691101
551.753418
553.085938
539.429504
520.044067
511.819550
526.778137
547.910339
553.557861
537.894775
518.397949
513.124756
530.907410
550.688782
552.616211
534.041992
515.502502
513.928955
534.200195
552.272339
551.119080
531.399170
514.397888
515.951050
537.581665
553.864685
549.084412
530.643494
514.664917
511.990387
529.132019
549.213257
554.254822
543.422546
524.697998
512.175720
522.111938
544.894897
555.202271
543.260742
521.731812
511.269501
524.677490
547.304016
554.741272
539.634583
519.032471
512.125061
528.657043
549.487976
553.679321
536.703247
517.360107
513.236328
532.062927
551.546326
552.475708
535.883301
517.380066
509.012848
520.592468
542.459167
553.269714
547.216431
529.997192
513.487000
517.347595
539.641785
554.499573
548.034912
526.500977
512.142029
519.803894
542.979858
555.100708
544.940002
523.457947
511.938721
523.107544
545.295410
554.223206
541.523010
521.051880
512.178040
526.488464
548.117432
554.209106
540.312317
521.005737
509.691010
516.434875
538.140625
552.512451
549.981506
534.484314
516.015747
513.958435
533.850464
552.181824
551.266052
531.448425
514.336182
516.036865
537.823486
553.732178
548.819641
527.882385
513.038818
518.534058
540.823853
554.092773
546.344055
525.292480
512.237732
521.126221
543.709534
554.421387
543.057556
523.924133
512.626587
517.493042
538.785095
554.776855
553.451477
538.485046
519.192444
512.203003
527.842651
548.993225
553.897339
537.253784
517.696838
513.346497
531.910278
551.105469
551.952332
533.132385
515.362061
514.796448
535.353760
552.783447
550.739441
530.503784
513.800842
516.470337
538.606750
553.903564
547.984253
529.433228
514.322327
512.321106
529.124634
548.129272
552.985718
542.774963
524.370300
511.989563
522.439880
544.923401
554.521484
542.081055
521.132385
511.856842
526.051086
547.947388
554.421265
539.314392
519.501831
512.987976
529.348083
549.405273
552.928955
535.732361
516.881653
513.757507
533.137329
551.863525
551.688049
534.991333
517.444885
509.795959
520.995911
541.632690
552.136597
546.923889
530.093323
513.476379
517.635803
540.079468
554.626770
547.651123
526.206848
512.378113
520.443359
542.955078
554.124146
543.811584
523.128113
512.375610
524.039429
545.988159
554.545593
541.060913
520.201111
511.876526
527.289185
548.694092
553.863281
537.510864
518.971497
512.213196
524.475403
548.255371
560.230286
553.016479
533.421936
513.815308
513.864563
534.275513
552.699829
551.373291
530.971069
513.861145
516.134521
538.198853
553.948425
548.928772
528.025085
513.097412
518.796936
541.187134
554.370178
546.005676
524.608704
511.790710
521.463623
544.026245
554.406799
543.013428
524.466431
513.398071
517.877625
538.496094
554.398071
553.550964
538.467041
518.639343
512.094299
528.408752
549.407654
553.629456
536.426270
517.281860
513.763306
532.760681
551.564880
551.962769
532.831543
514.941040
514.717224
535.791138
553.097595
550.190186
529.409973
513.203247
517.263672
539.807495
554.299194
547.365906
526.190063
512.123108
515.776001
539.882935
562.450989
564.158630
546.087830
521.205872
508.585114
522.876831
546.112610
555.656921
542.387085
521.084412
511.993805
526.567383
548.221558
554.335693
538.629150
518.340820
512.104370
529.653625
550.391052
553.341431
534.939087
515.584961
513.230042
533.491638
552.108337
551.463013
531.890503
514.971985
513.170349
532.768433
557.936707
565.028687
550.917053
526.892395
509.898193
518.268127
541.005554
554.508728
546.387207
525.214478
512.568909
521.621460
543.718201
554.232849
543.389526
522.767334
512.388245
524.950134
546.971924
554.499573
539.942200
519.326294
512.014709
528.183350
549.157043
553.696045
537.127869
517.983826
511.622467
526.329224
553.064758
565.759094
555.975281
532.799622
512.191711
514.205750
536.082458
553.232300
550.343323
529.843628
513.687561
516.817993
538.690247
553.714844
547.925232
526.864807
512.536316
519.815308
542.814087
555.047180
544.976440
523.146729
511.505981
522.928406
545.619019
554.834167
541.986694
521.012390
510.580383
520.660339
548.468384
566.914856
561.546570
538.949219
515.130615
510.849213
530.989075
551.184448
552.964355
534.287170
515.866455
514.117920
534.136047
552.333679
551.426392
531.832336
514.879944
516.266235
537.547852
553.226868
548.674133
528.181335
513.523438
518.513855
540.205994
553.511841
546.646118
526.424683
513.241272
516.912842
540.349731
561.247437
561.515076
543.495728
520.387939
510.028992
524.850586
546.395203
554.764648
541.208130
520.650208
511.968567
526.868042
548.552490
554.594116
538.472534
518.150269
512.759460
531.156006
551.289551
553.089417
533.856018
515.131104
514.287842
535.363098
553.219116
551.067200
530.445007
513.463562
512.979187
534.675049
559.915039
565.245728
549.272461
525.046692
509.341797
519.081482
541.805359
554.780334
546.240356
525.047302
512.151855
521.326538
543.545776
554.417969
543.160400
522.206909
512.190063
525.839111
548.067993
554.990112
539.459106
518.596375
511.871002
529.080078
550.169861
554.058105
536.354309
516.579285
512.929199
529.185730
552.283813
557.755432
543.413574
522.270142
508.485535
516.258179
538.293457
552.320068
548.675903
528.333374
513.474060
518.861328
542.116455
556.547791
548.703552
525.960571
511.442444
520.039551
543.464111
554.952026
544.355713
522.907227
511.476593
523.023926
545.575684
554.870422
541.917786
521.170349
512.387512
523.044128
548.053467
561.222290
552.782104
532.082520
513.221741
512.560791
532.313782
550.572388
552.698425
534.713867
516.482117
514.624023
534.560913
552.218872
550.786682
530.982666
514.398987
516.517517
537.773438
552.876343
548.164368
528.191589
513.917480
519.232239
540.983521
554.089233
546.151184
525.084534
512.041992
517.209412
541.820007
561.718811
560.196228
541.521484
519.098389
510.031586
525.345459
546.737244
554.874329
540.935608
520.357971
512.401306
528.353882
549.685608
554.403809
536.936340
516.730286
512.437805
531.573608
551.126160
552.227539
533.314697
515.359558
515.232788
536.404846
553.356689
550.026672
528.975403
512.685791
516.889648
538.863586
556.060547
550.297607
529.592529
510.577423
505.609619
523.189453
546.117554
554.546326
544.693542
523.520752
511.982788
523.227600
545.707764
554.718140
541.581665
520.778137
512.119324
526.615540
547.999817
554.153625
538.922241
519.086609
512.698059
529.735046
550.329651
553.624146
535.435730
515.964233
513.369202
530.718994
553.173889
557.250549
542.284668
521.617310
508.406921
516.846130
539.489502
553.688904
549.368958
528.186157
512.831360
518.739563
541.781921
554.887329
545.960999
524.365723
512.110352
521.812927
544.307617
554.472656
543.153625
522.330872
512.129395
524.688416
546.619446
554.297424
540.051392
519.689209
512.480713
528.430420
551.933472
555.361084
535.820007
511.065552
497.678711
507.862976
536.070251
554.779114
551.611572
532.652954
515.419373
516.115845
536.809509
553.460388
550.415466
529.524536
513.157776
516.077271
538.215210
553.867432
548.785217
527.499695
511.998291
518.897827
542.792664
555.538086
545.236633
523.026550
511.459351
523.184387
547.761414
557.128662
541.625244
516.432861
500.029053
504.796295
530.809937
552.658630
554.461975
538.465454
518.439758
512.864197
530.488525
550.586548
552.868347
534.790771
516.399780
514.163147
533.679504
551.929016
551.787659
532.373474
514.769287
515.124756
536.297974
552.963928
549.410645
528.746826
513.239441
518.051575
540.471741
556.298401
548.747742
526.492371
506.560516
502.431763
522.422424
546.966187
555.372742
544.253113
522.988464
511.815277
523.902161
546.235352
554.577393
540.899292
520.208252
511.811005
527.094482
548.879333
554.716064
538.089111
517.443115
511.918304
530.782471
551.529785
553.202148
533.626892
514.739441
513.950562
535.240662
556.197327
552.794922
529.041626
504.653473
496.044434
514.330750
543.561523
557.476196
548.900024
527.254395
512.688049
519.694519
542.370667
554.419250
544.986389
524.002625
512.242676
522.579468
544.965210
554.685547
542.603027
521.586182
511.953552
525.722961
547.624756
554.222778
539.054077
519.104370
512.888245
529.570618
549.784912
552.499756
537.944519
520.447388
511.047241
519.587280
541.078796
553.785400
549.422852
532.575928
514.843079
515.427246
536.771729
553.448792
550.000366
529.378967
513.266541
517.047363
539.420837
554.483276
548.153503
526.515625
511.926575
519.724670
543.046936
555.312683
544.951904
523.092407
511.333191
523.061523
545.921326
555.501770
543.391296
522.149170
507.019745
510.505768
533.650757
552.796204
553.358521
537.423767
516.830872
512.443420
531.776611
552.026794
553.226196
533.597229
514.719910
513.951355
535.409729
553.705444
551.348633
530.145142
513.216187
516.600647
539.459656
554.614258
548.278992
526.734497
512.365295
519.210327
542.220032
556.968079
548.062073
525.016357
505.266174
502.928802
524.747559
548.858582
555.215332
542.536804
521.412292
512.090576
525.932556
547.534546
554.020569
538.920898
518.676208
511.931335
528.764526
549.868225
553.833313
536.377014
517.020020
513.612488
532.876404
551.714478
551.828796
532.677429
515.191284
515.289734
536.176575
553.185059
549.742371
532.198547
516.034546
511.763550
527.243408
548.113525
554.972107
545.253906
526.456360
512.349670
520.179382
543.036377
555.069214
544.855164
522.992554
510.994049
522.781616
546.252197
555.843689
542.089539
520.042603
510.908264
526.471313
548.841675
554.771606
538.335571
517.762207
512.097046
530.497437
551.393555
553.823303
537.429565
517.583801
507.497406
518.163635
541.532227
554.377563
548.993774
530.943909
513.015015
515.689087
538.604919
554.842590
549.289368
527.239624
511.777557
518.536499
542.624451
556.094299
546.366638
523.478149
510.860077
521.906982
545.567200
555.610535
542.904480
521.174255
511.392273
525.315979
547.879517
554.832458
541.087952
521.182739
509.337158
515.686157
538.010254
553.145203
550.809143
535.190918
516.684326
513.847839
533.188843
551.929443
551.867676
532.263977
514.615601
515.250854
536.823059
553.596252
549.721863
528.656982
513.307495
518.112061
540.458008
554.115784
546.980957
525.968445
512.531494
520.314880
542.825745
554.396606
544.880676
525.963928
512.703857
514.487793
534.138000
551.325867
552.664307
539.816956
520.987915
512.282410
526.549377
547.942627
554.240662
538.735291
518.486755
512.315063
529.941101
550.480103
553.306580
535.125977
516.386475
514.149658
534.030823
552.292480
551.652832
531.853882
514.302429
515.465210
537.386047
553.970154
549.539734
530.800415
514.086365
510.402496
526.880188
547.534119
554.097534
544.513306
525.692749
512.038208
521.429321
544.412964
555.020264
543.001038
521.139404
511.017731
525.005737
547.902710
554.954895
539.394958
518.706360
512.095337
528.923889
549.692444
553.383606
535.943542
516.618042
513.206421
532.713135
552.039185
552.210999
535.051514
517.016907
509.624969
521.392395
542.649902
552.907227
546.922729
529.920410
513.539795
517.549255
539.884399
554.613831
547.992493
526.331360
512.276062
520.106995
543.007751
554.593811
544.304626
523.175659
511.991028
523.164795
545.311707
554.182617
541.358826
520.634827
511.892517
526.583984
548.351440
554.244263
538.258362
519.288757
511.922974
523.545776
547.303711
559.550720
552.741150
533.709106
514.501221
513.778076
533.647705
552.484375
551.804443
531.634888
514.002441
515.483765
537.587402
553.989319
549.521729
528.278564
512.601990
517.704102
540.503357
554.785156
547.135437
525.078979
511.276001
520.598999
544.524963
555.852417
543.932678
523.802429
511.925171
516.949890
538.751160
555.471069
554.339294
538.513123
518.196045
511.104309
527.807251
550.002563
554.568848
536.719727
516.471802
512.701721
532.283936
551.884460
552.110657
532.390442
514.390686
514.471313
535.998291
553.750244
550.861755
529.619446
512.919556
516.587769
539.456726
554.404907
547.714111
526.132935
511.921875
515.921814
540.093018
562.577515
563.928162
545.978943
521.823914
509.264557
522.948486
545.523926
554.503113
541.617126
520.872559
512.378601
526.736389
548.044739
553.918579
538.632812
518.890869
512.787231
529.663696
550.129578
553.436279
535.659241
516.362854
513.441650
533.341614
552.248047
551.944946
532.331787
515.102783
512.777832
531.476807
556.413940
564.180054
551.324341
527.896667
510.012085
517.095032
540.108948
554.917053
547.609375
525.693726
511.993744
520.607971
543.733215
554.934082
543.857361
522.130676
510.990540
523.574402
546.950623
555.680603
541.118225
519.247009
511.243988
527.692627
549.716187
554.319458
536.779968
517.657776
511.411682
524.908386
549.887634
561.745361
553.027710
531.899109
512.491516
514.148621
535.697937
553.520264
550.718994
529.737183
513.479370
516.806274
538.983948
553.910706
548.020386
526.982971
512.812622
519.556458
542.484863
554.926697
545.393982
523.680298
511.869263
522.641785
545.231201
554.451294
542.095703
521.596130
511.572693
520.781799
547.119507
565.202026
561.066895
540.112061
516.795288
510.830078
529.422119
549.742493
552.970581
535.700684
517.213867
514.056458
532.740051
551.282776
551.931274
533.165894
515.410522
515.040527
535.924316
553.251221
550.550476
529.826416
513.307678
516.789673
539.221375
554.126953
547.988586
526.703491
512.306885
515.547119
539.551575
562.282471
563.674255
545.035034
520.311646
508.322693
522.995117
545.931824
555.407410
542.098389
520.670227
511.654327
526.450439
548.468994
554.545593
538.295410
517.606689
511.853271
530.148804
551.150635
553.574829
534.729980
515.818115
514.111572
534.476318
552.605347
551.277039
531.070801
513.908813
512.707092
533.213257
558.959106
565.679443
550.481445
526.082581
509.702759
518.558228
541.230225
554.298584
546.115112
525.058655
512.505737
521.479919
543.824463
554.620667
543.719727
522.468628
511.686615
524.117310
546.651550
554.843506
540.938660
520.426331
512.564880
527.793213
548.617493
553.644165
537.526978
517.847656
510.686707
525.220032
553.119507
567.133911
557.708801
533.949280
512.316223
513.158264
534.848938
552.752441
550.936340
530.710876
513.872070
516.079529
538.110779
554.028809
548.787964
527.270386
512.102234
518.737244
542.333435
555.592163
546.076721
523.775269
511.298950
522.035583
545.471130
555.674316
542.847351
520.779663
510.936188
521.101257
547.337830
563.184326
556.030579
534.306763
513.463623
510.859406
530.713440
550.227173
552.997437
535.044250
516.311768
513.849854
533.571350
552.329346
551.772034
531.879028
514.443054
515.540771
537.143066
553.555786
549.469177
528.814758
513.560425
517.895447
539.842896
553.862488
547.248047
526.307495
512.486694
516.041931
539.862000
561.436829
561.655273
543.496704
520.667847
510.164124
524.461060
545.986023
554.450867
541.263489
520.550476
511.750458
526.406555
548.314880
554.430176
538.493958
518.181213
512.602234
530.446716
550.677002
552.902344
534.515503
515.796814
513.642273
533.862915
552.815735
552.135315
531.568237
513.450867
514.849426
535.601501
555.826294
553.976868
534.478271
513.871704
505.880920
520.811401
544.121033
554.620544
546.343079
524.486267
511.378998
521.004761
544.500854
555.467773
543.670227
521.913940
511.747284
524.982605
547.081177
554.070251
539.681580
519.880798
513.084412
529.044434
549.575500
553.462158
536.363525
517.090820
513.130188
528.307190
551.285278
557.815491
545.173950
525.570862
511.456940
516.736450
537.239868
551.563660
549.445740
530.283264
514.651672
517.448853
538.947083
553.738403
548.136475
527.417358
513.162537
519.450623
541.544922
553.852295
545.326965
524.822083
512.712891
522.421509
544.716370
554.751831
542.593018
521.204163
511.453583
521.424438
547.095093
562.205444
555.331421
534.730774
514.478882
511.366089
530.494751
550.085815
553.438049
535.435730
516.159485
513.591125
534.043335
553.210388
552.280273
531.597717
513.845886
515.208557
537.080078
553.399048
549.420105
528.868958
513.678772
518.233948
540.215576
553.699707
546.081726
524.911865
512.226074
521.167236
544.454773
556.381470
544.745911
522.159241
505.509705
506.007050
527.509399
548.866577
553.497070
540.935181
521.033386
512.684937
527.295410
548.357117
553.800598
537.812134
518.052246
512.418945
529.643433
549.644165
552.723389
535.429077
516.950317
514.188171
533.666748
551.951538
551.193604
531.318787
514.175232
516.001709
536.047607
554.943787
552.939819
534.618591
514.858154
506.254791
520.265259
543.610779
554.774658
546.740479
524.648071
511.313232
521.268860
544.975525
555.641907
543.145813
521.094727
511.214691
525.074890
547.897217
555.345337
540.285400
519.172363
511.840424
528.598694
549.995789
553.802002
535.953979
516.334351
513.059631
532.559021
554.798096
553.787659
531.268433
506.720520
496.381073
511.325714
540.197571
556.203674
550.253662
530.019653
514.106873
517.719055
539.726379
554.051819
547.594482
526.593262
512.712463
519.576416
541.933289
554.287537
545.554016
524.693542
512.512573
522.546570
544.761658
554.272156
541.871460
521.241638
512.362610
526.412048
550.194031
556.021301
538.229187
513.214783
498.254089
506.069946
533.622620
554.176758
553.601196
535.851624
516.609131
513.638611
533.355530
552.127747
551.692932
531.852295
514.230408
514.894775
536.491028
553.538330
550.145996
529.030884
512.809387
517.349365
540.385742
554.811218
547.224426
525.345032
511.788330
520.413086
543.827271
556.407959
545.268127
522.085571
504.041779
504.343323
527.669434
550.703735
554.859680
540.327881
519.218201
511.782379
528.072205
549.385498
553.584106
536.553162
517.258789
513.138916
531.682495
551.413452
552.731262
533.758423
515.416260
514.329773
534.975647
552.601990
550.507629
530.505371
514.403381
516.855713
538.089600
555.650940
549.745483
526.961487
505.329834
499.577881
519.187805
545.853699
556.015869
545.582581
524.488708
512.383545
522.166504
544.303284
554.006042
542.554199
522.094788
512.266968
525.055054
546.930725
554.361450
540.023926
519.668701
512.368042
528.389465
549.099609
553.311279
536.745483
517.904724
513.854126
532.139221
551.273254
551.759705
535.996094
518.923340
511.234375
522.457031
543.820312
554.032593
547.390442
529.950195
513.674011
516.908203
538.900269
553.861572
548.108765
527.236450
512.876404
519.522278
542.081055
554.556274
545.220459
523.700317
511.650208
522.422852
545.002930
554.470886
542.134766
521.528992
512.157959
525.699158
547.339355
554.280212
541.391235
521.659607
508.738708
514.213379
536.624207
552.796387
551.389404
535.694336
516.665100
513.682190
532.937012
551.285278
551.220032
532.090759
514.813660
515.462585
536.869507
553.495178
549.791077
528.774963
513.026123
517.652771
540.132751
554.139709
547.129578
526.203796
512.477051
520.143433
542.812988
556.190125
546.737427
524.569885
506.267639
505.514435
527.505737
549.740112
554.402344
541.139465
520.165710
511.587585
526.689636
548.398315
554.328064
538.265808
518.198608
512.855408
531.081848
551.161621
552.885071
533.832947
515.354126
514.283936
534.956665
552.646851
550.913574
531.007202
514.292847
516.338623
538.113098
553.798645
548.309143
529.813721
514.723755
512.955505
530.346680
550.141907
554.719666
543.427734
524.451416
511.692078
521.363525
544.217041
555.095642
543.628357
522.210876
511.823181
525.133606
547.493591
554.744873
539.644287
518.987610
512.078674
528.810913
549.706055
553.568298
536.281677
516.963684
513.287170
532.412659
551.709839
551.420288
534.546082
517.816223
512.019104
524.642212
545.434814
554.171265
546.648621
529.220886
513.232483
516.980103
539.447693
554.717407
548.520142
526.878967
512.165649
519.378662
542.455627
554.834167
544.964478
523.477356
511.892273
523.107971
545.711182
554.871033
541.783142
520.522156
511.425537
526.090576
548.327576
554.501892
540.175537
520.498840
509.497711
516.626953
538.550720
552.990051
550.453857
534.812866
516.229004
513.947693
533.838928
552.448547
551.896606
531.945862
514.372681
515.570129
537.330322
553.675537
549.297241
528.484924
513.365784
518.379272
540.750183
554.361267
546.630066
525.040894
511.516815
520.313660
543.603638
554.953247
544.307800
524.867737
512.263184
515.238281
535.292847
551.990540
552.524292
538.978149
519.929016
512.030396
527.543823
549.125488
554.277588
537.535767
517.454773
512.718872
531.408691
551.249084
552.535278
533.661072
515.557495
514.548584
535.045166
552.884705
551.060852
530.664856
513.844299
516.551758
538.867249
554.302307
547.884277
529.364807
515.304382
514.324341
531.027832
549.408203
553.489746
542.902832
524.551270
512.146362
521.954285
544.713257
554.892944
542.852722
521.724060
512.150757
525.756592
547.415649
554.035156
539.328552
519.470947
512.680725
528.820312
549.299683
553.374695
536.319031
517.007202
513.205566
532.468811
551.855530
552.319824
535.674011
517.729736
509.460968
520.214233
541.383484
552.723816
547.765259
530.695801
513.537109
517.140015
539.600586
554.489258
547.771057
526.244385
512.315491
520.113037
542.797607
554.499634
544.556824
523.589294
512.237244
523.316956
545.551514
554.789429
541.930908
520.890686
511.813354
526.563354
548.349182
554.299927
540.391418
521.161072
509.494751
515.359131
536.580261
551.775513
550.661987
535.424683
516.206238
513.656616
533.642578
552.207031
551.392822
531.434570
514.241760
515.774658
537.338318
553.410583
549.364014
528.773865
513.141968
517.648438
539.914246
554.036560
546.687195
525.363586
511.975983
520.993774
543.843384
554.640503
543.388123
524.475159
512.841187
516.638611
537.091248
553.737915
553.661316
538.941162
519.167664
512.000183
527.851990
549.104614
553.689209
536.699036
517.329773
513.300720
531.899353
551.091248
552.427368
533.954468
515.798828
514.515930
534.950439
552.686401
550.776672
530.466614
513.853699
516.767517
538.942627
554.113770
548.211670
529.852234
514.538208
511.451233
527.375427
547.094788
553.328003
543.511658
524.531616
511.776367
522.362549
545.235413
554.949219
542.454712
521.564148
512.111816
525.707092
547.228699
554.051331
539.320679
519.217590
512.276245
528.830139
549.703430
553.645569
535.993408
516.654724
513.486755
533.092407
552.044067
552.032837
535.422974
517.442627
508.777649
519.524597
541.341125
553.296265
547.845764
529.639404
512.367859
517.008789
540.304565
555.054077
547.596558
525.763550
512.056396
520.490417
543.349854
554.742126
544.075928
522.487854
511.325623
523.690430
546.748474
555.231323
540.885254
519.736023
511.865906
527.717346
549.184326
554.085815
537.570190
518.954102
511.955811
524.089966
548.591064
561.184204
553.347717
532.772766
513.130249
513.769775
534.470215
552.646973
550.961731
530.782898
514.062561
516.250061
538.011658
553.648743
548.506836
527.342102
512.274414
518.443359
541.653809
554.953247
546.061401
524.326965
511.795105
521.770142
544.654297
555.043945
543.282471
522.086609
510.817444
519.577515
546.937256
566.397949
562.358154
540.410400
516.079163
509.697174
528.454163
549.331177
553.293335
536.344116
517.394653
513.568176
532.118347
551.148926
552.142578
533.404358
515.416077
514.858826
535.800781
553.037842
550.168152
529.549500
513.344238
516.759277
538.811707
553.669678
547.850830
526.945312
512.027100
515.105774
540.136353
564.007996
565.594910
546.425598
521.042358
508.671143
523.068298
545.618713
554.418152
541.449585
520.936157
512.141907
526.409912
548.029724
554.344482
538.910706
518.781006
512.574219
529.692444
549.829956
552.679382
534.966736
516.459167
513.896851
533.285095
551.605530
551.403137
531.984436
514.378174
512.084595
532.201233
558.398499
565.931458
551.361023
527.020874
509.994873
517.926147
540.344910
554.096069
546.779419
525.659302
512.089355
520.335449
543.123108
554.936584
544.499878
522.826599
511.416473
523.646545
546.374695
554.846741
540.884949
520.101807
512.093750
527.510803
548.728577
553.952881
537.605957
517.842834
510.975342
526.017029
553.690735
566.686279
556.426392
532.916016
512.272400
513.691772
535.101624
552.600586
550.660706
530.586609
513.935974
516.112488
538.035706
554.053711
549.169922
527.953613
512.724304
518.824097
541.671143
554.744324
545.989563
524.526184
511.821106
521.667664
544.596558
555.355957
543.579102
522.028748
510.427734
519.726135
547.459473
566.313232
561.404968
539.438904
516.060974
510.594971
529.372803
549.964600
553.491821
535.934387
516.415771
512.701294
532.204712
551.940186
552.584595
532.858337
514.567444
514.768982
536.279419
553.320374
549.907227
529.167480
513.132202
516.970093
539.421875
554.382202
547.931458
526.298828
511.763000
515.429749
539.890381
561.935913
562.085876
543.445068
520.056030
509.210297
523.748840
546.115417
555.337036
541.947510
520.392639
511.084747
526.001038
548.420349
554.585266
538.236572
517.593079
511.942078
530.071167
550.608032
553.097717
534.762756
515.850098
513.529236
533.678284
552.578918
551.875305
531.553528
513.813232
512.382080
533.342224
559.037170
565.221558
550.079529
526.166260
509.671539
517.931213
540.816528
554.924866
547.126343
525.054260
511.050690
520.125732
543.895325
555.463867
543.971375
522.049377
511.511597
524.695557
547.376038
555.169983
540.704895
519.774170
511.889069
527.854431
549.455261
554.428833
537.328003
517.164856
512.604248
528.021301
551.715881
558.618530
545.538391
524.927856
509.968811
515.613098
537.653015
553.404785
550.996277
530.090393
513.234192
516.350281
539.129089
554.645447
548.308289
526.345581
511.944031
519.390747
542.493042
554.918213
545.570801
524.089355
511.912537
522.517700
545.288086
554.899658
542.070984
520.724915
511.597778
522.084717
547.341553
561.437683
554.202026
534.347351
514.968628
512.239014
531.090698
550.119263
553.232178
535.519470
516.563721
513.752991
533.501831
552.157959
551.550964
531.721924
514.485474
515.546143
536.767700
552.993896
549.441101
529.203918
513.610718
517.642944
539.752808
554.006592
547.085205
525.911133
512.299561
516.584778
540.567932
561.118164
560.637512
542.597168
520.027771
509.586884
524.177124
546.204590
554.988159
541.176147
519.929199
511.535370
527.296021
549.125366
554.317139
537.509155
517.616516
512.859619
531.255798
551.184875
553.162170
534.586548
515.747925
513.839111
534.259277
552.556641
550.974731
530.439270
513.566223
516.302490
537.014832
555.230713
552.003357
533.015259
513.403564
505.780151
520.931213
544.266724
554.775085
546.195923
524.304443
511.388000
521.669495
545.087891
555.438477
542.999878
521.377686
511.383179
525.111572
547.656189
555.158081
540.139465
518.925110
511.518555
528.565735
550.209229
554.043640
535.756653
515.924561
512.953857
529.743408
552.752563
558.005920
544.070557
523.447083
508.980316
515.595093
538.138367
553.656372
550.530762
529.357605
512.935852
517.137207
540.077271
554.602661
547.326599
525.635803
511.992950
520.260986
543.224304
555.048279
544.822327
523.206299
511.647308
523.310730
546.117310
554.809875
540.938538
519.816895
511.664886
527.260071
551.472412
555.894043
536.461731
510.849396
496.726959
506.581604
535.445129
555.777527
553.928223
534.893677
515.458801
513.411865
534.192261
552.721802
551.283691
530.960815
514.012207
516.090820
538.086182
554.143433
549.269714
527.667297
512.067078
517.888550
541.390015
555.258545
546.726013
524.672241
511.719025
521.514587
545.415588
556.819885
544.204224
520.526306
502.963318
504.434998
528.566650
551.430115
555.272095
540.389709
519.136292
511.699463
528.417847
549.832642
554.022583
536.597534
517.072144
512.987305
531.749634
551.182495
552.309387
533.262085
514.956360
514.449036
535.855286
553.422791
550.500366
529.494812
513.112915
516.682434
539.089783
556.269104
549.230469
525.938416
504.604980
499.663208
520.296936
546.985229
556.892822
545.692627
523.444763
511.245270
522.514526
545.611877
555.054810
542.125183
521.090942
511.853241
526.150146
548.045593
554.444946
538.744385
518.170410
512.033386
529.777649
550.589844
553.460144
535.019897
515.886841
513.395508
533.477051
555.320923
553.564453
530.611755
505.389709
495.048981
511.793762
541.684753
557.269531
549.749146
528.035034
512.217590
517.638916
540.956848
554.977539
547.061707
525.282166
511.746857
520.540955
543.671753
555.077454
543.996216
522.153320
511.218842
524.147095
547.292419
555.440857
540.805359
519.564331
511.609192
527.567932
551.832520
556.168274
536.353271
509.860992
495.188446
505.879181
535.816956
556.263428
553.672791
533.936340
514.698242
513.700134
535.219177
553.488037
551.429260
530.649902
513.523010
515.925964
538.300110
554.263672
548.763062
526.945068
511.746033
518.323792
541.946350
555.256592
546.099976
524.045227
511.347107
521.539673
544.498169
555.747314
544.652222
523.011841
506.743988
508.356323
531.129272
551.875916
554.178955
539.068665
517.922607
511.497284
529.072327
550.396545
553.994446
536.049683
516.591370
513.346863
533.032959
552.260620
552.018494
531.732727
513.721008
514.967957
537.407349
554.405823
550.179077
528.611694
512.643250
517.051392
539.821411
554.384888
547.270386
528.368347
513.330872
512.352173
531.159302
551.246338
554.805359
541.771240
521.790344
510.709961
523.422974
546.882996
555.500122
541.586670
520.272644
511.645691
526.861511
548.893799
554.249207
537.202332
516.889954
512.511902
531.757019
552.192444
553.353455
533.622070
514.680298
513.569641
534.640503
553.049622
550.799072
533.525696
517.298401
512.378052
526.288940
547.008545
554.442932
545.539734
527.737061
513.188660
518.888550
541.051208
553.966370
546.101379
525.078918
512.081360
520.989136
543.950623
555.343689
544.350098
522.683533
511.716278
524.470764
547.118042
554.935608
540.355530
519.365662
511.462677
527.525085
549.370178
554.264465
539.564880
519.754517
508.354767
516.546997
539.848145
554.457947
550.551514
533.008667
514.356812
514.504883
536.423767
553.942322
550.488281
529.020264
512.649048
516.928528
540.263245
555.099915
547.620605
525.279114
511.609558
520.241333
543.566528
554.728638
543.997559
522.780701
512.237305
523.944946
546.354553
554.851624
542.549438
522.949402
510.403046
514.549622
536.122559
552.825989
552.255554
537.538025
518.590027
512.881165
529.853149
549.764221
552.793579
535.440125
516.773987
513.733276
533.345398
552.445068
552.392090
532.432007
514.311951
514.638672
536.177917
553.188354
549.879333
529.173584
513.264465
517.544312
540.407715
555.239563
548.029480
527.982727
511.807983
510.732239
530.368958
551.309204
555.452271
542.495605
522.177917
510.884888
523.704346
546.945679
555.278992
540.572327
518.806519
510.915558
527.738831
550.304321
554.961365
536.830750
516.222107
512.280396
531.903320
551.977356
552.706482
533.350464
515.307495
514.833862
535.693481
553.207764
550.677979
532.793457
515.587891
510.023651
524.149109
545.649658
554.180847
545.964233
527.757568
512.472473
518.837280
541.544617
554.683044
546.221252
524.669128
511.860565
521.783875
544.902832
555.167969
542.709717
520.955566
511.226837
525.413269
547.982422
554.868896
539.477173
518.550842
511.541260
528.555176
549.939636
553.539734
537.660645
517.787354
507.613708
517.423279
540.990356
554.469543
549.549072
531.874878
513.703308
515.017212
537.317932
554.272644
550.205261
528.770630
512.957275
517.719727
540.737488
554.869812
547.097717
525.309570
512.103943
520.610291
543.343384
554.608643
544.351257
523.141052
511.769958
523.146973
545.833862
555.026245
541.686340
521.813904
511.326630
519.579529
543.801758
559.311707
554.796570
536.128052
515.661987
511.610474
530.313354
551.429504
553.917603
534.741699
515.248047
513.584900
534.880371
553.389160
551.146912
529.866089
513.097168
516.416504
539.214417
554.462524
548.400269
526.817261
512.429077
519.048584
542.051392
554.857727
545.603760
526.056152
512.747437
514.639771
534.646484
552.707764
553.994812
540.503662
521.437988
512.020569
525.356750
547.227112
554.511597
539.866516
519.166809
511.991516
528.790955
550.150269
553.904846
535.828857
516.122192
512.863892
532.873474
552.529968
552.786255
532.788391
514.398926
514.425049
536.279297
553.824707
550.181152
531.214600
514.219421
510.361969
526.585327
547.810120
554.478333
544.516113
525.878967
511.904602
520.116638
543.011353
554.673035
544.413574
522.875610
511.489868
523.188538
546.148560
555.141296
541.664551
520.322144
511.389374
526.103210
548.195007
554.643005
538.900391
518.191467
511.712341
529.624939
551.111633
554.198792
535.073486
515.459656
511.030029
528.856384
555.556274
565.006775
552.424866
529.274658
510.896057
515.599731
538.188416
554.488586
549.106750
527.124146
511.914062
518.375244
542.007812
555.150757
545.894775
523.992615
511.903473
521.977661
544.650146
554.572021
542.893433
521.942688
512.095581
525.025391
547.065918
554.308655
539.768494
520.799561
512.314453
521.748413
544.880615
558.247925
553.024475
535.371460
516.131958
512.952820
531.393372
551.279297
552.879761
533.598083
514.574341
513.754822
535.598083
553.979736
551.222168
529.617676
512.747986
516.483215
539.838989
555.299377
548.590515
526.231140
511.603760
519.272156
543.071472
555.492981
545.221008
523.245117
511.161987
518.929382
545.290710
564.917480
562.085388
542.158203
518.916931
509.950775
526.155518
547.700745
554.191528
539.053833
518.900024
512.517090
529.466370
549.960388
553.179565
535.466492
516.696655
513.824951
533.118408
551.601929
551.633545
532.308472
514.744873
515.220459
536.757996
553.568726
549.706360
528.398071
512.188538
513.684998
536.936340
561.304016
565.098755
548.443726
524.042053
509.109802
520.321411
543.514893
555.223450
544.374390
522.590332
511.680267
524.243042
546.692444
554.242676
539.853149
519.512695
512.351929
528.149780
549.230103
553.953613
537.342957
517.716492
513.107361
531.671875
551.486877
552.745789
533.470032
515.054077
512.023071
530.292542
555.990479
564.863159
552.773315
529.941895
511.237061
515.624756
537.656860
553.717590
548.942566
527.653198
512.524109
518.917542
542.092407
555.020874
545.741821
523.774780
511.378326
522.064331
545.457581
555.769531
543.073547
520.944458
511.045288
525.630615
548.558105
554.858582
538.320068
517.381470
510.319794
524.771423
552.411194
566.408264
557.611023
535.119019
513.581177
512.198914
533.109314
552.109009
551.868286
532.114929
514.694214
515.619324
536.992493
553.360596
549.454834
528.924927
513.623901
517.835571
539.962219
554.293945
547.497314
526.062805
512.055359
520.033752
543.314026
555.199341
544.496155
522.511780
511.253235
519.157593
544.448120
562.450989
558.703308
538.831787
516.445007
509.611877
527.954102
549.893188
555.359985
537.745667
516.670410
511.905090
531.218262
551.872925
553.112244
533.498169
514.828491
514.014832
535.164307
553.348328
551.319031
530.536743
513.657043
516.501953
539.091003
554.459778
548.358521
526.681213
512.540100
516.002808
538.892517
560.381775
561.482727
544.523071
521.838806
509.512268
522.364014
544.930969
555.235168
543.281799
521.699707
511.532379
524.653198
546.817078
554.029785
539.579163
519.447632
512.445801
528.551941
549.535889
553.802673
536.527649
516.835999
512.961182
532.261658
551.739197
552.213928
532.754211
514.920715
512.460632
531.129028
556.707764
565.155701
552.511597
529.075378
510.617004
516.435547
539.313782
554.703735
548.474854
526.622498
512.299988
519.751648
542.789795
554.794312
544.909851
523.366455
511.624084
522.574036
545.394592
554.945007
542.162109
520.864258
511.642609
526.241211
548.380371
554.606506
538.815430
518.584839
512.541077
525.644165
549.667480
560.179382
550.529663
529.942200
511.736023
513.268494
534.594788
552.187195
551.776978
531.701111
514.160645
515.333496
537.077759
553.617126
549.715454
528.811401
513.097351
517.629517
540.282837
554.648315
547.178162
525.234619
511.499268
520.526855
544.062927
555.282715
543.833435
522.079529
511.258179
519.356445
544.522156
562.375793
558.771118
539.035889
516.718689
510.139099
528.206421
549.394897
554.599609
537.651733
517.670044
513.006592
531.417847
551.271973
553.000671
534.309204
515.538818
513.641357
534.114563
552.630493
551.470703
531.051147
513.744995
516.070435
538.431335
554.207397
548.731384
527.392517
512.638000
518.786316
541.034546
556.261719
548.643005
526.881836
507.530457
504.308990
524.781555
548.442017
555.155640
542.867981
521.297546
511.559418
525.305359
547.693237
554.706299
539.499390
518.587830
511.583435
528.685364
550.441589
554.422729
536.156616
516.123596
512.946045
533.002075
552.541565
552.377075
532.392639
514.438232
514.785645
533.660522
554.396729
555.468140
538.277222
517.122009
506.336792
518.961487
542.812683
554.631042
547.153687
525.349060
511.929199
520.272888
543.256226
554.825867
544.646484
523.193726
511.687592
523.129822
546.012817
555.057007
541.474976
520.133667
511.559692
526.742737
548.484131
554.031250
538.062439
518.306091
512.837891
530.318848
553.455017
554.999084
533.257080
507.118011
494.846558
509.060608
539.279602
556.710571
551.288269
531.004456
513.956909
515.844849
537.746338
553.817627
549.231201
527.985474
512.556824
518.050110
541.389038
555.321472
546.848206
524.734253
511.674011
521.229248
544.322388
555.041870
543.600464
522.097900
511.364990
523.859192
548.295166
556.925293
540.651123
514.635254
497.960297
504.520905
532.260254
553.742371
554.048157
537.086914
517.400879
512.946899
531.509644
551.250427
552.734924
533.700562
515.030762
513.921875
535.058044
553.093994
550.789429
529.842712
513.207397
516.433350
538.843567
554.125488
548.448792
527.425049
512.872803
519.125916
541.457336
556.118042
547.622375
525.252258
506.358032
504.562042
525.876953
548.963806
554.905945
542.512817
521.339905
511.460541
524.898621
547.020203
554.534668
540.017822
519.576843
512.520508
529.265442
550.096985
553.489075
535.327148
515.966248
513.077271
532.974609
552.380737
552.775330
533.223999
514.936218
514.593750
535.778503
556.152283
552.155457
528.125671
504.158508
497.301086
517.062561
545.163025
556.873596
547.300781
525.910522
512.061157
519.849976
542.628357
554.736572
544.914490
523.368774
511.573090
523.186584
546.027100
554.924194
541.439209
520.717163
512.441406
527.381958
548.457397
553.658508
537.494141
517.681519
512.455811
530.657959
551.130371
552.786682
536.601440
518.921204
511.551056
522.567261
543.489441
553.412170
547.121277
530.557983
514.349854
516.698059
538.442810
554.178650
549.067932
527.579163
512.267639
518.318420
541.485046
554.703003
545.702271
523.942078
511.739258
522.126587
545.055420
555.056458
542.726624
521.096130
511.189697
525.118408
548.103149
555.840515
541.969666
521.136963
508.277985
513.850037
536.209167
552.391296
551.251160
535.954590
516.696411
513.239685
532.742859
552.438232
552.835022
532.788940
514.243103
514.272888
536.212036
553.890808
550.793335
529.845337
513.651855
517.271484
539.471619
554.165344
547.661682
526.122498
511.839233
519.501282
543.119995
557.420166
547.266724
523.787109
505.268311
504.708252
526.564331
549.073853
554.420044
541.922974
521.169006
512.128662
526.486816
548.306274
554.428040
538.398804
517.876770
512.159912
530.144287
550.702087
553.221802
535.027832
516.467590
514.111938
533.618652
551.701050
551.013489
531.487000
514.373413
515.731934
537.558960
554.052551
549.083984
530.846680
515.995300
513.739563
529.577881
548.564819
553.590332
543.596375
525.516785
512.534912
521.406982
544.210571
554.902344
543.193054
521.368286
511.005615
524.191101
546.860596
554.535156
540.315491
520.005005
512.515686
527.941711
548.820862
553.692871
537.297241
517.785889
513.145752
531.494019
551.064270
551.464722
535.394409
519.111145
512.968140
524.129883
544.107788
553.401978
547.277832
530.639099
514.130310
516.508301
538.422424
553.910583
548.425293
527.219238
512.607971
519.002502
541.529846
554.231201
545.791565
524.996399
512.551086
521.743286
543.875549
554.439636
543.237366
522.309509
512.017029
525.325684
547.532837
554.639465
541.184265
521.509583
509.500000
514.703552
535.856201
551.610046
551.213379
536.794861
517.611572
513.482666
532.205688
551.299316
552.058838
532.912415
515.064209
515.117859
536.236816
553.375610
550.513245
529.837891
513.221375
516.488159
539.111694
554.708862
548.533936
526.643982
511.950165
520.076355
543.855835
555.839966
545.126465
524.789124
511.134430
513.330933
533.877319
552.471985
554.490295
540.536072
519.912781
510.881592
526.740356
549.421570
554.956238
537.548828
516.909912
512.415283
531.643250
551.939270
553.178467
533.731140
514.867432
513.544434
534.671143
553.384644
551.895813
531.128540
513.759277
516.149475
538.577148
554.246277
548.497070
529.735474
514.262512
511.129272
526.975281
547.213501
553.965149
544.465820
525.321411
511.463593
521.128723
544.445679
555.038574
542.857300
521.265503
511.533936
525.328308
547.910889
555.302063
540.515808
519.457947
511.623749
527.728821
549.233521
553.944946
536.888184
517.251953
513.313660
532.422913
551.718079
552.043823
535.432434
517.424133
508.805725
519.031067
540.788269
553.204590
548.480713
530.709351
512.784241
516.136536
539.249146
554.828552
548.347961
526.340576
511.847961
519.379517
542.596313
554.953430
545.201599
523.447876
511.492889
522.740784
546.026062
555.506836
542.136414
520.471985
511.434204
526.177246
548.106934
554.252563
540.737549
521.939514
510.104004
514.947388
535.934814
551.760864
551.246582
536.205078
516.795654
513.648560
533.376953
552.253418
551.744263
531.755127
514.278015
515.254700
536.941772
553.797363
550.135864
529.065857
512.904541
517.163940
539.946106
554.426208
547.181946
525.502930
512.012634
520.690552
543.684692
554.866699
543.971252
524.843201
512.570068
515.588684
536.277527
553.979736
554.558350
539.740112
519.572083
511.671814
527.219116
548.939331
553.961060
537.173218
517.355957
512.653625
531.078064
551.119568
553.019897
534.182312
515.270447
513.792114
534.818237
553.383789
551.612305
530.701416
513.475098
515.950867
538.308777
554.104919
548.935242
530.712463
514.582642
510.268036
525.748718
546.526855
553.859802
544.241943
524.890076
511.518890
521.926086
545.512939
555.718140
542.965332
520.998718
511.057770
524.951050
547.751465
555.303101
540.107239
518.817017
511.436462
528.411682
549.962463
553.866272
535.948853
516.238281
512.722839
532.312378
551.926941
552.726868
533.464600
515.467407
511.964539
530.100891
555.982605
564.854736
551.839172
528.164917
510.381897
517.038879
539.742981
554.667114
548.010925
526.274292
511.904358
519.351257
542.548645
555.193115
545.470032
523.518127
511.461731
522.884521
546.027222
555.192261
541.669922
520.258179
511.501099
526.379700
548.326050
554.295532
538.307800
518.999878
510.943817
522.582581
547.891174
561.581970
554.089539
533.194946
513.249939
513.111267
533.690979
552.653809
551.824890
531.673828
514.234070
515.626099
537.687622
554.512817
550.158203
528.242371
512.003662
517.323120
540.988831
555.243652
546.835205
524.461426
511.163879
520.780701
544.517151
555.860962
544.237244
524.013062
511.274384
515.606445
538.189209
556.283691
555.364502
538.852173
518.314453
511.452515
527.947449
549.638672
554.089966
536.846436
516.811951
512.318726
531.420776
552.008850
553.588623
533.852051
514.608643
513.642395
535.266296
553.546997
551.048767
529.993286
513.218872
516.387451
538.948669
554.424561
548.583862
526.824951
511.295105
514.306030
539.708618
564.467773
566.413330
547.005920
521.286743
508.330505
522.418274
545.702393
555.348328
542.494934
521.100342
511.707886
526.045105
548.598328
555.235229
539.160522
517.963989
511.514374
529.493530
551.078674
554.392456
535.889099
516.100037
512.987061
532.949707
552.386414
552.338196
532.073181
513.913330
512.017029
532.772339
559.395569
566.494629
551.232971
526.583008
509.544830
517.638245
540.726501
554.891724
547.294373
525.318970
511.549194
520.329590
544.153076
555.958984
544.687561
522.224792
510.926849
523.696167
547.020935
555.408997
541.078186
519.706543
511.471283
527.154175
549.131653
554.475769
537.540955
517.064148
510.272583
525.966003
554.363647
567.451599
556.753296
532.914429
512.180420
513.536011
535.414185
553.222107
550.903381
530.096741
513.206604
516.054443
538.819153
554.665405
548.737061
526.611023
511.925079
519.003052
542.408630
555.194214
545.895874
524.046204
511.520386
521.709167
545.099060
555.696472
543.460449
521.335510
509.830811
519.846252
548.458984
567.589722
562.255737
539.473816
515.395386
509.647980
528.943481
550.422546
554.190247
536.088135
516.046509
512.565063
532.771912
552.822998
552.915039
532.349548
513.823975
514.543335
536.820740
554.217407
550.552002
529.125061
512.869141
517.173401
540.257385
555.168152
547.981628
525.666931
511.499786
516.062195
540.701660
561.840759
561.065430
542.175598
519.284119
509.233246
524.479675
547.065247
555.896362
541.707642
519.710327
511.002075
526.851929
549.442627
554.894897
537.674561
517.048279
512.225220
531.052002
551.540039
553.376831
534.264526
515.126526
513.533020
534.654053
553.567322
551.957275
530.780396
513.135803
512.643005
534.328186
559.628540
564.732666
548.736145
524.837646
509.135345
518.460938
541.773071
555.253052
546.218872
523.682556
510.571716
521.072998
545.266479
556.140564
543.625305
521.403320
511.362457
525.227783
548.024170
555.149780
539.741150
518.576965
511.523682
528.787842
550.879272
554.892456
536.336792
515.778625
512.369263
529.151794
553.007935
558.996277
544.785583
523.578491
508.857391
515.373413
538.239807
554.010254
550.726257
528.827637
511.995270
516.423767
540.388794
555.886597
548.395630
525.510376
511.131897
519.518555
543.459961
555.650269
545.092163
522.727905
510.998596
523.184509
547.070312
556.156555
541.632935
519.376831
510.974091
522.788452
548.374207
561.695251
553.406494
532.940979
513.818542
512.217529
532.141357
551.339478
553.461365
534.505005
515.269409
513.501404
534.449768
553.165100
551.603088
530.958008
513.790833
515.861816
538.049988
554.349243
549.678223
528.153076
512.583740
518.116821
541.473206
555.302429
546.671814
524.324951
511.289581
521.188049
545.326355
557.049683
544.251892
520.116211
502.520844
504.184143
528.336792
551.380493
555.247375
540.166138
518.789185
511.658386
528.712402
550.447754
554.320801
536.339111
516.374939
512.601746
532.041809
551.947693
552.857910
533.220703
514.623779
514.230164
535.881592
553.817993
550.942139
529.546936
513.015991
516.827332
538.198975
556.005005
551.859192
532.233093
512.457886
505.522186
521.999390
545.865356
555.539185
545.539734
523.151611
511.096954
522.704956
546.216980
555.367126
541.674500
520.098572
511.304749
526.185486
548.439758
554.732178
538.667664
517.970337
511.972717
529.987610
550.922302
553.445190
534.675842
515.509827
513.275146
533.557251
555.403259
553.496277
530.369995
505.348145
495.277039
511.827911
541.618286
557.261719
549.919189
528.377075
512.587463
517.948364
541.262817
555.231873
547.191467
525.196045
511.750977
520.712158
544.188416
555.686890
544.300354
522.001770
510.968475
524.176941
547.701904
555.672546
540.380615
518.732971
511.226013
527.837524
552.322205
556.401123
536.220825
509.885864
495.816010
506.712006
536.178345
555.861267
552.735046
533.217041
514.810242
514.538879
536.005371
553.775940
551.207458
530.316833
513.495056
516.286133
538.892334
554.869751
549.160400
527.075134
511.835693
518.632812
542.335266
555.394836
545.760742
523.567871
511.351257
522.309875
546.735962
557.700745
543.875427
518.791443
501.008820
504.183624
530.000305
552.952087
555.247498
538.973206
517.956299
512.012756
529.808105
550.716919
553.567017
535.238037
515.848938
513.047852
533.080566
552.630127
552.531677
532.361755
514.277832
514.966858
536.796021
553.515503
549.377991
528.154480
512.620544
517.570618
540.546814
557.357910
549.365295
524.860474
503.045227
499.198303
521.310669
548.162415
556.672180
544.153870
522.113159
511.393890
524.026794
546.978027
555.172791
540.966187
519.603149
511.317139
527.116821
549.561890
555.093384
538.055664
517.321899
512.323181
531.043579
551.357178
552.834656
533.844788
515.468323
514.202454
534.728760
556.013245
552.982910
528.760925
503.456879
494.600006
513.220154
543.530579
557.903381
549.253967
527.496399
512.538574
518.518372
541.234253
554.363831
546.008301
524.533325
511.868103
521.624878
544.906555
555.399841
543.128662
521.079651
511.006866
524.769897
547.467346
554.705872
539.844727
519.197266
512.170898
528.754700
550.023682
553.809265
538.451233
519.039856
508.949219
518.154907
541.198608
554.568787
549.807861
532.420227
514.240723
514.518982
535.962280
553.049866
549.965576
529.181396
513.177246
517.213501
540.042419
554.653687
547.326660
525.273743
511.556335
520.038330
543.513550
555.266785
544.793457
523.141113
511.748260
523.189392
546.053284
556.080688
543.701294
521.638916
506.074249
509.406433
532.757141
552.340759
553.287476
537.796570
517.224487
511.824799
530.075378
550.939453
553.737488
535.266357
515.864258
513.389648
533.772339
552.537842
551.379028
530.778748
513.556458
515.731689
538.130005
554.423950
549.622009
528.055725
512.373474
517.637817
540.846558
555.049255
547.215637
527.793335
513.295532
513.557556
532.583557
551.254456
553.761719
541.115845
521.974609
511.342987
523.776306
546.385681
555.026123
541.272278
520.264832
511.989807
527.601013
548.980042
553.476929
536.230957
516.754761
513.228699
532.366943
551.877930
552.662720
533.348633
515.010803
514.240784
535.075134
552.716797
549.638977
531.815918
516.041687
512.862488
528.249634
548.363525
554.301270
544.314575
526.146729
512.250732
519.544373
542.594543
555.292175
545.901917
523.813843
511.135284
521.731567
545.095398
555.030151
542.206177
520.790283
511.632111
526.062256
548.441284
555.063904
539.184937
518.012024
511.318359
529.009399
550.915100
554.341370
538.104309
518.622803
509.487061
519.707825
542.282593
554.523438
549.195923
531.972290
514.260132
515.267700
537.310120
554.434570
550.264221
528.432068
512.284424
517.161499
540.495483
554.922607
547.211609
525.352356
512.113831
520.875244
543.839905
555.215759
544.405090
522.511658
511.279907
523.575989
546.861938
555.539551
542.432251
522.079041
509.842346
515.115356
536.804077
552.678406
551.494507
536.428040
517.393250
512.699890
531.245972
551.561951
553.296570
534.103394
515.165710
513.979004
535.066284
553.168274
551.027466
530.503479
513.992126
516.536987
538.357178
553.635132
548.139954
526.786133
512.268066
519.065796
542.605530
555.604980
546.002625
526.027527
512.622437
514.353577
533.793457
551.519592
553.199585
540.334961
521.600220
512.168701
525.767090
547.899170
554.725586
539.195129
518.209534
511.644836
528.978760
550.324097
553.997986
536.207520
516.717468
513.116943
532.271973
551.609924
552.205505
532.755249
514.716431
514.966675
536.701538
553.956055
550.296692
531.711914
514.912048
510.212921
524.789185
545.399475
553.374634
545.254211
527.008911
512.235901
519.974487
543.136719
555.237305
544.960205
523.160706
511.683685
523.340942
545.986816
554.600037
541.270264
520.506592
511.921570
526.535095
548.285156
554.288513
538.243225
517.898987
512.196960
530.164551
550.717407
553.160156
537.177734
518.549805
509.336243
518.470703
539.740417
552.358521
548.608582
532.214600
514.288208
515.591003
537.440552
554.017395
549.683044
528.327393
512.853516
518.307129
540.963196
554.373657
546.278259
525.051025
512.229492
521.205994
543.837708
554.605591
543.332092
521.931885
511.685852
524.975830
547.500610
554.890259
540.000000
520.745056
512.185547
521.338379
544.059753
557.575439
552.587158
534.758240
515.432617
512.901306
531.943726
551.597229
552.520813
533.335571
515.411621
515.106506
535.793762
552.805054
550.101929
529.835083
513.604370
516.618530
538.830505
554.224060
548.264771
526.521851
511.983459
519.529541
542.978027
555.277771
545.011658
525.443237
512.742554
515.117493
534.937500
552.670898
554.045410
540.344055
520.633972
511.758636
526.475403
548.704041
554.604553
538.226746
518.035828
512.708435
530.508972
550.719666
553.088013
534.946533
515.989868
513.355408
533.143188
552.070557
551.785278
531.731567
514.117432
515.369873
537.449097
554.149597
549.854309
528.643188
512.848083
514.186951
536.754333
561.060059
565.305176
548.601929
523.803528
508.948303
520.752136
544.186584
555.424377
543.973022
522.157593
511.487061
524.106018
546.699463
554.890076
540.780701
519.789734
511.726837
527.393799
549.165466
554.186829
537.139709
517.037903
512.639465
531.515747
551.298462
552.610596
533.887817
516.249695
512.474854
528.911560
553.708862
563.060913
551.773743
529.513428
511.388092
516.440491
538.674988
554.210144
548.455139
527.012634
512.475342
518.966309
541.749695
554.660950
545.846375
524.140991
511.309235
521.282837
544.750061
555.445374
543.245667
521.435242
511.581512
525.442871
547.883667
554.780029
539.528442
518.885010
510.487488
523.004517
550.851074
567.149170
559.979431
536.812683
513.666016
511.336792
532.409607
551.964600
552.271545
532.698792
514.910339
514.930908
535.906311
552.967712
550.135803
529.532654
513.126465
516.644165
539.484558
554.818298
548.290100
526.343933
511.965698
519.531738
542.781799
555.095581
545.261230
523.687927
511.091339
517.878235
544.473267
565.818970
564.161377
543.219788
518.134399
509.010529
526.216309
548.214905
554.052246
538.092957
518.185120
512.584351
529.948120
550.193420
553.003296
535.012878
516.144409
513.741577
533.834229
552.608154
551.884033
531.751404
514.526733
515.980896
537.544678
553.607483
549.502686
528.787231
513.060852
514.169922
536.871643
561.393494
565.617554
548.539795
523.561340
508.954468
520.794006
543.822266
554.993225
544.120544
522.832642
511.910034
523.960815
546.376465
554.979126
541.249878
520.101318
511.458954
526.855164
548.697876
554.169006
537.636414
517.830750
513.024597
531.190918
550.871521
552.725891
534.150940
515.533875
511.412689
529.520630
556.802490
567.167786
554.418945
529.856262
510.612701
515.797913
538.254333
553.643799
548.138367
527.104004
512.534790
518.836182
541.637512
554.848267
546.010376
524.086792
511.278503
521.731140
545.304626
555.621826
542.992371
521.295593
511.565125
525.352478
547.561584
554.630615
539.474121
518.748108
510.267456
523.330200
551.812378
568.001770
559.935852
536.235901
513.491821
511.897522
532.956360
552.216614
552.236572
532.570557
514.723633
514.919617
536.353027
553.764709
550.550903
529.344788
512.860535
516.966370
539.919983
554.688293
547.613098
525.928223
512.230652
520.130676
542.918579
554.739807
544.676880
523.110657
511.411560
518.475586
543.943970
562.953796
559.652588
539.531799
517.105652
510.136871
527.474121
548.453979
554.227356
538.159851
517.938293
512.220764
530.142578
551.033813
553.611816
534.775330
515.471619
513.749268
534.581665
553.197327
551.559753
531.110840
514.262695
516.448975
538.253601
554.030518
549.040344
527.733582
512.616455
514.797913
537.795044
560.875793
562.778931
545.201538
521.919861
509.488007
521.950684
544.102783
554.630066
543.682800
522.775818
512.196228
524.358337
546.653076
554.842957
540.758057
519.765686
511.703674
527.545837
549.380676
554.531982
537.807373
517.667725
512.344910
530.520630
550.873962
553.237305
534.438110
515.492615
511.652313
530.443359
557.620422
566.711670
552.897522
528.464417
510.148315
516.137634
538.919739
554.513550
548.919495
527.554626
512.844299
519.370667
542.199890
554.769287
545.356079
523.800537
512.063049
522.985474
545.576050
554.842346
542.490112
521.826416
512.372437
525.465820
546.917175
553.964294
539.498413
519.526550
512.577820
524.854614
549.073792
559.964233
550.331299
530.023376
512.428406
513.533325
533.886536
551.585449
552.505676
533.394226
515.069153
514.581604
536.133301
553.993469
551.020691
529.534485
512.713257
516.691406
539.604736
554.655762
547.970825
526.305786
512.123657
519.951843
543.159912
555.245728
544.798767
522.813660
511.291931
519.311890
544.948364
562.554626
557.783875
537.730469
516.653320
510.919373
528.416016
548.774902
553.987305
537.743530
517.973022
512.817993
530.792419
550.796997
552.793091
534.327454
515.966858
514.436279
534.383789
552.173157
550.905396
531.306946
514.377136
515.688110
537.192139
553.750000
549.743164
528.635376
512.779297
517.933167
540.260193
556.195190
548.882202
527.509766
508.880859
505.444672
524.467651
547.392761
554.895142
543.649353
522.022278
511.214325
524.391602
547.595459
555.471436
540.169983
518.758728
511.634033
528.649597
550.406799
554.579346
536.770325
516.525146
512.430481
531.913879
552.172363
553.022522
532.928711
514.167480
514.104065
533.252747
554.373108
555.159729
538.101746
518.012390
507.496094
518.698792
541.475220
554.103760
548.303894
527.138062
512.667358
519.328491
542.140198
554.817627
545.621033
524.290527
512.197510
522.402222
544.943237
555.009521
543.137329
521.751465
511.393372
524.836365
547.512634
555.106323
539.851379
518.666016
511.629578
528.848450
553.104492
555.693787
534.575073
508.668732
495.760468
507.997986
537.384521
556.348389
552.786987
532.779114
514.281555
514.665039
536.843445
554.100891
549.954956
528.239868
512.389343
517.544006
540.812195
555.310242
547.679871
525.494202
511.695892
520.384155
543.947144
555.340027
543.930664
521.848816
511.265381
524.226257
548.715393
556.852783
540.480896
515.510376
499.759521
505.168152
531.541931
553.408142
554.948853
538.368713
517.856079
512.390198
530.516968
550.663391
552.625183
534.074524
515.742065
514.119324
534.244690
552.407593
551.473816
531.482239
513.848877
515.115112
537.174255
554.045288
549.818115
528.428284
512.726013
518.083252
540.918091
556.530945
548.451294
525.790833
505.729950
502.251526
523.290466
548.457825
556.498901
543.996277
521.488220
510.660309
524.498291
547.808655
555.415710
540.125916
519.184082
512.187500
528.863586
550.133789
554.157227
536.381042
516.345642
512.677612
532.450806
552.218323
552.581482
532.805054
514.973328
515.289185
536.343323
555.956970
551.654358
528.703491
505.799744
498.167358
516.128601
544.070923
557.035034
548.103882
526.419128
512.006531
519.456543
542.471436
554.762512
545.282837
523.873779
511.795807
522.524841
545.252747
555.033264
542.358521
520.785400
511.141235
525.813293
548.577026
555.067505
538.765564
517.817261
511.672821
529.482727
550.592102
553.265137
537.750000
519.215820
509.683563
519.230896
541.888550
554.901062
549.642700
531.391968
513.222961
515.137634
538.120300
554.841736
549.632019
527.521179
511.956665
517.887756
541.581177
555.779968
547.264038
524.629028
511.070709
520.644836
544.381287
555.385437
543.763000
522.161438
511.847748
524.568787
546.859253
555.127075
542.510376
521.897217
507.577484
511.117340
533.733826
552.480164
553.217896
537.622375
517.149292
512.349487
531.174133
551.351929
552.981934
533.894958
514.974731
513.555054
534.565857
553.374695
551.944458
530.864868
512.986450
515.543640
538.603333
554.828247
548.990479
526.754639
511.386108
518.269226
542.088501
557.412720
548.118896
523.965759
503.457458
501.605927
524.911560
550.345825
556.591492
542.334106
519.821899
510.811279
526.291321
549.033081
554.983521
538.567566
517.914246
512.162109
530.100647
551.080139
553.712891
534.880676
515.346985
513.175659
533.807678
552.824036
551.904297
531.713562
514.435364
515.606262
537.123901
553.661255
549.266846
531.246033
515.401978
511.790894
527.744385
548.644653
555.133301
544.804321
525.796753
512.070068
520.501587
543.612549
555.201050
544.619629
522.915649
511.363525
523.379089
546.707214
555.735107
541.426758
519.341248
510.726379
526.849487
549.487183
555.090454
538.153687
517.567017
512.359802
530.992737
551.649719
553.097778
536.470276
517.853821
509.644684
521.163330
543.944031
555.238525
548.566711
530.386414
513.167664
515.847107
538.400024
554.300903
548.932129
527.394226
512.410767
518.815979
542.154175
555.231506
545.909912
523.739197
511.399292
521.993042
545.103455
554.876953
542.570618
521.350342
511.616119
524.951660
547.167664
554.505859
541.466248
521.715698
509.341125
514.915161
537.300293
553.329224
551.622803
535.738098
516.441467
512.842773
532.150879
551.756470
552.804199
533.533508
514.897644
514.128418
535.551453
553.649597
551.042725
529.679993
512.725037
516.342346
539.527771
554.962524
548.471436
526.367554
511.564911
519.178650
543.045105
555.901917
546.131409
525.313782
510.387512
512.173157
533.713623
553.036377
554.529175
539.953247
519.619934
510.851624
526.481201
549.113708
555.147278
538.503723
517.515930
511.796265
530.432617
551.506592
553.563232
533.977722
514.638062
513.274658
534.598389
553.559448
552.235535
531.420532
513.683350
515.230774
537.392822
553.857117
548.763000
530.225403
515.133179
513.427795
530.510315
549.997925
554.400269
543.166382
524.496460
511.756104
521.115662
544.193481
555.318665
544.101074
522.337463
511.296234
524.002380
546.782104
554.925049
540.440430
519.425964
511.816254
528.021973
549.627258
554.509827
537.424194
517.131409
512.395508
531.658875
552.271057
553.539551
536.167236
516.837952
508.579742
520.680542
543.570435
554.937561
548.379272
530.066101
512.607117
516.159119
539.498230
555.445618
548.866516
525.922852
510.756989
518.682922
543.248291
556.271057
545.664062
522.645874
510.552979
522.486328
546.431213
555.939636
542.184937
519.724792
510.362640
525.903564
549.429749
555.699280
538.538879
518.111206
510.751740
523.509216
548.797058
561.477356
553.369629
533.050415
513.629944
513.104553
533.609497
552.946716
552.276978
531.602173
513.491638
514.809570
537.042664
553.891418
549.650085
528.471924
512.906128
517.744751
540.441650
554.676270
547.276245
525.392700
511.421783
519.968689
543.792419
555.914368
544.895569
524.680969
511.960541
515.694641
536.851685
554.305542
554.293457
539.287598
519.054565
510.915894
526.791382
549.610718
555.330994
537.820312
516.621338
511.943970
531.568054
552.411560
553.379211
533.124573
513.975342
513.432190
535.237671
553.692871
551.187439
529.613647
512.399170
515.858643
539.323425
555.161072
548.652832
529.007690
513.555237
511.784882
528.892334
548.675659
553.895569
543.300781
524.365417
511.599121
522.156494
545.406433
555.235962
542.406250
520.773071
511.521698
525.880737
548.281006
554.820312
539.298279
518.686279
512.038635
528.932800
550.184509
554.065552
536.121643
516.117126
512.555176
532.634399
552.508423
552.601257
532.271912
514.116577
511.914948
531.200806
556.891479
564.925110
551.592529
527.822266
509.672913
516.338440
539.753601
555.058105
547.917419
525.501465
511.450226
520.075623
543.820740
555.519897
544.498901
522.387451
511.138092
523.257202
546.606018
555.566528
541.376221
519.492126
511.054749
526.956909
549.275513
554.458069
537.338867
518.087341
511.536285
524.181396
548.634644
560.963013
553.223999
532.860718
513.147766
513.355164
534.434082
553.427490
551.913879
530.881714
513.397461
515.580811
538.032593
554.208984
549.124146
527.598877
512.285156
518.055664
541.396301
555.397034
546.955505
524.545532
511.144165
520.841125
544.335205
555.149780
543.350708
521.621033
510.311371
519.236023
546.398010
566.049255
562.777283
541.332581
516.600586
509.144196
527.869385
549.844238
554.378052
536.845398
516.741211
512.552124
531.752747
551.776184
552.923584
533.462097
514.695862
513.883972
535.470276
554.088074
551.697815
529.982971
512.499390
515.926147
539.315918
555.097351
548.639282
526.344788
511.070740
514.612427
539.655823
563.839844
565.975891
546.907593
520.948914
507.662750
522.007690
545.833801
555.446533
542.006653
520.343262
511.464722
526.307617
548.534180
554.598450
538.462402
517.668640
511.520264
529.338745
550.772278
553.812622
535.028809
515.401672
512.997925
533.537109
552.783264
552.204224
531.919556
514.144592
512.057617
531.579102
557.707581
565.977417
551.891235
527.028259
508.885712
516.532471
540.314941
555.211853
547.386902
524.880432
511.137848
520.197815
544.041748
555.922729
544.862549
522.432922
510.782898
523.223877
546.885986
555.713623
541.299194
519.505554
511.414673
527.428467
549.335022
554.189453
537.060303
516.882507
510.384979
525.491028
553.678223
567.637756
557.805542
533.432434
511.445435
512.237061
534.648376
553.144897
551.185791
530.340271
513.498657
516.243286
538.787292
554.598755
548.935730
526.967834
511.752777
518.420898
542.217773
555.444397
545.811218
523.360779
511.087341
521.886536
545.387451
555.550232
543.084717
521.383667
511.375000
520.595276
546.239685
562.835632
557.000610
535.715454
514.193054
510.400238
530.014709
550.165344
553.614990
535.863098
516.726562
513.496155
532.715759
551.706421
551.918762
532.272156
514.295898
514.696960
536.542725
554.004944
550.374573
528.952209
512.820618
517.097656
539.849792
554.456543
547.507385
525.674011
511.574402
515.623596
540.122314
562.376404
562.585083
543.439880
519.624634
509.060699
524.332458
546.680847
555.124817
541.196533
519.934814
511.368896
526.481079
548.612122
554.568481
538.113831
517.562927
512.160828
530.696045
551.473572
553.524475
534.419678
515.450073
513.795288
534.352234
552.899292
551.801636
531.417297
513.821533
512.368958
533.265625
559.371277
565.890137
550.280273
525.614868
509.263428
518.304382
541.336792
554.775269
546.426453
524.817139
511.867157
521.115662
544.261108
555.304382
543.768311
521.900146
511.428162
524.837891
547.568237
554.931396
539.876404
519.038269
512.015259
528.575134
549.979309
554.253174
536.827087
516.868591
512.599548
528.150391
552.063293
559.317627
545.997375
524.698486
509.681641
515.606812
537.469971
552.625854
549.969055
529.609985
513.450012
516.762573
539.206970
554.448792
548.269714
526.513489
512.105530
519.670776
542.992615
555.140991
544.945801
523.139221
511.504486
522.675537
545.668152
555.268677
542.310059
520.667969
511.301575
521.678589
547.399231
562.312927
554.830872
533.673889
513.660950
511.499786
531.239258
550.674133
553.653076
535.489502
516.191895
513.371216
533.515015
552.768982
552.264526
531.678955
513.673157
514.985718
537.300598
554.021851
549.732239
528.510864
512.852539
517.566223
540.419617
554.886963
547.495056
525.546936
511.767120
520.532837
544.588318
557.303772
544.879639
520.337158
502.830200
504.588959
528.238953
550.851868
555.006287
540.808472
519.481506
511.176056
527.007202
549.190674
554.514160
537.329712
516.875854
512.205872
531.171631
551.561951
553.078918
533.899414
515.199219
514.064941
535.033325
553.418457
551.438538
530.233337
512.904419
515.961792
537.432922
556.253906
552.309998
531.946716
512.050110
505.573303
521.758240
545.088257
554.754089
545.564087
523.740601
511.268341
521.712219
545.268982
555.491211
542.824951
520.978943
511.320496
525.446655
547.954102
554.916748
539.683838
518.850769
511.841919
528.588257
550.025146
553.867920
535.748474
515.805908
512.548584
529.242065
552.827637
558.527039
544.245544
523.272644
509.055603
515.779846
538.157166
553.367737
550.255005
529.443848
513.460144
517.649292
540.346619
554.760071
547.372864
525.479614
511.846130
519.989685
543.030029
554.900269
544.964355
523.605652
512.033569
523.180359
545.749878
554.643555
541.181824
519.930237
511.538940
527.039673
551.686218
556.665039
537.141113
511.087463
496.794281
506.199341
534.536072
554.731628
553.198730
534.722595
515.725037
513.812927
534.474548
552.989929
551.503113
530.861572
513.541077
515.419006
537.560181
554.019287
549.754517
528.562256
512.939880
518.071350
540.994263
554.645569
546.104370
523.985229
511.152252
521.080322
545.260132
557.202087
544.823853
521.074829
503.471924
504.507507
527.921326
550.816711
555.229675
540.934387
519.726868
511.778198
527.727417
549.094604
553.650513
536.684937
517.119568
512.665222
531.044556
550.870605
552.830261
534.199097
515.466003
513.883240
534.705811
553.067261
551.288025
530.649048
513.826477
516.691833
538.851562
556.361633
549.617615
526.149780
504.628265
499.483521
519.535522
546.286377
556.615112
545.875732
524.009338
511.709839
522.458069
545.428406
554.862671
542.021484
520.948608
511.903168
526.099976
548.196655
554.710693
539.009766
518.309021
511.891449
529.279480
550.283325
553.402222
535.173340
516.068481
513.609802
533.601868
555.599426
553.977966
530.688110
505.343201
494.930511
511.124084
541.173889
557.491943
550.612305
529.223145
512.982239
517.344788
540.098816
554.350098
546.905212
525.165955
511.552551
519.944397
543.351318
555.415649
544.908997
522.729431
510.994141
522.977783
546.278503
555.279663
541.549011
520.424744
512.075439
527.092163
548.675842
554.106079
539.975769
520.503540
508.676239
515.114502
537.697021
553.626343
551.523499
534.941040
515.648010
513.713806
534.132812
552.518250
551.141479
530.859863
513.756165
515.733154
538.019897
554.516541
549.582947
527.636292
511.913147
517.914795
541.386475
554.976318
546.194519
524.250305
511.598511
521.571838
544.809509
556.593140
545.150635
522.301514
504.816193
505.933624
529.297974
551.626953
555.165344
540.347351
518.815918
511.495636
528.183594
549.706421
553.914795
536.586060
516.637634
512.490356
531.884277
552.241516
553.421570
533.603699
514.663574
514.063843
535.547546
553.496277
550.704712
529.796936
513.378601
516.828857
539.295410
556.991455
550.122681
525.767822
503.301819
498.510010
519.917358
547.260559
556.906372
545.284302
523.282898
511.449768
522.639587
545.466675
554.848389
542.166687
521.016113
511.705963
526.077820
548.491699
554.951843
538.709045
517.687317
511.484192
529.315979
550.362854
553.310303
535.142456
516.148743
513.692627
533.689453
552.598572
551.408691
533.899658
516.504211
510.498383
524.121094
546.272156
555.511169
547.157959
528.496460
512.443237
517.269836
540.176331
554.541809
547.135925
525.313293
511.596863
520.303711
543.774780
555.328247
544.063965
521.999634
511.145020
523.974243
546.915588
555.129089
541.000244
519.983704
511.943512
527.591187
549.413574
554.495300
539.431702
519.178650
507.747559
515.593933
538.701111
553.693970
550.748047
534.328247
515.519043
513.825195
534.137512
552.385254
551.294556
531.282104
514.099487
515.973938
538.133667
554.333923
549.189331
527.550110
512.362854
518.374512
541.258728
554.618958
546.395996
525.138489
512.242920
521.393311
544.077637
554.597412
543.714661
524.068787
511.057220
514.402832
535.502808
552.932983
553.222168
538.806763
519.294922
511.775391
527.680603
548.890076
553.674500
536.766541
516.990173
512.794128
531.880371
551.546143
552.176331
532.597778
514.536987
514.501465
535.729309
553.339539
551.018860
530.576721
513.898010
516.818665
539.039734
554.208618
547.646484
528.489685
513.508850
512.861084
531.269775
550.928528
554.774536
542.854919
523.524353
511.386658
522.230469
545.428650
555.412659
542.739197
521.125732
511.599304
526.009705
548.249329
554.548828
538.663452
518.096680
511.928284
529.288208
550.186890
553.720703
536.012329
516.521118
513.130432
532.781494
552.146484
552.133423
534.898376
516.682129
509.307922
521.511353
543.034058
553.339844
547.050842
529.611755
513.103760
517.407593
539.930359
554.485657
547.345093
525.461731
511.496826
520.087708
543.574402
555.296753
544.321472
522.541687
511.371918
523.409424
546.067444
554.837830
541.232788
520.134155
511.830994
527.342102
548.976990
553.858643
538.813843
519.503296
509.414062
517.509399
539.562256
553.630249
550.643066
534.245544
515.108215
513.484131
534.377991
553.227173
551.783203
530.859985
513.340759
515.821533
538.494141
554.393494
548.708252
527.013184
512.009521
518.403076
541.685364
555.248291
546.468262
524.372803
511.315948
521.431946
545.073059
555.642090
543.057312
522.962646
511.753448
517.658813
539.783142
556.148193
554.307861
537.949829
517.585144
511.028412
528.084106
550.245483
554.667847
536.616638
516.265869
512.628784
532.544128
552.382324
552.625427
532.640503
514.246399
514.223145
535.772949
553.663330
550.895203
529.729248
512.920715
516.687256
539.570923
554.574341
547.691711
528.587830
513.756775
512.398743
529.686462
549.163330
553.979858
542.913025
523.312317
510.844360
522.403076
546.092651
555.729614
542.050903
520.092163
511.130127
526.314941
548.695740
554.605469
538.309021
517.758789
511.938324
529.857910
550.961182
553.834656
535.131714
515.575378
513.201538
533.685913
552.616699
551.601135
534.186707
516.782471
509.970490
522.021667
543.232544
553.477905
546.858521
528.627441
512.068115
517.543701
541.103699
555.323120
546.962280
524.603943
511.286560
520.629272
543.934631
554.930908
543.749695
522.306824
511.779816
524.410156
547.196289
555.152832
540.447693
519.023682
511.390869
527.816223
549.671265
554.279724
537.111084
518.144958
511.708618
524.614319
549.124817
561.176697
552.943970
532.153870
512.725037
513.920410
535.241089
553.450867
551.083252
529.988281
513.045227
515.977417
538.371521
553.992065
548.582825
527.278259
512.420471
518.704041
541.768677
554.882751
545.631531
523.659912
511.435699
522.240662
545.547180
555.471558
542.910034
523.426575
512.267029
517.454529
538.912476
555.267700
553.779114
537.601013
517.615723
511.918091
529.197266
550.442444
553.708801
535.506226
516.051086
512.942078
532.453613
551.750000
552.082825
532.625610
514.668579
514.862915
536.323425
553.641052
550.327026
529.160095
512.934509
517.021240
539.541748
554.131897
547.415344
526.042236
511.528595
515.235779
540.114502
563.719666
565.363159
546.150940
520.708862
508.491730
523.250488
546.373474
555.110474
541.276917
520.101929
511.758240
526.868225
548.723022
554.479492
538.142822
517.602966
512.028503
530.231934
551.059326
553.364319
534.558228
515.608704
513.877563
533.992126
552.130798
551.009888
531.308716
514.492493
513.031860
532.778992
558.163879
565.362427
550.867920
526.567932
509.694031
517.924561
540.665527
554.386230
546.461975
525.006348
511.759583
520.506409
543.475342
555.171204
544.426086
522.543335
511.073517
523.543457
546.778992
555.487244
541.084961
519.549500
511.449219
527.496704
549.408020
554.468384
537.245422
516.544556
509.642365
525.613892
554.719788
568.876892
558.167725
532.960693
511.149109
513.023010
535.850952
553.892639
550.789917
529.417908
512.692383
516.288025
539.268799
554.915222
548.604431
526.551636
511.948547
519.379578
542.707031
554.960083
544.879089
523.269226
511.818695
522.612000
545.085571
554.616394
542.478943
521.542847
510.666931
519.848389
547.080078
566.214600
561.979126
540.171021
516.230774
510.028625
528.737488
549.949280
554.000122
536.449341
516.388184
512.240906
531.891235
552.426697
553.466797
533.147949
513.874939
514.030823
536.579956
554.604858
550.547485
528.231812
511.803314
516.912720
540.802612
555.622864
547.731445
525.167175
510.689697
516.002563
542.435608
565.624268
565.149841
544.570190
519.814392
508.996826
524.231323
546.678589
554.463745
540.637634
520.124878
512.238831
527.181396
548.515808
553.907043
537.787354
518.000549
512.807739
530.485962
550.493530
552.810242
534.772583
516.095703
513.747559
533.568481
552.359131
551.990356
531.756958
513.667358
511.878876
532.900269
559.483765
566.214722
550.452454
525.473267
508.780701
517.869324
541.596313
555.769226
547.248291
524.554260
510.942413
520.733765
544.900574
556.073364
543.525818
520.883606
510.644348
524.800964
548.004639
555.194702
539.807129
518.904968
511.997833
528.330872
549.394226
553.535522
536.486938
517.184204
511.475525
527.187500
554.147461
565.944519
555.258484
532.425903
512.731506
514.293640
535.348999
552.623047
550.653381
530.661255
513.845093
516.084534
538.119629
554.178406
548.963684
527.226807
511.798920
518.243958
541.622681
555.167175
546.258118
524.171387
511.102783
521.580688
545.477112
556.205688
543.123291
520.306824
510.185608
520.972595
547.455566
562.692444
554.959961
533.469238
513.271301
510.942474
530.875549
550.728943
553.617004
535.137878
515.765564
513.378235
533.761963
552.808594
551.868713
531.628418
514.391174
515.682434
536.903931
552.899353
548.859680
528.429382
513.268372
517.808228
540.039856
554.412903
547.476318
526.128662
512.440369
516.663818
540.304199
560.914917
560.807495
543.265991
520.994751
510.122131
523.548279
545.265320
554.822449
542.141235
520.868103
511.396240
526.089966
548.561890
554.992798
538.690247
517.794495
511.727020
529.685913
550.695190
553.730713
535.190430
515.517517
513.000366
533.638550
553.110168
552.211975
531.142822
513.178345
512.516602
534.114380
559.581543
565.097168
549.274170
525.080017
509.063110
518.155151
541.495728
555.242554
546.481079
524.397583
511.606140
521.758911
545.047363
555.221008
542.886292
521.505920
511.831512
525.076660
546.995300
554.184631
539.715515
519.400879
512.251892
528.388428
549.453979
553.595398
536.381042
517.111084
513.580933
528.941772
551.581238
558.256897
545.883728
525.847717
510.593964
515.269165
536.772644
552.871521
550.988831
530.452393
513.450134
516.421326
538.963318
554.561096
548.462891
526.750427
511.922607
518.962097
542.308533
555.379028
545.760010
523.397339
510.927490
522.471130
546.466003
556.181458
541.965515
519.399353
510.495178
526.315002
551.442627
557.072632
537.590454
511.082520
496.399628
506.138489
535.329651
555.880615
553.568237
534.131714
514.976074
513.759094
534.660095
552.962585
551.085205
530.924377
514.255737
516.050842
537.312317
553.239868
549.099976
528.392944
513.086792
518.037659
540.582153
554.602966
547.018860
525.586731
512.247681
520.797424
543.846497
556.278198
545.566345
522.818481
504.835968
504.684418
527.367920
550.565430
555.506348
541.398499
519.737976
511.341614
527.260010
549.025330
554.139893
537.347473
517.345032
512.470886
531.109924
551.541382
553.206543
533.782654
514.593567
513.447571
535.220215
554.056213
551.656494
529.996277
512.841797
516.002014
537.042664
555.665161
552.576721
532.994568
512.758972
505.464355
521.746765
545.830505
555.498962
545.455200
523.195374
511.390533
522.650330
545.677063
554.850891
541.878601
520.785645
511.759613
525.842163
547.992065
554.634277
539.168335
518.474121
511.870575
528.802124
549.645508
553.115234
535.731140
516.835632
513.397095
532.079956
553.939087
553.577881
531.853333
507.140442
496.355713
511.462830
540.622070
556.556885
550.086365
529.338257
513.206604
517.058167
539.479614
554.444153
548.113037
526.357117
511.556641
518.842896
542.355164
555.099548
545.105286
522.917603
511.005219
523.115479
546.813660
555.931458
541.929688
520.065552
511.087158
526.080505
550.756042
556.691345
