524.411743
524.411743
524.441040
524.465149
524.250977
523.926270
523.942871
524.713684
525.773804
526.456055
526.629822
526.950867
527.702026
528.522278
528.777100
528.781799
529.112671
529.859985
530.559204
531.001343
531.248596
531.450745
531.569702
531.861755
532.386414
532.918823
533.082214
533.116699
533.609680
534.406250
534.881653
534.812744
534.809509
535.306641
536.083435
536.457458
536.496338
536.957825
537.484863
537.483887
537.130310
537.368408
538.056519
538.186768
537.507874
536.814392
536.955688
537.844727
538.302185
538.127502
537.716064
537.457275
537.258301
537.112183
537.151917
537.327576
537.071167
536.483887
536.080017
536.086426
536.140137
535.918030
535.630676
535.287476
534.820068
534.139648
533.718201
534.122314
534.715332
534.377502
533.248657
532.398254
532.229858
532.115417
531.784546
531.382935
531.258118
531.218750
530.982300
530.588684
530.324707
530.029602
529.467285
528.674194
528.323486
528.291870
527.945068
527.233887
526.610901
526.254761
525.913452
525.488464
525.105591
524.603638
523.989502
523.246765
522.990906
523.576477
524.196045
523.719238
522.439880
521.648926
521.768311
521.996887
521.953064
521.573975
521.328918
521.152710
521.112061
521.180420
521.642578
522.001831
521.764893
521.191956
521.192627
521.584717
522.070984
522.418396
522.821472
523.186279
523.330872
523.218933
523.317566
523.854248
524.366089
524.425171
524.608276
525.470154
526.490112
526.608032
526.092957
526.023865
526.819824
527.669250
528.104675
528.296448
528.774719
529.273865
529.614014
529.840759
530.440979
531.134216
531.586975
531.709595
532.106079
532.579590
533.026978
533.253418
533.741150
534.296082
534.622498
534.693298
535.019714
535.592041
536.047546
536.183716
536.713867
537.992249
539.275452
539.492432
539.084595
539.334595
540.454834
541.517700
542.035767
542.485352
543.306763
544.204590
544.746948
545.111084
545.757812
546.743530
547.544373
548.085388
548.617859
549.245911
549.649597
549.870667
550.274231
550.842712
551.141968
551.218140
551.397095
551.883118
552.246155
552.410278
552.461975
552.706665
552.867188
552.420776
551.850525
552.142700
553.032288
553.314758
552.640137
551.960144
551.873901
552.135437
552.126587
551.818787
551.624451
551.680786
551.494934
551.140930
550.749329
550.568604
550.158813
549.739075
549.319580
549.275085
549.166321
549.015015
548.759094
548.520264
547.768799
547.089172
546.791321
547.366943
547.848083
547.289185
546.133179
545.505310
545.571167
545.569763
545.025330
544.259644
543.336487
542.440063
541.795471
541.310486
541.071716
540.353699
538.968750
537.632080
537.085266
536.811401
535.851929
534.461975
533.625610
533.484436
533.292847
532.413086
531.209961
530.230103
529.582153
529.245850
528.952515
528.633972
527.955505
526.789551
525.941650
526.000671
526.338135
525.793579
524.394958
523.533936
523.580627
523.852417
523.653015
523.053894
522.692078
522.439636
521.987061
521.297607
520.833923
520.784424
521.018677
521.330200
521.517517
521.338135
520.905212
520.647705
520.876404
521.193909
520.923645
520.204834
519.931030
520.431580
520.887939
520.449463
519.615295
519.333130
519.668457
519.981140
519.832458
519.582458
519.424377
519.227905
519.354248
520.058960
520.994080
521.230713
520.784668
520.565430
521.138367
522.084656
522.675537
522.713684
522.919922
523.687683
524.396423
524.723145
525.084106
525.683594
526.202026
526.582764
526.974182
527.245911
527.479553
527.910339
528.865845
530.328003
531.229370
530.783569
529.945435
530.162659
531.356445
532.145874
532.133667
532.059814
532.638916
533.718811
534.253479
534.203430
534.114258
534.532227
535.245667
535.794128
535.890564
535.565552
535.166382
535.477356
536.430908
537.176331
536.798279
536.142639
536.437256
537.510803
538.183167
537.501526
536.412231
536.357605
537.410034
538.339355
538.380859
537.935730
537.568665
537.344788
537.543030
537.787598
537.707275
537.081970
536.213684
535.936951
536.363159
536.541809
536.028381
535.497131
535.668640
535.829895
535.245728
534.126953
533.349854
533.357117
533.633972
533.545654
533.098572
532.664612
532.231567
531.583801
531.131531
531.126160
531.042969
530.293213
529.580200
529.738953
530.230835
529.871765
528.715332
527.698486
527.583069
527.850830
527.583923
526.667114
525.905518
525.752380
525.973572
525.910461
525.669067
525.117004
524.627441
524.455750
524.654480
524.518188
523.632446
522.711182
522.739868
523.475647
523.854431
523.077454
521.959595
521.637146
522.136597
522.405518
522.156311
521.766602
521.471436
521.048950
520.809326
521.050049
521.526855
521.551270
521.289795
521.328918
522.004395
522.410950
522.037476
521.346069
521.621460
522.790039
523.886047
524.062622
523.983826
524.226013
525.077698
526.054993
526.671875
526.465149
525.870056
525.730774
527.073730
529.347778
530.778259
530.225037
529.078857
529.073547
530.196655
531.080017
531.278564
531.169861
531.566162
532.291199
533.057922
533.679443
534.408081
534.897461
535.096069
535.590088
536.565125
537.143799
536.932983
536.624695
537.393921
538.661682
539.482361
539.277344
538.810059
538.848816
539.430054
540.043945
540.507324
540.904663
540.912048
540.458923
540.620667
542.134399
544.022583
544.824890
544.491394
544.304138
544.889893
546.122009
547.006042
547.436096
547.731201
548.379883
549.134277
550.001770
550.508240
550.704895
550.504700
550.728882
551.446838
552.226685
552.327759
552.206055
552.517395
553.242920
553.257751
552.639832
552.005554
551.985291
552.304199
552.300781
552.264221
552.408569
552.527344
552.081238
551.549500
551.572083
551.845703
551.505737
550.789368
550.334961
550.738647
550.944885
550.370056
549.236755
548.570129
548.389893
548.346985
548.060486
547.596313
547.073975
546.550537
546.359375
546.306885
545.939209
544.871765
543.949646
543.852844
544.228088
543.985840
542.767822
541.730835
542.049927
542.977600
543.046936
541.929199
540.680237
539.332153
538.393066
539.071655
541.608765
546.195557
550.708313
553.169495
552.469055
550.942139
550.411072
551.000977
551.476196
551.601685
551.106140
551.058411
551.304504
551.466980
550.854004
550.445129
549.981323
549.699219
549.140503
549.325867
549.506470
549.228088
548.168884
547.423767
547.379028
547.641235
546.981445
545.687317
544.517334
544.497925
544.289551
543.715515
542.774353
542.222900
541.704163
541.062256
540.154297
539.171021
538.152466
537.779663
537.556152
537.286926
536.434204
534.755310
533.393188
533.490601
534.390991
534.458984
533.091553
531.685547
531.125916
531.178955
531.115173
530.323486
529.348511
528.520874
527.886475
527.512634
527.315674
527.019958
526.442261
525.867981
525.729309
525.774963
525.380981
524.499756
523.861694
523.901062
524.043518
523.906921
523.518555
523.202942
523.003784
522.678528
522.410950
522.459106
522.559692
522.100464
521.156189
520.772766
521.078308
521.193726
520.716797
520.242798
520.315857
520.462769
520.235352
519.758362
519.441467
519.528442
519.797729
519.878540
519.872314
519.983215
519.990784
519.992188
520.395752
520.944092
521.088684
520.956726
521.401306
522.320312
522.830017
522.609802
522.375305
523.190002
524.751770
525.656860
525.444397
524.942078
524.902954
525.247437
525.779907
526.411377
527.031189
527.612000
528.172424
528.875488
529.527466
529.547180
529.060547
529.268982
530.712097
532.173645
532.528198
531.960327
531.837952
532.754333
533.937317
534.164856
533.776001
533.622559
534.054077
534.611328
535.060486
535.541138
535.783813
535.360168
534.938171
535.276367
536.354370
536.928833
536.618958
536.249573
536.512878
537.595703
538.079895
537.485107
536.808411
536.871948
537.516296
537.999878
538.027100
537.775818
537.355408
537.235107
537.147949
537.024048
536.727234
536.439331
536.312317
536.401611
536.246643
535.942017
535.719299
535.891052
535.970825
535.300110
534.243408
533.874207
534.195801
534.338623
533.850708
533.460754
533.369141
533.040588
532.187927
531.178406
530.996460
531.431519
531.471680
530.541138
529.478455
528.981201
528.949585
528.841125
528.532227
528.168396
527.871948
527.624695
527.434448
527.124512
526.353394
525.652283
525.539368
526.181519
526.703308
525.989624
524.535461
523.774719
524.339355
525.076660
524.761536
523.798157
523.017761
522.869141
523.151123
523.228516
522.968811
522.121460
521.336975
521.161743
521.621887
521.878784
521.521851
520.885498
520.840027
521.482788
521.848450
521.344543
520.826599
521.089417
521.780334
522.448669
522.862305
523.211914
523.402344
523.175049
523.136902
523.870117
525.009094
525.336914
524.729858
524.496887
525.349792
526.601318
527.380432
527.314819
527.305969
527.736328
528.504395
529.180115
529.779053
530.141052
530.208008
530.430115
531.368408
532.364380
532.632874
532.237854
532.158081
533.045715
534.414551
535.307739
535.470215
535.507324
535.439026
534.943604
534.498474
535.000244
536.193176
536.976257
536.988892
537.009644
537.702637
538.701477
539.363281
539.564514
539.877502
540.400085
541.034668
541.665222
542.378357
543.033142
543.620605
544.189575
545.097107
546.074524
546.706238
546.831421
547.345276
548.235657
549.156006
549.684875
550.153625
550.632935
550.637878
549.560913
548.393433
548.997314
551.530212
553.825562
554.072327
552.390015
550.615967
550.556152
551.858887
552.996826
552.889832
552.158569
551.695068
552.245728
553.145813
553.169128
551.756714
550.653625
550.807068
551.806458
551.914368
551.012268
550.102051
550.147949
550.517883
550.403687
549.514648
548.750977
548.357483
548.109253
547.777527
547.567932
547.374634
547.022888
546.739258
547.329407
548.143066
548.009460
546.653992
545.390320
545.199951
545.562500
545.382568
544.597168
543.696289
543.382080
543.251587
543.006836
542.304138
541.394958
540.204956
539.165222
538.700745
538.693298
538.033203
536.657349
535.271301
534.738098
534.593994
534.039185
532.831665
531.773499
531.218750
530.797485
530.235657
529.847778
529.436951
528.560608
527.452698
526.788574
526.630493
526.445068
525.787964
525.027527
524.810364
524.798523
524.165405
522.983215
522.300476
522.348877
522.345398
521.875732
521.286560
521.072327
521.194946
521.189880
521.016846
520.591248
520.056091
519.428528
519.277466
519.992737
520.767822
520.556763
519.628662
519.281494
519.975281
520.564697
520.434204
519.815674
519.632263
520.079651
520.467529
520.551147
520.657715
520.886841
520.982056
521.085876
521.254028
521.290527
521.190369
521.129639
521.416687
522.149353
522.771973
522.862854
522.819702
523.066711
523.338379
523.466309
523.717773
524.506409
525.486694
525.909302
525.883911
525.999695
526.481079
526.874878
527.027405
527.483398
528.342468
529.314880
529.860413
530.064270
530.385986
530.872070
531.255676
531.546814
531.945007
532.542847
532.965454
533.242920
533.767029
534.422363
534.718750
534.688904
534.886230
535.326050
535.842346
536.238281
536.908691
538.190002
539.053345
538.260925
536.471802
535.601929
536.458374
537.702942
538.050964
537.597595
537.336304
537.865234
538.508728
538.647095
538.143677
537.534607
537.203308
537.434448
537.866760
537.838257
537.113647
536.762146
537.345459
538.095947
537.824829
536.732544
535.849548
535.954529
536.360413
536.193298
535.449280
535.159729
535.295410
534.977844
534.136719
533.426514
533.073425
532.730408
532.343201
532.382690
532.617126
532.372009
531.357544
530.186279
529.706665
529.590332
529.147461
528.317566
527.750610
527.750732
527.868958
527.406494
526.491455
525.754150
525.393555
525.229248
525.145386
524.926514
524.376770
524.005371
524.132568
524.441772
524.150452
522.906006
521.760925
521.927795
522.900269
523.083130
522.160400
521.455872
521.592407
522.016052
522.045715
521.566223
521.378784
521.704468
521.903809
521.604553
521.331604
521.422424
521.682068
521.867859
522.191772
522.530579
522.692993
522.930420
523.288452
523.545593
523.212524
522.871826
523.187073
524.232056
525.076111
524.539612
523.290100
522.838684
523.620056
524.639587
525.168091
525.564575
526.022827
526.330933
526.604614
526.775574
527.306030
527.755310
528.083069
528.526489
529.535217
530.535889
531.075134
531.183411
531.690918
532.562012
533.536438
534.007446
534.428711
535.138184
536.021790
536.806213
537.601257
538.536804
539.257690
539.366333
539.329956
539.804932
540.736511
541.302979
541.559448
542.326782
543.554260
544.544678
544.654724
544.455872
544.764771
545.598267
546.251160
546.402344
546.542969
547.140869
547.892944
548.610352
549.124878
549.403198
549.333984
549.212830
549.483826
549.727539
549.618225
549.567932
550.300598
551.439880
551.945007
551.120422
549.670044
549.311157
550.187561
551.035034
550.942444
550.486084
550.336609
550.531494
550.864380
551.140564
551.060303
550.790955
550.482483
550.817932
551.302673
551.435303
550.776733
550.318420
550.700073
551.641296
551.711426
550.844543
549.807861
549.638611
549.788086
549.733521
549.230103
548.928772
548.837952
548.563110
548.000427
547.676025
547.253357
546.264221
545.190430
544.779907
544.812622
544.344910
543.014282
541.756653
541.617188
542.171875
542.200806
541.104309
539.612366
538.511230
537.987366
537.566040
536.970703
536.170349
535.249146
534.651733
534.765381
534.897949
534.144531
532.805054
531.764587
531.364624
531.119568
530.275574
529.273865
528.977417
529.226807
528.885986
528.145996
527.892761
528.263245
528.264587
527.370239
525.950867
525.212036
525.202271
525.334534
525.145020
524.865234
524.742493
524.900085
525.243347
525.319336
524.552551
523.203064
522.180359
522.142517
522.554443
522.007385
520.643860
520.019226
521.140625
522.573425
522.515686
520.819946
519.065735
518.429504
518.886597
519.743225
520.320190
520.246582
519.659790
519.224365
519.690674
520.554321
520.750610
520.212646
520.009827
520.830017
521.646301
521.514282
520.833801
520.878662
521.918457
522.951050
523.260986
523.390503
523.812256
524.373962
524.675415
524.985718
525.469971
525.984741
526.280701
526.514832
526.989441
527.526489
527.697510
527.914124
528.584106
529.343811
529.409241
529.262756
529.958374
531.437500
532.486877
532.166687
531.460754
531.687683
532.806335
533.602478
533.719604
533.862122
534.498535
535.224854
535.606201
535.502258
535.237671
535.111145
535.338562
536.028992
536.868652
537.380554
537.375366
537.204102
537.446350
537.479553
536.679260
535.899597
536.128601
537.214355
537.975220
537.989136
537.833435
537.853088
538.016846
537.739014
537.344788
537.310608
537.462402
537.252197
536.844666
536.681885
536.921509
536.905090
536.491333
535.858826
535.407959
534.888306
534.457581
534.347412
534.624817
534.666931
534.189026
533.344971
532.849243
532.519470
532.047241
531.602173
531.611938
531.706299
531.252808
530.564514
530.264526
530.329834
530.053528
529.176575
528.483887
528.573669
528.772949
528.279419
527.072998
526.231750
526.015869
526.111633
525.993347
525.722107
525.361633
524.875061
524.529724
524.605347
524.587097
524.008362
522.921509
522.265930
522.550659
523.153870
522.936340
522.178955
521.991760
522.510681
522.662231
522.339661
521.854492
521.681152
521.613708
521.626343
521.663147
521.986633
522.092651
521.854858
521.517761
521.726196
522.038635
522.111633
521.960571
522.197693
522.676392
522.907288
522.637268
522.347900
522.503784
522.847229
523.246826
523.909241
524.769165
525.198303
524.688965
524.033264
524.457458
525.837402
526.912720
526.956116
526.765076
527.320496
528.703247
530.111450
530.816284
530.950500
530.910950
531.123474
531.645691
532.455383
533.115417
533.615662
534.307434
535.483154
536.514648
536.976868
537.001038
537.301331
537.950806
538.523499
538.828186
539.305908
540.316467
541.278442
541.673889
542.002197
542.920532
543.784363
543.671875
542.882568
542.839600
543.831360
544.902161
545.136169
545.129395
545.840454
547.416443
548.661316
548.820862
548.253174
547.849854
548.039124
548.822571
549.651978
549.836426
549.424744
549.397583
550.313843
551.544434
551.953979
551.328918
550.514709
550.396362
550.765015
550.999695
551.022400
551.081177
550.808105
550.217346
549.778992
550.381104
551.183838
551.209717
550.343872
549.733215
549.933594
550.509216
550.507507
550.391907
550.562622
551.240906
551.430115
551.205566
550.687073
550.500549
550.296326
550.217163
549.889893
549.368713
548.459961
548.035767
548.312866
548.747864
548.197205
546.581238
545.194275
545.174133
545.897827
545.700745
544.313721
543.048584
542.515137
542.358643
542.265137
541.756653
541.090454
539.999817
538.935242
538.173767
537.951721
537.672241
536.895935
536.019104
535.735779
535.745117
535.343079
534.220093
533.044312
532.253906
531.705750
531.207764
530.784363
530.399109
530.037231
529.576782
529.334656
529.374207
528.996277
527.685730
526.476990
526.307922
526.762024
526.700989
526.214172
525.838562
526.023804
526.203064
525.774902
524.989502
524.570068
524.394409
523.883240
523.040955
522.597778
522.633118
522.732483
522.713623
522.353333
521.619507
520.739868
520.476257
520.899048
521.212280
520.635559
519.492981
519.238037
520.538025
521.982788
521.944885
520.563171
519.417847
519.354492
519.836609
520.076660
519.947754
519.917847
520.180115
520.964905
521.922546
522.506897
522.211426
521.564209
521.524353
522.262390
523.045410
523.296997
523.489258
524.389587
525.608643
526.186340
525.899536
525.644897
525.930664
526.471191
526.893127
527.399963
528.299622
529.079407
529.322754
529.449768
529.985779
530.531860
530.414490
530.177856
530.883972
532.207947
532.937012
532.570251
532.179688
532.759949
534.193054
535.207581
535.218018
534.721497
534.653320
534.989868
535.611755
536.177124
536.249390
535.654968
535.307312
535.876526
537.058228
537.731934
537.609558
537.149780
537.149780
537.321411
537.103516
536.977417
537.370972
537.828857
537.699097
537.320984
537.607239
538.347717
538.764709
538.108582
536.875610
536.310242
536.465820
536.587769
536.369507
535.933105
535.601013
535.401672
535.726379
536.125671
535.814636
534.615173
533.400513
532.981506
533.269714
533.185669
532.519897
531.787842
531.738892
532.010315
531.796326
531.195618
530.752380
530.461365
529.896179
529.216980
528.940979
528.836304
528.366699
527.716919
527.420898
527.669189
527.787598
527.315918
526.447998
525.881836
525.537598
525.137329
524.595703
524.329773
524.381042
524.542603
524.619690
524.465576
523.945068
523.157715
522.572754
522.680054
523.187561
523.132568
522.143982
521.384460
521.829712
522.900757
523.170288
522.475220
521.695923
521.409058
521.223511
520.946228
520.746948
521.062134
521.632874
522.081604
522.277222
522.428955
522.339661
522.134766
521.946899
522.261719
522.668396
522.935059
523.242737
524.142029
525.268005
525.787476
525.609375
525.671753
526.471497
527.292725
527.298584
527.106445
527.582642
528.498291
529.117493
529.545105
530.395752
531.468323
532.063110
532.112854
532.195251
532.846619
533.654663
534.018616
534.393677
535.221802
536.267212
536.913208
537.037598
537.207336
537.483948
538.085388
538.893677
539.844910
540.524902
540.790466
541.068848
542.044312
543.303955
544.026367
543.650574
543.241455
543.765991
544.912842
545.447815
545.313232
545.322876
545.938904
546.805420
547.609253
548.016968
548.001221
547.932556
548.084595
548.661194
549.262695
549.327087
548.626587
548.442505
549.249939
550.413574
550.504272
549.680359
548.943787
549.039185
549.454102
549.628479
549.603027
549.877258
550.301392
550.764526
551.440796
552.233398
552.329834
551.435242
550.606689
550.955078
551.944092
552.277527
551.511902
550.840698
551.247925
552.140442
552.168945
550.896240
549.435974
548.879395
549.109436
549.624817
549.301819
548.349731
547.315247
547.322144
547.852295
547.590454
546.083618
544.589294
544.304565
544.843689
544.620911
543.088501
541.494080
541.396790
542.353821
542.613159
541.515198
539.984558
539.055786
538.746948
538.810242
538.503235
537.440674
535.807312
535.006470
535.496033
536.421082
536.000916
534.080627
532.070068
531.664307
532.161255
531.881836
530.489075
529.564758
529.853577
530.500305
530.338562
529.210999
527.979675
527.466980
527.390198
527.652344
527.896545
527.519714
526.334839
525.333374
525.443787
526.023132
525.889526
524.992188
523.871948
523.279297
522.939880
522.654480
522.377869
522.287048
522.170410
521.845947
521.297363
520.941040
520.418701
519.748352
519.405762
519.829346
520.375549
520.296509
519.809387
519.621155
519.667053
519.511780
519.034241
519.069641
520.089172
521.257996
521.572754
521.131226
520.841675
520.979248
521.186035
521.443726
521.806458
522.090820
522.076355
522.032776
522.632935
523.757324
524.525208
524.437256
524.333618
525.025024
525.996643
526.437073
526.379578
526.546936
527.349426
528.208435
528.692993
528.807129
528.978760
529.467041
530.248657
531.188293
531.893433
531.599854
530.649353
530.267944
531.407593
532.928162
533.577271
533.490112
533.809692
534.672852
535.315125
535.103699
534.579773
534.365356
534.679443
534.878357
535.112671
535.680420
536.666565
537.417969
537.643738
537.587463
537.220154
536.629395
536.451294
536.722046
537.239990
537.533630
537.887390
538.376343
538.817688
538.560669
537.261597
536.029175
535.820496
536.337341
536.773926
536.810547
536.826172
536.641724
536.197754
535.992554
536.284729
536.536804
535.710449
534.172607
533.240112
533.658386
534.713196
534.744446
533.521545
532.311890
532.069580
532.503906
532.804321
532.413208
531.198425
529.802795
529.454468
530.309387
531.320618
530.841919
528.439758
526.151611
525.862610
527.340942
528.737122
529.054260
528.289612
527.309387
526.463318
526.034546
525.737732
525.500366
524.764404
524.053406
524.122375
525.182007
525.876526
525.562195
524.476746
523.658936
523.180847
522.786743
522.177429
521.928955
522.123413
522.386597
522.407837
522.223694
522.020447
521.573914
520.887207
520.649414
520.922241
521.134216
520.923706
520.858582
521.699219
522.734924
522.726440
521.642639
520.994690
521.799377
523.044556
523.724060
523.731262
523.949036
524.741638
525.469604
525.371582
524.904114
525.003174
526.139526
527.436646
528.305969
528.217102
528.034180
528.645081
530.047729
531.195251
530.836548
529.413208
528.946106
530.376099
532.537903
533.638733
533.766357
533.951050
534.530823
535.181519
535.254211
535.212769
535.839905
537.092224
538.213928
538.747070
539.049744
539.258667
539.502197
540.070129
540.726746
541.026794
541.010620
541.372375
542.597168
543.769348
544.008728
543.374329
543.161865
543.730286
544.342285
544.215942
543.641479
543.651367
544.259888
545.095703
545.807617
546.455994
546.524963
545.810303
545.189697
545.851379
547.357056
548.629028
548.815918
549.028198
549.715393
550.585144
550.430542
549.858765
549.675476
550.607117
551.749390
552.340454
552.169617
551.940674
552.019531
552.685303
553.165649
553.038086
552.095520
551.086792
551.159363
552.458191
553.562622
553.137695
551.687561
550.690430
550.654236
550.790039
550.472473
549.441589
548.458191
548.115417
548.555359
548.986694
548.666443
547.244934
545.692566
545.013123
545.632019
546.287292
545.861328
544.675903
543.838806
543.314026
542.654114
541.620056
540.735291
540.189331
539.880615
539.412964
539.164551
539.541016
539.739380
538.826294
537.315430
536.078064
535.476929
534.963806
534.403625
533.876343
533.705627
533.672913
533.344604
532.705200
531.879272
530.567322
529.286560
528.705688
529.108398
529.535339
529.393494
528.764526
528.334534
528.230347
528.025513
527.502563
527.020020
526.755127
526.573181
526.117554
525.903137
525.943970
525.676392
524.678406
523.716003
523.463013
523.485718
522.925171
522.003296
521.447754
521.690125
521.985107
521.656372
520.858948
520.295166
520.055847
519.999878
519.964722
520.127808
520.274841
520.113892
519.809326
519.723022
519.742859
519.559387
519.379395
519.608521
520.265076
520.697449
520.672424
520.904907
521.844971
522.721863
522.643372
522.147827
522.316895
522.965942
523.395630
523.470215
523.760925
524.490906
524.980835
524.884827
524.778198
525.336609
526.247070
526.739258
526.893066
527.446228
528.243286
528.665894
528.697449
528.902771
529.440979
530.162598
531.018738
531.841064
532.411560
532.572388
532.497803
532.638428
533.141785
533.432495
533.108521
532.918884
533.730896
534.891418
535.544678
535.527710
535.692383
536.193298
536.491333
536.383484
536.339417
536.569092
536.941162
537.086304
537.164795
537.189880
537.171204
536.957764
536.944946
537.404419
537.963501
537.799866
537.301819
537.153381
537.537903
537.752930
537.534241
537.188416
537.259949
537.384705
537.083679
536.658386
536.562683
536.524231
536.037048
535.419556
535.136780
534.966125
534.516357
534.001587
533.806946
533.979309
533.628357
532.737976
531.975708
531.938416
532.000671
531.424316
530.482361
530.039429
530.089661
530.077332
529.716309
529.285278
528.901123
528.373047
527.753235
527.362427
527.295166
526.985413
526.038818
525.297424
525.447083
525.795227
525.526855
524.872742
524.600098
524.654724
524.395142
523.688293
523.076965
523.037292
523.072998
522.752930
522.447388
522.560852
522.771912
522.467346
521.787415
521.242859
521.158691
521.330261
521.653076
522.169617
522.462036
522.196716
521.799316
521.883850
522.491638
522.492065
521.564880
520.871094
521.316223
522.452637
523.104065
523.224487
523.393127
523.660583
523.628357
523.101440
522.719055
523.157593
523.794434
524.029358
523.941467
524.367310
525.128174
526.034607
526.660034
526.887695
526.812195
526.919067
527.641541
528.872314
529.749390
530.033630
530.148071
531.204834
532.724976
533.733826
533.701050
533.314331
533.658936
534.648315
535.519775
535.940674
536.253662
536.658630
537.190430
538.231873
539.780090
540.773987
540.663208
540.104492
540.562134
542.013489
543.140564
543.116821
542.725220
543.210815
544.826050
546.182495
546.327820
545.796875
545.778931
546.370056
547.113953
547.636902
547.683044
547.560913
547.742371
548.839661
550.550964
551.562317
551.055725
549.924377
549.693298
550.466858
551.105469
550.935791
550.230896
549.982056
550.773132
551.799194
552.316406
551.920227
551.113281
550.419556
550.419434
550.673889
550.540222
549.616882
549.329834
550.131775
551.460205
551.675598
550.896973
550.076538
549.976318
550.141846
549.855713
549.521118
549.816284
550.324341
550.380615
549.964539
549.569641
549.260620
548.840149
548.466187
548.080261
547.789856
547.016968
546.015015
545.523254
545.785583
545.750854
544.719849
543.585999
543.242310
543.242676
542.589355
541.049805
539.565247
538.885010
538.754028
538.609314
537.871399
536.828552
536.104004
535.792969
536.144531
536.444824
535.572937
533.544006
531.912415
531.989746
532.657959
532.058716
530.238831
528.584778
528.711609
529.866699
530.190491
528.822876
526.747253
525.417053
525.362183
525.730896
525.605408
524.623047
523.710022
523.770325
524.692566
524.794739
523.468262
521.735718
521.085876
521.370728
521.355469
520.537598
520.013672
520.832092
522.416565
523.080688
522.405518
521.235474
520.376343
520.145813
520.514099
521.058777
521.188843
520.660034
520.208862
520.540161
521.373047
521.556335
520.769775
520.018616
520.281189
521.064087
521.312378
520.854553
520.645203
521.010071
521.725159
522.271484
522.494995
522.255493
521.922974
521.994324
522.742126
523.998169
524.755310
524.246155
523.592529
523.909729
525.046143
525.984375
526.505127
526.883667
527.143311
527.260315
527.546387
528.183350
529.205933
529.781006
529.893738
529.967407
530.606750
531.465820
531.893066
531.978088
532.390076
533.106812
533.619690
533.784180
534.170105
534.648865
534.936523
534.950256
535.080261
535.653992
536.154480
536.254272
536.419617
537.035950
537.597168
537.316833
536.704224
536.722961
537.383301
537.771545
537.335938
536.778381
537.009827
537.769165
538.250854
538.029297
537.734985
537.681030
537.657471
537.468140
537.143127
536.899048
536.894165
537.488342
538.066895
537.878845
536.909546
536.206177
536.280762
536.728882
536.200378
534.509888
533.328369
534.124878
535.857971
536.439514
535.450684
534.009155
533.222351
533.274536
533.406494
532.978577
532.239380
531.661682
531.739075
531.949524
531.814819
530.547180
528.872559
528.097900
528.472900
528.791565
528.151917
527.150879
526.804565
526.798523
526.451599
525.407776
524.437744
524.292236
524.560669
524.414307
523.981323
523.798096
523.692444
523.193726
522.948914
523.204834
523.280029
522.422363
521.348816
521.217224
522.171448
522.956299
522.530396
521.300781
520.847412
521.384949
521.967651
521.741760
521.147522
520.950256
521.544800
522.623169
523.275635
522.977905
522.221680
522.071655
522.885010
523.958557
524.094177
523.065430
522.419067
523.345154
524.974304
525.855469
525.842346
525.622681
525.687378
525.938843
526.177979
526.320557
526.879456
527.895325
528.850403
529.281921
529.306091
528.714355
528.408630
528.826355
529.913269
530.500977
530.406982
530.294128
531.062683
532.108521
532.540161
532.047485
532.044189
532.861511
534.127625
534.878479
535.429810
536.052917
536.659241
537.101074
537.597046
538.494080
539.235352
539.417786
539.592407
540.369568
541.736267
542.769409
543.195984
543.883545
544.712830
545.493530
545.567261
545.800903
546.440979
547.131287
547.472595
547.650208
548.253235
549.197815
549.639038
549.862427
550.180176
550.805115
551.101746
550.718567
550.388184
550.672546
551.338318
551.882568
552.353577
552.875977
552.857544
552.291626
551.787292
551.799438
552.188904
552.118164
551.588623
551.450928
552.085205
552.680908
552.462402
551.806091
551.267517
550.940369
550.474915
549.875000
549.535645
549.677002
549.941162
550.085815
549.768250
549.041260
548.011719
547.054016
546.981140
547.428650
547.296692
546.125671
545.315002
545.829224
546.902283
546.914185
545.563843
543.961182
543.538269
543.884338
544.023071
543.352173
542.677063
542.371460
542.600525
542.607849
541.911255
540.363708
538.906921
538.591064
539.004150
538.762024
537.358704
535.839844
535.475464
535.638855
534.985718
533.121216
531.526733
531.448975
532.104126
532.076965
531.201843
530.037659
528.982422
528.016724
527.527771
527.323608
526.803528
525.689148
524.695801
524.564453
525.067322
524.639465
523.093506
521.802551
521.956970
522.710144
522.775574
521.970032
521.297852
521.191040
521.247986
520.813171
520.138489
519.487122
519.416748
519.865417
520.515686
520.707031
519.820557
518.419617
518.015869
519.055176
520.239929
520.196350
519.537354
519.389893
519.936157
520.614197
520.751343
520.745544
521.058960
521.332336
521.197876
520.913757
520.969849
521.463684
522.140015
522.854492
523.359070
523.396851
523.145813
523.223816
524.041138
524.927063
525.377197
525.566772
526.102966
527.164124
527.703003
527.155029
526.351440
526.283386
526.999207
527.913574
528.959412
529.763428
529.901672
529.502319
529.364807
530.106384
531.067566
531.083801
530.372986
530.473328
532.273682
534.428650
535.178040
534.584656
533.923706
533.905762
534.214417
534.430359
534.570862
535.025269
536.055176
537.466553
538.374390
538.417908
537.087769
535.325317
534.931030
536.231995
537.662109
537.583801
536.583862
536.505493
537.803711
539.389893
539.614685
538.208618
536.605103
535.816650
536.226196
536.771301
536.650146
535.994324
535.969055
537.030212
538.106689
537.474304
535.340515
533.536377
533.748291
534.935181
535.201843
534.278259
533.689819
534.053772
534.408813
533.540710
531.901489
530.787903
530.691833
531.051758
531.445984
531.367676
530.716553
529.705688
529.285217
529.679077
530.107483
529.454285
528.000854
527.043762
527.314819
527.686523
527.312500
526.373596
525.914307
525.982056
525.938538
525.266846
524.577576
524.156677
524.206909
524.510071
524.563049
523.906616
522.923828
522.475525
523.283264
524.658203
525.200989
523.901428
522.238098
521.831604
522.421509
522.719604
522.290100
521.684692
521.638672
521.991394
522.449646
522.323425
521.882629
521.503662
521.574219
521.924561
522.174744
521.893982
521.447449
521.651550
522.843933
523.741699
523.932800
523.953552
524.410767
524.711670
524.467590
523.902283
524.207886
525.846558
527.663025
528.179932
527.844971
527.768982
528.184753
528.650452
529.161011
529.679443
530.140869
530.564880
531.303955
532.501221
533.716187
534.252930
534.186523
534.236755
534.861511
535.482422
535.709656
536.157288
537.412537
538.829895
539.474915
539.430176
539.644348
540.272400
540.863220
540.844238
540.671021
541.135132
542.133484
543.200195
544.294128
545.125366
545.182922
544.585388
544.408997
545.146301
546.056946
546.476807
546.404114
546.887939
548.341980
549.731873
549.968994
549.329407
548.766174
548.689270
549.004456
549.802368
550.669983
551.393433
551.663757
551.861816
551.832886
551.599426
551.228516
550.917603
551.248840
552.032349
552.144165
551.282166
550.667725
551.574219
552.761230
552.652954
551.365967
549.953308
549.661316
550.078979
550.231689
549.807007
549.417664
549.675659
550.232727
550.404968
549.825745
548.624756
547.690735
547.793945
548.700134
549.086792
548.281738
547.410950
547.324890
547.890137
547.797729
546.720703
545.604553
545.460693
545.967834
545.846741
545.110046
544.307800
543.580017
542.876099
542.611267
542.273499
541.418213
539.917419
538.690674
538.341309
538.464783
537.844116
536.387451
534.881226
534.588013
534.560669
533.892029
532.639221
531.822754
531.568420
531.213135
530.353027
529.355408
528.404846
527.928833
527.915100
527.962097
527.581421
526.343750
524.754517
524.061218
524.437134
524.730530
524.143555
523.464722
523.598389
523.912109
523.475647
522.148315
521.147583
521.198792
521.523132
521.080566
520.129456
519.446167
519.564331
520.180969
520.832825
520.908447
520.229004
519.341431
518.862366
519.128784
519.522705
519.529724
519.620667
520.249329
521.235718
521.288330
520.180664
519.205750
519.295471
519.975098
520.253784
520.138062
520.384338
521.178467
522.296692
523.020386
523.129395
522.873779
522.480164
522.503418
523.314941
524.323242
524.715759
524.663513
525.198730
526.491943
527.259766
526.710449
525.368347
525.001099
525.932373
527.187012
527.857300
528.221069
528.966492
529.885010
530.377808
530.532593
530.372925
529.911011
529.491028
529.912598
531.233093
532.456421
533.009277
533.144531
533.679626
534.490784
534.700562
534.210022
534.033630
534.851990
535.843445
536.167419
536.124207
536.403076
537.147827
537.642151
537.487915
536.916809
536.432495
536.544067
537.169495
537.847595
538.019531
537.301514
536.365662
536.605530
538.030273
538.947144
538.188354
536.735229
535.948486
536.198059
536.767151
536.805664
536.309143
536.043396
536.064148
536.092712
535.941406
535.654419
534.951904
534.421326
534.250854
534.261292
533.742432
532.944946
532.682434
533.200928
533.547546
532.818848
531.487854
530.938416
531.256165
531.354736
530.467529
529.307495
528.696655
528.644531
528.687561
528.930603
529.184387
528.850403
527.708313
526.703857
526.639465
527.000061
526.597961
525.503662
524.644348
525.054443
525.799988
525.884216
525.034058
524.202393
523.825378
523.864014
523.851379
523.610474
522.963989
522.712402
523.176453
524.116699
524.138367
522.879700
521.214233
520.949402
522.256653
523.396606
522.917114
521.600647
520.828308
521.045349
521.477295
521.688110
521.619812
521.563538
521.739441
522.164795
522.652954
522.916809
522.812622
522.765686
523.238586
523.970337
524.220215
524.031494
524.324280
525.522156
526.727112
527.166931
527.161011
527.507874
528.269226
528.869690
528.946655
529.103088
529.718750
530.338745
530.778809
531.265747
531.864197
532.198730
532.345703
532.932312
533.985474
534.807312
534.914551
534.838684
535.580261
536.997864
537.970825
537.922729
537.785217
538.106567
538.735474
539.279724
539.886841
540.750854
541.604736
542.199402
542.531311
542.900696
543.335876
543.510254
543.705750
544.537842
545.724304
546.344727
546.133423
546.081604
546.700928
547.296448
547.210266
547.023193
547.350281
548.093567
548.545776
548.635498
548.879089
549.512024
550.085571
550.051453
549.907349
549.898010
549.820740
549.526184
549.625732
549.980347
550.456360
550.455994
550.367371
550.294189
550.360962
550.070435
549.648193
549.881531
550.803284
551.262878
550.987671
550.738281
551.029297
551.440552
551.339355
550.925232
550.487610
550.243042
549.930481
549.818054
549.948792
550.479004
550.331482
549.607605
548.716797
548.398621
548.178772
547.590454
546.935913
546.597473
546.435547
546.356201
545.895813
545.095947
543.892151
542.713867
542.079285
541.951782
541.758118
540.645020
539.048218
538.459961
539.133606
539.742676
539.139587
537.743408
536.505920
535.713989
535.157288
534.757202
534.506714
534.239563
533.607910
532.640198
531.812866
531.253540
530.548096
529.853699
529.302612
529.010925
528.441956
527.496521
526.883240
526.828125
526.854065
526.090515
525.125122
524.760193
524.654236
523.972412
522.649292
521.857666
522.320068
523.101135
523.346802
522.828430
522.230164
521.611633
520.976807
520.530579
520.635681
520.917908
520.808105
520.385437
520.382568
520.710083
520.586304
519.931580
519.594055
519.941772
520.445923
520.412842
520.229309
520.681458
521.552368
521.923828
521.438782
520.819580
520.777405
521.015320
521.254822
521.587097
522.069702
522.245483
522.112732
522.197266
522.687012
522.965088
522.781738
522.713257
523.383667
524.276123
524.591187
524.360413
524.602966
525.565674
526.447754
526.604736
526.577393
527.060608
527.888855
528.393738
528.461609
528.540588
528.933167
529.685303
530.633484
531.638428
532.365845
532.167847
531.592529
531.772400
532.753418
533.497131
533.564331
533.639099
534.345764
535.271057
535.732361
535.553040
535.602417
536.051880
536.323792
536.170593
536.217163
536.705872
537.271179
537.515259
537.558655
537.650330
537.752258
537.552917
537.325928
537.325806
537.386475
537.265198
537.258118
537.600220
537.980835
537.614197
536.670410
536.221191
536.687073
537.176270
536.915710
536.266968
535.849609
535.760681
535.668030
535.406067
535.114258
534.962952
534.623901
534.333252
534.319214
534.445068
533.978455
533.260742
532.817749
532.856628
532.598511
531.961304
531.383789
531.523621
531.823792
531.578186
530.630249
529.963501
529.875977
529.796265
529.301453
528.851257
528.634094
528.289368
527.771729
527.671997
527.950195
527.760803
526.698792
525.539551
525.239746
525.372375
524.858521
523.821777
523.022583
523.172913
523.613831
523.558350
522.931641
522.380615
522.006714
521.691040
521.365479
521.455505
521.441101
521.416443
521.491699
521.840149
521.791748
521.258179
520.815247
521.294434
522.378052
522.937378
522.371704
521.839783
522.196594
523.064453
523.307556
523.062744
523.045532
523.516052
524.147034
524.601807
525.054321
525.763245
526.405029
526.730652
526.737366
526.848694
527.116821
527.648254
528.541382
529.465271
529.791992
529.703796
529.969788
531.028687
532.044250
532.332031
532.111511
532.438904
533.721924
534.844360
535.005859
534.916260
535.359314
535.979553
536.131653
536.154541
536.498596
537.172607
538.162842
539.142944
539.904175
540.135193
540.008667
539.832764
540.271851
541.240112
541.848389
541.871155
542.188843
542.997986
543.663818
543.449951
543.051086
543.189880
543.935059
544.691956
545.060303
545.420654
545.915649
546.041748
545.883850
546.048340
546.775635
547.450562
547.526733
547.630249
548.294678
549.273315
549.896606
550.063904
550.266602
550.661560
550.802307
550.570984
550.596252
551.198486
551.904602
552.087952
551.966919
551.932922
552.053345
551.953918
551.890808
551.722290
551.487244
551.020935
550.604004
550.926697
551.694580
551.849915
550.940552
549.782410
549.316284
549.185791
548.807861
548.404907
548.094116
548.117676
547.849548
547.220642
546.355225
545.728699
545.130005
544.536682
544.005981
543.845154
543.486572
543.012085
542.468994
542.081177
541.165649
539.900146
538.791382
538.548401
538.625916
538.348450
537.702271
537.167725
536.747620
535.905151
534.484924
533.479248
533.414001
533.656738
533.216431
532.361206
531.932373
531.756226
531.339111
530.445190
529.540161
528.760803
528.010742
527.258301
526.882507
526.821655
526.678284
526.168396
525.606934
525.114990
524.506470
523.762390
523.220459
523.329773
523.652405
523.623901
523.287170
522.975037
522.824951
522.349854
521.631226
521.571045
522.165771
522.570007
522.209717
521.769714
521.887573
522.187134
522.044922
521.431458
520.989685
521.140747
521.327698
521.114929
520.918518
521.025024
521.230835
521.096436
520.823669
520.791626
520.786194
520.648865
520.608398
520.930176
521.458618
521.765320
522.042969
522.384033
522.801392
522.726135
522.220947
522.226135
523.242798
524.376526
524.852661
524.955444
525.363037
525.808777
526.063721
526.143250
526.513611
527.250854
527.899658
528.139221
528.523560
529.259033
529.965332
530.228394
530.437378
530.895874
531.315491
531.583496
532.062927
532.955078
533.842163
534.151672
534.096863
534.158997
534.580566
534.699341
534.400879
534.402161
535.129150
535.972412
536.292236
536.420593
536.798889
537.094421
536.892273
536.433350
536.437927
537.029236
537.548157
537.706970
537.818420
537.985535
537.814148
537.362671
537.036621
537.290161
537.602173
537.481750
537.052063
536.948425
537.206238
537.255371
536.873779
536.461731
536.077209
535.687683
535.309814
535.537476
536.240112
536.597778
535.971313
535.173035
534.883301
534.880066
534.279480
533.482849
533.065796
533.228516
533.304993
533.044250
532.634094
532.616516
532.456787
531.963928
531.076660
530.494507
530.151855
529.922546
529.753845
529.675659
529.309753
528.569702
527.734253
527.366455
527.012695
526.313904
525.466980
525.354370
526.016174
526.342896
525.599854
524.422668
523.670654
523.485962
523.218018
522.913208
522.734497
522.676392
522.426697
522.108887
521.996216
522.057556
521.864746
521.504639
521.258423
521.406128
521.421814
521.270874
521.301880
521.878784
522.380554
522.316956
521.952393
521.974548
522.248535
522.476868
522.526672
523.170227
524.313171
524.911987
524.412170
523.789429
523.949158
524.754639
525.192688
525.398315
525.687683
526.367676
527.026367
527.361267
527.518494
527.940979
528.485352
529.126953
529.713623
530.326965
530.598145
530.734985
531.142822
532.102478
532.608398
532.485474
532.443176
533.309082
534.472534
535.122803
535.101868
535.241028
536.083435
536.906738
536.880493
536.568909
536.909851
537.700745
538.297546
538.732056
539.139771
539.323730
539.214050
539.068237
539.642761
540.657959
541.214539
540.898010
540.784790
541.701721
543.171875
543.975891
543.930664
543.854797
544.304260
545.088684
545.794189
546.181763
546.451965
547.002258
547.882935
549.080261
549.859863
549.499695
548.417114
548.130005
549.398315
550.902100
551.316650
550.952820
551.062622
552.152283
552.975830
552.702209
551.822021
551.362671
551.846436
552.599915
552.885193
552.367920
551.592346
551.158386
551.473022
552.149048
552.130432
551.030334
550.075745
550.126831
550.524292
550.045959
548.979370
548.301758
548.702393
549.352783
548.910156
547.785400
546.825684
546.403564
546.291687
546.421265
546.370300
545.511597
544.047119
543.127930
543.154236
543.653259
542.952148
541.380493
540.305969
540.620544
540.696960
539.485718
537.764465
537.298218
537.980530
538.386658
537.347961
535.568787
534.176636
533.897034
533.889587
533.486267
532.578552
531.366943
530.465332
530.605896
531.489380
531.673706
530.287109
528.542419
527.876343
528.196716
528.065063
526.982422
525.973999
525.942078
526.473816
526.558899
525.743347
524.906616
524.642944
524.873962
524.957947
524.723022
524.048645
523.251953
522.949585
523.423706
523.881287
523.603943
522.821045
522.274963
522.196899
521.953796
521.127563
520.461975
520.674377
521.281372
521.414734
521.033081
520.864807
520.912598
520.801514
520.438049
519.999268
519.814697
519.833374
520.007019
520.648621
521.588135
522.191284
521.983704
521.540588
521.638794
521.920593
522.055054
522.286316
523.042542
524.012085
524.427917
524.308655
524.401794
525.221436
525.936035
525.680725
525.259766
525.814209
527.000427
527.796936
528.006531
528.229797
528.737244
529.279358
529.740234
530.109680
530.448669
530.709167
530.927429
531.684265
532.788635
533.457336
533.153564
532.783081
533.332764
534.200806
534.311707
534.014587
534.430176
535.881836
537.022766
537.078918
536.216431
535.694092
535.905762
536.363953
536.755493
537.058777
537.082520
536.964417
537.218079
538.024292
538.325012
537.683105
536.851929
536.930359
537.797852
538.094238
537.286560
536.653015
537.404480
538.684387
538.683899
537.417358
536.188049
536.062988
536.514709
536.785217
536.532349
536.214905
536.294678
536.681030
536.674377
535.958740
534.730652
533.759949
533.980713
535.287659
535.998474
535.092102
533.559814
532.991943
533.338806
533.301392
532.357849
531.062866
530.538269
530.607788
530.742859
530.584167
530.208130
529.605591
528.867310
528.188904
527.597900
526.787903
525.910889
525.452515
525.843994
526.292847
525.896362
524.767029
524.071228
524.052185
523.956604
523.167236
522.463623
522.650269
523.133850
522.989380
522.404785
522.098328
522.310242
522.460815
522.279663
521.886292
521.548035
521.071899
520.534424
520.461548
521.225952
522.141968
522.467773
522.236633
521.991577
521.909912
521.886780
521.988586
522.475647
523.034119
523.367371
523.596008
524.091858
524.608093
524.717285
524.366272
524.419250
525.448853
526.528442
526.466187
525.733398
525.625366
526.624390
527.813660
528.540771
528.677185
528.738892
528.973999
529.415955
530.002930
530.641968
530.929565
531.268921
531.823486
532.617065
532.863159
532.802612
532.895996
533.729248
534.442017
534.377869
533.929626
534.512146
535.919678
537.095642
537.152100
536.802856
536.990479
537.800903
538.304565
538.312805
538.375916
538.763672
539.311340
540.282349
541.590027
542.367249
542.272156
541.905945
542.538269
544.008911
545.281189
545.328247
544.899658
545.507507
547.164185
548.390808
548.471985
548.140381
548.455750
549.288208
550.070557
550.395325
550.457031
550.776733
551.404297
552.242249
552.862183
552.593262
551.575745
551.043091
551.744995
552.761108
552.704895
551.693115
551.131714
551.900574
552.950806
552.767822
551.524597
550.752075
551.076050
551.603027
551.477417
550.643372
549.879150
549.832764
550.443726
550.793945
550.040100
548.329712
547.109131
547.203735
547.961914
547.905090
546.954590
546.014526
545.860901
545.980164
545.363403
544.214050
543.479248
543.353516
543.147461
542.766602
542.438904
541.895996
540.890442
540.044434
539.716248
539.765869
539.083923
537.700684
536.649353
536.838135
537.271973
536.664978
535.108032
534.138794
534.276917
534.620422
534.049622
532.749512
531.875793
531.786743
532.179993
532.301697
531.749329
530.601196
529.296631
528.821899
529.564636
530.329590
529.870056
528.483643
527.519775
527.460876
527.406860
526.776733
525.604248
524.766907
524.624512
524.653320
524.344238
523.808105
523.078979
522.548645
522.380920
522.459351
522.089722
521.268433
520.739136
521.046570
521.503174
521.051392
519.938538
519.436890
520.059387
520.796875
520.285767
519.123779
518.675110
519.429565
520.363708
520.856812
521.020020
520.884033
520.558472
520.592896
521.136475
521.948425
522.148926
521.660950
521.476746
522.623352
524.144714
524.570435
523.912598
523.411560
523.901733
524.885376
525.357544
525.366089
525.545410
526.387634
527.450073
528.246826
528.624695
528.332336
527.759460
527.937561
529.078613
530.165710
530.178955
529.781006
530.297241
531.865601
533.336609
533.359985
532.500549
532.224670
533.043335
533.976013
534.313782
534.027344
533.920776
534.517578
535.861084
536.898315
536.903381
536.002808
535.582520
536.356262
537.463928
537.311646
536.284912
535.868896
536.718384
537.798828
537.868835
537.101196
536.686035
536.924194
537.327209
537.532227
537.714905
537.714478
537.267029
536.897827
537.295044
538.055298
538.176331
537.301147
536.570740
536.619141
536.754395
536.119690
535.225037
534.941833
535.627319
536.000549
535.474487
534.381775
533.637878
533.201172
532.813904
532.315979
531.868530
531.399475
531.024780
531.058472
531.669800
531.940552
531.093445
529.777893
529.119995
529.121460
528.818481
527.982666
527.141235
527.011597
527.286072
527.164795
526.478088
525.895935
525.473694
525.119080
524.593323
524.186829
523.807983
523.445984
523.494324
523.897644
524.017090
523.414490
522.546631
522.267639
522.448486
522.240356
521.351440
520.925049
521.839050
523.178223
523.513672
522.770569
522.084656
521.893738
521.789124
521.582153
521.447815
521.553223
521.588318
521.694580
522.226257
523.159424
523.649902
523.362793
522.785339
522.833862
523.128845
523.133240
522.836060
523.159058
524.194519
525.139465
525.185791
524.925842
524.897522
525.373474
525.950378
526.634888
527.289673
527.535583
527.226929
527.129150
527.963135
529.285156
529.895569
529.852417
529.957031
530.725769
531.578674
531.926758
532.115356
532.929688
534.251892
535.276978
535.718140
536.173767
536.794739
537.517517
537.962708
538.407349
538.871399
539.467529
540.368652
541.513306
542.360474
542.554077
542.357422
542.867554
544.342285
545.527832
545.317017
544.378052
544.381531
545.600891
546.987610
547.583557
547.494263
547.508789
548.196350
548.956604
549.504883
549.638855
549.537842
549.479187
550.342834
551.603577
552.028931
551.015503
549.942749
550.136780
551.435608
552.312134
551.995789
551.079407
551.064880
551.827576
552.576416
552.579529
552.024719
551.282898
550.685303
550.695740
551.306763
551.603210
550.996460
550.157715
550.233459
551.085144
551.344666
550.521179
549.445740
549.139465
549.397888
549.260010
548.624023
548.081543
548.116150
548.139587
547.642944
546.736633
545.991760
545.426453
545.169250
545.064087
544.927795
544.410339
544.087769
544.082764
544.398438
544.255371
543.138916
541.917297
541.739929
542.202881
541.993591
540.860901
539.845947
539.547974
539.758606
539.742371
538.942261
537.941406
536.988342
536.079346
535.259644
534.724365
534.269653
533.659973
533.247253
533.054199
532.371826
531.034058
529.587341
528.905701
528.747925
528.223267
527.112061
526.121094
525.990845
526.111023
525.427307
524.151367
523.288513
523.341980
523.601440
523.407654
522.996582
522.407654
521.639282
521.142883
521.377014
521.881775
521.704163
520.735840
519.782043
519.559753
519.829590
519.806458
519.495239
519.489807
519.841980
520.003662
519.709351
519.573975
519.758911
520.021240
519.996094
519.991394
520.361755
520.681091
520.454834
520.472534
521.125854
521.906006
521.786072
521.218201
521.295288
522.121216
522.730164
522.484741
522.079041
522.799194
524.176880
525.190613
525.300781
525.164734
525.230408
525.448059
525.692444
526.063110
526.468628
526.947083
527.629883
528.544556
529.313660
529.599609
529.545288
529.897156
530.793457
531.227478
530.569092
529.846375
530.515808
532.260071
533.639771
533.683533
532.940308
532.379028
532.596863
533.281311
534.099854
534.724854
535.038635
535.042542
535.279907
535.716309
535.964233
535.836182
535.827942
536.342407
537.025574
537.182983
537.061768
537.190063
537.697205
537.820862
537.376160
537.086914
537.255005
537.600830
537.453735
537.004211
537.097595
537.567444
537.686340
537.293335
536.976318
536.835083
536.437805
536.013794
535.886719
536.035034
536.046143
535.527283
535.055603
534.998535
534.989624
534.264893
533.181641
532.638245
532.737244
532.643311
532.190552
531.638306
531.445557
531.068359
530.535706
529.956726
529.621887
529.332764
528.826782
528.311707
528.461060
528.698730
528.359192
527.485352
527.114807
527.157715
526.813354
525.894653
524.980103
524.741455
524.927246
524.648376
524.138489
523.921326
523.968872
523.757629
523.166626
522.487671
521.942444
521.683044
521.754089
522.103638
522.453613
522.239197
521.836975
521.793335
522.180664
522.035095
521.144653
520.656006
521.517212
522.934082
523.153320
522.125671
521.356201
521.568848
522.388245
522.903259
522.883911
522.768799
522.793945
523.148071
523.717773
524.534485
524.979126
524.784546
524.630249
525.242737
526.227173
526.842957
526.828247
526.846191
527.146729
527.571045
527.853027
528.224609
528.913208
529.519897
529.640869
529.691162
530.242432
530.959106
531.180481
531.030273
531.191162
531.671204
531.950928
532.085571
532.693054
533.941345
535.055481
535.369385
535.268372
535.693909
536.503052
537.037598
537.027405
537.306885
538.205688
539.503418
540.646362
541.452393
541.659424
541.623230
541.664001
542.533020
543.678589
544.591492
544.959412
545.421143
546.735718
548.329224
548.933655
548.341370
547.751221
547.912842
548.326721
548.720703
549.275024
550.092346
551.003418
551.593018
551.799683
551.664673
551.484497
551.188721
551.226379
551.616211
551.978760
551.893921
551.730103
552.069275
552.760681
552.800354
551.999756
551.150208
551.001343
551.206726
551.237793
551.097473
551.389771
551.851501
551.827637
551.193970
550.730042
550.416382
549.754150
548.895630
548.679626
549.086609
549.330078
548.642883
547.398254
546.672852
546.657593
546.394348
545.669861
544.897583
544.495911
544.117310
543.611023
542.977844
542.381958
541.733093
541.138123
540.684998
540.307861
539.469238
538.519226
537.934937
538.240356
538.586243
537.749695
535.948730
534.686523
534.676575
535.026672
534.792480
534.071838
533.176331
532.477417
531.967651
531.375549
530.773621
530.130127
529.583984
529.370117
529.605896
529.662720
529.172058
528.406982
527.991516
527.893311
527.415710
526.578369
526.106628
526.340698
526.592712
526.258484
525.725403
525.446350
525.195862
524.316040
523.077271
522.460327
522.642273
522.847168
522.645508
522.575745
522.960999
523.045410
522.445618
521.363159
520.631531
520.278625
519.883728
519.564514
519.766174
520.494141
521.080322
521.031067
520.717957
520.405701
520.245667
520.284058
520.523926
520.972412
521.245972
521.501709
522.089844
522.891479
523.303589
522.624023
521.524597
521.326233
522.323975
523.432190
523.835693
523.983154
524.624634
525.488586
526.341125
526.901855
527.191650
527.097229
526.914246
527.160461
528.109131
529.114502
529.664856
529.751953
530.139160
530.989014
531.663940
531.680542
531.580322
532.096497
532.902405
533.382385
533.601929
533.779846
534.120850
534.350586
534.633240
535.340454
536.157349
536.357910
535.901794
535.689453
536.123108
536.590698
536.687439
536.581604
536.700134
537.129578
537.499756
537.644531
537.766052
537.988281
537.771851
537.404480
537.302490
537.593140
537.683411
537.615784
537.807312
538.217468
538.132812
537.516357
536.861328
536.788086
536.974976
536.683899
536.010254
535.849487
536.315735
536.628296
536.269531
535.786499
535.791321
535.654175
535.045044
534.308594
534.008972
534.032471
533.811462
533.321472
532.945862
532.831299
532.573853
531.932617
531.195557
530.852356
530.524353
530.094543
529.456177
528.800659
527.982056
527.348328
527.064941
527.130005
526.852600
526.070251
525.455994
525.860718
526.641235
526.221619
524.457458
523.002380
522.927185
523.494385
523.524841
522.987061
522.714600
522.860596
522.965332
522.458191
521.788574
521.394165
521.420227
521.686218
521.865723
521.844482
521.577576
521.547302
521.825928
522.118408
521.628662
520.768860
520.743958
521.953613
523.034241
523.088074
522.586731
522.904663
524.069458
524.980347
524.737183
523.983887
523.696167
524.022522
524.650024
525.492798
526.234009
526.462219
526.247375
526.432434
527.478027
528.555298
528.701294
528.138916
528.260315
529.500366
530.833557
531.271179
530.911682
530.850220
531.449585
532.320496
532.918640
533.226440
533.582703
534.207214
534.924377
535.567627
535.557922
534.631592
533.746643
534.295654
536.041809
537.431458
537.493896
537.150940
537.681152
539.009705
539.909302
539.715332
539.400330
539.875732
541.063110
542.072815
542.507874
542.586914
542.970093
543.658936
544.598511
545.252991
545.538574
545.533752
546.176819
547.308716
548.289429
548.341492
548.083862
548.651978
550.088074
551.174194
551.245605
550.735291
550.544067
550.725586
551.152893
551.672119
551.857788
551.572388
551.043152
551.210266
552.326233
553.451050
553.042480
551.604065
550.778198
551.354431
552.079163
551.943787
551.178894
550.800049
550.911682
550.971436
550.387512
549.623779
549.126587
549.039795
549.041016
548.879333
548.124390
546.800537
545.872192
546.407227
547.592224
547.718445
546.231689
544.695557
544.321960
544.765076
544.587952
543.445374
542.401184
542.094116
541.873413
541.320984
540.422485
539.694763
539.099854
538.745361
538.222412
537.559509
536.749817
536.075500
535.740417
535.730774
535.145020
533.878418
532.779114
532.784729
533.495361
533.683289
532.756958
531.757263
531.439636
531.579346
531.342041
530.758850
530.107910
529.450989
529.145386
529.062134
528.994080
528.664062
527.908875
527.044312
526.632324
526.601074
526.126831
525.193604
524.520325
524.504456
524.620850
524.311157
523.601013
522.816772
522.170532
521.631592
521.305237
521.373230
521.404053
520.751343
519.818665
519.692322
520.451904
521.003052
520.644958
520.173889
520.300598
520.687988
520.538086
519.982422
519.922974
520.468994
521.061646
521.307007
521.396667
521.592163
521.709595
521.752014
521.943787
522.628174
523.124329
523.005798
522.767273
523.226990
524.203613
525.049133
525.608826
525.895020
526.063904
525.988281
525.782959
526.281738
527.439758
528.237366
528.112366
527.871033
528.565125
529.704651
530.425720
530.338318
530.128113
530.494995
531.289429
531.860107
532.316406
532.828857
533.579834
534.186157
534.505005
534.525452
534.304810
534.255981
534.801514
535.594421
535.973694
535.768311
535.966309
536.871033
537.916260
537.927246
536.780029
535.974915
536.363647
537.416748
537.995728
537.838318
537.372498
536.896545
536.854309
537.577271
538.414368
538.558411
537.659180
536.800598
536.960938
537.773926
537.790955
536.821045
536.029907
536.427124
537.172485
537.208191
536.467529
535.870483
535.790527
535.935425
535.746277
535.159485
534.439575
533.792786
533.530701
533.992798
534.599487
534.195923
532.652588
531.335388
531.192017
531.527100
531.225830
530.379578
529.689697
529.614624
529.557312
529.096558
528.296692
527.622314
527.180542
526.852844
526.430420
526.100220
525.475098
524.832397
524.449646
524.591736
524.373901
523.361206
522.878845
523.594482
524.255005
523.779785
522.566223
521.623230
521.508728
522.624207
523.564941
523.012207
521.754028
520.781250
520.473633
521.330933
522.686584
522.609375
521.036133
520.501648
521.699829
523.175171
523.178589
522.081055
521.403259
522.220093
523.464844
523.707581
522.960205
522.871460
523.797424
524.991272
525.285095
524.901245
524.638611
525.084045
526.098145
527.400391
528.246460
528.063599
527.245361
527.178101
528.355042
529.508789
529.619934
529.285950
529.626160
530.839661
531.973022
532.183167
532.082214
531.981445
532.451660
533.425171
534.425598
535.359131
536.023804
536.258179
536.518921
536.985413
537.048706
536.427795
536.509888
538.018616
539.313843
539.569153
539.090393
539.158203
540.438232
541.702515
541.769958
541.126892
540.962646
541.519897
542.076721
542.584900
543.115845
543.590698
543.899414
544.112122
544.769104
545.538025
545.898376
545.849365
546.265076
547.202637
548.002808
547.994263
547.772278
548.117126
549.050476
549.741333
549.946350
549.747559
549.966675
550.465149
551.249268
551.911865
551.986023
551.040283
549.889038
550.004639
551.548340
552.763916
552.357788
551.013184
550.644958
551.445557
552.061523
551.638306
550.559937
549.957947
549.959839
550.338989
550.385803
550.074280
549.462708
548.731506
548.132080
547.926392
547.430298
546.635376
546.005188
545.994385
545.837646
544.968201
543.931213
543.480103
543.596802
543.477905
542.440063
541.307983
540.881348
540.944702
540.646362
539.963013
539.306030
538.570923
537.700073
537.071106
536.791626
536.544067
535.722961
534.636047
533.885254
533.753662
533.352051
532.196655
530.849426
530.348083
530.463989
530.323425
529.514282
528.698669
528.100952
527.790100
527.598999
527.264771
526.642151
525.571106
524.436523
524.093994
524.692505
525.318359
524.920837
524.072144
523.853210
524.190308
524.427673
524.083435
523.565674
523.252319
523.086060
522.963196
522.851196
522.970032
522.939087
522.752563
522.522644
522.248840
521.849792
521.335022
521.260681
521.694336
521.824402
521.160583
520.251404
520.420837
521.540405
522.116394
521.352234
520.065918
519.554993
520.091553
520.957886
521.650208
522.061401
522.185120
522.014465
521.973511
522.504395
523.170898
523.267334
523.136536
523.541565
524.499146
525.222473
525.357361
525.461731
526.239929
527.249512
527.576050
527.379822
527.523621
528.320374
529.170532
529.752380
530.077271
530.323364
530.658203
531.171265
532.031616
533.075806
533.410950
532.773193
532.164551
532.652954
533.950867
534.765747
534.738525
534.609314
534.912659
535.506165
535.762878
535.747498
535.750244
536.162476
536.845215
537.373413
537.416809
537.187744
536.988525
537.253357
537.797607
537.994141
537.325745
536.809692
537.107483
538.069275
538.498352
537.668884
536.583191
536.337280
536.822693
537.214600
537.252563
537.272949
537.093079
536.614868
536.343323
536.317200
536.518372
536.161438
535.451233
535.158081
535.508789
535.704041
535.009094
533.972473
533.686096
533.955017
533.861084
533.110107
532.492371
532.440918
532.613159
532.525146
531.893494
530.893005
529.898071
529.234619
529.480530
530.406006
530.653259
529.309753
527.463806
526.591431
526.805176
527.010864
526.656311
525.819214
525.378784
525.128052
524.691101
523.990417
523.681580
523.605896
523.344543
522.793579
522.342651
522.064453
522.090393
522.166382
522.234131
521.898132
521.406555
521.182495
521.538879
522.042603
522.016663
521.409912
521.033752
521.398071
522.018188
522.071594
521.829346
521.985901
522.353088
522.480896
522.524719
522.967041
523.574524
523.733337
523.593750
523.731567
524.408691
525.134399
525.238708
525.109802
525.323914
526.001831
526.713379
527.356628
528.060974
528.456421
528.523987
528.665710
529.377258
530.397644
531.003784
531.144043
531.706177
532.879272
533.695679
533.412781
532.904114
533.293579
534.393372
535.145142
535.342102
535.716553
536.673889
537.497559
537.767944
537.806030
538.292114
539.213989
540.050720
540.540466
540.785156
540.979553
541.011719
541.275146
542.197815
543.315674
543.933411
543.973145
544.262756
544.836914
545.227783
545.350891
545.415344
545.861938
546.168884
546.074829
545.981934
546.499146
547.217529
547.333008
547.078491
547.327087
547.898926
548.263062
547.955383
547.997314
548.690430
549.574585
549.627563
549.279541
549.263733
549.725708
549.954102
550.015076
550.130676
550.649597
550.927856
550.858276
550.586121
550.506958
550.570740
550.704346
550.833618
551.160767
551.139404
550.551270
549.965576
550.183594
550.758606
550.762817
549.990356
549.209595
548.678589
548.429321
548.255493
548.200745
548.013916
547.230530
545.782898
544.696228
544.598450
544.909912
544.423584
543.213196
542.275024
541.944641
541.729919
541.335510
540.655701
539.891357
538.893921
537.967529
537.528748
537.529114
537.190002
535.861023
534.422485
534.081726
534.433777
534.351257
533.519043
532.737549
532.389465
531.959717
531.210022
530.389038
529.998291
529.663269
528.941895
528.010803
527.436157
526.984436
526.434265
525.629028
525.263550
525.261963
525.224182
524.654663
523.845703
523.172058
522.846008
522.790894
523.028870
523.130920
522.723572
521.493530
520.396973
520.585388
521.473083
521.820862
521.285706
520.701416
520.731140
521.057739
521.312805
521.198425
521.035522
521.010742
520.893188
520.821167
520.915039
521.039001
520.989746
520.953430
521.462646
521.907898
521.798828
521.396423
521.426758
521.733276
521.865417
521.908691
522.249878
523.043884
523.785645
523.514832
522.754211
522.781677
523.685669
524.401917
524.654114
524.929199
525.291992
525.546509
525.790100
526.121643
526.766418
527.429993
527.897461
528.292358
528.816284
529.243774
529.331848
529.535522
530.354126
531.393860
532.020874
532.098999
532.473999
533.176575
533.729492
533.898682
534.107788
534.618408
535.189453
535.215210
535.073853
535.300171
535.919556
536.070801
535.889038
535.982300
536.480713
536.737488
536.678772
536.929688
537.778015
538.338562
538.008057
537.155457
536.791931
537.114563
537.491943
537.504578
537.209839
537.108887
537.002930
536.858398
536.708069
536.645752
536.447571
536.269592
536.211609
536.160828
535.698303
534.625793
533.863647
534.410278
535.415710
535.425598
534.311462
533.275757
533.174133
533.523132
533.367432
532.264343
531.259827
531.129395
531.480835
531.659729
531.507263
530.739258
529.656128
529.074707
529.089294
529.045288
528.402344
527.598938
527.037170
527.076111
527.168701
526.873108
526.370605
526.273926
526.098938
525.356140
524.411865
524.133484
524.454468
524.713196
524.595764
524.415588
524.237610
523.708252
522.932373
522.512695
522.743103
522.931396
522.587036
522.129211
522.295471
522.860046
523.016113
522.382629
521.743530
521.726868
522.050232
522.081360
521.716187
521.596313
521.682373
522.087646
522.629272
522.804504
522.172119
521.296875
521.406555
523.018616
524.740540
524.857422
523.494141
522.665833
523.416565
524.652527
525.079956
524.795410
524.923279
525.779846
526.943909
527.759705
528.228088
528.283752
528.342346
528.862244
530.120728
531.278687
531.689758
531.638489
532.220825
533.499878
534.550110
534.789001
534.819946
535.470154
536.341980
536.728455
536.815186
537.397217
538.404907
539.153931
539.505554
539.925110
540.447205
540.797058
541.023438
541.665710
542.506958
542.978577
542.751831
542.935486
544.231323
545.734680
546.043701
545.458862
545.536072
546.698792
547.757629
547.783508
547.149231
547.363708
548.670532
550.122803
550.604126
550.124817
549.406860
549.418030
550.245850
551.366699
551.608887
550.711975
549.752441
550.200012
551.697693
552.585144
551.933167
551.095032
551.060730
551.837524
552.182251
551.703247
551.143860
551.307983
551.649475
551.550964
550.836609
550.368835
550.157654
550.376404
550.579407
550.195068
549.144836
548.311584
548.376953
549.046936
549.132019
548.196411
547.112061
546.963806
547.254150
546.795837
545.435730
544.781860
545.440979
546.460876
546.407837
545.346130
544.193787
543.651489
543.543396
543.600891
543.231079
542.547485
541.725281
541.465698
541.568115
541.464233
540.331543
539.202087
538.736755
538.940491
538.691345
537.632812
536.421265
536.012024
535.854431
535.008118
533.458618
532.403625
532.280884
532.416443
532.207642
531.707581
530.827881
529.577820
528.354797
527.624939
527.394043
526.908752
526.173096
525.653076
525.728455
525.776550
524.715881
522.928955
521.980347
522.323242
522.879944
522.532166
521.701233
521.307617
521.447632
521.531860
521.116455
520.243530
519.598022
519.702271
520.343994
520.660767
520.332764
519.485840
519.153198
520.130127
521.611938
521.565308
519.939209
518.556946
518.889526
520.197083
521.278015
521.317932
521.058472
521.248108
521.686646
521.724243
521.424011
521.202820
521.591431
522.511292
523.648926
524.195007
523.902466
523.576599
524.245728
525.521240
525.978821
525.106323
524.445679
525.358093
527.449402
528.783020
528.369873
527.405212
527.278259
527.857361
528.511719
529.071960
529.798462
530.463196
531.077271
531.567078
531.975708
532.027283
531.730042
531.787720
532.807495
534.081848
534.517029
534.055237
533.943176
534.666077
535.644165
535.704651
535.035645
534.770691
535.376160
536.342834
537.106018
537.319641
536.970093
536.364624
536.195557
537.005249
538.090759
538.220459
537.154724
536.364990
536.983337
538.197205
538.482788
537.739380
536.967529
537.033875
537.460388
537.630310
537.269714
536.808411
536.483704
536.501770
536.801514
536.864197
536.063171
534.916382
534.546448
535.082947
535.376770
534.782898
533.782532
533.346741
533.514954
533.305054
532.350952
531.645142
531.665283
531.635376
531.059753
530.476318
530.296326
530.154358
529.744202
529.286682
528.993286
528.643982
527.911377
527.007751
526.569580
526.688354
526.667664
526.198608
525.688171
525.504700
525.391052
524.939148
524.263550
523.844910
523.629700
523.492432
523.532166
523.653687
523.333191
522.498840
521.846436
522.324707
523.456543
523.736511
522.499023
521.137390
521.108032
521.981873
522.407227
522.111633
521.444397
521.065552
521.063293
521.424927
521.939209
522.408447
522.463135
522.278809
522.438232
523.086731
523.400024
523.139587
523.076111
523.833984
524.666199
524.872986
524.658813
524.827881
525.507874
526.162292
526.409851
526.618896
527.109131
527.485596
527.634216
527.978088
528.801392
529.511353
529.672852
529.691711
530.176147
531.020447
531.638855
531.794189
532.242798
533.194336
534.108948
534.427368
534.359192
534.454956
534.870667
535.595825
536.555237
537.434814
537.770508
537.617981
537.513977
538.020691
538.497742
538.585938
538.429260
538.862671
540.137573
541.184814
541.186951
540.735046
540.726929
541.354736
541.974182
542.398132
542.654175
542.752197
543.076355
543.846130
545.125488
546.034790
546.048157
545.661377
545.913208
546.835693
547.637451
547.716064
547.828308
548.535400
549.636963
550.088196
550.063477
550.165710
550.650391
551.051575
551.166626
551.209839
551.383545
551.513428
551.600891
551.879700
552.311951
552.237976
551.558838
551.300415
551.808960
552.243103
551.566345
550.406860
550.015564
550.908875
551.613831
551.053406
549.531738
548.667297
548.671326
548.902710
548.567078
547.772644
547.083557
546.936096
547.040527
546.851868
545.860352
544.717896
544.188660
544.355164
544.296631
543.112549
541.398071
540.780762
541.718323
542.668518
541.711487
539.555359
538.137329
538.302856
538.888306
538.428467
536.734558
535.120911
534.617920
535.196960
535.338501
534.490967
532.725586
531.542542
531.432129
531.807129
531.167603
529.614990
528.572144
528.816895
529.048645
528.173157
526.408386
525.698120
526.214294
526.369751
525.179199
523.336121
522.635193
523.251221
523.953064
523.924072
523.132996
522.200439
521.730286
522.029358
522.742188
522.492004
521.217285
519.911133
519.752258
520.625671
521.116394
520.600525
519.846985
519.923096
520.197327
519.871338
519.375122
519.480408
520.132141
520.586548
520.418945
520.147644
520.384460
520.968933
521.306641
521.572266
521.864929
521.854553
521.411133
521.297363
521.879578
522.746826
522.882690
522.289856
522.118835
522.818909
523.409790
523.373413
523.271179
523.795410
524.677002
525.359985
525.237732
524.911133
525.265137
526.161804
526.878174
527.106140
527.015381
526.924194
527.603638
529.010742
530.259705
530.295959
529.509277
529.331848
530.398438
531.642578
531.952087
531.739258
532.213196
533.339294
534.410400
534.488464
534.135986
534.417725
535.240906
535.748596
535.754456
535.685059
535.728149
536.041992
536.828613
537.392883
537.374146
537.210938
537.340698
537.771362
537.986694
537.511536
536.909851
537.005005
537.757812
538.066467
537.338684
536.783813
537.172058
537.845764
537.711548
536.837280
536.285706
536.345459
536.602051
536.958862
536.904419
536.436401
535.622009
535.058838
535.095642
535.394104
535.205261
534.324951
533.579895
533.683960
533.880005
533.494751
532.864441
532.757324
532.966248
532.694031
532.016541
531.451538
531.347839
531.291687
530.917908
530.666931
530.628967
530.342041
529.389832
528.543640
528.574036
528.762085
528.237793
527.235291
526.619873
526.861755
526.884277
526.119263
524.869629
524.607056
525.126038
525.259033
524.478516
523.516174
522.952271
523.081787
523.263184
522.910767
521.737244
520.791748
520.895264
522.022888
522.745728
522.223938
520.819092
520.243713
521.043640
522.169128
522.255249
521.691528
521.496155
521.926514
522.311035
522.447266
522.471619
522.531006
522.449524
522.473328
522.864929
523.618835
524.188293
524.564819
524.952209
525.362671
525.535217
525.581726
525.915588
526.766235
527.605591
527.882812
527.988831
528.752136
529.644653
529.969299
529.751831
530.060974
531.435852
532.824646
532.992859
532.320496
532.065125
532.789062
533.735901
534.469238
535.011902
535.512939
535.877136
535.951904
536.167480
536.904663
537.916992
538.778503
539.255554
539.428406
539.509460
539.757996
540.421082
541.458618
542.145203
541.998230
541.657898
542.010071
542.885376
543.530457
543.657715
543.667053
544.139160
544.527222
544.355408
544.118591
544.671997
545.547485
546.014465
546.049866
546.258118
546.593567
546.970886
546.986145
547.331787
548.072510
548.817444
548.935974
549.044617
549.352112
549.787903
549.771851
549.705933
549.937134
550.498230
550.858887
551.112244
551.273804
551.420715
551.048401
550.620239
550.536926
551.054565
551.345947
550.722839
549.805542
549.910278
550.741760
551.177734
550.619019
549.753784
548.978882
548.595764
548.411560
548.386597
548.217407
547.869507
547.374207
546.862854
546.283997
545.406860
544.340088
543.794434
543.856384
544.015198
543.244873
541.898926
541.008850
540.740173
540.316101
539.467285
538.567261
538.002625
537.467773
536.972839
536.585083
536.489014
536.350464
535.458435
534.182068
533.397522
533.192688
532.740540
532.026733
531.569275
531.361267
530.740845
529.596313
528.391602
527.974121
527.865540
527.512451
526.636414
526.312988
526.437500
526.220825
525.153259
524.069885
523.614380
523.830322
523.968750
523.744385
523.146973
522.369385
521.564331
521.160767
521.287903
521.486450
521.096680
520.548279
520.691162
521.355469
521.523254
520.795898
520.069641
520.152588
520.609375
520.702881
520.529724
520.730957
521.135132
521.381653
521.103149
520.904419
521.123047
521.676941
521.821716
521.615845
521.344971
521.554138
522.188660
523.032349
523.268005
522.806335
521.887634
521.704163
522.821350
524.339722
524.630981
524.024536
523.782837
524.329529
525.027771
525.476807
525.427673
525.482605
526.001953
526.855225
527.528198
528.071594
528.313660
528.228027
528.206604
528.789368
529.636719
530.447021
531.150696
531.975586
532.430542
532.216309
531.831909
532.147888
533.104980
533.979797
534.000732
533.806396
534.290039
535.388428
536.148010
536.181030
535.964355
535.770264
535.646545
536.062866
536.975708
537.794495
537.636108
536.830933
536.514771
537.144287
537.754700
537.328125
536.327942
536.137146
537.240967
538.314941
538.250000
537.409241
536.665894
536.397583
536.525085
536.608093
536.296082
535.748718
535.469482
536.013428
537.163818
537.585693
536.148071
533.865295
532.991211
533.943115
534.787598
534.286621
533.023560
532.580566
532.995911
533.250549
532.494446
531.219849
530.444519
530.615112
530.957642
530.852356
530.200500
529.256042
528.803101
529.014343
529.203552
528.540649
527.527893
527.231567
527.650146
527.681519
526.875916
526.159668
526.631897
527.569641
527.223450
525.572998
524.184326
524.240845
525.072205
525.454834
524.713562
523.594299
522.921753
523.130371
523.551941
523.627441
522.827698
521.895203
521.872253
522.849915
523.268982
522.161987
520.495300
520.206787
521.554016
522.788452
522.578186
521.515015
521.202393
521.664978
522.080994
522.125671
522.246460
522.515259
522.485657
522.421326
523.006958
524.025635
524.561401
524.321106
524.130554
524.749207
525.659424
526.205505
526.455750
527.280029
528.412842
528.816528
528.289795
528.014587
528.686951
529.954529
530.956604
531.516357
531.722229
532.195068
533.287048
534.454956
535.026917
534.807495
534.690979
535.442383
536.965027
538.045532
537.489868
536.370056
536.667664
538.502014
540.239380
540.611755
540.309937
540.439575
541.270569
542.304443
542.839783
542.887817
542.999084
543.592224
544.549255
545.365479
545.662354
545.562927
545.732178
546.747864
547.850708
547.922302
547.337524
547.495850
548.718750
549.718140
549.630615
548.973145
549.189026
550.317810
551.081055
550.813171
550.261963
550.110291
550.389404
550.690674
551.290100
551.695129
551.687317
551.063232
550.582886
550.589355
550.762817
550.313904
549.897278
549.992065
550.556335
550.437256
549.833252
549.403931
549.831421
550.130859
549.801819
548.992188
548.562439
548.680359
548.963379
548.810425
548.436401
548.019775
547.632690
547.293457
547.572937
547.817566
547.142761
545.897522
545.405273
545.785767
545.957703
544.909912
543.451538
542.855103
543.421692
543.609985
542.740356
541.264038
540.458008
540.329163
540.472778
540.119019
539.275391
538.062439
537.202454
536.693665
536.367554
535.492615
534.197144
533.340698
533.367004
533.247864
531.907410
529.914001
528.966125
529.452332
530.267578
530.147095
528.943848
527.583740
526.600586
526.345703
526.687744
526.828491
525.933533
524.236328
523.089722
523.450928
524.338501
524.039551
522.302246
520.825623
521.120178
522.481812
523.067627
521.999817
520.139343
519.054688
519.458923
520.809204
521.815247
521.288513
519.299988
517.516174
517.874084
520.195190
522.018372
521.709473
519.919800
518.526306
518.745850
520.208130
521.496826
521.578064
520.820801
520.332397
520.860229
522.325623
523.173035
522.376282
521.044739
521.198364
522.930359
524.422974
524.439392
523.660278
523.520325
524.363098
525.251648
525.518433
525.689697
526.392578
527.239258
527.832092
528.186829
528.232788
527.947876
527.810242
528.603638
529.955627
530.700867
530.446167
530.239990
531.171631
532.746582
533.418274
532.654358
531.884277
532.283752
533.510071
534.307983
534.426514
534.366638
534.591370
535.122070
535.847534
536.038757
535.645935
535.142700
535.511169
536.613586
537.351318
536.982239
536.330811
536.745239
538.224792
538.940002
538.044067
536.657898
536.451416
537.341187
538.072937
538.168091
537.528015
536.815063
536.588745
537.031982
537.573975
537.296265
536.077393
535.119751
535.757751
537.482422
537.913391
536.252136
534.107178
533.593140
534.796997
535.846924
535.212524
533.545654
532.468506
532.464294
533.153625
533.862610
533.547852
531.883179
530.211487
529.948425
530.916687
531.647766
530.710999
528.718140
527.702637
528.477112
529.394226
528.949768
527.476746
526.237671
525.991394
526.526428
526.648743
525.823853
524.642883
524.308350
524.911621
525.395447
524.505127
522.900208
522.456116
523.685242
524.657654
523.832764
521.727661
520.721924
521.918518
523.693604
523.970337
522.647705
521.044189
520.487854
521.134705
522.342590
522.759460
522.087036
521.140137
521.071350
522.175720
523.137939
522.485413
521.345337
521.603577
523.201904
524.132141
523.462646
522.210388
522.281860
523.650146
524.801697
524.465393
523.737854
523.891602
525.090271
526.265503
526.729675
526.282776
525.352234
525.020996
525.983643
527.621826
528.442444
527.908264
527.340210
528.121704
529.729187
530.595093
530.070312
529.592346
530.192505
531.716797
532.812439
533.014893
532.857544
533.235413
534.314758
535.451538
535.876526
535.403015
535.048767
535.952698
537.837402
539.047729
538.783264
538.058105
538.738647
541.036316
542.928833
542.851929
541.553955
541.049377
542.031555
543.749390
544.989685
545.266174
544.824768
544.714966
545.454529
546.958557
547.932068
548.012390
547.741211
548.308350
549.446594
550.146057
549.712585
549.216797
549.770203
551.026245
551.511536
551.122192
550.860168
551.496155
552.401550
552.747192
552.383179
551.956848
551.722351
551.692383
552.098022
552.459351
552.090698
551.207214
550.956909
551.696960
552.337341
551.792114
550.530823
549.986511
550.871094
551.352844
550.442871
548.958862
548.624756
549.183044
549.440063
548.606323
547.345337
546.578918
546.765564
546.941589
546.518188
545.333374
544.210266
543.758667
543.925293
543.890808
542.742676
540.998047
540.326782
541.038025
541.920288
541.463562
540.039429
538.810181
538.534912
538.661438
538.329895
537.453064
536.648743
535.981018
535.634949
535.221863
534.684021
533.768005
532.921814
532.380920
532.422119
532.353943
531.813965
531.121887
531.061523
531.025330
530.459290
529.633972
529.140930
529.042969
528.665344
527.647095
526.864441
527.020142
527.522461
527.412964
526.811279
526.339233
526.040466
525.576965
524.735718
523.924988
523.565552
523.416870
523.184814
522.892883
522.660583
522.299744
522.001770
521.945862
521.772034
521.241882
520.550720
520.439392
521.160278
521.582886
521.086060
520.270874
520.312500
521.204895
521.411133
520.163757
518.650146
518.780701
520.511902
522.041077
522.426697
521.930908
521.497070
521.714722
522.422913
523.038452
523.122925
522.971252
523.197632
524.051147
524.998840
525.288513
525.243408
525.617493
526.635925
527.302063
526.905334
526.444458
527.252930
528.823792
529.561401
529.113525
528.754456
529.422180
530.763489
531.467041
531.134399
530.623169
530.686157
531.487732
532.857239
534.121826
534.427917
533.734192
533.403442
534.276550
535.484009
535.811157
535.146606
534.834534
535.584167
536.613037
536.875916
536.475220
536.429443
536.829773
537.077515
537.175537
537.289429
537.549377
537.658386
537.852112
538.043457
537.944519
537.427917
536.687744
536.844421
538.007812
538.658386
537.870239
536.657410
536.347839
536.932983
537.247131
536.928162
536.095215
535.675903
535.652466
535.781189
535.862976
535.704468
534.907837
534.096985
534.024048
534.752441
534.927185
533.868103
532.604614
532.529419
533.289551
533.235413
532.031189
530.923096
530.912354
531.465698
531.409851
530.636230
529.946533
529.673035
529.506226
529.459839
529.504578
529.297668
528.597351
527.901794
527.521912
527.339050
526.672302
525.878235
525.660767
526.127380
526.118835
525.160828
524.040161
523.689758
523.816345
523.755249
523.024658
522.352905
522.094116
522.202393
522.410706
522.520203
522.234985
521.449280
520.640869
520.760742
521.775574
522.627930
522.216187
521.361328
521.217712
521.689636
522.034302
522.068237
521.857056
521.810852
522.117126
522.789368
523.438416
524.119324
524.396667
524.182129
524.250366
525.048950
525.725159
525.693054
525.461548
525.852966
526.639404
527.544983
528.163208
528.726624
529.230591
529.727905
530.136108
530.778564
531.568298
531.811401
531.235291
531.089111
532.041016
533.544983
534.379456
534.649170
534.930054
535.507568
535.940186
536.169678
536.706970
537.767517
538.608337
538.817932
538.831970
539.264038
540.104980
540.755127
541.232361
541.789795
542.553467
543.186584
543.617920
544.066711
544.452393
544.663696
544.974976
545.569946
546.467957
546.757874
546.315125
546.093323
546.805664
547.994934
548.661438
548.569214
548.408142
548.530090
548.930176
549.156921
549.632019
550.126587
550.192505
549.706665
549.594177
550.016724
550.601379
550.395142
549.804382
549.386780
549.666626
549.741699
549.624512
549.418701
549.590698
549.642212
549.636230
549.543701
549.660522
549.530884
549.068542
548.933655
549.600098
550.244324
550.141174
549.436279
548.950500
548.964966
548.919922
548.684692
548.650635
548.868347
548.679626
547.957397
547.385925
547.333801
547.235291
546.475830
545.319031
544.858337
545.169861
545.215942
544.626099
543.518494
542.573730
541.841492
541.460083
541.132935
540.766846
539.965820
538.551758
537.369812
537.245850
537.451965
536.904297
535.515991
534.409729
534.065552
534.056396
533.713989
532.855835
531.751465
530.742126
530.209351
530.118896
530.062378
529.367859
528.176392
527.191528
526.929443
526.877930
526.290161
525.213501
524.711426
524.823303
524.870972
524.322632
523.600525
523.104919
522.548950
521.706604
521.111023
521.179688
521.659424
521.768188
521.566162
521.350464
521.199097
520.876648
520.406311
520.281372
520.421082
520.393921
520.047058
519.987427
520.491882
520.828552
520.554443
520.048828
520.084473
520.511475
520.718750
520.572571
520.495605
520.780212
521.208008
521.511414
521.904541
522.456238
522.669434
522.178162
521.943542
522.532410
523.378540
523.772278
523.848572
524.146057
524.666504
524.909912
524.878967
525.089539
525.868591
526.488525
526.547241
526.564758
527.072510
527.653381
527.843994
527.872314
528.312073
528.990173
529.569214
529.734253
529.929199
530.327026
530.911682
531.521179
532.310669
533.043213
533.300720
532.910217
532.984131
534.022156
535.143677
535.319275
534.862549
534.710327
534.971497
535.339722
535.810974
536.190796
536.553833
536.732056
536.629944
536.734192
537.291687
537.797607
537.499329
537.149475
537.281250
537.516357
537.352966
537.106262
537.083984
537.119629
537.054688
536.916138
536.782715
536.893250
536.743958
535.886536
535.184570
535.447876
536.084778
535.743103
534.881714
534.313110
534.411560
534.663147
534.634705
534.103577
533.558594
533.051453
532.751953
532.449524
532.331726
531.803528
531.080627
530.546021
530.496521
530.480164
529.862549
528.934570
528.647278
529.003662
529.066956
528.398865
527.572388
527.072388
526.734497
526.325745
526.161011
526.403381
526.567932
525.937561
524.905579
524.443542
524.728027
524.792603
524.397583
523.881897
523.526428
523.034058
522.564026
522.289978
522.600525
522.954590
522.823792
522.171692
521.881775
521.998047
522.039551
522.034973
522.190002
522.268494
522.087280
521.856934
521.969849
522.402649
522.566650
522.112915
521.724426
522.183716
522.954285
523.184143
522.956848
522.904846
523.173889
523.179565
523.128052
523.388306
524.034180
524.481079
524.455627
524.458984
525.166687
525.978943
526.344849
526.123962
526.295227
526.865234
527.639709
528.283875
528.879150
529.354248
529.743286
530.049500
530.723450
531.491577
532.142090
532.599487
533.281616
534.285767
534.839233
534.612305
534.367432
535.125366
536.618896
537.544128
537.808533
538.112549
538.914856
539.820312
540.364685
540.814819
541.347168
542.036560
542.448792
542.782898
543.360596
544.096497
544.733948
545.136414
545.727783
546.344727
546.546265
546.646545
547.127869
548.049194
548.620789
548.725830
548.805298
549.302368
549.829041
549.794250
549.598755
550.112061
550.916443
551.164246
550.867249
550.750183
550.955811
551.331421
551.591858
551.961304
552.447876
552.673584
552.104065
551.514709
551.560120
552.050232
552.008301
551.505737
551.154602
551.214111
551.133362
550.988037
550.745361
550.565918
550.058533
549.569153
549.233459
549.199280
549.173523
548.503479
547.745422
547.813477
548.214111
547.891968
546.884827
546.093628
545.893188
545.802307
545.457703
544.721619
544.087219
543.473633
542.742981
541.877625
541.386292
541.011597
540.620911
540.338074
540.156189
539.565674
538.379150
537.572510
537.613647
537.871155
537.311157
536.110840
535.155151
535.131836
535.428650
534.980347
533.977539
533.571533
533.720642
533.527954
532.838806
532.369141
532.055298
531.605530
530.963379
530.288086
529.781433
529.306763
528.819702
528.333374
528.116516
527.875488
527.248474
526.577209
526.215698
526.015259
525.434265
524.569153
524.112183
524.079834
523.982971
523.461914
522.837524
522.551880
522.171143
521.400208
520.758118
520.919617
521.601135
521.704651
521.068176
520.481262
520.429749
520.688354
520.843872
520.958679
521.129211
520.931885
520.305176
519.769470
520.045837
520.984436
521.748779
522.024231
521.960266
521.658813
521.305359
521.449768
522.346558
523.406128
523.966675
524.071899
524.292908
524.784973
525.216553
525.157654
525.185059
525.934875
526.921326
527.125977
526.784668
526.987671
527.897705
528.616638
528.712158
528.614990
529.101624
530.101013
530.978638
531.368347
531.625061
531.858093
532.163452
532.600159
533.169373
533.492981
533.518127
533.607849
534.269104
535.222534
535.683289
535.316956
535.144531
535.637634
536.480103
536.667664
536.357239
536.348145
536.774292
536.958679
536.937744
537.099182
537.548340
537.562988
537.249390
537.121338
537.435669
537.831299
537.726501
537.352417
537.356445
537.526794
537.362915
536.940369
536.759338
536.793030
536.585999
536.173218
535.842651
535.903076
535.995361
535.897827
535.621521
535.332031
534.645264
533.636597
533.177856
533.930847
534.902954
534.774597
533.730957
532.792847
532.491455
532.247803
531.742554
531.369202
531.421936
531.411377
530.830627
530.085999
529.996582
530.213867
530.155273
529.488586
528.838501
528.300781
527.696899
527.144592
526.893982
526.846008
526.562195
526.075989
525.639648
525.471069
525.185547
524.452393
523.977783
524.430847
524.975586
524.512634
523.449524
522.867004
522.834106
522.627258
522.073608
521.480591
521.513672
521.899170
522.029663
521.695923
521.458862
521.411194
521.351685
521.223083
521.529358
521.725769
521.572388
521.336548
521.719788
522.441040
522.786072
522.686707
522.613281
523.008423
523.592346
523.976135
524.273682
524.820740
525.513428
525.647339
525.309448
525.612061
526.627930
527.458496
527.697876
527.924316
528.539062
529.299316
529.948547
530.434631
530.862915
531.300171
531.758911
532.292358
533.244446
534.123291
534.516357
534.616821
535.087341
536.027222
536.749023
536.983337
537.281860
537.929138
538.656372
539.044678
539.425232
540.444092
541.668152
542.136353
542.009216
542.129395
542.485901
542.625244
542.797546
543.489136
544.617981
545.590149
545.715149
545.319519
545.743225
546.661194
547.318665
547.561646
548.028564
548.692200
549.201172
549.434143
549.491638
549.608582
549.960999
550.173523
550.532593
550.932861
550.964478
550.800049
551.041199
551.788147
552.239929
551.639893
550.609253
550.488403
551.468994
552.289612
552.077087
551.705383
551.865417
552.151978
551.949585
551.327698
550.717712
550.554199
550.661072
550.664795
550.515991
550.424805
549.887634
549.099854
548.568665
548.595642
548.274048
547.709412
547.211121
546.993164
546.554565
546.173828
545.713318
545.419678
544.975037
543.931030
542.799438
542.636230
543.184937
543.330811
542.540894
541.482483
540.731323
540.300354
539.956543
539.308716
538.602051
537.791504
536.864868
536.375244
536.585999
536.564392
535.633545
534.282349
533.470703
533.492554
533.511597
532.990479
532.022095
531.505920
531.381836
531.262878
530.901611
530.521301
530.035706
529.256531
528.416199
528.244324
528.530823
528.693726
528.248230
527.630676
527.227661
526.787598
526.214844
525.833191
525.788452
525.557190
524.779480
524.082520
523.918396
524.099487
523.763855
522.666565
521.748413
521.768738
522.238586
522.442444
522.090088
521.540649
520.795166
520.385742
520.587524
521.098022
521.313110
520.486145
519.335327
519.347595
520.599609
521.665649
521.439758
520.620789
520.372742
520.742859
521.433350
521.763062
521.935974
522.201477
522.559204
522.838928
523.048401
523.149536
523.230774
523.685425
524.675842
525.596924
526.020752
526.059509
526.316772
527.165344
527.816956
527.842224
527.868408
528.472107
529.370056
529.714233
529.518005
529.678284
530.466431
531.456482
531.794800
531.716125
531.839050
532.063782
532.452148
533.004333
533.677673
534.224365
534.289490
534.505249
535.155518
535.744263
535.693848
535.257751
535.410950
536.327026
537.121582
537.180542
536.744934
536.716736
537.146179
537.446899
537.496216
537.535034
537.501404
537.252075
537.183655
537.892883
538.621155
538.335571
537.182739
536.578064
537.070496
537.743652
537.380737
536.545288
536.141541
536.454346
536.583252
536.242981
535.557556
535.172424
534.922119
534.792236
534.817261
535.089539
534.632690
533.693054
532.937439
532.852417
532.811157
532.583740
532.210876
531.772217
531.152466
530.458435
530.109009
530.830383
531.741028
531.345520
529.553101
528.088684
528.098450
528.656494
528.580261
527.672424
526.767822
526.515747
526.705872
526.817078
526.471069
525.877014
525.157654
524.667175
524.701416
524.959717
524.753540
524.189026
523.744934
523.475342
522.972229
522.575867
522.505249
522.933044
523.149292
522.732666
522.099976
522.198608
523.037170
523.287476
522.392517
521.629578
521.637756
