530.774414
530.774414
530.774414
530.730286
530.806580
530.652954
530.088135
529.878296
531.129272
533.836853
536.409241
537.728821
538.556885
540.504211
543.782166
546.442566
546.968567
545.385010
543.046631
541.106567
539.817871
538.836914
537.605591
535.801697
533.481018
531.291992
529.619751
527.777161
525.586670
523.765503
523.427612
524.597351
526.659058
528.825562
531.041016
532.966919
533.836670
533.518250
533.450623
534.938538
537.807739
540.840027
543.266479
544.580627
545.110535
545.012634
544.392578
543.211243
541.694580
539.792847
537.806335
536.224182
535.108704
533.574219
531.008606
528.184143
526.028809
524.562805
523.906616
524.250549
525.840454
527.884827
529.503357
530.665100
532.098450
534.227722
536.049377
536.585205
536.845215
538.361450
541.260864
544.133789
545.804565
546.032898
545.130188
543.397156
541.537720
540.104553
539.132629
537.816162
535.689331
533.352722
531.283386
529.360962
527.336792
525.460632
524.524292
524.598328
525.138550
526.200623
528.164429
530.618835
532.387939
533.328430
534.206238
535.798462
537.767395
539.463684
540.958069
542.721924
544.479126
545.080688
544.637451
544.023926
543.354553
541.996826
539.699097
537.355286
535.764221
534.568970
533.164917
531.089478
528.873779
526.697388
524.872925
523.956299
524.502441
526.182190
527.650146
528.686829
530.130554
532.259033
534.290283
535.693542
536.999084
538.885864
541.023254
542.677917
543.686523
544.602173
545.507874
545.398193
543.975891
542.216797
540.762024
539.225098
537.344421
535.430725
533.911926
532.292786
529.937683
527.177124
525.367249
524.745056
524.750305
525.066650
526.059082
527.866089
530.072144
531.917297
533.075317
534.000305
535.408264
537.437805
540.051331
542.977356
545.027832
545.349426
544.787354
544.521362
544.565979
543.733887
541.847168
539.740173
538.104980
536.743469
534.915833
532.669189
530.765015
529.162476
527.313416
525.265259
524.145752
524.586365
526.121155
527.763428
529.088440
530.469849
531.847046
533.217285
534.929688
537.130676
539.273376
541.089294
542.874939
544.559998
545.735962
545.594238
544.205078
542.555359
541.439026
540.652161
539.619568
538.359131
536.585266
533.982849
531.167358
528.994690
527.899841
526.828430
525.118286
523.546814
523.735046
526.021118
528.669312
530.412720
531.325562
532.285950
533.790833
535.604858
537.903931
540.623352
542.950012
544.299805
544.726440
544.722412
544.626221
543.942383
542.575256
541.044800
539.832886
538.540588
536.672974
534.743835
533.060852
530.931763
528.362305
526.055542
524.950684
524.963867
525.195801
525.432678
526.546448
528.874695
531.329041
532.642151
533.183411
534.439026
536.809692
539.489807
541.602051
543.156189
544.373291
545.139771
545.138123
544.145508
542.385254
540.451050
539.035461
538.531616
538.233154
536.814148
534.005005
531.314941
529.787537
528.487427
526.294312
523.868591
523.188904
525.043091
527.747803
529.123230
529.349792
530.215149
532.234009
534.373230
535.801880
537.060303
539.076111
542.082092
544.898438
546.105896
545.438721
544.018921
542.997192
542.414185
541.223938
538.505310
535.173096
533.450928
533.972412
534.607239
532.895752
529.024475
525.520081
524.245300
524.792725
525.625122
526.121582
526.935974
528.522949
530.535645
532.238403
533.326050
534.491394
536.281982
538.908508
541.958923
544.150513
544.963989
544.955200
544.973267
544.468018
542.823669
540.460632
538.466553
537.371338
536.739441
535.244446
532.987793
530.899475
529.329651
527.762390
526.232300
525.162476
524.686768
524.814453
526.054443
528.025635
529.956787
531.291626
532.138550
533.464233
535.692566
537.979004
539.720154
541.507812
544.026917
546.113831
546.240234
544.493896
542.378052
541.260620
540.708008
539.479065
537.387939
535.104248
533.074646
531.049438
529.329712
528.020935
526.702087
525.002197
523.787292
524.169128
525.945740
527.787476
528.717773
529.620178
531.594910
533.939087
535.435852
536.103882
537.629700
540.596375
543.968201
545.945618
545.677063
544.193420
542.926636
542.428223
542.162842
540.730652
537.790833
534.773132
533.352661
532.977722
531.719971
528.447144
524.532166
522.644714
523.779358
525.605286
526.278992
526.388611
527.199707
529.032166
531.409912
533.198608
534.076233
534.999939
537.099365
539.840271
542.536621
544.289612
544.745605
544.608887
544.428345
543.687866
541.939575
539.867432
538.626404
537.855774
536.232788
533.299011
530.382202
528.644165
527.734314
526.677551
525.289551
524.534668
524.895874
525.896423
527.062561
528.639038
530.513733
531.858154
532.611084
533.807617
535.918274
538.490479
540.830688
542.750854
544.500671
545.722961
545.522644
543.948120
542.273987
541.117554
539.817688
538.039734
536.288757
534.695923
532.819214
530.295166
527.575317
525.730896
525.063538
525.052124
525.010498
525.497559
527.106689
529.311707
530.905823
531.521851
531.740540
532.523560
534.614685
537.942139
540.874573
542.242249
542.701904
543.830322
545.694824
546.546570
544.641907
540.938110
538.404968
538.311218
538.775940
537.186157
533.738464
530.412170
528.479492
527.536743
526.516235
525.375244
524.560120
524.878418
526.565918
529.323242
532.012207
533.071960
532.557861
532.125061
533.321533
535.808289
538.334473
540.517578
542.623657
544.669800
545.704285
545.249084
543.913086
542.575806
541.279114
539.590820
537.844421
536.390076
535.062195
533.284851
531.168640
529.039062
526.845764
524.811096
523.487915
523.620178
525.315979
527.904480
530.346924
532.146545
533.303711
533.276794
532.429993
532.829590
536.197021
540.835266
543.685120
543.799255
543.152588
544.105835
546.235962
546.561707
543.458923
538.957703
536.514648
536.726990
537.354614
535.731384
531.721558
527.689514
525.965149
526.404419
526.427917
524.972290
523.955994
525.385071
528.585083
531.442993
532.536255
532.827576
533.979004
536.256592
537.783264
538.236755
539.398193
541.717712
544.019104
545.548767
545.554199
544.521423
543.257812
542.288208
540.200378
536.332520
531.756409
528.401733
528.029907
529.497070
529.392273
526.306335
522.446411
521.866394
525.620239
530.861328
533.821533
533.472229
532.470520
533.494629
536.767334
539.845398
541.190430
541.939331
543.679382
545.710083
545.952332
543.589111
540.580811
539.634277
541.003723
541.639404
539.586975
535.840698
532.577332
530.928406
530.270752
529.558655
527.349121
524.275513
522.414612
523.111084
526.203369
530.275635
533.033447
533.233887
531.870422
531.287598
532.988342
537.051575
541.564148
544.096802
544.022766
543.487427
544.160095
545.252625
544.695251
541.975403
538.812439
537.285645
537.506836
537.519897
535.863770
533.330322
530.961060
528.956970
527.298645
526.140137
525.403259
525.349976
526.002441
526.829590
527.707153
528.636658
530.373962
533.650696
537.695374
539.903564
539.130188
537.578430
538.809814
543.171265
547.194458
547.406372
544.464294
541.645691
540.633911
540.182556
538.534058
535.897522
533.852173
532.897766
532.153076
530.812805
528.481995
525.843872
524.277100
524.717651
526.237488
527.518616
528.160095
528.989197
530.813660
532.808838
533.964539
534.962341
536.783264
539.431396
541.222046
541.932739
543.362000
546.509399
548.788208
546.842896
541.129333
536.292480
535.582642
537.747009
538.321655
535.245789
530.470032
527.731689
528.019287
529.204712
528.437073
525.393738
522.699463
523.366089
527.209167
530.887756
531.689148
530.893738
531.443665
534.092712
537.338928
538.972351
539.312073
540.232117
542.430664
545.245789
547.540466
547.939026
545.864441
541.846436
537.587524
534.723755
534.161011
535.057068
535.333008
533.661987
529.906677
525.251953
522.383667
522.744751
525.091064
526.733398
526.592346
526.466614
528.092407
531.092529
533.489746
534.097778
534.244629
535.689758
538.749756
541.910095
543.962219
544.821838
544.885925
544.664673
543.984619
542.504456
540.304871
538.163757
536.841064
536.254883
535.145508
532.814575
529.879395
527.689392
526.557922
525.714233
524.782898
524.403503
525.215881
526.949585
528.319885
529.448608
530.903809
532.725769
534.655396
536.226074
537.840332
539.789673
542.113892
544.505798
545.895813
545.717468
543.951477
541.590881
540.335388
540.326477
539.886841
537.837219
535.124878
533.133301
531.749207
529.797852
526.897156
524.493347
524.226257
525.631775
527.077148
527.982361
528.557800
528.956970
529.584167
530.752197
532.599731
534.770386
536.845642
538.845032
541.396118
543.227478
543.571655
543.382263
544.001648
545.305908
545.406189
542.776428
538.735168
536.183533
535.985779
535.377380
533.009766
529.784912
527.269470
526.469727
526.490540
525.977051
525.104736
525.301819
527.146484
529.996033
532.636230
533.605835
533.083130
533.122559
534.993103
537.792725
540.106323
541.713257
543.135376
544.558533
545.285156
544.620300
543.142029
541.947693
540.857544
539.299316
537.148071
535.010986
533.294556
531.848511
530.133850
528.339905
526.426819
524.348328
522.753906
523.556885
527.092529
531.555359
534.484314
534.771362
533.004211
531.123230
531.146057
534.087036
538.612915
542.049133
542.958130
542.761230
543.681946
545.907837
546.779297
544.556458
540.822449
538.405945
537.604248
536.655945
534.855652
532.623962
530.371948
528.402344
526.663452
525.593811
525.322083
525.616943
526.375122
527.609558
529.445557
531.316040
532.827637
534.116150
535.484009
536.723572
537.515198
538.728943
540.976135
543.373474
544.904358
545.012207
544.202393
543.378296
542.502014
541.118652
539.332031
537.433350
535.175598
532.948730
531.666382
530.577576
528.558777
525.927917
523.965149
524.075073
526.231628
528.377869
529.187988
529.846619
531.337097
533.035522
534.389893
535.600891
537.208008
539.191650
541.308228
543.189758
544.661011
545.673584
545.466248
543.969177
542.179565
540.644592
539.222229
538.113892
537.435974
536.254028
533.778320
530.559326
528.106873
527.206848
526.889526
525.791321
524.323364
524.743774
527.502197
530.592163
532.187073
532.522644
532.971924
534.323669
536.475647
538.958557
541.530090
543.748047
544.891663
545.084900
544.802734
544.338623
543.341736
541.960938
540.720459
539.468689
537.685669
535.483704
533.779175
532.855286
531.469360
528.722534
525.380554
523.664490
524.398987
526.337708
527.988586
528.883728
529.528687
530.509888
532.088989
534.261536
536.375000
538.131592
539.638916
541.310425
543.550537
545.545471
546.147400
545.504944
544.364563
542.990417
541.029114
539.137207
538.209229
537.801331
536.545959
533.683777
530.269531
528.163696
527.428528
526.853638
525.607910
524.506531
524.876648
526.884583
529.323730
531.082336
531.781799
532.247498
533.809204
536.898865
540.272827
542.271179
542.776611
543.273560
544.359497
545.432983
545.017639
543.057983
541.100830
540.037598
539.282654
538.246338
536.734680
534.826721
532.288635
529.506958
527.474182
526.383545
525.863281
525.401001
525.164673
526.145447
528.149780
530.129700
531.426636
532.438782
533.811646
535.396973
537.183716
539.450928
541.997253
544.148193
545.108459
544.977905
544.193970
543.290527
541.969177
540.512268
539.415527
538.580322
537.438416
535.756653
533.870178
531.938171
529.522217
527.141357
525.544373
525.348267
525.807617
525.886292
526.146301
527.685059
530.450195
532.932373
533.902527
534.169739
535.031860
537.366943
540.622803
543.508606
545.023682
544.934143
544.067749
543.369568
543.005981
542.173706
539.922058
537.265198
535.913086
535.963379
535.585022
533.383118
530.334900
527.966553
526.303589
525.070496
524.693237
525.801636
528.125427
530.011841
530.162354
529.262878
529.587280
532.079590
535.481201
538.556641
540.789062
541.932190
542.760864
544.019104
545.241943
545.142029
543.603210
541.609863
540.058350
538.977722
537.654541
536.090820
535.115479
534.455566
532.756470
529.510620
526.433655
525.319519
525.721802
526.185425
526.123779
526.381409
527.685913
529.704529
531.773743
533.291748
534.286072
535.305847
537.102844
540.057190
543.345337
545.114441
544.995972
543.984070
542.982361
542.367798
541.891357
540.996704
539.355713
536.815125
533.788940
531.366455
531.020081
531.763306
530.924927
528.038269
525.107178
524.123779
525.255310
526.953003
528.140381
529.015930
530.364014
531.995972
533.308472
534.663452
536.576477
539.066833
541.544312
543.403259
544.568726
544.881653
544.687683
543.966187
542.664734
540.785583
538.764343
537.485168
536.600647
535.002625
532.206421
528.942383
527.228577
527.143311
527.117126
526.133362
524.882507
524.976868
526.601135
528.654236
530.274170
531.367004
532.429077
533.709595
535.477478
538.168945
541.045898
543.231873
544.318359
544.751160
544.902893
544.501160
543.239319
541.512573
539.960083
538.628906
536.927856
534.905640
532.664612
530.459412
528.204163
526.179382
525.122559
525.147278
525.518616
525.493774
525.688416
527.042114
528.963013
530.673645
532.021118
533.576904
535.407043
537.233032
539.117920
541.148865
543.231750
544.398560
543.751099
541.839661
540.594849
541.535950
543.724548
544.562927
542.399048
537.544678
532.187622
528.950317
528.080566
527.300781
525.535400
523.852600
523.996216
525.768066
527.559387
528.217896
528.289368
529.533142
531.895996
534.004883
535.294067
536.246948
537.518555
539.468323
541.898621
544.236023
545.550476
545.212830
543.743530
542.270264
541.289062
540.118713
538.296143
536.581726
535.337708
533.959473
531.674988
528.737793
526.519226
525.360474
524.986328
524.885681
525.606262
527.491638
529.647095
531.013245
531.548523
532.094666
533.246948
534.833618
536.828735
539.243408
541.480347
543.111816
544.284485
545.322388
545.723633
544.484314
541.985107
539.566345
538.100281
537.294983
536.287842
534.951050
533.147278
530.772827
527.799255
525.078308
524.310303
525.227966
526.265747
526.811768
527.800598
529.988037
532.194336
533.315613
533.500610
533.960938
535.389709
537.310730
539.461548
541.909119
543.967529
544.925781
544.513428
543.772522
543.043701
542.022156
540.251709
538.279175
536.952454
535.784973
533.984802
531.679688
529.500732
527.866821
526.392761
525.249512
524.937500
525.806213
527.317444
528.535828
529.884949
531.857788
533.741211
534.738525
535.134460
535.908936
537.547363
540.094421
542.847717
544.823853
545.501221
544.674072
543.060425
541.931946
541.328247
539.974854
537.395020
535.005005
533.809204
533.091309
531.407410
528.608215
526.189087
525.325928
525.652039
526.134033
526.638306
527.685303
529.204285
531.084045
532.987000
534.865845
536.043213
536.376282
536.741028
538.451111
541.414062
544.232056
545.539429
545.295288
544.077026
542.717834
541.588440
540.634277
539.421082
537.637268
535.391235
533.472717
531.924072
530.152832
527.847290
525.717651
525.036194
525.716797
526.489136
526.992249
527.875000
529.698425
531.727173
533.360596
534.551147
535.610046
537.308289
539.695679
542.382751
545.013855
546.417969
545.805908
544.056458
542.727661
542.366943
541.867188
540.422729
538.347290
536.465820
534.937378
532.921631
530.480347
528.390259
526.687134
525.351501
524.593445
524.806396
526.371704
528.414001
529.747681
530.458801
531.511719
533.363708
535.631836
537.783875
539.269836
540.392883
542.057922
544.562073
546.899231
547.675659
545.720825
542.275208
539.991943
539.732910
539.604126
538.121826
535.627319
533.284729
531.562256
530.064575
528.194946
526.222046
524.734863
524.333862
525.352722
527.502625
529.739502
530.966858
531.307434
531.958923
533.546997
535.714355
537.875549
540.328247
542.848145
544.370483
544.254089
543.408875
543.494080
544.547241
544.563843
542.466919
539.310913
537.229553
536.594971
536.174438
534.703735
531.689636
528.331909
526.107117
525.285461
525.429199
525.695801
526.049988
527.246033
529.381104
531.541626
532.529602
532.781128
533.999939
536.507996
539.288696
541.400146
543.098083
544.741150
545.563354
544.758728
542.865356
541.394104
541.168396
541.199585
540.304932
538.337463
535.867126
533.397217
531.335754
529.860229
528.791199
527.325317
525.403381
524.328369
525.097412
527.084961
528.815979
529.911499
531.258911
532.945435
534.460693
535.430176
536.846619
539.466125
542.507812
544.531677
544.960876
544.474304
543.922302
543.052307
541.502380
539.783447
538.482422
537.488281
536.656311
535.849060
534.339722
531.758972
528.769714
526.682495
525.849854
525.528442
524.884216
524.882690
526.714294
529.707947
531.735352
532.005005
531.970093
533.564880
536.809448
539.919128
541.569458
542.433472
543.440369
544.674561
545.226013
544.352478
542.209045
540.101990
538.658630
537.906006
536.955078
535.119568
532.791748
531.272644
530.464966
529.166687
526.825073
524.853760
524.325562
525.369385
526.920044
528.232544
529.632446
531.674011
533.568176
534.500671
535.060547
536.581787
539.289490
542.210144
544.280273
545.064880
544.803589
544.137817
543.354004
542.205139
540.125671
537.506470
535.720825
534.993408
534.438354
532.755432
529.743469
526.942139
525.812683
525.899475
525.784851
525.418091
525.660950
526.731689
528.685486
530.903198
532.608215
533.395569
533.918640
535.346924
538.092957
541.158203
542.973022
543.552734
544.107300
545.120178
545.141602
542.948059
539.956543
538.464417
538.385803
537.735474
535.371155
532.078979
529.440857
528.326965
527.838074
526.985962
525.655579
524.427856
524.030090
525.580872
528.818237
531.502625
532.153076
531.844971
532.685791
535.210144
537.959961
539.620972
540.680664
542.526245
544.804443
546.016235
545.327515
543.284973
541.122742
539.617310
538.703857
537.727783
536.136414
533.817383
531.325500
529.488525
528.305176
526.782898
524.840332
523.695374
524.148071
525.681152
527.208496
528.685242
530.667358
532.630676
533.573853
533.588013
534.343262
536.892700
540.277405
542.733521
543.763611
544.368042
544.886108
544.609680
543.001282
540.934082
539.320557
538.281006
537.364990
535.595398
532.993652
530.728882
529.205505
527.938843
526.515137
524.808655
523.517273
524.033142
526.660461
529.429260
530.624023
530.868286
531.567688
533.076111
534.963074
536.425842
538.004089
540.341675
543.021240
544.798889
545.118896
544.646545
543.758484
542.315125
540.398315
538.436218
536.954224
535.891724
534.860474
533.189331
530.636353
527.928772
525.971191
525.141907
525.202454
525.702942
526.228943
527.339966
529.464966
531.485168
532.296814
532.349670
533.170959
535.147034
537.602356
539.764221
541.328003
542.926086
544.602112
545.366455
544.601807
542.712097
540.823608
539.616455
538.862244
537.689392
535.564636
532.999634
530.999329
529.917786
528.821350
526.816956
524.593018
523.928772
525.462463
528.119629
530.023682
530.707397
531.178955
532.119995
533.157959
534.283447
535.937500
538.202942
540.623352
542.813538
544.212402
544.735535
544.543518
543.853394
542.813843
541.364807
539.223389
536.828796
535.350830
534.792664
533.683533
531.046265
527.656677
525.482422
525.158325
525.551270
525.695862
526.187988
527.903625
530.112000
531.801453
532.727356
533.577637
534.807861
536.044189
537.180420
538.821838
541.149353
543.212524
544.433411
544.950806
544.713806
543.486389
541.427429
539.446655
538.175781
537.414551
536.153381
534.006714
531.889343
530.060486
528.082458
525.980103
524.682129
524.863037
525.966919
527.384521
528.897827
530.629578
532.249329
533.400757
534.105957
535.245972
536.988831
538.831604
540.445007
542.242371
544.161499
545.117310
544.559082
543.395508
542.159058
541.050537
539.534119
537.808716
536.348450
535.055176
533.458313
531.185120
528.929932
527.162598
525.781982
525.028931
525.125061
526.216919
527.825806
529.476624
531.170776
532.673889
533.790649
534.613953
536.024841
538.823486
542.098816
544.052185
544.204834
543.768372
544.026794
544.355225
543.733582
542.159912
540.424805
538.969238
537.537048
535.903320
534.116821
532.091980
529.926270
527.719727
526.104187
525.383850
525.424622
525.950317
527.192139
529.023193
530.656616
531.733765
532.747070
534.198120
535.872803
537.433167
539.134521
541.542480
544.324036
545.948425
545.859863
544.857056
543.845642
542.720459
541.088501
539.351562
538.009094
537.007080
535.663635
533.617737
531.411377
529.170288
527.006042
525.407898
524.911621
525.476685
526.692322
528.053284
529.381836
530.850525
532.190552
533.158203
534.463623
536.694519
539.130005
541.100342
542.868103
544.395569
545.217407
544.803101
543.292175
541.804443
541.097656
540.625549
539.309265
537.619507
536.285645
534.821838
532.666626
529.961182
527.591797
526.166748
525.410278
525.145264
525.392944
526.628601
528.572876
530.548401
532.130493
533.067871
533.582275
534.405212
536.457458
539.689819
542.618591
544.161987
544.535522
544.598022
544.376282
543.074829
540.603210
538.508057
538.055054
538.519409
538.029114
536.077515
533.648254
531.521423
529.721924
527.935120
525.944458
524.454834
524.122681
525.505859
528.060242
530.302979
531.156677
531.267761
532.259766
534.535217
536.862976
538.279968
539.478699
541.858765
544.763672
546.090149
545.113403
543.131226
541.502075
540.377380
539.173584
537.834839
536.723083
536.083740
535.185669
533.533142
531.182678
528.362061
525.829895
524.670654
524.974060
525.850952
526.458801
527.481995
529.628784
532.241333
533.781433
533.821472
534.043823
536.167053
539.546387
542.270630
543.348938
543.839783
544.547913
544.857727
543.885986
541.702637
539.173279
537.162415
535.978699
535.930969
536.023682
535.038757
532.533447
529.496765
527.317627
526.263672
525.495911
524.837952
525.173767
527.112366
529.380737
530.923218
531.823059
532.722290
534.045288
535.737427
537.741699
540.033813
542.327209
544.106689
545.000305
545.028320
543.971313
541.994629
540.044617
538.763794
537.886353
536.438965
534.065369
532.009216
531.273621
531.143982
530.053650
527.885010
525.786560
524.802368
525.057556
526.315674
528.174194
530.082520
531.442261
532.083801
532.875854
534.704468
536.982605
539.057495
540.796753
542.665405
544.570007
545.559326
545.124512
543.348999
541.221130
539.489929
538.330627
537.514343
536.400513
534.371216
531.689880
529.456177
528.333252
527.529419
526.321106
525.280762
525.287598
526.266785
527.472412
528.726868
530.410950
532.370972
533.701294
534.011047
534.670776
536.961365
540.136536
542.452026
543.356384
543.809937
544.491211
544.729980
543.472168
540.923035
538.533569
536.887817
535.989136
535.012207
533.509644
531.534851
529.391357
527.586487
526.372009
525.451721
524.651855
524.669739
526.293396
528.642456
530.290344
531.185913
532.078247
533.524170
535.155518
536.322815
537.693481
540.277588
543.334045
545.079163
544.860107
543.876343
543.033508
542.190613
540.644836
538.399719
536.479858
535.407349
534.644348
533.303040
530.884094
527.986145
525.724426
525.231018
526.147583
526.897705
526.509399
526.148132
527.495178
530.329834
532.608704
533.268677
533.286621
534.414429
536.920898
539.749207
541.941772
543.469482
544.189331
543.999817
543.267578
542.392395
541.458801
540.032532
538.213379
536.461548
535.119934
533.653076
531.528992
529.172974
527.257141
525.968689
525.489746
525.899353
527.172607
528.506409
529.162964
529.479614
530.663635
532.498718
533.827148
534.382263
535.270813
537.353821
540.246216
542.909729
544.363586
544.786621
544.510010
543.371826
541.838867
540.426453
539.048218
537.313049
535.610229
534.238953
532.852905
531.074707
528.736206
526.645508
525.677673
525.567017
525.803894
526.562073
528.345093
530.377991
531.470886
531.839844
532.389648
533.723877
535.365417
536.906250
538.781738
541.157471
543.316833
544.375977
544.201660
543.545166
542.610535
541.313477
539.708679
538.269409
537.310608
536.045349
534.153870
531.906982
529.573059
527.381897
525.790283
525.378540
525.952637
526.737549
527.642212
528.976624
531.082520
532.968994
533.270020
532.482666
532.717896
534.939697
538.089722
540.720154
542.482422
543.657593
544.249756
544.105896
543.279175
542.118347
540.835815
539.134094
537.390259
536.175720
535.183105
533.675781
531.382568
529.002197
527.045227
525.504578
524.761963
525.217041
527.003540
529.037476
530.252075
531.098999
532.472351
534.197876
535.226929
535.389099
536.080261
538.195251
540.997437
543.392700
544.710327
545.161011
544.671387
543.060791
540.995300
539.276672
538.141052
537.097900
535.764954
534.264526
532.297607
530.006714
527.670776
525.966980
525.399170
525.522217
526.197266
527.614868
529.555542
531.174377
532.150818
532.994324
534.166260
535.937683
537.674194
538.957825
540.485901
542.686951
544.529114
544.971558
544.343567
543.203430
541.794128
540.430786
538.992188
537.428467
536.074341
534.927979
533.706787
531.952026
529.626160
527.016968
525.103516
524.854980
525.770203
526.901917
528.139832
529.822021
531.863647
533.286926
533.715210
534.155212
535.817078
538.745972
541.217651
542.422852
542.963867
543.686951
544.418030
544.284241
543.141296
541.594177
539.927429
538.259644
536.987854
536.005310
534.641113
532.593628
530.303467
528.328674
526.790833
525.589905
524.915710
525.359680
527.395386
529.776123
531.249207
532.026611
532.920532
534.243347
535.655762
537.319336
539.391113
541.523743
543.109070
543.994141
544.590027
544.987610
544.391296
542.653015
540.606201
539.158936
538.102844
536.609314
534.731262
533.187866
531.842957
529.997925
527.481262
525.505676
525.072876
525.758972
526.932434
528.193787
529.530579
531.138489
532.671265
533.906738
534.950867
536.229004
538.146484
540.780273
543.519653
544.915405
544.310791
543.089966
542.909729
543.799316
543.811157
541.560181
538.247009
536.110840
535.499268
534.780457
532.917603
530.231018
527.760803
526.198730
525.505005
525.462402
525.915283
526.954041
528.566162
530.557190
532.509705
533.568909
533.975525
534.935059
537.074402
539.646729
541.589783
542.994141
544.170593
544.726257
543.909607
541.675842
539.748535
539.457153
539.884338
539.288818
537.516663
535.323242
533.223206
531.267883
529.432251
527.583435
525.997803
525.020325
525.046448
526.408020
528.577515
530.210327
531.094910
532.188232
533.687012
535.042175
536.114746
537.529358
539.952942
542.740662
544.571472
544.833740
544.276978
543.408691
541.791565
539.536560
537.899780
537.408020
537.430908
536.601074
534.882263
532.962402
531.001343
528.724731
526.500366
525.144470
525.198853
525.986938
527.191162
528.642151
530.372070
531.942383
532.829712
533.533081
534.837097
536.944702
539.346558
541.593079
543.548706
544.609192
544.465088
543.474548
542.432861
541.455444
539.605347
537.488037
535.851440
535.318359
535.088379
533.882385
531.526550
528.847839
526.860168
525.781067
525.368958
526.068542
527.087708
528.140869
529.378967
531.081787
532.720093
533.517395
533.890015
535.087158
537.729675
541.147034
543.501648
544.391907
544.478638
544.233276
543.165405
541.412231
539.672852
538.347778
537.229370
536.252808
534.829041
533.103638
531.105286
529.133301
527.642761
526.958496
526.497620
525.734192
525.455017
526.742981
528.990051
530.901184
531.856934
532.467773
533.578186
535.224121
536.996582
538.763672
540.928955
543.289795
545.042480
545.362122
544.124817
542.053650
540.059265
538.954590
538.449829
537.586792
535.846191
533.691589
531.889160
530.354553
528.237549
525.644409
523.813293
524.092163
525.699951
527.207642
528.223145
529.433350
531.099121
532.598511
533.502991
534.350769
535.647827
537.597107
539.894897
542.262390
544.262268
545.088318
544.363037
542.593079
541.070312
540.109558
538.944092
537.662903
536.516113
535.254639
533.349792
530.850464
528.642578
527.310242
526.392395
525.185730
524.176086
524.734253
526.861511
529.375916
531.168884
532.056274
532.502075
533.041992
534.256775
536.470032
539.151245
541.336609
542.725891
543.839050
544.730469
544.676819
543.106689
540.723022
538.914490
537.923157
537.000549
535.747498
534.282043
532.542358
530.104919
527.479248
525.568665
525.036987
525.716797
526.551880
527.342468
528.673645
530.269348
531.460449
532.176086
532.985107
534.045105
535.290161
537.011047
539.330750
542.085388
544.240906
544.924988
544.365479
543.275879
541.794373
540.205566
538.850464
537.888489
536.959717
535.356079
532.968201
530.740112
528.957886
527.236206
525.541992
524.782898
525.486206
527.336487
529.229858
530.540405
531.429565
532.143250
532.511658
532.881531
534.139893
536.117432
538.257385
540.318970
542.405518
544.339355
545.137817
544.265076
542.306519
540.546814
539.392151
538.163208
537.018616
535.835815
534.523376
532.755798
530.471436
528.197327
526.366760
525.304199
524.946716
525.643188
527.621704
529.758240
531.272095
532.186523
533.103882
533.990234
534.490234
535.007751
536.606506
539.431519
542.241699
543.975037
544.704651
544.665955
543.828918
542.186584
540.279358
538.694275
537.671021
536.539795
535.016724
533.417664
531.715332
529.717773
527.536743
525.911804
525.389954
525.660400
526.631836
528.362305
530.513855
532.134521
532.797302
533.133423
534.126953
535.622498
536.873718
537.869934
539.608398
542.246582
544.360840
544.941711
544.244263
542.867004
541.249817
539.500488
537.953918
536.850525
536.009155
534.715576
532.771851
530.779175
528.858826
526.917908
525.261902
524.780518
525.767151
527.481628
529.337341
530.969666
532.190369
532.794617
533.270935
534.643982
537.371399
540.234314
541.749023
541.968079
542.343384
543.719666
544.820007
544.399719
542.534180
540.343750
538.629822
537.373840
536.513977
535.412659
533.627686
531.278687
529.026733
527.488647
526.446411
525.511780
525.026855
525.882874
528.038757
530.267578
531.815308
532.799744
533.683838
534.635010
536.003601
537.926025
540.369446
542.599609
543.694214
543.879089
544.009338
544.204590
543.658325
542.143311
540.382812
538.790894
537.354919
535.733521
534.224426
532.891052
531.207031
528.883301
526.634033
525.363281
525.291504
525.856262
526.963379
528.631409
530.761475
532.576843
533.472290
534.044983
535.075989
536.734985
538.816162
540.977295
543.155273
544.694702
544.899841
544.143188
543.242798
542.540039
541.390503
539.464539
537.611023
536.440613
535.649658
534.271667
532.098389
529.782288
527.698975
526.034607
525.226929
525.321411
526.351379
527.961853
529.727905
531.326233
532.483032
533.092102
533.657043
535.251953
538.090820
540.983337
542.880127
543.741394
544.070679
544.192017
543.692383
542.446167
541.140747
540.126587
538.798462
537.160767
535.861877
534.798157
533.186523
530.881958
528.245850
526.243591
525.401062
525.367065
525.843262
527.108032
529.049988
530.791077
532.101746
533.148254
534.011414
534.971985
536.316711
538.446594
541.145264
543.328674
544.267944
544.238586
543.790405
542.823669
540.925598
538.872314
537.746826
537.680786
537.475098
535.978088
533.889709
531.970703
530.036987
528.059265
526.236755
525.306091
525.375610
526.253479
527.738525
529.575867
531.544495
532.802124
533.204102
533.869507
535.413330
537.621338
539.999329
542.316406
543.968140
544.537903
544.149048
543.212891
542.058228
540.673340
538.735474
536.757874
535.864502
535.878418
535.329956
533.445129
530.971497
528.850464
527.099915
525.646362
524.889038
525.450500
527.239136
529.142639
530.490356
531.498657
532.486511
533.509705
534.633545
536.368591
538.800842
541.296326
543.030029
543.903198
544.216187
543.926575
542.744507
541.187012
539.745361
538.432373
536.768494
535.094299
534.220947
534.058777
533.193176
530.853333
527.983459
526.181824
525.659546
525.813599
526.320190
527.560852
529.424194
531.262878
532.461548
533.281128
534.092102
535.209717
536.812683
539.209778
541.949524
543.839417
544.294678
544.027222
543.516602
542.410889
540.550171
538.643616
537.404968
536.796204
535.654114
533.485352
531.403076
530.189758
529.027161
527.278076
525.640015
525.054260
525.615234
526.941406
528.708008
530.649292
532.380188
533.139771
533.158752
533.919250
536.031799
538.769592
540.971313
542.501831
543.592712
544.309021
544.344788
543.296021
541.461975
539.361694
537.561829
536.649597
536.120972
535.115417
532.828308
529.857788
527.737610
527.060974
526.797729
526.044617
525.408569
525.955444
527.535522
529.578308
531.457214
532.802551
533.464294
533.560669
533.927856
535.844788
539.174194
542.338623
543.963745
544.305298
544.104614
543.508484
542.310974
540.650635
539.132812
537.871094
536.573792
535.204407
533.786865
532.125061
529.953125
527.563477
525.992676
525.586548
525.733215
525.694397
526.163696
527.815063
530.102783
531.968323
533.011353
533.510803
534.115662
535.368896
537.543640
540.344543
543.012329
544.443481
544.563171
544.204163
543.534912
542.046387
539.847168
537.765930
536.543945
535.988953
535.041077
533.298950
531.320374
529.213745
526.837158
524.901428
524.553467
525.781433
527.387268
528.489014
529.262207
530.385681
531.872070
533.054016
533.971802
535.150452
536.790405
538.778870
540.988159
543.309448
544.920715
544.889160
543.638123
542.241089
541.132202
539.756165
537.706421
535.829407
534.769165
534.178772
532.639954
529.878845
527.407654
526.112305
525.756775
525.774475
526.289856
527.690063
529.509216
531.113831
532.132446
532.650269
532.992065
533.583191
535.214722
537.897156
541.001282
542.237183
542.547363
543.455200
544.754578
545.171326
543.776917
540.785217
537.632874
535.991150
535.898499
534.915771
533.088074
530.634033
528.373901
527.363159
527.226562
526.465820
525.119446
525.362427
528.229065
532.051086
534.096924
533.058655
531.079346
531.093628
533.785034
537.356384
540.021790
541.274963
541.957642
543.185974
544.602112
545.139160
543.877197
541.351257
538.908142
537.440491
536.973022
536.050903
533.781616
531.404419
529.725403
528.417114
526.720947
525.302856
525.074890
525.891602
527.375732
529.116211
531.029907
533.205261
534.396790
533.852966
532.866821
533.598755
536.549438
540.218140
543.199829
544.781555
544.773743
543.707275
542.483765
541.757324
541.015137
539.388977
537.221191
535.643494
534.907593
534.058960
531.980530
528.880127
526.236084
525.080811
525.195618
525.859253
526.899231
528.334595
529.816040
531.503540
533.266663
534.863464
535.526184
535.386780
535.943726
538.198669
541.234436
543.403259
544.003418
543.861938
543.577759
543.069641
541.862061
540.017090
538.287720
536.807495
535.348511
533.963196
532.448425
530.371460
527.827454
525.792969
525.314941
525.931824
526.840637
527.716064
528.996643
530.799988
532.547180
533.501526
533.942993
534.719238
536.492554
539.014404
541.982605
544.612671
545.634094
544.840515
543.581726
542.992981
542.473145
541.043213
539.141846
537.635315
536.836914
535.760498
533.481506
530.777039
528.838867
527.567993
525.952515
524.575745
524.840698
526.813171
529.269653
530.692200
531.194153
531.683228
532.921631
534.679504
536.419250
538.206726
540.265625
542.536133
545.035278
546.695801
546.328491
544.006409
541.730225
540.814392
540.410156
539.141235
536.959961
535.016296
534.028992
533.006042
530.742615
527.810974
525.894104
525.370605
525.594299
526.257629
527.646973
529.483887
531.079346
532.245056
533.059448
533.696655
534.744751
536.559387
539.419495
542.390930
544.286560
544.344604
543.528992
543.216675
543.302856
542.632446
541.087402
539.096130
537.399536
536.105713
535.192078
534.338867
532.799927
530.061462
526.940430
524.725647
524.286926
524.927612
526.270142
528.210022
530.278076
531.825195
532.305115
532.416870
533.585083
535.867615
538.241577
540.087463
542.027405
544.035889
545.148071
544.596863
543.010742
541.841187
541.325073
540.459839
538.925842
537.358154
536.126221
534.665100
532.658752
530.431580
528.285950
526.439148
524.982544
524.459412
525.451172
527.405579
529.314758
530.628845
531.859680
533.018799
533.739441
534.361450
535.833862
538.598389
541.930969
544.609619
545.700317
544.904602
543.261108
541.720520
540.601318
539.681030
538.205139
536.043091
534.458984
534.372131
534.712830
533.485352
530.610229
527.456421
525.387329
524.814941
525.122986
526.043335
527.712585
529.786011
531.578064
532.649353
533.478760
534.338013
535.718018
537.729980
540.275940
542.692383
544.175171
544.605957
544.453003
543.776123
542.395081
540.423828
538.419006
536.960266
536.117859
535.307617
534.383606
533.290039
531.456604
528.608154
525.915466
524.834106
525.154114
525.770752
526.313171
527.549988
529.954102
532.436340
533.596497
533.654114
534.229065
536.108459
538.794739
541.352600
543.381165
544.795776
545.337402
544.596619
542.814819
540.719543
538.756897
537.365906
536.698853
535.992188
534.269653
531.397644
528.941528
528.179871
528.230164
527.318542
525.337463
524.156433
525.324524
527.997375
530.357361
531.452881
532.064392
533.045776
534.260498
535.544922
537.311707
539.445312
541.582703
543.265259
544.475342
544.822693
543.983521
542.234802
540.347229
538.796997
537.480835
536.296753
535.146606
533.743591
531.767395
528.903442
526.179749
525.045288
525.546326
526.114380
525.980408
526.212402
527.714172
529.981323
532.093750
533.307678
533.805054
534.345581
535.763794
538.286316
541.338501
543.551575
544.295227
544.118835
543.959595
543.606262
542.147583
539.869934
537.882751
536.812805
535.834595
534.041565
531.921326
530.052368
528.431458
526.414368
524.512512
523.974121
524.961304
526.409119
527.731689
529.062012
530.658630
532.141357
533.317017
534.392761
535.721069
537.269165
539.158447
541.332520
543.812927
545.252808
544.983521
543.425903
541.725281
540.455078
538.947876
537.282959
536.074219
535.128723
533.935913
531.689880
529.131104
527.051086
525.969666
525.327393
524.978088
525.536987
527.080566
528.865845
530.603821
531.981567
532.935669
533.387451
533.893066
535.173950
537.950745
541.288635
543.829163
544.672119
544.225281
543.228088
542.530945
542.136230
541.129211
539.078125
536.643677
534.868408
534.240112
533.409058
530.917969
527.359131
525.047729
524.903687
525.645142
526.293762
527.177429
528.921204
531.589905
533.220703
533.078735
532.513672
533.126587
535.013306
537.399475
539.923950
542.217957
543.694580
544.451782
544.216431
543.458496
542.271667
540.526672
538.710022
537.436707
536.605469
535.419189
533.692322
531.673706
529.550842
527.380127
525.760315
525.071106
525.534485
526.725647
528.202271
529.866821
531.889832
533.672363
534.018311
533.261230
533.564026
535.706238
538.603943
541.093750
542.664368
543.625793
544.142822
544.174927
543.309570
541.694458
539.960388
538.274109
536.995972
535.988159
534.843262
532.980225
530.461853
528.150024
526.506348
525.374023
524.886414
525.407227
527.204407
529.116211
530.856628
532.330017
533.919739
535.167847
535.386108
534.967712
535.809448
538.655945
542.114319
544.273499
544.927734
544.744263
544.097656
542.737976
540.865051
538.752197
537.302917
536.245605
535.130737
533.636963
531.689392
529.534790
527.421387
525.859375
525.200500
525.196533
526.205322
528.220520
530.649780
532.186890
532.577820
532.909973
534.210266
536.260620
537.641357
538.189514
539.652466
542.034302
544.301392
544.937622
544.139954
543.048279
541.807861
540.216614
538.107300
536.586365
536.270569
535.507080
533.570923
530.713501
527.971680
526.164307
525.323486
525.329102
525.961914
527.265137
528.983398
530.872620
532.197998
532.674255
532.798035
533.846008
536.792969
540.377563
542.461243
542.593567
542.396118
543.477295
545.033081
545.269836
543.489502
540.831177
538.739441
537.540527
536.840393
535.824646
534.076294
531.859497
529.642273
527.669861
525.842285
524.550537
524.592712
526.413940
529.040833
530.742188
531.126282
531.591919
533.261353
535.386047
536.608887
537.414551
539.133911
542.114685
544.570557
545.231628
544.496460
543.658508
543.052734
542.239380
540.716431
538.597961
536.561279
535.335510
534.807007
534.002502
531.775391
528.531738
525.822815
525.220520
526.088440
526.511414
526.613586
527.682373
530.403015
533.036743
533.864441
533.521423
533.784546
535.793884
538.795898
541.399048
543.109253
543.857788
543.843872
543.470276
543.365845
543.090210
541.693237
539.265076
537.272766
536.736328
536.553955
535.036072
532.049011
529.170044
527.492493
526.499634
525.405396
524.463379
524.880615
526.928101
529.583435
531.756897
532.812134
533.056885
533.684021
535.541626
538.149475
540.543274
542.374329
543.799927
544.888733
545.095703
543.574707
540.863098
539.004395
538.855835
539.014587
537.961548
536.102539
534.461548
533.136230
531.567322
529.393555
527.130981
525.649170
525.136108
525.425171
526.491882
528.451233
530.515808
532.013123
533.025513
533.774231
534.691650
536.036621
538.150208
540.824280
542.935974
544.034790
544.177612
544.082764
543.273804
541.259583
538.877563
537.463501
537.383423
537.563904
536.425781
534.443481
532.376770
530.523438
528.399048
526.216858
524.902527
524.729187
525.539551
527.215576
529.240662
531.175598
532.331604
532.869385
533.740784
535.388733
537.630798
539.724426
541.731689
543.660156
544.928406
544.956055
543.818176
542.219971
540.505859
538.549133
536.633789
535.656006
535.793884
535.790222
534.294434
531.629639
528.981445
526.934570
525.548706
524.944397
525.179932
526.312256
528.011292
530.025085
532.084839
533.554077
533.827759
533.747009
535.029785
538.175659
541.588074
543.459290
543.852966
543.969666
544.232483
543.654175
541.813538
539.519653
537.725647
536.427795
535.246521
534.360657
533.757935
532.733337
530.778809
528.227661
526.209900
525.472473
525.725830
526.643250
527.903564
529.300049
530.488464
531.699707
533.144287
534.398682
535.311218
536.530457
538.658081
541.690613
544.091492
544.796631
544.123657
543.269287
542.332825
540.739929
538.964355
537.587769
536.721008
535.416321
533.029907
530.734863
529.459106
528.780701
527.607117
525.995667
525.127625
525.327637
526.464783
528.199585
530.045837
531.706726
532.613037
533.089844
534.067810
536.123230
538.653259
540.696289
542.373779
544.032104
545.064575
544.792908
543.155579
541.176819
539.452454
538.012695
536.942139
535.986816
534.827087
532.925171
530.341370
528.236267
527.228516
526.711426
525.850708
525.059448
525.720581
527.712097
529.942749
531.515381
532.247986
532.657898
533.225586
534.333862
536.382202
539.186035
541.904541
543.662537
544.503235
544.727417
544.056152
542.320984
540.320801
538.894287
538.014771
536.967407
535.472534
533.781372
531.953857
529.778503
527.402222
525.634399
525.062256
525.290039
525.577881
526.263733
528.015869
530.263000
531.896179
532.648621
533.142395
534.023315
535.463745
537.464966
539.930847
542.652466
544.623291
545.103577
544.453186
543.359619
541.858521
539.842529
537.935913
536.733521
536.002686
534.867249
532.927246
530.769653
528.829529
527.059692
525.526917
524.885010
525.612610
527.063904
528.337463
529.468140
530.917297
532.374817
532.994629
533.108459
534.135559
536.477295
539.240784
541.471741
543.067017
544.244873
544.627808
543.977539
542.475647
540.972717
539.735962
538.191467
536.524658
535.040771
533.767761
532.060974
529.839050
527.733521
526.004089
525.017700
524.956238
526.048645
528.300232
530.427856
531.470276
531.644653
532.087463
533.144897
534.140137
535.072632
536.700806
539.378113
542.356140
544.352356
544.825500
544.135681
542.833313
541.458740
540.243103
538.853821
537.217529
535.499268
534.166077
533.117737
531.636902
529.142151
526.430176
524.991943
525.296814
526.170349
527.177429
528.569580
530.683472
532.585632
533.269104
532.867493
532.868286
534.130798
536.355774
538.812622
541.279663
543.385742
544.516296
544.464722
543.703186
542.597961
541.097412
539.103760
537.286499
536.151367
535.419678
534.266296
532.354126
530.189941
528.197510
526.554016
525.425293
525.238892
526.274170
527.908081
529.683228
531.361084
532.773926
533.882568
534.276794
534.583801
535.756958
537.915527
540.130310
541.737488
543.065247
544.219421
544.559814
543.921143
542.243774
540.275696
538.782837
537.817200
536.877625
535.515686
533.583923
531.185181
528.813110
527.192566
526.191589
525.298828
525.119507
526.427002
528.937561
531.184143
532.280273
532.601196
533.117188
534.686279
536.782288
538.516785
540.291626
542.174377
543.493225
544.051392
544.394348
544.393372
543.278381
541.210327
539.054077
537.552002
536.945129
536.115173
534.322571
532.182495
530.180908
528.267639
526.437683
525.215637
525.154968
526.120544
527.928589
529.826843
531.366699
532.305725
532.819031
533.709106
535.322021
537.351929
539.356506
541.255249
543.332947
545.041077
545.485901
544.364441
542.726074
541.536987
540.481506
539.100891
537.665894
536.477783
535.296387
533.640869
531.424011
529.108582
527.281982
526.124390
525.534363
525.527954
526.295288
527.782104
529.762817
531.859375
533.263489
533.707458
533.936523
535.372070
538.395630
541.618896
543.482239
543.827332
543.959534
544.655212
544.894836
543.774475
541.612549
539.485168
537.921753
536.758240
535.765320
534.477112
532.586548
530.172668
527.766235
526.129272
525.509399
525.431763
525.782166
526.908264
528.834656
530.837463
532.307190
533.347900
534.301636
535.348022
536.775024
538.951172
541.606323
543.706360
544.502197
543.991516
543.318237
542.846619
541.831238
540.026001
538.246216
537.272278
536.571289
535.314331
533.528503
531.544800
529.659546
527.851074
526.207764
525.227295
525.015015
525.659790
527.265381
529.585754
531.854675
533.210999
533.487915
533.980103
535.693359
538.259583
540.421265
541.993591
543.366699
544.291626
544.341431
543.166382
541.457336
540.201111
539.231628
537.926086
536.658691
535.849060
535.116150
533.649719
531.306519
528.543457
526.201172
525.001099
525.001831
526.039612
527.761292
529.164307
530.280334
531.596863
533.018799
534.086304
534.870483
536.340271
538.955505
541.917297
543.849731
544.411926
544.413269
543.933350
542.676025
540.844971
539.042786
537.828003
536.872070
535.623901
534.250000
533.191956
532.012817
530.057495
527.929749
526.457520
525.608887
525.353943
525.965515
527.866821
530.327209
532.161743
532.811829
533.013916
533.952515
535.843689
538.133484
540.400635
542.393555
543.669800
543.906494
543.552185
543.036072
542.042358
540.206787
538.096313
536.476440
535.849548
535.574158
534.423950
532.569946
530.642700
528.782104
526.932068
525.659546
525.483032
525.959167
526.865906
528.237000
529.896667
531.620056
532.840393
533.533630
534.456543
536.403503
538.938965
541.186890
542.933472
544.296326
544.810181
544.138672
542.511230
540.864197
539.472107
538.097778
536.733826
535.405884
533.917542
531.830444
529.333191
527.343262
526.627563
526.557800
525.926819
525.061707
525.493713
527.603149
530.067993
531.687805
532.413574
532.810303
533.820496
535.489441
537.815552
540.401428
542.372925
543.448242
543.905823
544.148071
543.669983
542.068909
539.955872
538.095886
537.078125
536.353699
535.118591
533.370483
531.419434
529.295166
527.002686
525.424500
525.275818
525.928223
526.474426
526.927795
528.095581
530.000366
531.757446
532.852539
533.525635
534.468628
536.056091
538.190552
540.612061
542.894043
544.384155
544.461792
543.651794
542.610229
541.422546
539.784790
537.972595
536.716248
535.964294
534.729797
532.460022
529.825562
527.778320
526.498779
525.609070
525.199341
525.464233
526.409790
527.642090
529.166504
530.958130
532.452698
533.036987
533.425476
534.746338
537.385376
540.204712
542.179565
543.145447
543.873901
544.288513
543.723755
542.194824
540.367249
538.683655
537.146973
536.000244
535.163452
533.973022
531.976929
529.216125
526.810974
525.472534
525.289001
525.430725
525.888367
527.417664
529.396851
530.818115
531.669922
532.346680
533.406616
534.605652
535.999207
537.832092
540.317200
542.976990
544.622925
544.766113
543.893005
542.377625
540.894165
539.743164
538.546082
537.179810
535.466248
533.953979
532.797791
531.277893
528.816467
526.086365
524.797852
525.257996
526.380005
527.526123
528.798218
530.912292
533.160339
533.971375
533.198486
532.799561
534.357056
537.103333
539.686523
541.577942
542.891235
544.024963
544.737610
544.276550
542.443359
540.161316
538.476746
537.696472
537.285156
536.081177
533.648743
531.000000
529.151428
527.904785
526.310120
524.780029
524.510010
526.004822
528.435425
530.461182
531.562866
532.669983
533.810425
534.254761
534.013428
534.685547
537.175659
540.722412
543.659363
544.884399
544.423767
543.465210
542.620117
541.864258
540.614929
538.757568
536.297485
534.561462
534.076111
533.801453
532.483887
529.543884
526.084351
524.235962
524.460876
525.986755
527.400269
528.641663
529.833557
531.279114
533.285095
535.269287
536.158142
536.117126
536.127502
537.852905
541.161377
543.973755
544.763123
544.240967
543.546082
542.783875
541.219299
539.003174
537.062195
536.333252
535.878479
534.250488
531.699524
529.193787
527.327942
526.059570
525.388977
525.246521
525.889404
527.611938
529.959656
531.816528
532.623657
532.716431
533.475464
535.689331
538.491150
540.167175
540.602600
541.328491
543.008240
544.526855
544.653931
543.296753
541.491943
539.919312
538.562988
537.416748
536.343933
535.214111
533.393555
530.901062
528.541382
526.631042
525.407410
525.031799
525.735535
527.385010
529.193481
530.639160
531.759460
532.841980
533.778442
534.509277
535.784729
538.316345
541.463013
543.673645
544.343140
544.386108
544.459595
544.049866
542.617798
540.671631
539.029358
537.815247
536.676392
535.486084
534.236267
532.642700
530.250122
527.464294
525.492188
524.905945
525.213867
525.900696
527.206909
529.256348
531.388550
532.642212
533.127869
533.689941
535.073730
537.313354
539.924622
542.326538
544.037109
544.444458
543.972656
543.532776
543.242798
542.196350
540.200745
538.330566
537.277283
536.706360
535.585999
533.426941
531.069763
529.083374
527.183533
525.406860
524.537781
525.145203
526.725220
528.793274
530.742676
532.215332
532.962280
533.140137
533.832764
535.779175
538.548462
541.135132
542.990356
544.368713
545.015503
544.326294
542.622131
541.000122
540.236328
539.559326
538.250427
536.885986
535.854187
534.795349
532.897644
530.175842
527.850708
526.351807
525.571228
525.313049
525.845459
527.351013
529.265198
531.019592
532.363892
533.381226
534.285889
535.138733
536.782959
539.400208
542.083618
543.764648
544.473633
544.622009
544.076782
542.368469
539.944275
537.955200
537.332458
537.324036
536.671265
535.293640
533.773865
531.889709
529.460754
526.877380
525.234375
524.858521
525.251526
526.232666
527.985779
530.269104
532.311951
533.319397
533.753479
534.416260
535.728149
537.629456
540.000488
542.604797
544.507202
544.836975
543.922913
542.623779
541.359924
539.861267
538.020752
536.745361
536.498718
536.371704
535.179749
532.946960
530.496033
528.265076
526.349487
525.057129
524.833984
525.810913
527.479004
529.444336
531.425598
532.756592
533.263245
533.432983
534.565247
537.117798
540.037048
541.907532
542.859070
543.725220
544.529907
544.393433
543.004028
540.816711
538.800720
537.218750
536.062195
535.341553
534.975586
534.137268
532.168274
529.544861
527.237610
525.564819
524.676941
524.910767
526.497681
528.612671
530.173035
531.152039
532.143066
533.402954
534.725159
535.879822
537.572815
540.456909
543.433411
544.817383
544.379395
543.472839
542.714172
541.697449
540.177368
538.425659
537.076233
535.973877
534.490051
532.741699
531.201111
529.936890
528.525269
527.030884
525.946960
525.374573
525.477905
526.551331
528.661255
531.028931
532.537964
532.982361
533.394531
534.673035
536.861755
539.143066
541.216064
543.068481
544.322021
544.578491
543.895630
542.707703
541.095825
539.029053
537.243103
536.152710
535.333374
533.760986
531.195923
528.902771
527.974548
527.808044
527.061279
525.704834
525.171692
526.071899
527.884216
529.893982
531.490479
532.668518
533.447449
534.007141
535.207031
537.483154
540.241638
542.483765
543.931213
544.722778
544.614197
543.523438
541.636658
539.660706
538.085205
536.911438
535.978760
534.965088
533.417603
531.208313
528.632385
526.559021
525.655884
525.417480
525.144043
525.354187
526.881897
529.048828
530.742310
531.756714
532.570801
533.619995
535.025879
536.469604
538.354492
540.939636
543.432739
544.733215
544.734863
543.877991
542.517456
540.798340
539.107849
537.790833
536.896057
535.878784
534.435913
532.640015
530.323669
527.553528
525.254639
524.533081
525.509583
526.961792
527.584351
527.780884
528.874512
530.872314
532.435181
532.972900
533.622925
535.352600
537.997192
540.612488
542.344727
543.376160
544.160156
544.497437
543.756104
541.877808
539.715393
538.058228
537.418091
537.125793
535.883911
533.256042
530.283203
528.320190
527.197693
526.178589
525.154541
525.070312
526.638794
529.071106
530.928894
531.724365
532.074280
532.575562
533.018738
533.697876
535.516357
538.580017
541.479248
543.076843
543.647705
543.674683
543.378296
542.542053
541.273865
539.898499
538.546326
537.285461
535.869934
534.339539
532.576904
530.119324
527.520508
525.747192
525.392273
525.746521
526.148926
527.129456
528.991577
530.908508
531.766663
531.841980
532.327637
533.599487
535.338135
537.302002
539.802673
542.575439
544.437134
544.625488
543.996460
543.406433
542.610291
540.924744
538.749939
537.232361
536.620117
535.834595
533.883972
531.344666
528.941528
527.153381
525.988831
525.496765
525.774780
526.809326
528.526855
530.448669
532.173096
533.236328
533.119751
532.919250
534.015564
536.351379
538.790100
540.744080
542.496948
544.010620
544.764893
544.246399
542.505493
540.603882
539.482056
538.638794
537.746033
536.574463
534.941711
532.709778
530.066772
527.960876
526.286926
525.299133
525.168091
526.047058
527.953613
529.624939
530.702820
531.563171
532.637207
534.301208
535.555969
