504.726807
504.726807
501.598572
498.301392
505.252136
517.350952
531.964233
541.012939
538.338928
534.892700
532.290466
532.304504
534.217529
532.334656
535.403259
535.399841
535.139221
531.061096
529.511475
532.600891
534.546143
536.510925
535.981018
534.438904
535.086853
532.795776
532.767273
529.623657
532.757141
535.624878
534.714294
536.647034
533.852295
532.225403
533.039307
530.852966
534.517944
535.877075
534.065186
535.094788
532.091980
532.475830
534.228577
532.712036
536.077148
535.539185
532.965515
528.833435
531.117249
539.529724
544.827698
545.260864
538.991516
532.642395
532.034912
531.543823
532.389648
530.501648
534.695068
536.939331
535.115967
535.681396
531.854492
531.034302
532.883240
531.945312
536.088806
536.435425
533.798828
533.721680
530.633484
532.698364
535.406494
533.860474
535.975708
534.053894
531.945190
529.079651
532.069519
539.555420
543.969299
544.307129
538.262695
532.383240
531.922791
531.559875
532.795593
531.128601
535.126221
536.243469
534.079468
534.648560
531.504456
531.997375
533.717834
532.176758
535.920654
536.082825
534.123779
534.041321
530.545654
533.035889
535.861328
534.370605
535.821960
532.950989
531.298889
529.286316
532.332458
538.481323
542.058716
542.872009
537.481506
532.121094
531.495544
530.984863
532.786865
532.042725
536.558411
536.847778
534.125488
533.889954
530.548950
532.375183
534.863281
533.279358
535.752930
534.325256
532.663757
533.285461
530.436768
533.607849
536.207520
534.773010
535.799744
532.075562
530.707520
532.547058
535.786682
535.401794
530.093262
526.470642
524.289307
527.230896
533.419189
534.706238
534.130005
532.687683
535.841919
535.479675
533.892578
534.079895
530.318481
532.355103
535.110718
534.314148
536.455566
533.571533
531.523193
532.625732
530.940613
534.937561
536.507202
534.394714
535.020813
531.683533
531.782898
533.612061
535.923096
534.734009
530.259949
528.115662
525.849060
527.422729
532.082764
533.891846
535.217651
534.366211
536.379761
534.201111
532.506714
533.403198
530.506226
533.285339
535.516541
534.467163
536.209290
532.987671
531.692688
532.950500
531.398804
535.433594
536.345276
534.190186
534.340332
530.721619
531.910645
534.372437
536.706787
534.253540
529.122498
527.484741
526.471558
528.939087
532.900940
533.937988
535.067017
534.136414
536.282715
533.708252
532.143982
532.923096
530.696533
534.526917
536.416138
534.801025
535.311401
531.559814
531.766724
533.994934
532.617249
535.986145
535.860779
533.647034
533.527222
530.010376
532.409668
535.403809
534.110535
531.158264
532.852661
541.540649
546.028198
544.354370
537.783936
531.231689
532.145325
534.554688
535.992615
532.839478
532.288025
533.819275
531.867310
535.312256
535.832581
533.747192
534.131958
530.706665
532.108093
534.645813
533.333618
536.110229
535.086060
533.475769
533.769226
530.197327
532.687805
535.316772
534.405701
531.452209
532.985779
541.042786
545.026367
543.645691
537.765564
532.319336
533.573547
534.778687
534.806885
530.898254
531.602417
534.254639
532.794861
535.671875
535.099487
533.230103
533.772949
530.687744
533.032288
535.556885
534.081482
535.893005
533.498779
531.985046
533.017090
530.848389
534.650940
536.778564
534.766357
535.248779
535.780579
534.752563
526.768799
519.732483
518.932922
525.846619
536.949402
539.145264
534.679626
530.858398
532.085327
534.571472
533.282349
535.809692
534.302002
532.665344
533.485229
530.712524
533.642578
535.908752
534.162109
535.467834
532.811646
532.274231
533.701477
531.275757
534.620117
535.965088
534.208496
534.702820
535.127686
533.966858
526.557678
520.484619
519.971680
526.530396
536.863281
538.332397
533.711670
530.112305
532.789307
535.924316
534.742676
536.412170
533.894409
532.262329
532.960938
530.545776
534.567261
536.983765
535.257751
535.268372
531.181030
531.235229
533.814209
532.405640
535.611572
535.588013
533.612915
534.055725
530.868591
530.834900
532.794067
538.723145
542.739197
542.953369
541.151978
534.087097
529.409851
530.358948
533.480408
536.151794
534.715881
535.680481
532.466675
531.863770
533.625000
531.762207
535.388000
536.434753
534.224976
534.231934
530.512573
531.891479
534.735168
533.328796
536.155090
535.456360
533.558838
533.554871
530.023254
530.057800
533.120789
540.505615
544.504517
543.852844
540.843506
533.262756
528.980042
530.388367
534.248535
536.580261
534.804504
535.023621
531.610229
532.391541
534.722717
532.507446
535.094727
535.184570
533.576172
533.931091
530.434631
532.494507
535.415039
534.197571
536.405579
534.425293
532.470154
532.938599
530.287109
530.611511
534.152710
541.767944
544.985168
543.193909
539.271484
532.174683
529.381348
531.479309
535.151245
536.063293
533.638672
533.596558
530.485779
532.406433
534.932739
532.949158
535.523560
535.069214
533.501404
533.265381
529.430542
532.523743
536.153931
535.333191
536.363586
532.841309
531.319946
532.925049
531.444275
535.334229
537.850586
537.609802
529.882629
522.966675
523.825928
527.597839
533.000549
535.372131
535.104431
535.806396
533.959473
533.590515
529.802368
532.394287
535.765137
534.290039
535.825623
533.794983
532.535461
533.370117
530.604370
533.945923
536.218018
534.563782
535.568481
532.297363
531.472656
532.967163
531.420837
535.823364
537.409058
537.438232
531.587952
527.552734
530.243042
533.633179
536.716675
536.059021
534.167847
535.066467
533.102173
533.142273
529.960876
533.213318
536.279663
534.679688
535.771423
532.867249
531.697754
533.082520
531.289612
535.392029
537.046021
534.740540
534.732300
531.214722
531.787170
533.767761
531.858337
535.546448
536.223999
536.169434
530.663635
527.486389
530.637085
534.735535
538.051270
536.390198
533.608887
534.256226
532.662109
533.210388
530.346375
533.920837
536.230774
534.282288
534.928955
531.849243
531.667236
533.223450
531.419006
535.663574
536.972351
534.717957
534.062622
530.103638
531.913330
534.846436
538.080444
536.993042
525.411499
520.515686
519.694763
524.895813
536.578064
541.098938
534.078430
529.029175
528.258667
527.813354
530.153381
532.959839
534.045837
536.132324
534.702271
535.389587
531.768250
532.024292
533.743713
531.321838
534.281494
534.693115
533.710693
534.208191
529.753296
530.969055
534.020020
534.116943
537.314941
534.500610
531.286316
531.263428
529.124146
533.850952
537.424133
538.345215
531.750000
524.947632
524.942261
527.329651
532.040039
534.399963
533.853088
534.928284
534.007568
534.803284
530.484375
531.238525
533.971741
533.129700
536.161865
534.476929
532.109619
532.713013
530.270752
533.670715
535.799133
533.707214
535.202026
532.769348
532.066528
532.936401
529.694092
533.058350
535.475647
537.594055
533.290039
528.227295
528.073242
529.486877
533.622314
535.786621
535.475525
535.989441
533.005066
532.834656
529.724182
532.645142
535.417725
533.521729
535.341736
533.415344
532.365234
532.933533
529.337463
532.516663
535.480591
535.101074
536.357666
531.874695
530.543457
532.643311
531.943665
536.172668
535.979980
534.988953
530.113342
528.220398
532.015625
535.264404
537.587952
535.558167
532.668335
533.832520
532.900513
533.460144
529.422302
531.771729
534.773743
534.572754
536.648010
532.968323
531.077087
532.411560
530.972595
535.303223
536.376648
533.722412
533.802979
530.557617
531.990295
534.467224
532.338074
535.054077
534.755981
535.114136
531.059692
528.551697
530.602722
533.684021
537.678589
537.049377
534.074158
533.542236
531.473755
532.588745
530.574280
534.308289
535.778381
533.653381
534.653320
531.904114
532.089478
533.389221
530.670288
534.092102
535.369202
534.347900
534.620605
530.000000
530.877136
533.811646
533.344116
536.488159
534.706177
532.428040
528.953613
531.156616
538.291748
543.169434
544.172302
537.744202
531.083862
530.789001
531.333984
533.068176
530.915039
534.475891
535.755615
534.175476
534.569458
530.497498
530.856140
533.413635
532.612488
536.370239
535.712158
533.194763
533.051514
529.525818
532.320801
535.146179
533.760437
535.852234
533.673645
532.416626
529.747253
531.314758
536.434326
540.447021
542.662659
537.694031
532.014160
531.290833
531.171631
533.112366
531.848511
535.744812
535.673706
533.102905
533.209167
529.925293
532.232910
534.920410
533.069275
535.226624
533.746765
532.661560
533.295471
529.712463
532.604614
535.374268
534.467285
535.861938
532.191650
530.946167
532.515442
535.225281
534.206787
529.049316
526.208862
524.408630
527.232117
533.188477
534.460632
533.906372
532.265625
535.611328
535.313477
533.571899
533.283386
529.049927
531.722107
535.221558
534.562439
536.263672
532.943970
531.294678
532.744263
530.972900
534.817627
535.996094
533.818176
534.656128
531.569702
531.893860
533.445129
535.077454
533.068787
528.708191
527.726440
526.452576
528.210510
532.363403
533.703369
534.842224
533.965576
536.115356
533.549866
531.659668
532.871948
530.504883
533.686829
535.244507
533.300049
534.997742
532.541565
531.908203
532.758118
530.267578
534.583435
536.740723
535.212891
534.535339
529.642334
530.751099
534.102966
537.015442
534.011414
527.943359
526.145630
525.628540
528.823792
533.297241
534.438049
535.140686
533.562683
535.618347
533.163574
531.839844
532.563599
530.108521
534.315918
536.396118
534.502014
534.486572
530.518127
531.238098
533.776306
531.930054
535.051941
535.174988
533.744202
534.135742
530.116272
531.645691
534.356140
533.708313
531.657166
533.860168
542.204224
545.417358
542.720032
536.404907
531.028809
532.640198
534.634033
535.255310
531.763062
531.703430
533.626221
531.406921
534.623291
535.406006
533.877319
534.362610
530.372620
531.451904
534.292358
533.306946
536.318298
534.809875
532.570679
532.982849
530.015442
533.174744
535.551880
533.575317
529.868042
532.111816
542.216248
547.304993
544.949646
536.912781
530.158203
531.973450
534.595337
535.447815
531.051392
530.914307
533.346252
532.092773
535.380554
534.742126
532.632385
533.281494
530.375000
532.893250
535.144409
533.175049
535.417908
533.802551
532.675293
533.112488
529.699646
533.117065
535.726501
534.330811
534.860840
534.906921
533.762939
525.973511
519.412476
518.963867
525.810425
536.634216
538.582214
534.165771
530.466797
531.767090
534.183289
532.881226
535.950806
534.737244
532.579529
532.595642
529.360962
532.867615
535.682556
533.857117
534.941956
532.329041
532.122925
533.539307
530.486633
533.613647
535.240234
534.134277
534.946899
535.063843
533.358643
525.472412
519.594666
519.413208
526.138733
536.422974
537.562378
533.156311
530.111877
532.837036
535.246887
533.214478
535.318848
533.537048
532.343933
532.752930
529.402649
533.118896
535.942627
534.675659
535.206116
531.161926
531.131775
533.549377
531.979187
535.246033
535.340271
533.424438
533.920654
530.429077
530.132568
531.745422
537.915894
542.653992
543.546509
541.642517
533.696777
528.315186
529.361572
533.177002
536.293640
534.439331
534.905945
531.671814
531.631714
533.644714
531.054321
534.036438
535.231934
533.983887
534.917603
531.107605
531.594604
533.929016
532.528015
535.719177
534.870544
532.618286
532.801636
529.898071
530.568237
533.573914
540.120361
543.235596
542.201660
539.681091
532.864258
528.959167
530.042542
533.454102
536.005615
534.864624
535.418640
531.228027
530.969849
533.349609
532.068420
535.688293
535.804688
533.628662
533.770569
530.231873
532.296143
534.895874
533.217896
535.428345
533.759460
532.165466
532.828308
530.045349
533.718445
536.986389
538.276184
532.380859
525.910156
525.764343
527.536377
531.555969
534.214661
534.598328
535.898010
533.875061
534.066895
530.591736
531.992126
534.412964
532.281372
534.899414
534.499817
533.203674
533.447205
529.347595
531.872253
535.231506
534.486145
536.310852
533.199707
531.582458
532.740723
530.502563
534.246826
537.052185
537.264954
529.646729
522.347412
522.936768
526.918335
533.127075
535.719360
534.816772
535.135803
533.485046
533.626892
529.975281
532.323364
535.303284
533.578125
535.372681
533.271362
531.903320
532.910339
530.239197
533.990845
536.640015
534.837341
535.283081
531.518188
530.969971
532.968445
531.230408
535.015320
536.065308
536.544800
531.569153
528.074707
530.321594
532.978149
535.739258
534.980347
533.275818
534.634949
532.983276
533.117310
529.579834
532.692932
535.602478
533.965515
535.260071
532.665833
532.071106
533.423218
530.686279
534.103088
536.008057
534.427185
534.763794
530.767456
531.056824
533.594360
532.172668
535.616150
535.447510
535.101135
530.309082
527.909668
531.149780
534.729065
537.760437
536.005310
533.095642
533.711121
532.106079
532.665283
529.840271
533.703247
536.065125
533.930786
534.434326
531.363708
531.651367
533.731567
531.489807
534.932129
535.842407
533.895264
533.771423
529.731384
531.195740
534.168884
532.977112
535.989014
534.799500
534.139221
529.990234
528.898315
532.944519
536.999878
539.721619
536.362488
532.113647
532.385559
531.612244
532.931519
530.606506
534.664978
536.428772
534.225830
534.154358
530.506104
531.561218
534.301025
532.639954
535.610291
535.163208
533.087708
533.239990
529.710083
532.178284
535.086548
533.588989
535.724426
533.696960
532.006409
528.843872
530.850769
538.019653
543.689575
545.197632
538.134216
530.841919
530.385437
531.279907
533.415527
531.471375
535.009399
535.679321
533.532898
533.484619
529.794373
531.681335
534.543152
533.072571
535.627502
534.224060
532.347351
532.628540
529.615662
533.271179
536.244995
534.326477
535.121338
532.162720
531.575745
530.122375
532.625000
537.664917
541.417358
542.739990
536.511414
530.366516
530.280273
531.368591
533.720825
532.069824
535.545166
535.447571
533.427795
533.258789
529.588440
532.448303
535.689026
534.224365
535.913452
533.548401
532.078430
532.759338
530.047852
533.912537
536.258606
534.259705
534.501099
530.875671
531.005981
533.288696
535.667908
534.354370
530.020203
527.921509
525.263611
526.515259
531.790222
534.166931
535.056152
533.660828
535.892944
534.245239
532.319153
532.717102
529.695618
533.051880
535.632446
533.765259
534.968140
532.392761
532.006165
533.350220
530.811829
534.678040
536.288452
534.209717
533.981812
530.145264
531.312561
534.112549
536.441467
534.072754
529.352173
528.052795
526.156860
527.581848
531.896973
534.109680
535.641663
534.254456
535.974609
533.301147
531.565308
532.322632
530.006531
534.497498
536.985352
534.862488
534.763733
530.972168
531.261902
533.540405
531.766785
535.274658
535.530701
533.386230
533.321167
529.599976
531.775085
534.865784
533.332275
530.661377
533.014160
542.012939
545.576599
543.088013
537.218262
531.777344
532.725281
534.076782
534.764038
531.766052
531.442932
533.006531
530.795654
534.880737
536.545349
534.536926
534.186462
529.953186
531.096497
533.984497
532.682007
535.790588
535.100037
533.106445
533.128418
529.762817
532.782410
535.497925
533.572815
529.937256
532.181335
541.535706
545.517944
543.057434
536.618774
531.670715
533.503906
534.598511
534.308044
530.150208
530.722717
533.491333
532.217957
535.864746
535.644775
533.075317
533.043762
529.640198
531.953735
534.503723
532.942932
535.800354
534.646973
532.776245
532.470154
529.112122
533.261353
536.337158
534.503967
529.797974
531.299683
540.954163
546.186218
544.383606
537.187622
531.388489
533.018677
534.074463
533.956543
529.878479
531.097473
533.798828
532.578247
535.982361
535.162231
532.780396
532.404724
529.111328
532.832397
535.958496
534.015869
535.143066
532.512390
531.687317
532.707886
529.986450
533.888977
536.009277
534.312378
534.461304
534.675537
533.504883
525.453491
518.791565
518.798096
526.422424
537.039062
537.559937
532.321472
529.367004
532.463806
535.339844
533.450256
535.697083
534.192017
532.556702
532.564636
529.230957
533.221802
536.213257
534.497742
535.027466
531.538452
531.400269
533.350830
531.442688
535.326904
536.260620
533.990845
533.670532
534.115051
533.420471
526.217834
520.035095
519.263184
526.264526
536.799255
537.408997
532.201843
529.029297
532.904968
536.057373
534.211548
535.393555
532.754883
531.974121
532.917908
529.966003
533.717407
535.850464
534.320496
534.738281
530.838501
531.117249
533.364990
532.161377
536.199341
536.103821
533.271667
532.393982
533.077576
533.341492
527.904846
522.702454
520.898071
526.126953
535.434326
536.267944
532.270691
529.636292
533.885498
536.478943
534.320068
534.611023
531.197449
531.211304
533.142334
531.284058
535.237061
536.100647
533.883911
533.573120
529.728882
531.803467
534.918152
533.400391
536.021729
534.525635
532.380127
532.657410
529.725708
530.171143
533.538147
540.993225
544.829590
543.997070
540.422485
531.754883
527.332520
529.663269
534.672974
536.960754
534.681641
534.385742
530.631775
531.487915
533.657837
531.778625
535.300476
535.571350
533.524414
532.922974
529.263550
532.617737
536.176514
534.542786
535.958252
533.240479
531.478210
532.378296
529.957275
533.907043
537.246277
537.938721
531.284302
525.078979
525.624939
527.484863
531.201660
533.776001
534.724426
536.493225
534.470886
533.643372
529.383423
531.548157
534.948853
533.626831
536.082886
534.398743
532.378235
532.613281
529.300964
532.501526
535.282715
534.444214
536.849182
533.924866
531.608765
531.330688
529.185974
534.608093
538.901245
538.447144
528.482178
520.101379
521.647583
527.206238
534.074463
536.393433
534.996399
534.751343
532.955566
532.989441
529.323792
532.047791
535.221252
534.155701
536.524109
534.257141
532.086121
531.812744
528.657654
532.922852
536.129700
535.100525
535.951721
532.154419
531.376892
532.650574
530.783325
535.138245
538.524902
537.644104
527.189270
518.022888
518.734314
525.371704
534.693237
538.300903
536.436646
534.506348
531.731201
531.455444
528.844910
533.289612
536.507935
534.919861
536.368958
533.710388
532.320984
532.200134
529.141907
533.524475
535.986694
534.306396
534.191711
530.227966
531.347229
534.372498
532.950073
535.960693
535.077209
534.105774
529.365845
528.178345
532.669739
536.498169
538.929382
536.849182
534.174805
534.513550
531.929565
531.671875
529.298950
534.075806
536.593445
534.363953
534.898865
532.185120
532.619995
533.867859
530.960876
534.282654
535.109802
533.380188
533.547974
529.797058
531.708130
534.725403
533.769592
536.863647
535.030090
533.121033
528.229736
528.331177
534.282776
539.137756
540.907593
536.164856
531.819580
532.685974
532.250671
533.279785
530.552124
534.335571
535.819763
533.957886
534.287598
530.827637
532.087036
534.553162
532.843811
535.918640
534.987244
532.560059
532.764893
529.857178
532.759583
534.918579
533.119995
535.833130
534.555786
533.123718
529.132385
530.417358
537.284546
543.051147
544.459106
537.224731
530.446777
530.571045
531.706787
534.042419
532.318970
535.830872
535.708679
533.204834
533.307007
530.014893
532.126831
534.451172
532.693420
535.547913
534.459045
532.916016
533.134521
529.989441
533.318115
535.349121
533.405457
535.043396
532.724121
532.222168
530.224121
532.548523
537.765442
541.216187
541.639221
535.109436
529.940247
530.618713
531.535645
533.524780
531.937195
535.963135
536.005981
533.786987
533.287048
529.560425
532.343567
534.846436
533.422119
535.735413
533.543579
532.246399
533.041565
530.596130
534.591980
536.047119
533.585754
534.124390
531.231750
531.826233
531.183411
533.663025
537.310303
539.496521
540.256042
534.714600
530.297913
530.728333
531.617554
533.876404
532.550354
535.998291
535.065674
533.290222
533.254639
529.974731
533.286011
535.361328
533.530212
534.964050
532.336426
531.879395
533.023254
530.995056
535.323975
536.477173
533.964417
533.724487
530.074280
531.734375
534.698364
537.125732
534.599609
529.320618
527.120300
525.360291
528.150696
533.285645
534.562805
534.718140
533.026917
535.681396
533.938293
532.668152
533.077698
530.378906
534.189392
535.737122
533.779907
534.783386
531.758667
531.945068
533.300537
531.379761
535.650452
536.399414
534.107178
533.266602
529.123413
531.542725
534.794189
537.257019
534.375854
529.331543
527.787598
526.402039
529.023621
533.429138
534.992615
535.743530
533.320007
534.586548
532.148865
532.133850
533.719788
531.571533
535.143738
535.630127
533.485168
534.182861
531.036865
532.211426
533.982361
532.418762
536.312012
535.824463
533.264343
532.550049
529.083008
532.522888
535.374573
533.923523
530.890320
533.165710
541.723145
544.969788
542.899902
537.311462
532.333130
533.503113
534.322388
534.564087
530.867554
531.350647
533.751038
532.546387
536.243164
535.659546
532.911499
533.107971
530.381531
533.240662
535.490479
533.303223
535.378418
533.659607
532.533447
533.536438
530.695862
533.772522
535.462585
533.911804
530.738892
532.942017
541.001892
544.173462
542.648071
537.370178
532.646667
533.878418
534.107666
533.909973
530.209900
531.659607
534.102905
532.843628
536.124329
534.818726
532.403076
532.855469
530.296326
533.900696
536.169495
533.925964
535.194702
532.585876
531.809143
533.156067
531.080383
534.978210
536.107971
533.803772
529.439575
531.322937
539.898865
544.397156
543.775940
537.962463
532.522705
533.271118
533.283386
533.171143
529.582458
532.152222
535.120972
534.152832
536.588623
533.961548
531.581299
532.290100
530.440430
534.789185
536.597717
534.087769
534.543640
531.302063
531.463257
533.594360
531.870911
535.239197
535.193054
532.909180
533.549866
534.981140
533.679504
525.259216
519.105774
519.497253
527.277283
537.401245
537.580872
532.606384
529.450500
533.208069
536.131104
534.499756
535.564697
532.135803
530.978821
532.762878
531.222778
535.286499
536.143799
533.689331
534.055786
530.694031
531.664307
534.310181
533.171143
536.429138
535.398010
532.753296
532.844116
534.311035
533.538940
526.477722
521.396606
521.317383
527.776794
536.335938
535.893127
531.503784
529.093567
533.782837
536.685913
534.977356
535.322937
531.313599
531.036926
533.479187
532.371399
536.170898
535.789734
532.933289
533.345337
530.483032
532.474304
534.688171
532.846863
535.677246
534.388672
532.465515
532.827820
529.756897
529.736816
533.086304
541.686096
546.725891
545.645752
540.494812
531.216187
527.658081
530.588684
534.964600
536.458801
534.597595
534.985901
530.973633
531.160400
533.460083
532.619202
536.477417
535.778259
532.884827
532.668823
529.591248
532.691711
535.696045
534.241211
535.980957
532.911499
530.854004
532.130249
530.395142
530.865601
534.231506
542.302673
546.225647
544.743958
539.778870
531.355469
528.542297
531.100037
535.018433
535.883606
534.217957
534.374451
530.116028
531.212036
533.983826
533.555969
537.027283
535.134827
532.134277
531.884888
529.131409
533.284546
536.422791
534.934814
535.834290
531.965271
530.460205
532.052246
530.884644
531.399353
535.110718
543.413086
546.174988
543.276733
537.875793
530.938049
530.176758
533.020874
535.874756
534.882690
532.998169
533.674744
530.037659
531.935669
534.118591
533.022583
535.910583
533.921631
532.179016
532.581055
529.924805
534.122559
536.524231
534.860779
535.164368
530.851318
530.435120
533.012024
532.201050
536.151855
538.021973
536.945251
527.718201
519.506897
519.493713
524.818237
533.757141
537.733582
536.087219
534.360657
532.245056
532.684998
529.713135
533.004028
535.499878
534.249390
535.890686
532.854614
531.687500
532.664429
530.345154
534.373901
536.100464
534.573303
534.732239
530.225159
530.613525
533.555603
532.978455
536.576965
538.130920
536.477417
526.732178
518.451904
518.535522
524.839600
534.711182
538.235840
535.920654
533.858582
532.325867
532.699036
529.868652
533.885742
536.343567
534.986816
535.473999
531.187561
530.840210
533.172119
531.909668
535.693054
535.871521
533.797241
533.874817
529.931335
531.486694
534.168091
533.235413
536.274109
534.525940
533.463745
530.159668
530.628418
534.834045
537.851074
539.550232
535.864624
532.080566
532.635803
531.973633
532.923706
530.423279
534.494446
536.274170
534.612244
534.346741
529.835693
530.908569
534.187561
533.265686
536.006348
534.496277
532.532532
533.362366
530.119873
532.350830
534.666809
533.682434
536.327271
534.061646
532.731750
529.793091
531.150024
535.833984
539.312622
541.172546
536.652771
531.831360
531.666748
531.631836
533.494934
531.633057
535.099854
535.368164
533.595398
533.566833
529.276794
530.910706
534.025879
533.409729
536.371826
534.497681
532.446716
532.878296
529.981201
533.322205
535.654114
534.207031
535.597778
532.606628
532.074768
530.667664
532.724609
536.417236
539.027649
540.712769
535.986816
530.908142
530.408020
531.112427
534.115356
533.128784
536.078857
534.600586
532.388489
532.859192
529.848877
532.858215
535.601257
534.250183
536.193665
533.511841
531.991333
532.497131
529.597961
533.538452
535.996338
534.674133
535.182617
531.190979
531.293701
531.468750
534.332214
536.408447
536.841003
537.885071
534.221558
530.954895
531.242859
532.114624
535.071289
534.032043
536.351379
533.871338
531.823425
532.514587
529.872864
533.291687
535.474060
534.053223
535.749023
532.840271
532.059814
533.010864
530.443298
534.359619
535.953247
534.533020
534.795349
530.726807
531.939941
533.251160
535.722473
535.366699
533.598267
534.268738
531.845825
530.485718
531.566162
532.571228
535.423828
534.241516
535.863708
532.699402
531.325989
532.488586
530.223755
534.354309
536.500488
534.932373
535.417297
531.271423
531.319031
533.453369
531.931152
535.402039
535.284668
533.472961
533.834778
530.329163
532.576904
534.887390
536.459229
532.829163
528.207764
528.484863
528.600891
530.708435
533.344849
534.343201
536.214478
534.512817
535.106018
531.455322
531.418396
533.658447
531.730591
535.138123
535.743225
534.043579
534.487000
530.625793
531.768921
534.095886
532.588318
535.510742
534.676697
533.299988
533.704712
530.321777
533.305664
535.905151
537.357788
532.656921
527.329773
527.652893
528.865234
532.109192
534.466492
534.942566
536.347961
533.888672
533.803650
529.853516
530.793579
533.762024
532.580811
535.996033
535.581482
533.558533
533.718140
530.160461
532.605164
534.980408
533.103149
535.322693
533.843994
532.963806
533.597839
530.170898
533.467957
535.651001
533.844482
529.326050
531.046326
541.118103
547.331848
546.450623
538.700623
531.672546
532.755066
533.763550
533.639099
529.430481
531.284058
534.673157
533.874695
536.734497
534.917236
532.701233
533.013794
529.810303
532.938354
535.197754
533.411133
534.887085
532.463562
532.136780
533.509583
530.975281
534.642700
536.012634
533.855835
528.909546
530.339355
539.977051
546.407959
546.369263
539.128540
532.266174
532.654968
532.861023
532.788086
529.360657
532.410461
535.578003
534.106812
535.996826
533.880493
532.569275
532.906982
529.642273
533.290405
535.837097
534.281372
534.748352
531.056213
531.251892
533.706787
532.160278
535.620117
535.510864
533.105835
528.678833
530.504639
539.463867
545.758118
546.210144
539.057861
532.266602
532.517883
532.197815
532.196838
529.386658
533.356018
536.219788
534.606323
535.534058
532.322205
531.776123
533.201660
530.535522
534.362183
536.286682
534.576477
534.650940
530.574158
531.282104
533.873108
532.747986
536.280640
535.755737
533.348877
532.724121
533.130615
533.150757
528.586243
524.474976
522.372437
526.488098
534.942993
536.063354
532.715820
529.978638
533.888916
536.383240
534.901733
535.261536
531.290710
531.405579
533.605835
531.772583
535.230103
535.476196
533.352783
533.373718
529.717041
531.783875
534.504700
533.061523
536.035583
534.667236
532.630676
532.629150
533.861633
534.003906
529.565186
525.770020
523.153748
526.490967
534.289124
535.163696
532.308167
530.165527
534.803711
536.804749
534.593750
534.027039
529.920898
531.412170
534.345825
532.669922
535.592651
534.968262
533.098450
533.006958
529.322876
532.400940
535.642212
534.416138
536.116150
533.205872
531.454895
532.170227
529.754211
530.148865
534.584106
543.289246
546.317627
543.682861
538.711975
531.124695
528.896912
531.650452
535.808472
536.324829
533.920410
533.386475
529.748657
532.331177
535.185242
533.145752
535.179565
533.719910
532.407166
532.949280
529.736938
533.362793
536.243896
534.759460
535.664124
532.012573
531.115051
532.837585
531.276245
531.361267
535.296265
543.611694
545.727905
542.497253
537.657959
531.217468
530.124512
532.523926
535.765198
535.237244
533.193909
532.849182
529.183899
532.559753
535.876648
534.230835
535.500977
532.622314
531.464172
532.579651
530.119019
534.167175
536.112244
534.070862
534.387878
530.750671
531.297791
533.732910
532.393433
531.629578
535.053894
543.525024
545.714233
542.261292
536.950012
531.232605
531.339111
533.659424
535.997620
534.274902
532.444458
532.553772
529.460144
533.341736
535.959717
534.034607
534.885498
531.775696
531.573364
533.259460
531.222229
535.366028
536.457336
533.955444
533.344971
529.368591
531.263000
534.392456
533.166382
536.299805
538.319580
536.669067
525.409058
515.767456
516.596008
525.305054
536.572998
539.306396
535.555908
532.633789
531.465820
532.448425
530.317322
534.808289
536.615967
534.070557
533.807495
530.196167
531.210449
533.784058
532.223694
535.738159
535.786011
533.552002
533.040649
529.123047
531.799561
535.195923
534.122131
536.577820
534.402588
532.990662
529.129578
529.439758
534.660828
539.397400
541.420532
536.329590
531.335999
531.805054
531.588440
532.986633
530.846130
534.976196
536.284241
534.299927
533.928223
529.945374
531.841675
534.781128
533.216736
535.943604
534.612061
532.497253
532.802063
529.917358
533.490479
536.083008
534.343750
535.911316
533.134705
531.993408
529.267090
531.301819
537.342834
542.099365
543.322327
536.371948
530.123413
530.378784
531.428528
533.849365
532.143005
535.647461
535.478638
533.171265
532.845215
529.399658
532.562500
535.678223
534.037109
536.069946
533.867615
531.953857
532.299622
529.531738
533.713257
536.300171
534.587891
535.358276
531.996216
531.309021
530.012207
533.080139
538.687744
542.607361
543.331482
536.007324
529.681641
529.847900
531.621887
534.388550
532.963745
536.006042
534.792358
532.636169
532.588257
529.532837
533.232849
535.839844
534.003662
535.501099
532.891541
531.793579
532.356873
529.860779
534.380249
536.604553
534.733032
534.340881
530.099670
530.804382
531.422913
534.405579
536.923340
538.015808
538.391235
533.177185
529.588440
530.675171
532.388855
534.909729
533.082458
535.392944
533.733887
532.415833
532.675415
529.726868
533.912415
536.359009
534.477417
534.932861
531.415405
531.328552
533.046997
531.184631
535.361145
536.275513
534.194580
533.885132
529.834961
531.427002
532.890747
535.415771
535.600098
534.713745
535.069092
531.404846
529.496582
531.250671
533.181519
535.753479
533.791382
535.058716
532.329224
531.748352
533.008606
530.696167
534.659912
536.013672
533.972412
534.288330
530.732239
531.532471
533.501099
531.955078
535.978210
535.876709
533.432678
532.669678
529.094604
532.493469
535.660278
537.221924
533.449280
529.142517
529.234009
528.531738
530.196716
532.950562
534.185425
535.754395
533.640991
534.596375
531.844788
532.202271
533.491516
530.972595
534.747131
535.570862
533.766724
533.802429
529.997925
531.981689
534.631226
533.328979
536.239990
534.488708
532.113892
531.935669
529.061646
533.184326
536.022705
537.156494
532.709534
528.902222
530.128906
530.379395
531.895386
533.235474
533.626343
535.632812
534.098511
534.745117
530.970703
531.584778
533.707275
532.637634
536.675598
535.859680
532.648804
531.842285
528.708862
532.592224
535.837708
534.190491
536.057434
533.728577
532.229858
532.557312
529.886414
534.095581
536.235352
534.275818
529.712646
531.289246
540.226074
544.875977
543.782837
537.577698
532.157593
532.978027
533.022522
533.145996
530.041626
532.546936
534.994263
533.335266
536.203552
534.699158
532.463318
532.069702
528.928345
533.096802
536.236328
534.901001
535.947571
532.444763
531.484558
532.882751
531.108826
535.139038
535.569214
532.742432
528.180054
530.937439
540.989685
546.252197
544.821289
537.442017
531.585754
532.949829
533.429199
533.376892
529.573181
532.239014
534.932861
533.886292
536.433167
534.101135
532.242126
532.337708
529.587280
533.600891
535.410461
533.570618
534.520813
531.494446
531.922974
533.453979
531.414307
535.282593
535.592529
533.357544
528.679993
530.745483
539.796387
545.430359
545.280701
538.408508
532.305542
532.321960
531.510864
531.569275
529.134460
533.663635
536.222961
534.077576
534.827393
531.884155
531.911560
533.443665
531.142456
534.603882
535.170288
533.463867
534.554382
531.627441
532.663696
533.853027
531.720154
535.588135
535.751526
533.953918
533.243042
533.693298
532.985779
527.537781
523.515625
522.431152
527.292419
535.030823
534.868347
531.637329
530.173645
535.095337
536.697144
534.007568
534.085815
530.782532
531.677063
533.874146
532.166748
535.639160
535.281738
533.010925
533.224609
530.427429
533.344849
535.549255
533.113586
535.060120
533.517212
532.604187
533.490112
534.999023
533.779175
527.792786
523.559753
521.924927
526.728210
534.783875
535.480103
532.940613
530.867432
535.018982
536.012329
533.962769
534.002502
530.101562
531.359924
533.621765
532.426147
536.223877
535.239075
532.635742
532.306702
529.552795
533.819946
536.710815
534.443298
535.210083
532.125427
531.511047
533.250000
531.244629
530.839783
533.805481
541.775024
545.213684
543.842285
539.576904
531.976074
529.561340
531.709229
534.976868
534.824829
533.096313
533.772217
530.661438
532.929688
534.809265
533.000549
535.830505
534.193787
532.389160
532.332153
529.366699
533.527771
536.022522
534.438049
535.345825
531.584290
531.088379
532.764099
531.369690
531.288513
535.033142
543.338867
546.049622
543.642883
538.711304
531.781128
530.704041
533.182556
535.865295
534.070679
531.861816
532.450562
530.395142
534.477112
536.556152
533.886963
535.015137
532.511658
531.964233
532.866516
530.023254
533.686523
535.248657
533.998169
534.980835
531.537048
532.104736
533.653687
531.915771
530.910889
534.058167
542.130981
544.497314
542.051636
537.116699
531.414795
531.569214
533.906982
536.284302
533.780212
531.497314
531.564636
529.439697
534.468262
537.099304
535.077087
535.384277
531.681091
531.634277
533.228027
531.306946
535.065063
535.449341
533.381226
533.522644
530.117737
532.354187
535.177429
533.963501
536.511292
537.470947
534.866272
524.026001
515.999390
517.823242
526.516235
537.317749
539.551941
535.695007
532.531128
531.633911
532.702759
530.522644
534.575500
535.973022
534.204773
534.697205
531.169373
532.078491
534.129211
532.574768
535.650452
534.508057
532.104614
532.476379
529.930237
533.402771
536.128601
534.302490
535.995605
537.090454
534.748230
523.815308
515.371094
516.522217
525.515015
537.101624
539.355408
535.299622
531.980469
532.099792
533.679016
531.465515
534.854919
534.880493
532.885254
533.519226
530.643127
533.191895
535.637146
533.840210
536.153137
533.882996
531.558533
531.928772
529.673706
533.786438
536.207153
534.415100
535.702576
532.544495
531.326965
529.622253
533.074158
538.913269
542.086487
541.814819
535.043762
530.310730
531.713135
533.031616
534.465454
531.987427
534.971436
534.286499
532.500061
532.768311
529.512756
532.477783
535.225891
534.088013
536.272949
533.464844
531.426147
531.820740
529.840332
534.592590
536.665771
534.555725
535.053528
531.555725
530.861755
530.720154
535.501038
541.398560
544.013794
542.819092
534.712219
528.923096
529.717712
532.003296
534.839233
533.885437
536.564575
534.113037
531.467773
531.758179
529.960327
534.668884
537.022888
534.577026
535.083801
531.645630
531.231995
532.951233
531.184937
535.216675
535.926819
533.644287
534.021545
530.648560
532.236755
533.052368
535.348633
535.841003
534.713440
534.451172
530.652588
529.270996
531.464050
533.108337
535.731873
534.375549
536.391113
533.441040
531.594727
532.110229
530.076782
534.698547
536.506287
534.080566
534.260376
530.902588
531.904297
534.151489
532.383423
535.444885
534.644836
532.351501
532.746582
529.774719
532.586609
534.635925
536.792236
535.215149
532.207458
531.461548
528.958984
529.623962
532.639893
534.486145
536.374023
533.754700
534.382141
531.431580
531.716309
533.725098
531.712341
535.080811
535.077393
532.808838
533.572571
530.705505
532.793701
535.236694
533.381775
535.776367
533.870178
531.778381
532.459473
529.757874
532.916992
535.041443
536.651978
533.893921
530.660583
530.549622
528.961914
529.968262
532.431519
534.173767
536.742920
534.988525
534.835693
530.772217
531.640137
534.356567
533.104736
536.183533
534.796021
531.977722
532.242310
529.453796
532.691650
535.800171
534.691162
536.751099
533.564148
531.085022
531.749573
530.004272
534.462524
536.222595
536.555115
532.143677
529.177246
531.116516
531.997620
533.787170
534.349060
533.773560
535.036987
533.095520
533.627625
530.217896
531.961609
534.473511
533.343628
536.364624
534.623657
532.215759
532.380615
529.583130
533.260437
535.923462
534.611938
536.280090
533.032104
531.400024
532.182129
530.418518
535.046021
536.336548
535.984497
530.748230
527.834656
530.446106
532.659424
535.441040
535.725769
534.493408
534.883057
532.096558
532.390137
529.943359
533.417297
535.715820
533.669678
535.651428
533.562256
532.279602
532.946655
530.214966
533.898987
535.708008
533.771118
534.364319
531.164856
531.950745
534.474915
532.752380
535.710693
534.892761
532.297180
528.455872
531.084839
539.508606
544.260010
544.393127
538.679016
533.081482
532.795593
531.785461
531.906738
529.532959
533.605408
535.771484
533.630371
534.890076
532.483948
532.389954
533.684753
531.259521
534.983154
535.924255
533.645447
533.802002
530.144653
531.752014
534.906433
533.895508
536.366638
534.083191
531.568115
528.521606
531.671448
539.416687
543.338318
543.121399
537.121643
532.263916
532.807617
532.181641
532.411682
529.912476
534.136108
536.038696
534.282593
534.919189
531.310120
531.589966
533.869751
532.563354
536.162109
535.442810
532.347290
532.245605
529.543701
532.838928
535.829041
533.959656
535.770386
533.252625
531.440979
532.572388
534.966309
534.297913
527.789062
523.002319
521.342163
526.323242
534.671875
535.735107
533.440613
531.283752
534.980591
535.908386
534.159363
534.718628
530.659790
531.127563
533.493347
533.211121
537.274475
535.505920
531.904175
531.708191
529.682617
534.146118
536.460144
533.330811
534.049194
532.121033
532.628601
534.424622
535.765686
533.231995
526.947754
524.163818
523.727417
528.062500
534.067993
533.861511
532.572571
532.136963
536.748169
536.093689
532.743896
532.411865
529.717590
533.036011
535.598877
533.312378
535.305725
533.728638
532.628540
533.282532
530.053101
533.199829
535.534302
534.727417
536.343384
532.358948
530.900513
532.407104
531.462280
531.771973
534.983521
542.464661
544.822998
542.679260
538.087769
531.606750
530.985046
533.602844
536.164612
534.447205
532.190063
532.528137
529.607666
533.178528
536.088196
534.818542
536.210266
532.671753
531.195435
532.728394
531.147278
534.937012
535.545105
533.123962
534.170532
531.504028
532.234558
533.819580
531.829407
530.747803
534.183838
542.910950
545.894226
543.075378
537.152527
530.777222
531.264893
534.276184
536.407593
533.488953
531.393250
532.367737
530.342529
534.210083
535.799561
533.720154
534.995422
531.900085
531.422485
532.813660
531.148865
535.499207
536.280090
533.978516
533.781799
529.872925
531.596130
534.431763
533.443359
531.706360
533.935181
541.884644
544.987183
543.048157
537.712708
531.705872
531.939514
533.830078
535.403992
532.510254
531.395264
532.702026
531.126404
535.507202
536.709961
534.168030
534.090576
530.266174
531.168152
533.707031
532.445618
535.896179
535.073792
532.552734
532.622192
529.612305
532.799683
535.749390
534.354431
536.167175
536.899048
535.021606
525.391602
517.912598
518.637756
526.140747
536.624756
538.867798
534.964783
531.479065
531.210510
533.210449
532.010986
535.873718
535.601440
532.872864
533.101318
530.165344
532.442810
534.891846
533.209351
535.884949
534.173523
532.092834
532.703979
530.040833
533.570190
535.904602
534.197327
535.534485
536.355652
534.426025
524.580505
517.182739
518.239746
526.636658
537.524109
538.800415
534.053284
530.652710
531.971375
534.412720
532.684937
535.521667
534.410706
532.526489
533.259460
530.339783
533.037537
535.147827
533.441650
535.657166
533.315796
531.777466
532.591797
530.318726
534.285950
536.194092
534.355896
534.935364
531.262207
530.356018
530.194641
535.195129
541.239929
543.660950
542.705261
535.167358
529.595825
529.879761
531.541748
534.362061
533.600403
536.484314
534.244751
531.830627
532.459900
530.307739
534.385071
536.419434
534.084839
535.013733
531.822815
531.149231
532.782349
531.262024
535.481873
536.316772
533.871521
533.931213
530.181274
529.686157
530.924683
537.573486
543.757935
545.311584
542.888916
534.081970
528.656677
530.148315
533.356995
535.973022
534.381042
536.109009
533.072876
531.455566
532.632507
530.659241
534.659424
536.234863
534.218262
534.881165
531.290894
531.284790
533.231567
531.942444
535.997437
535.985229
533.424377
533.385559
529.917419
529.858093
532.151917
539.509399
545.119141
545.553833
541.960571
532.749390
527.877808
529.939026
533.956970
536.419373
534.572510
535.391602
531.814209
531.271301
533.464355
532.196167
536.014893
535.876465
532.968018
533.443176
530.614380
532.429688
534.765076
532.953369
535.955566
534.935974
532.949280
533.104370
529.585938
532.360596
534.926453
537.191040
534.335815
530.079468
529.312256
528.173950
530.296021
533.395813
534.680786
536.578491
534.689453
535.090698
531.006104
530.922913
533.142517
532.276123
536.532715
536.173645
533.185303
532.762329
529.375244
532.229431
535.444397
534.293213
536.298767
533.499207
531.302612
532.244263
530.307129
534.502625
537.316528
537.858215
531.885681
525.850586
525.423096
526.812256
531.511353
535.068542
535.414917
535.962769
533.692322
533.831848
530.279297
531.799500
534.325073
533.095459
536.249573
534.767212
532.411377
532.721069
530.018799
533.568481
536.268127
534.479431
535.521423
532.113770
530.895630
532.623413
531.157471
535.179199
536.167175
536.227234
531.766113
528.698608
530.258789
531.455994
533.964355
534.851257
534.461731
535.639587
533.276917
533.210876
529.762207
532.412231
535.316345
534.029297
536.031799
533.443726
531.821411
533.011658
530.729309
534.319153
535.937317
534.181030
535.452148
531.865173
530.940247
532.694702
531.755310
536.424683
536.856079
535.953186
530.487854
527.885925
531.059814
533.935364
536.788574
536.123840
533.850525
534.167603
532.203369
533.113342
530.501404
533.736145
535.976196
534.146362
535.518616
532.272400
531.111877
532.913025
531.481445
535.565247
536.415771
533.944885
534.236328
530.768799
531.775024
534.085266
532.671265
536.267944
535.634949
533.171204
528.947266
530.708435
538.328186
543.507690
544.568298
538.810547
532.628235
532.016052
531.399536
532.320068
530.421570
534.518738
536.224365
534.084167
534.794861
531.407288
531.351074
533.329956
531.856689
535.768494
536.068115
533.791199
533.724915
529.864990
531.576721
534.487488
533.527466
536.511047
534.642578
532.339600
528.927490
531.616638
538.940918
543.307800
543.786255
537.614624
531.639893
531.317993
531.041931
532.536255
530.986572
535.229065
536.228394
533.759888
534.118774
530.864685
531.955872
534.192749
532.527954
535.807129
535.132446
533.178894
533.638184
530.135559
532.411560
534.852295
533.720886
536.321960
534.002991
532.205444
532.793762
534.880920
534.141907
528.438843
524.751831
523.096313
526.848694
533.705505
534.585754
533.473328
532.514160
536.383240
535.809387
532.929932
533.398865
530.559509
532.884644
535.297913
533.294922
535.629333
534.078369
532.446289
532.794312
529.444946
532.680908
535.608032
534.848450
536.410828
532.623779
530.969116
532.368958
535.457764
534.662964
528.699219
524.700378
522.805725
526.721558
533.541565
534.748108
534.062927
532.832520
536.427307
535.467590
532.733032
532.580872
529.703674
533.394714
536.368896
534.345703
535.386169
532.340576
531.274292
533.018677
530.898193
534.428711
535.943054
534.432556
535.620422
531.948120
531.304932
532.906372
535.739014
534.636780
529.316772
526.204773
524.048035
527.171936
533.190369
534.791199
534.797546
533.248413
535.996643
534.383667
532.578979
532.963867
529.944946
533.488342
536.029236
534.452026
535.223206
531.507935
530.786377
532.914856
531.682373
535.543945
535.974731
533.769226
534.448914
531.153564
532.060486
534.003601
532.322937
530.861145
533.981140
542.764526
546.057861
543.449097
537.359131
531.030762
531.510986
533.989868
535.752625
532.876953
531.596436
532.975159
530.836304
534.657715
536.178101
534.236145
534.747620
530.765686
530.617798
532.835266
531.936646
536.199524
536.111267
533.479980
533.047852
529.237976
531.490967
534.422607
533.380615
531.203979
533.428772
541.959351
545.780762
544.064941
538.054382
531.692139
532.177002
533.990723
535.161621
531.617432
530.876892
532.905029
531.770020
536.071960
536.465088
533.460693
532.981750
529.346619
531.296814
534.504272
533.741821
537.068848
535.681885
533.176880
533.022522
529.490540
532.340881
535.106873
534.021240
536.044128
536.959656
534.776001
524.815002
517.264404
518.016663
526.158630
537.115967
538.725403
533.879333
530.256348
531.231018
534.203430
533.294983
536.945984
535.977112
532.956055
532.535950
529.099792
531.868652
535.123779
534.057617
536.189514
533.584106
531.817017
532.662964
529.837158
533.115906
535.155762
533.749512
535.366211
536.380981
534.478210
525.206116
518.327271
518.831665
526.404663
537.067078
538.318054
533.399963
529.653931
531.284180
534.339050
533.717163
537.003784
535.059937
531.963989
531.616577
528.667603
532.658020
535.952087
534.664673
536.118408
533.014343
531.906677
533.272766
530.975220
534.214600
535.223999
533.680908
534.796753
535.614075
533.835754
525.135742
518.904663
519.614258
527.363770
537.600891
538.055237
532.595764
528.464050
531.233154
535.166992
535.193115
537.985291
534.987976
531.811035
531.419434
528.922729
533.676208
536.798523
535.357300
535.506226
531.079224
530.865845
533.846985
532.717773
535.721619
534.856689
532.359375
533.460327
530.673767
530.170227
531.176208
537.739258
544.066101
545.933594
543.548218
534.092590
527.500671
528.263489
532.366821
536.508240
535.689941
536.185242
531.801025
530.551025
532.816956
531.409607
534.930603
535.492310
533.420044
534.442139
531.084106
531.664856
533.900024
532.490295
536.034485
535.554749
533.493408
533.419434
529.504211
528.933044
531.810852
540.559082
546.791565
546.647644
541.669922
531.617554
526.978088
529.622742
534.602783
537.365417
535.216858
534.955078
530.856506
531.152100
533.848389
532.538452
535.862610
535.407104
533.216492
534.077087
530.771912
532.048157
533.957520
532.416992
535.701660
535.030701
533.377319
532.966553
529.124512
532.635437
536.451782
538.791565
533.742432
526.741455
525.141968
526.039307
530.884521
534.821106
535.546204
536.469666
534.174805
534.380371
530.332947
530.879272
533.607239
532.783264
536.338257
535.276001
532.887512
533.113892
529.944275
532.724426
535.036987
533.401428
535.829468
533.746338
532.270874
532.796387
529.860840
533.524902
537.014587
538.803345
532.611755
524.740234
522.803711
524.498169
531.188538
536.413452
537.129700
536.700806
533.201904
532.877625
529.870117
532.489075
535.105591
533.276489
535.858887
534.423157
532.791199
533.046326
529.672852
533.061523
535.796082
534.384399
535.247192
531.780945
531.156921
533.145630
531.540161
535.318359
536.215698
536.605347
531.957703
528.071716
529.138062
531.272705
535.110901
536.279907
535.282166
535.649963
532.864746
532.643738
529.427246
532.481384
535.076538
533.636719
535.593567
533.092651
532.151794
533.446411
530.656616
533.711365
535.286682
534.123291
535.506531
531.824707
531.161499
532.743469
531.763123
536.513733
536.868835
535.926697
530.043335
526.892273
529.967468
534.089966
538.315002
537.422668
533.879150
533.263611
531.496643
532.925354
530.550110
533.514832
535.167175
533.901489
535.846863
532.811157
531.759583
532.898254
530.873230
534.733398
535.603821
533.553711
534.087830
530.806274
532.124634
534.431396
532.761597
535.740540
534.769165
534.171326
529.912537
528.547363
532.244568
536.170898
539.461975
537.052551
532.936401
532.860718
532.182068
533.895203
531.190674
533.961914
535.332336
534.269653
535.674255
531.806763
530.992004
532.575806
531.509949
535.886597
535.955872
533.409485
533.091431
529.478333
532.080750
535.265320
534.154968
536.305359
533.744507
531.779297
528.969238
531.490295
537.844727
542.051392
543.312744
537.596863
531.638672
531.064209
531.151794
533.173889
531.811340
535.695007
536.061462
533.929871
534.394470
530.853516
531.925110
534.162231
532.862610
536.005615
534.616638
532.259705
532.430664
529.603943
533.283264
536.218750
534.417480
535.553650
532.441223
531.485352
529.853088
532.601440
537.732117
540.848694
541.790894
536.344421
531.316650
531.318665
531.546875
533.368164
531.667175
535.362427
535.480347
533.565552
533.228149
529.124451
531.573181
535.247742
534.735352
536.826843
533.619934
531.317200
532.212708
530.218506
534.286377
536.308167
534.375854
535.222046
531.637268
531.252380
532.967285
535.301208
533.721863
528.846741
527.074036
525.715027
527.819946
532.275574
533.214355
533.938904
533.358398
536.495300
534.776855
532.645386
533.177612
530.047424
532.720276
534.885925
533.572693
535.611389
532.836365
531.642090
532.646790
530.477112
534.702026
536.521729
534.617981
534.415283
529.974854
530.697144
533.829407
537.074951
534.988281
529.066406
526.436584
524.925659
527.780090
532.854492
534.313904
534.988220
533.480103
535.807434
533.917358
532.567383
533.056519
529.903137
533.342041
535.684631
534.457642
535.438965
531.663940
531.352234
533.452881
531.771912
535.227600
535.482788
533.743652
534.199036
530.510803
531.951904
534.322815
536.612244
534.096680
529.360596
528.202271
526.966003
528.792480
532.098022
533.652954
535.816223
534.703308
535.746765
532.205688
531.486755
533.253174
531.063477
534.355652
535.287354
533.911438
534.981689
531.193604
531.466187
533.656860
532.604858
536.184937
535.378296
532.999390
532.880859
529.523254
532.507263
535.436523
534.040344
530.882080
532.666260
541.510681
546.065735
544.392456
537.583130
531.173462
532.335632
534.602783
535.691223
531.731140
531.058472
532.951111
531.831421
535.852356
535.959473
533.667480
533.695007
530.187134
532.303284
534.878296
533.173035
535.784180
534.348206
532.638000
532.798218
529.632874
533.270630
536.246826
535.029236
530.902771
531.633728
540.176208
545.372009
544.656982
538.026794
531.683167
532.780762
534.160095
534.580627
530.575134
531.237061
533.702576
532.514038
535.857910
535.026794
532.997253
533.064758
529.410645
532.324280
535.527832
534.439514
535.954346
532.691101
531.355652
532.891785
530.729248
534.313721
535.999329
534.414062
535.056335
535.082092
533.102417
524.905273
519.254028
519.936829
526.898804
536.790710
537.886230
533.597412
530.589050
532.697083
534.722290
532.795959
535.516479
534.336731
533.106323
533.436096
529.986694
533.303040
535.911682
534.516724
535.581299
532.169678
531.552124
532.958984
530.806213
534.731812
536.083801
534.453979
534.427734
534.401428
533.082153
526.188660
520.890503
520.282715
526.370972
536.578125
538.246277
533.916626
529.955811
532.189941
534.917847
534.172424
536.275269
533.392639
531.902771
532.907349
530.618896
534.414795
535.935669
533.893372
534.242065
530.606567
531.409058
534.205750
532.751770
535.789551
535.252441
533.415649
533.880615
530.259460
529.647522
531.890686
539.415039
544.768250
544.945801
541.785217
533.386230
528.441833
529.556091
533.079224
535.831177
534.704041
535.784302
532.216003
531.724487
533.404480
531.375427
534.822205
535.665161
534.060181
534.429871
530.489136
531.656006
534.340149
533.142517
536.047302
534.614624
532.594360
532.918945
529.617371
529.427551
533.004150
541.572876
546.056763
544.473877
539.994507
531.922546
528.734131
530.900452
534.531860
535.949646
534.158936
534.613342
530.782959
531.455688
533.853821
532.278809
535.572266
535.274048
533.497986
533.698059
529.947937
532.223267
535.104919
534.144531
536.155945
533.690796
532.330444
533.092712
530.036865
533.263733
536.450867
538.022888
531.904785
524.608093
523.480957
525.780884
531.904907
535.840515
535.985901
536.092285
533.514221
533.416687
529.978088
532.321167
535.353271
533.695618
535.969604
534.294434
532.706177
533.141113
529.784607
532.770813
535.308533
533.964905
535.287720
532.214783
531.636230
533.271851
531.121765
534.519653
537.126892
537.594788
530.009033
522.281860
521.863220
525.759827
532.786682
536.077332
535.406433
535.258911
533.367432
533.148621
529.489380
532.644714
535.863708
534.335510
535.581787
532.735718
531.842834
533.260315
530.693909
533.940857
535.854492
534.597107
535.416199
531.312378
530.789429
532.806335
531.626953
535.679138
538.299072
537.565430
527.853394
518.783447
518.720581
525.060425
534.575989
537.971130
535.604004
533.733337
532.334717
533.409851
530.695923
533.922241
535.901672
533.790283
534.696350
532.081848
532.229675
533.742493
531.136108
534.393494
535.664734
534.276489
534.474304
530.002441
530.836548
533.999939
533.316956
536.502136
535.346252
534.551941
530.527893
529.228821
532.439636
535.759583
538.696167
536.323547
532.788208
532.943848
531.882751
533.058838
530.626343
534.204346
535.943542
534.222595
534.779785
531.149719
531.680725
534.021912
532.509888
536.037109
535.974915
533.908386
533.915894
530.060669
532.000244
534.608276
533.304932
535.770935
534.054504
533.517822
530.452393
530.713684
534.903870
538.716675
540.910950
536.161255
530.847717
530.936035
531.629761
534.289795
532.203064
534.914185
535.373962
534.108093
534.863220
530.771667
531.422302
533.748169
532.622986
536.032532
535.022278
533.045471
533.268372
529.891357
532.653015
535.025940
533.394165
535.182312
532.808411
532.311523
530.554932
532.725708
537.390869
540.547119
541.708252
535.997498
530.394836
530.396484
531.506592
534.198975
532.854187
536.172974
535.640625
533.324951
533.156677
529.550781
532.237671
535.290894
533.968811
535.935364
533.707397
532.450317
533.335815
530.424500
533.858765
536.135925
534.492004
534.941956
531.175659
531.250916
531.269470
534.175964
537.152832
538.325134
539.107788
534.495911
530.351868
530.559021
531.686035
534.474487
533.199097
536.116333
534.925171
533.308350
533.530579
529.844604
532.476624
534.810608
533.664673
535.559021
532.940247
532.242065
533.268921
530.927368
534.966125
536.638428
534.396973
533.783813
529.504700
530.939026
534.490234
537.406372
534.500793
528.572937
526.661621
525.644958
528.176453
532.745239
534.298218
535.349487
533.977112
536.027222
533.624390
532.056213
532.594055
529.911011
533.815796
536.151978
534.266296
534.602539
531.231384
532.023682
534.319824
531.908081
534.524658
534.682983
533.383789
534.138672
530.226990
531.621155
534.337646
537.039368
534.321167
529.193298
527.847595
526.640869
528.637146
532.514648
534.535889
536.325378
534.323669
535.029846
531.927307
531.797058
533.554565
531.070007
534.186340
535.361145
534.012573
534.483398
530.615662
531.759033
534.460449
532.883667
535.495056
534.402100
532.605225
533.299805
530.422302
533.277649
535.678406
533.809631
530.341248
532.487976
541.812622
546.220825
543.984497
537.180603
531.458008
533.057373
534.558777
534.656128
530.752686
531.289307
533.695435
532.126099
535.610291
535.817261
533.658447
533.401611
529.373901
531.648376
534.976929
533.905090
535.981079
533.528503
531.649414
532.622375
530.361938
534.159912
536.304993
534.234985
529.927307
531.625916
540.748230
545.295166
543.637146
537.051147
531.658386
533.337830
534.023499
533.628357
529.864685
531.831055
534.748230
532.790649
535.193054
534.458130
533.245544
533.796814
529.919861
532.523010
535.515381
534.510742
536.097229
532.863098
531.486267
532.791138
530.814148
534.652100
536.071289
533.797119
534.143555
534.963074
534.211609
526.034912
518.725159
517.859131
525.661987
537.554443
539.385254
533.869812
529.331848
531.734924
535.608582
534.846680
536.556152
533.431580
531.418884
532.650269
530.775085
534.715332
536.235229
533.424194
534.083740
531.563660
532.345947
534.349182
531.728271
534.498352
535.144775
533.831177
534.383240
534.613953
533.102478
525.671936
519.947266
519.553467
526.653320
537.296570
538.350952
533.360046
529.513550
532.633850
535.865601
534.816345
536.012207
532.474976
531.205078
532.636292
530.695801
534.839294
536.378601
533.846313
533.577332
530.081421
531.656555
534.754150
533.052856
535.576477
534.771606
532.894653
533.537720
534.723328
533.989014
527.475830
522.200562
520.830872
526.348755
535.700684
536.643188
532.499329
529.514587
533.605347
536.499207
534.689880
534.768066
531.040527
531.361877
533.632812
531.672546
534.882080
535.392334
533.555725
533.902649
530.364136
532.053162
534.675842
533.125793
535.652039
534.310303
532.449890
532.763367
529.603333
529.886658
533.829590
541.830688
545.196411
543.281677
539.247375
531.854309
528.801392
530.872253
534.656921
536.161682
534.282898
534.523804
530.812500
531.589111
533.748474
532.072144
535.276978
534.991211
533.072632
533.192688
529.813660
532.613403
535.485962
533.672180
535.323242
533.213074
532.044983
532.874023
530.067993
530.138794
534.443481
543.180847
546.182800
543.182007
538.148804
530.921326
529.000977
531.600647
535.306335
535.794373
533.551636
533.526245
529.925415
531.963501
534.725830
532.998169
535.539856
534.437256
532.951599
533.142395
529.611267
533.171814
536.481750
535.036926
535.682129
531.777161
530.664795
532.563171
531.292053
535.577332
538.322937
537.657898
528.321472
519.804077
520.578796
526.091309
533.745361
536.682434
535.302124
534.908813
533.224731
533.473694
529.853027
532.507812
535.460327
534.040100
535.977173
533.662476
532.211365
532.935364
530.234253
534.001892
536.170471
534.332581
534.791138
531.279968
531.603394
533.678772
531.706604
535.141907
537.784851
537.257263
527.383423
518.245361
518.762024
525.641968
535.140381
538.314453
536.134644
534.772278
533.050781
533.026550
529.211792
532.362549
535.451904
534.356567
535.617065
532.335938
531.395386
532.966370
531.225098
535.443909
536.646729
534.027466
533.761719
530.302368
531.987671
534.740723
532.908569
535.824951
537.997192
536.991394
526.212585
516.270508
516.639160
525.099121
536.377441
539.408752
535.817749
533.145325
531.988647
533.001160
530.239380
533.892517
536.128967
534.550598
535.169495
531.447205
531.371216
533.442871
531.956543
535.762329
535.900757
533.250793
532.974121
529.619873
532.372803
535.351685
533.445374
535.804932
534.501221
534.009766
529.788452
528.533142
532.575073
537.526062
541.400085
538.019836
532.770142
531.774658
530.695618
532.481201
530.977539
535.103638
536.270203
534.021118
534.147156
530.601074
531.732239
533.896790
532.312744
535.848999
535.559509
533.262817
532.783875
529.285828
532.967896
536.501038
534.732788
535.673462
532.813477
532.369385
530.024963
530.915283
535.234131
539.236023
541.696045
536.955994
531.635864
531.133972
530.956238
533.003601
531.793823
535.905640
536.094299
533.340820
532.734436
529.502747
532.648315
535.675110
533.544189
535.228455
533.651184
532.346558
532.725647
529.326843
532.831909
535.905640
534.732727
535.647339
531.909058
531.059998
530.046509
532.996094
537.799438
540.759949
541.471680
535.280884
530.101929
530.818481
532.033020
534.033142
532.161987
535.751160
535.730286
533.734436
532.922852
528.797241
532.189514
535.957092
534.818542
536.108215
532.954529
531.649658
532.828003
530.658020
534.732971
536.436218
534.442200
534.935303
531.287476
531.500488
531.078491
533.604431
537.037170
539.377441
540.296204
533.962219
528.450928
529.099792
531.905457
536.020020
534.678894
536.311157
534.005005
532.476990
533.279663
530.170776
533.361511
535.544250
533.968262
535.192810
531.945312
531.441162
532.977844
531.281067
535.702454
536.589478
533.702881
533.013428
529.466431
531.729797
533.375610
535.551208
535.645691
535.255981
536.431824
532.716614
529.561707
530.294128
532.418274
536.013062
534.803772
535.909729
532.650818
531.585388
533.081909
530.860352
534.395508
535.440002
533.169434
533.999146
531.427307
532.557678
534.199768
531.972595
535.721008
536.142334
533.695984
532.591064
528.355713
531.405212
535.425903
538.006592
534.312927
529.185852
528.493530
527.438354
528.857910
531.852905
533.561035
535.801025
534.469727
535.684448
532.530884
531.977844
533.206848
531.189148
535.406677
536.290527
533.622559
533.013306
529.406921
531.948792
535.254089
533.591003
536.031738
534.805603
532.834045
532.496948
528.679077
532.000732
535.299561
537.457153
533.876831
529.787964
529.950073
529.201782
530.380554
532.720032
534.607056
536.893799
534.124878
533.381958
530.037964
532.102234
535.074585
532.979004
535.535156
535.110535
533.142578
532.994934
529.273499
531.980957
535.457397
534.820496
537.257629
534.432739
531.580444
531.541382
529.392761
534.406250
536.970947
534.187622
528.881714
531.008057
541.683044
547.298157
545.260986
537.316711
531.140930
532.959290
534.415771
534.562988
530.243713
531.562622
534.416016
533.627502
536.985596
535.368835
532.411072
532.152222
529.768494
534.119995
536.602295
533.946716
534.819458
532.542480
532.422058
533.256592
529.906677
533.598694
536.082581
535.130249
530.483948
531.032288
539.100525
544.151489
544.198608
538.607422
533.463501
534.086853
533.123230
532.145691
528.992249
532.655151
535.806030
533.852478
535.631104
533.714478
532.601196
532.933838
529.553650
533.328857
536.214050
535.078979
535.808105
531.537720
530.569336
532.121582
531.187317
536.059692
536.652161
533.577148
532.912048
534.121582
534.473511
527.437988
520.380432
518.372559
525.175598
536.308533
537.820740
533.234070
529.629883
532.947510
535.934692
534.674622
536.096619
532.841431
531.567566
532.514648
530.701477
535.421143
536.873596
534.184875
533.952515
530.598145
532.161011
534.329834
531.992920
535.021362
535.111084
533.743530
533.854614
534.378052
533.252258
526.740540
521.867249
521.128845
527.255859
536.380676
536.246338
531.617432
529.148926
534.111816
536.830444
534.578064
534.563538
531.070801
531.585815
533.648682
531.548950
535.032043
535.588562
533.782898
533.988098
530.077759
531.602051
534.160645
533.342346
536.967407
535.468689
532.401978
531.465698
528.648865
530.306946
534.759521
541.816406
544.067017
542.380981
539.447266
532.610657
529.420166
530.768433
533.837585
535.118286
534.000732
535.087646
531.379578
531.541809
533.200073
532.174316
536.754028
536.325684
532.813843
531.494690
528.491760
533.071960
536.755066
534.729126
535.699707
533.037231
532.067139
533.009583
530.120361
529.933289
533.997864
542.803223
546.494019
544.670898
539.753052
531.438721
528.435730
531.099487
535.564453
536.163086
533.601929
533.265320
530.074463
532.895569
535.365417
533.142395
535.604553
534.807495
533.618164
533.337646
529.184143
532.442017
535.672607
534.984070
536.254639
532.436279
531.198425
532.702942
531.317383
531.524902
535.058594
542.859497
545.281677
543.129822
538.789001
531.912109
529.811951
531.650818
535.160767
535.344727
533.721863
533.246033
529.188965
532.214783
535.589966
534.684448
536.365540
533.186157
531.490845
532.631836
530.995605
535.273499
536.378113
533.390686
533.913391
531.432739
532.478210
533.915161
531.451172
535.319214
538.945374
538.658325
527.985657
518.012695
517.874634
524.649353
534.606384
538.533997
536.900635
534.851013
532.506470
532.802246
530.278076
534.131531
535.806885
533.297058
534.386475
532.146240
532.257690
533.106567
530.485107
534.670105
536.437500
534.709656
534.420288
530.045898
531.072998
533.871460
533.127747
536.745972
538.811462
536.759827
525.657654
517.074158
518.622559
526.579407
536.201477
538.008789
534.826050
533.041748
532.661804
533.439331
530.398499
534.129456
536.069519
534.568970
535.092285
531.090454
531.084473
533.036377
532.004883
536.460266
536.433655
533.546631
533.199646
530.234863
533.224304
535.419067
532.974854
535.144531
533.833313
533.511169
530.037109
530.308899
535.139465
539.331360
541.502625
537.020508
532.367432
532.180298
531.143127
532.597900
531.587646
536.425232
537.000854
533.804260
533.255127
529.944275
532.313904
534.989685
533.081116
535.838257
534.954407
533.338135
533.578674
530.080017
532.897217
535.359619
534.307739
536.475525
533.619080
531.938965
529.272278
532.177002
538.940002
543.113403
543.054688
535.606323
529.942627
531.057495
532.610718
534.630981
532.155396
535.088989
535.319580
533.962402
534.110535
529.925110
531.709167
534.453735
534.035889
537.226257
534.866760
532.072083
532.057312
530.000366
534.737732
536.821228
534.216553
534.792969
532.054626
532.424011
531.273193
533.242981
537.062134
539.686951
540.709656
535.151367
530.457153
530.890259
532.103394
534.920776
533.798157
536.717896
534.881653
532.238220
532.681030
530.570862
534.521484
536.376343
533.858032
535.432373
533.422058
532.959351
533.500183
530.263000
533.915649
535.919067
534.803650
535.361877
531.106812
531.278198
531.583618
535.100342
538.164551
538.522339
537.401245
531.622498
528.976562
531.662659
534.046448
536.107910
533.307190
535.141846
533.849426
533.351807
533.867798
530.342712
533.454651
535.616089
534.781494
536.378113
532.683838
531.488403
532.608032
531.384338
535.821350
536.136719
533.197266
533.169067
530.860168
533.894470
534.969666
535.737976
534.326782
533.194641
534.610168
532.623718
531.295776
531.864807
532.488220
535.284363
534.938599
537.199768
533.455322
531.105896
531.824097
530.860352
536.129456
537.290283
534.150330
533.972229
530.924561
532.608215
534.597107
532.233459
535.270752
535.327148
533.928955
533.952820
529.888245
532.154480
534.927185
537.333984
534.299316
529.443604
528.058350
527.112854
530.217590
534.583313
535.932495
536.513489
533.740723
534.803101
532.233154
532.547913
533.595093
531.195435
535.177612
536.317200
534.499207
534.223083
530.065735
531.857117
534.669800
533.673035
536.326355
533.972290
531.757446
533.082092
531.546387
535.119690
536.267456
536.273071
532.137451
528.978638
530.287292
530.210327
531.760437
533.754333
534.926941
536.961365
534.874878
534.369934
529.775391
530.726868
534.100891
533.695312
536.879456
535.250977
532.837708
533.972290
531.548279
533.539917
534.253357
532.018127
535.119324
534.209534
533.266174
533.571045
530.705688
534.782471
536.786438
534.378479
529.442749
530.789673
539.983704
545.536316
545.531677
539.532471
532.967163
532.752747
533.077637
534.048706
531.047302
532.411194
534.021484
532.559937
536.351379
535.559204
533.281189
532.690002
529.519104
533.778442
536.622253
534.501099
534.865234
531.355347
531.371033
534.015015
532.816223
536.312866
536.160400
533.448730
529.286804
531.425293
539.593628
543.458557
542.798950
537.762695
533.671448
534.790283
533.713562
532.342957
528.637329
532.536682
536.170776
534.724548
535.847595
532.716309
531.830444
533.833740
531.908752
535.134155
535.902222
533.737427
534.740356
531.438416
531.418396
533.235291
532.158264
536.625793
536.818176
533.950073
528.798767
530.095337
538.379272
544.264954
545.490906
539.544617
532.728882
531.622070
531.203125
532.787720
531.225098
534.565552
535.534668
533.316650
535.379578
533.140320
532.282715
532.756775
530.545959
535.195068
536.806152
534.451233
533.847351
529.855530
531.868896
535.313904
533.923035
536.045227
534.001648
532.127930
533.593445
535.797363
534.311646
526.313416
520.979553
521.015686
527.769043
536.529846
536.010132
531.752441
529.683044
535.116943
537.872314
535.596741
534.940308
530.543030
531.284241
534.398743
533.120483
535.941406
535.093140
533.154724
534.032288
530.803162
532.507874
534.764343
533.961548
537.008850
534.538330
531.478088
531.594666
534.239685
534.877075
529.891357
525.542725
523.032654
526.414185
533.574768
534.870300
533.733887
532.347717
535.648438
535.574829
533.413025
534.300110
531.070068
532.033875
533.792664
532.396667
536.319946
535.702271
533.220825
532.792114
529.415039
532.984314
536.338379
535.098938
536.207764
532.574890
531.168945
532.766296
531.059692
530.936890
534.058533
542.651733
546.910645
545.155151
539.256470
530.347351
528.151611
531.786255
536.596802
536.989624
534.078491
532.922180
528.774963
531.735168
535.615906
534.720459
536.263611
533.152466
531.553345
533.438477
531.345520
534.066895
535.115723
533.521301
535.596741
532.633545
531.300110
532.309875
531.177124
532.000854
535.953735
543.799927
545.736145
542.507935
537.318604
531.156433
531.039001
533.865967
536.257019
534.686890
533.049866
533.899597
530.210938
532.214355
534.405579
533.821655
536.743652
534.178101
531.857056
531.845459
529.916260
535.204834
537.558411
534.926392
533.955261
529.631348
531.083801
535.016907
533.822937
531.318298
532.989746
542.024719
547.123535
545.698120
538.932129
530.281067
529.340088
532.887695
536.658020
535.066589
532.525879
532.184814
529.388062
533.842651
536.645447
534.807434
535.171814
531.440979
531.540344
534.020203
532.092346
535.063599
535.361389
533.886719
534.707581
530.719788
531.280090
533.479919
532.828064
536.725403
538.506104
536.641357
526.171326
517.218323
517.399353
525.086670
536.352417
539.607544
535.918152
532.466980
531.455383
533.394897
531.547302
534.814392
535.582642
533.826904
535.181274
531.996704
532.147522
533.420288
531.616272
535.947815
536.786255
534.841736
533.793457
528.824829
531.155762
535.130859
534.868896
536.827759
536.801758
534.482300
525.281006
518.220703
518.918213
526.173523
536.817139
539.275208
535.214539
531.633545
531.130920
532.750061
531.276001
535.516846
536.366882
534.105652
533.875305
529.968872
531.790283
534.797485
533.449097
535.822144
534.111145
532.542053
533.454468
530.123169
532.617798
534.891541
534.003601
536.448792
533.722961
532.103149
529.386230
531.533325
537.134705
541.283997
542.870117
536.622986
530.257080
530.076050
531.803406
535.196716
533.271973
535.084106
534.017700
533.085510
534.775940
531.122864
532.072144
533.641418
532.766968
536.289551
534.760742
532.901794
532.693970
529.556274
533.735535
536.665894
535.190613
535.330200
531.075745
530.322144
530.921387
536.078430
541.064941
542.320129
541.332214
534.709473
529.901062
530.797607
532.529968
534.723389
533.061584
536.201904
535.170959
533.116211
532.746277
529.247620
533.131042
536.650757
535.283142
535.806580
532.135681
531.901184
534.004578
531.556458
534.355896
535.240295
534.048279
535.373291
531.520203
529.965515
530.326782
536.485168
542.675110
544.839783
543.366882
534.698608
528.108459
528.852722
532.547180
536.238159
534.597778
535.365540
532.408691
532.083496
534.260437
531.465088
533.767456
534.934143
533.717346
535.534668
532.298340
531.735779
533.322510
531.944397
536.145569
536.544312
533.725220
532.900513
529.193054
532.181885
534.963623
537.052124
534.361877
530.395142
530.802063
530.665039
531.960510
533.579651
533.397217
534.762817
533.546997
536.095825
533.634277
532.167908
532.390198
530.172424
535.249023
537.549744
535.180603
533.992981
529.543213
531.439636
535.082581
533.718628
535.946106
534.401733
532.718140
533.765198
530.705200
533.069397
535.038513
536.518494
533.276550
529.945862
530.854309
530.184937
530.689880
532.222900
533.907654
537.237427
535.656372
534.817017
529.990906
530.931824
534.588562
533.423706
535.926147
534.965759
532.861450
533.692078
530.610779
532.600952
534.903564
533.383972
536.162964
534.924255
533.208496
533.085876
529.508423
533.238342
536.624695
538.441589
533.062561
527.055115
527.272461
529.399780
533.488159
535.361572
534.572632
535.540710
533.982117
535.110840
531.387512
531.726013
533.456543
532.412781
536.663391
536.215942
533.130249
532.005005
528.654419
532.883301
536.637024
534.836731
535.357178
532.110657
531.511841
533.613647
531.531982
534.918030
536.116211
536.642883
532.052063
528.628540
530.650757
532.227600
534.204163
534.429443
534.378662
536.533875
534.186523
533.112061
529.020020
532.095093
535.998169
534.537109
535.687134
532.923218
531.816711
533.586914
531.295532
534.481323
536.030579
533.982605
535.286011
532.451660
531.979553
533.129272
531.048706
535.509155
537.162170
534.553589
528.303040
528.821594
538.767273
546.776428
547.913513
539.999207
531.753967
531.687500
532.824158
533.911194
530.500977
532.671509
534.801025
533.752258
536.330688
534.127136
532.570679
532.769226
530.133789
534.718445
537.171021
535.035828
534.479370
530.354065
531.430481
534.350830
532.746155
535.659973
535.210876
533.354675
529.362976
531.019531
538.984985
544.237000
544.611450
538.330933
532.807434
533.471008
532.766113
532.032593
528.877136
533.518921
536.713379
534.624756
534.646851
531.434448
532.186707
534.486389
532.012268
535.033325
535.740784
534.071533
534.365051
530.375427
531.666260
534.261292
533.163513
536.610962
535.584961
532.995361
528.206055
529.750061
538.424622
545.493347
546.947937
539.083130
531.126526
530.868347
531.817688
533.462158
530.992615
534.463196
536.033875
534.461609
535.152588
531.352417
531.561462
533.503479
532.233459
536.451355
536.652466
533.882874
532.680786
528.677979
532.192078
536.188782
534.765869
535.880249
532.931641
531.534180
532.975952
535.055725
534.110901
528.390442
524.391663
522.490784
526.799194
534.795959
535.778137
533.123108
531.152954
535.860596
537.195496
534.473022
533.210022
529.113403
532.051453
536.031250
534.526123
536.074524
533.890442
532.110718
533.094604
530.531616
533.891296
535.913879
533.950134
535.626709
533.216370
532.101807
532.535706
534.015869
533.973083
531.049316
529.127625
525.663147
526.207886
531.535400
533.721252
534.305542
533.406921
536.215942
535.034119
532.765503
533.365295
530.316040
532.755249
534.825623
533.140076
535.935425
534.636353
532.869995
532.308594
528.958984
533.693726
537.407898
536.052917
535.617310
530.602905
530.214539
533.235291
532.764526
532.372375
535.194214
542.748047
544.909912
542.357300
538.006287
531.952759
530.739380
532.586243
535.657288
535.196167
533.496887
532.900940
528.879272
532.572388
536.109375
534.915222
535.624634
531.912842
531.135010
533.155396
531.741821
535.938965
536.827515
534.000061
533.848389
530.529358
531.887512
533.988098
532.141174
530.980408
534.994629
544.122192
546.177124
541.881653
535.808655
530.910217
532.390991
534.907471
536.302856
533.210754
531.642944
532.750488
530.575867
534.555298
536.375671
534.379272
535.156921
532.019592
531.863281
532.970093
530.946228
535.553162
537.005554
534.634827
533.322021
528.933716
531.800537
535.844849
534.706238
536.598877
537.526672
535.795105
525.336853
516.432922
516.993713
525.095398
536.125305
538.997620
535.975464
533.423279
532.137390
532.242859
529.832642
535.077026
537.594055
535.189331
533.888123
529.502319
531.447998
534.951050
533.475647
535.989624
534.693787
532.741638
533.467590
530.484741
533.047791
534.955566
533.363892
536.195190
538.371948
536.401428
524.177368
513.755249
514.424561
525.009827
538.317810
540.331055
534.728760
530.656250
531.328552
533.847290
532.036621
535.280151
535.190308
533.257996
533.793701
530.564453
532.545532
534.673462
533.042236
536.275818
535.283203
533.297852
532.557678
528.933411
533.162659
536.732239
535.316711
535.703613
531.797363
530.964050
530.082886
533.578247
539.026611
542.119019
542.251831
535.468445
530.279419
531.148743
532.348877
534.137207
532.381653
536.178650
535.981384
533.503235
532.502441
528.838440
532.894653
536.621216
535.077637
536.034546
532.851196
531.817078
533.205872
530.996704
534.618958
535.877991
533.795288
534.692078
531.889832
531.741089
531.147217
534.534180
539.438965
542.747986
543.238403
535.881592
529.386230
529.103577
531.344177
534.851746
534.152771
536.650391
534.175293
531.994080
532.604309
530.401550
534.529602
536.402161
534.090393
535.357117
532.811096
532.421875
533.100769
530.709229
535.166626
536.840454
534.592407
533.650574
529.238037
529.387817
531.646118
538.101440
543.444336
544.761841
542.536926
533.817871
528.389465
529.990234
533.393311
535.640991
533.766113
535.880676
533.828186
532.456238
532.464417
529.728455
534.582458
537.153320
535.017578
534.455200
530.415527
531.606384
534.503357
533.079590
536.126526
535.432495
533.305237
533.886780
530.803284
532.721436
533.620239
534.992676
533.972717
533.182312
534.254150
531.238953
529.508179
531.012634
533.482605
537.018127
535.426086
535.511841
531.621582
531.693909
533.862610
532.165039
535.689636
535.966431
533.877686
534.518066
531.241699
532.268066
533.670166
531.912720
535.903564
535.994690
533.792603
532.673645
528.712341
532.597412
536.596924
538.373413
533.294922
527.595276
527.401733
528.089966
531.457886
534.912903
535.681274
536.356812
533.727722
534.476013
531.743286
532.281128
533.217285
530.964355
535.339294
536.499390
534.419128
533.192505
528.703735
531.713867
535.698486
534.761169
536.313110
533.199463
531.467529
532.921143
531.153748
534.877747
535.856628
535.712158
531.685303
529.710693
532.273926
532.333374
532.453430
532.698486
533.719971
536.896301
535.197021
534.247681
529.537598
531.416748
534.997437
534.300171
537.113403
535.010193
532.277954
532.576477
530.149048
533.863647
535.933777
533.912292
535.768555
533.556641
532.609985
532.768311
529.978027
534.598328
536.986511
537.488464
531.788330
527.859558
530.239624
532.831543
535.938721
536.175537
534.820618
535.300232
532.659363
533.046997
530.391418
533.249390
535.114319
533.029297
535.665833
534.181580
532.624695
532.561279
529.581421
533.886047
536.554688
534.739197
535.049744
531.487549
531.817505
534.014343
532.354248
535.847534
535.744812
535.097900
530.496704
529.130310
533.005371
535.337097
536.751953
535.341431
534.269470
535.928467
533.470947
532.388245
528.786926
533.020508
536.555115
535.133240
535.795288
532.427673
532.059937
533.842957
531.597656
534.830017
535.419861
533.570557
534.782532
531.703430
531.984863
533.407959
532.232605
536.682312
536.535217
533.525330
528.061768
529.906311
539.310669
545.944702
546.479858
539.058716
532.182373
532.024170
531.939026
532.808167
530.240967
533.662048
535.147583
533.701233
535.432983
532.637878
532.235352
533.095947
531.307739
535.922180
536.678162
533.763794
532.893066
529.575256
532.646912
535.868042
534.154785
536.351807
534.630188
532.825317
529.232910
531.015564
537.847656
542.574219
543.583008
537.840942
532.636597
532.737366
531.943665
532.346985
530.551636
535.489014
536.926514
534.245239
533.971069
530.699036
532.454590
534.821228
532.798035
535.679016
535.180603
533.519592
533.584656
529.851318
532.287109
534.895142
534.070435
536.788269
534.375488
532.256104
532.446655
534.553284
534.637634
529.698364
525.203064
522.130493
525.883606
533.971436
535.978882
534.512512
532.155212
535.189148
535.393555
533.804688
534.239075
530.594421
532.190735
534.382507
533.276794
536.416626
534.539612
532.199829
532.761108
530.720093
534.659180
535.944214
532.989075
534.383911
532.835266
533.481445
534.412292
535.200806
533.466187
528.969543
526.980530
525.192810
527.917297
533.553650
534.248840
533.616821
532.666382
536.534424
535.597046
532.856750
532.908020
530.393860
533.988647
536.048889
533.381897
534.856018
533.070251
532.755371
533.547607
530.467896
534.053101
535.883057
534.267639
534.877747
531.097839
531.526306
534.113281
533.202148
532.273438
534.481628
541.474976
543.867737
542.506104
538.906616
532.966553
531.473999
532.523865
534.974731
534.293091
533.471985
533.768433
530.286987
533.625610
536.052917
534.693726
535.663879
531.783875
531.006592
532.929138
532.009705
536.395508
536.380981
533.031738
533.102051
530.720215
533.288391
535.295044
532.788879
530.559448
533.962341
543.309021
546.501892
543.471313
537.298767
531.336060
532.232056
534.770142
536.572144
533.293762
531.571045
532.683350
531.211121
535.538208
536.302490
533.394653
533.969238
531.495789
532.873047
534.539917
532.152100
535.437378
535.522034
533.679382
533.517578
529.645142
532.192932
535.376587
534.523254
536.733521
537.486816
535.055542
524.702087
517.063110
518.447876
526.369141
536.648682
538.861938
535.709473
533.132996
532.692139
533.416748
531.210754
535.432922
536.290588
533.745178
533.255005
529.851562
532.512756
535.693909
533.976929
535.862793
533.807922
532.038940
533.408997
531.150024
534.112183
535.571289
533.715393
536.016357
537.802795
535.529907
524.035278
515.095398
516.477112
526.311707
538.455994
539.955566
534.691833
530.843689
531.951355
534.540222
533.166626
536.271912
535.423889
533.103271
533.465576
530.317444
532.859680
535.361206
534.350952
537.196716
534.680725
531.624878
531.223755
529.398499
534.920349
537.657288
534.957458
534.507141
535.100891
534.526245
526.233643
518.879150
518.377075
525.779663
536.941650
538.966919
534.713379
530.811768
531.750000
534.032837
533.405090
537.009766
535.118225
531.962891
531.999756
530.121704
534.584961
536.753174
534.208130
535.129517
532.807068
532.846741
534.203674
531.460938
534.775513
536.176697
534.702698
535.204834
531.114197
529.707031
530.091919
536.452698
543.420837
545.664062
542.990234
533.679016
528.276123
530.368835
533.964111
536.206116
533.586060
535.168518
533.520630
532.853577
533.657776
530.577637
533.891846
535.866211
534.646667
535.797241
531.938965
531.184448
532.956299
532.159912
536.452759
536.340088
533.389465
533.584167
530.969238
531.341187
532.378784
537.556274
542.278809
544.058716
542.689941
534.739685
529.306152
530.008118
533.109497
535.928528
534.862122
536.006042
532.260864
531.211487
533.257690
532.295166
536.184326
536.046326
532.924072
533.684326
531.464294
533.148193
534.940002
532.860962
536.186646
535.950317
533.734680
533.316284
529.503784
529.542969
532.814392
541.026672
546.166870
545.610046
540.933228
531.720886
527.957092
531.160095
535.405273
536.508972
533.865540
534.689392
532.082581
532.639526
534.035400
531.734558
535.209839
535.822510
534.135071
534.232361
530.204224
531.767761
534.734802
534.261719
537.292664
534.745605
531.625977
532.118164
530.598083
534.996704
537.280457
537.132996
531.581299
526.979126
527.973206
529.171387
532.370667
534.923828
535.306091
536.369324
534.393494
534.461182
530.497437
531.503235
534.190735
533.586548
537.120850
535.509644
532.442810
532.759521
530.735718
534.420898
536.322632
533.585632
535.039001
533.313782
533.008179
533.955261
530.706482
533.882080
536.963440
538.293823
532.023376
524.932434
523.608826
525.298035
531.474731
536.383423
537.208313
536.836121
533.381042
533.103882
530.746277
534.011841
536.152222
533.291443
534.888855
533.508423
532.926941
534.069092
530.653198
533.349548
535.622864
534.741211
536.268982
532.248901
530.475037
532.017029
531.725891
536.870178
537.111206
535.629578
530.478760
529.081360
533.397156
535.976318
537.737000
534.902283
532.142761
534.001282
534.091614
535.448975
530.627625
531.066772
534.035522
535.637878
539.236633
533.476257
529.051758
530.342773
531.566040
538.165344
538.326965
532.926147
532.842041
531.450928
533.467957
534.503662
531.214905
534.250000
535.353760
536.373840
531.996643
528.821289
530.917419
534.176636
538.464661
538.121277
535.074646
533.741150
531.003540
532.775696
532.232666
536.281494
536.368713
532.486511
533.657288
532.213562
533.099060
534.256531
531.719177
535.880981
537.059753
534.923828
534.193176
529.420288
531.129639
535.147339
534.927734
537.376404
534.720215
531.932556
528.532471
531.882446
539.703735
543.584473
543.116821
537.031982
532.183777
532.869873
532.649536
533.302795
531.070374
535.456482
536.992859
534.622864
534.069946
529.896484
531.183960
534.604187
533.964417
537.295593
536.000427
533.244385
533.584595
530.535583
532.745544
534.559448
532.980408
535.769836
534.100220
532.555420
529.525818
531.869629
538.533691
542.909973
543.749329
537.370239
531.153381
530.435425
530.741516
533.580383
533.349365
537.534363
537.019470
533.584595
533.124512
529.873474
532.282104
535.116272
533.746948
536.309509
534.623901
532.689636
533.328491
530.502319
533.531555
535.532837
533.975708
535.544312
532.327271
531.194336
533.111938
536.645264
536.352966
530.400391
525.558960
522.428955
525.832031
533.167664
535.166992
534.459045
532.595093
535.607605
535.350098
534.093750
534.485901
530.397339
532.111023
534.732727
534.407288
537.121887
534.115417
531.681824
532.913330
531.821411
535.957581
536.454041
532.976929
533.518982
531.464417
532.846375
534.696411
536.160950
534.071655
529.291809
527.699219
526.370789
528.464539
532.384888
532.803101
533.660583
534.140869
538.067261
535.721802
532.113098
531.990051
530.064331
534.504517
536.531921
533.675171
534.159729
531.575806
532.183899
534.349426
532.185547
535.589172
536.554626
534.763428
534.905090
530.398560
530.776672
533.691101
533.774597
533.088318
535.177368
541.997620
544.233459
542.278503
537.499268
531.823303
532.002625
533.957642
535.599304
533.135132
532.049194
533.130310
530.829041
534.786987
536.659973
535.006165
535.351990
531.071167
530.859009
533.371155
532.925537
536.996765
536.279175
533.143555
533.189758
530.253540
532.798401
535.277283
533.574097
531.065918
533.465515
541.924500
545.250061
543.086914
537.327576
531.602661
532.818787
535.181885
536.128418
532.006592
530.557007
532.302063
531.604309
536.272034
536.771790
533.712646
533.559570
530.378418
532.058594
534.585449
532.920593
535.867432
535.003296
533.116089
533.374329
529.923584
532.880066
535.927856
535.123108
532.068298
532.786255
539.614258
543.003540
542.599426
538.298035
533.197815
533.518982
533.849060
534.184692
531.065491
531.677917
533.620300
531.968018
535.658508
535.786072
533.950867
534.005493
530.032593
531.965759
534.992493
534.469116
537.141418
534.303772
531.295593
531.678406
529.963684
534.695435
536.971863
534.555420
535.042725
535.834961
534.524353
525.442322
517.939087
518.064392
526.089905
537.781616
539.964966
535.028076
530.428528
531.179932
534.213074
533.875549
536.832214
534.395569
531.368896
532.242310
530.528931
534.143494
535.917175
533.706238
535.733459
533.622925
532.274170
532.589661
529.911316
534.622070
537.460938
535.934998
535.273682
534.375122
532.464417
525.202759
520.655396
521.771973
528.082092
536.642883
536.776245
532.636902
530.409790
533.385010
535.433716
533.247437
535.462891
534.026733
532.736816
533.192810
529.962830
533.368469
536.043396
535.010315
535.687134
531.195129
530.252686
533.010010
532.808105
536.774658
535.831909
532.374878
532.950867
535.287048
535.149597
527.101807
519.919556
518.749207
525.887329
537.033691
538.769287
534.020508
529.388977
531.661621
535.292114
535.671143
537.386047
532.721985
530.147583
532.124329
531.989258
536.775879
536.826355
533.027283
533.308289
531.034790
532.700623
534.682922
532.424255
535.508301
535.439453
533.863037
534.033569
530.025330
529.309082
532.096741
540.675354
546.441711
545.844788
541.018555
531.697083
527.854675
530.772278
534.572388
535.844543
533.614990
535.079773
532.566895
532.531616
533.851807
531.454407
535.300293
536.583313
534.877197
534.468933
529.578369
530.545349
533.978638
534.216675
537.474243
534.862244
531.630066
532.085144
530.244080
531.185913
534.262268
541.602600
545.568481
544.460815
540.038269
531.694641
528.706909
531.548584
535.765015
536.956848
534.330994
533.779236
529.554382
530.721802
534.199036
533.643860
536.610535
534.799988
532.088440
532.886292
530.426331
533.156006
535.251587
533.598755
536.064758
534.266724
532.619202
532.807434
529.716675
533.695190
537.471863
539.221497
532.671814
524.500061
522.612854
524.960938
532.240234
537.563782
537.343628
535.846008
532.294373
533.100220
531.128601
533.383850
534.922607
532.642151
535.741943
535.333618
533.540955
532.927856
528.986877
532.627258
536.595154
536.044250
536.598633
531.851196
530.017761
532.201782
531.597656
536.056335
538.238647
537.542053
529.640930
522.602295
522.754822
526.531860
533.336365
536.746643
536.160461
535.978516
533.844910
533.388855
529.398376
532.168640
535.890686
535.579956
537.306274
533.307434
530.641846
531.890930
530.650879
535.145020
536.749512
534.212280
534.867798
531.779236
531.870728
533.485840
531.378174
535.162964
536.068665
536.493286
531.787659
528.401367
530.056091
532.757019
536.872498
537.367126
535.055542
534.389832
531.537109
532.324280
530.501526
534.389099
536.315063
534.177979
535.738770
533.298706
532.387085
532.878174
529.960144
534.103455
536.539673
535.608032
535.506836
530.171265
530.274231
533.607971
533.811951
537.445251
535.525452
533.606445
529.335938
529.269226
534.118103
537.619324
539.612732
536.522766
532.906250
533.337158
532.323364
533.176331
530.090759
533.528259
536.178467
535.526367
536.134399
531.096252
530.126404
532.817749
532.745422
536.933472
536.129883
533.031921
533.380127
530.532532
532.483398
534.435608
533.073486
536.705811
535.892151
533.555237
528.765320
529.775696
536.994690
543.253296
545.815186
539.859558
532.329468
530.415894
530.323914
533.165039
532.663757
536.390503
536.153748
533.411377
534.346252
531.691895
532.585571
533.760071
531.572998
535.312256
535.691528
534.206238
533.779602
529.140442
531.425476
534.881104
534.797668
536.899048
533.553467
531.373474
529.076538
532.409058
538.721924
542.132507
542.760681
536.948669
531.874878
531.880798
531.886047
533.284973
531.532166
535.694885
536.323242
534.104126
533.404419
528.918945
531.214355
535.242310
534.921448
537.100098
534.267700
532.087341
533.105408
530.443420
533.226135
534.964905
533.944458
536.447021
533.685059
531.983093
529.510986
532.231750
537.879517
541.419617
542.178711
535.818726
529.891418
529.943848
531.610046
535.153809
533.893616
535.891174
534.261047
532.813171
534.141907
531.080139
532.769043
534.416565
533.397949
536.658936
534.637024
532.171570
531.822205
529.242126
534.243958
537.326660
535.824219
535.439819
530.561157
530.780518
534.083191
537.673035
535.618835
528.909363
525.418335
523.796021
527.489685
533.453430
534.687256
534.636169
533.238525
536.343201
534.964600
533.041016
532.927612
529.576965
533.328613
536.676941
535.767944
536.312927
531.971558
531.254944
533.770447
532.484253
535.678223
535.412415
533.277954
534.635620
531.720520
532.420532
533.820618
535.857117
534.241638
530.211182
528.886719
526.920715
528.157715
531.881897
533.862854
536.166016
535.087708
535.994568
532.337708
531.260803
533.587280
532.052490
534.996216
535.313538
533.445007
535.159241
532.132019
531.763611
532.765076
531.145508
536.239685
537.506531
534.759338
532.716309
528.103271
531.773743
536.796387
535.781616
531.146729
531.201172
540.114807
546.462891
547.049988
540.469727
531.714600
530.711548
533.200806
536.210388
533.853882
532.047668
531.425903
529.236267
535.530579
538.254639
535.688049
533.846252
529.030151
531.601868
536.039246
534.658264
535.851379
533.742432
533.052795
534.999878
531.570312
532.665955
534.276978
534.081909
532.652832
534.451599
541.047852
543.224426
541.611084
537.045776
533.088684
534.839966
535.391541
534.431213
530.048218
531.315552
534.775208
533.552734
536.028076
534.700012
532.794556
533.950989
530.729980
532.116211
534.014282
533.315002
537.068787
535.952576
533.611633
532.697632
528.974731
532.840637
535.934021
534.843262
530.911133
532.148926
540.680054
545.706909
544.884277
538.171021
531.589844
532.629944
534.185974
534.862244
530.791748
531.353271
533.764587
533.352234
537.104553
535.807434
532.839661
532.305115
529.036377
532.658203
535.999268
534.815735
536.325012
533.281982
531.973389
533.143738
530.621948
533.906860
535.491882
534.619080
536.183228
536.763672
534.302490
524.841553
518.007874
518.799072
527.327698
538.304810
538.720581
532.666687
528.500977
531.876343
536.365051
535.583496
536.682373
533.521423
532.123291
533.681458
530.825378
533.214417
534.911133
534.606812
537.432434
534.044434
531.568970
531.664734
530.372437
536.091736
537.635254
534.496582
533.048157
533.334412
533.729004
528.380066
523.256958
521.291565
525.685547
534.985229
537.139709
534.142883
530.933594
532.952087
535.176147
534.567139
537.004517
533.659363
531.202271
531.799927
530.046448
534.721191
536.720276
534.808594
535.033569
531.280701
531.907959
534.082031
532.038086
534.796448
534.623657
533.854614
535.039062
531.248901
529.753662
531.402405
539.314453
545.594727
546.045227
541.765259
532.090027
527.500977
530.102356
534.935974
537.424622
534.886475
534.943359
531.669617
531.989136
533.745605
530.969116
534.312744
535.907104
535.429565
535.736328
530.491943
530.664856
533.583435
533.621033
537.002075
534.890320
532.333557
533.271118
531.324829
531.535889
533.948853
540.984253
544.782227
543.894287
540.399353
532.821533
529.235840
530.419556
533.522583
535.739807
535.426880
536.387878
531.292419
530.231018
532.524658
532.506287
537.076355
536.234436
533.003479
532.860535
530.145386
533.353210
535.852051
533.737000
535.480896
533.489319
532.493225
533.420166
530.459106
530.017334
533.662109
542.565125
546.677795
544.614075
539.444336
531.599670
529.411682
531.904968
535.379578
535.897888
534.207031
534.653931
530.742737
531.868103
534.283325
532.942627
535.746277
534.460999
532.996582
533.712341
530.307007
532.880493
535.286743
534.451599
536.415771
532.905457
530.822510
532.023682
531.098694
536.163452
539.026489
538.086609
528.967163
521.033752
521.752014
526.787598
533.937805
536.470276
534.836792
534.823120
534.066040
534.513855
529.966736
531.261597
534.197388
534.248535
536.950928
533.774170
531.176331
532.379150
531.236145
535.511292
536.728027
533.787598
534.438843
531.774963
532.225281
533.869629
531.289429
534.791809
538.046204
538.583374
529.621704
520.048645
518.622009
523.960266
534.105652
539.085632
537.431152
534.911987
531.871643
532.117737
529.881653
533.914185
536.416809
534.428223
535.475098
532.539307
532.002136
533.432251
530.679016
533.817993
535.400818
534.525391
535.225098
530.564392
530.420532
533.250854
533.332581
537.446777
535.907288
533.811890
529.137756
528.736145
533.474182
537.132080
539.352051
536.194214
532.428467
533.114441
532.472778
533.470032
530.010254
532.583923
534.849609
534.883362
537.000244
532.779541
530.834229
531.981812
531.401978
536.754333
537.330688
533.805847
532.268677
528.661865
532.194885
536.231689
534.244812
535.339478
533.362366
533.748230
531.593445
531.087036
532.759155
534.602112
538.221924
537.737488
534.904968
533.394165
530.127930
530.970032
530.789062
536.551392
537.569336
533.947815
533.118469
530.110413
532.149536
534.666748
532.314392
534.870850
534.747620
533.860107
534.257751
530.046204
531.945435
535.156982
534.909546
537.173950
533.708252
531.449402
529.101685
531.953613
537.487793
540.590271
541.346741
536.191956
531.592224
531.830017
531.612488
532.920959
531.001587
535.169312
536.158081
534.558838
534.336365
529.880737
531.373901
534.602356
534.081909
536.816467
534.571350
532.283386
532.734680
530.196899
533.895874
536.276306
534.398254
535.238342
531.782104
531.073792
530.106750
533.100708
537.528687
540.086731
541.456848
536.659058
531.673706
530.920898
530.849915
533.346191
532.841309
536.805420
535.836182
533.052551
532.724548
529.438721
532.757446
535.825378
534.238464
535.649475
533.198669
532.667480
533.965454
530.734070
533.387207
535.331665
535.048279
536.452332
531.779358
530.280273
529.921509
534.451233
539.058533
539.970215
538.733521
532.560669
529.052246
531.083008
533.309448
535.723267
532.816406
534.508789
533.691895
533.539124
534.321045
530.066223
532.256104
535.089355
535.035522
536.727722
532.291565
530.586609
532.623169
531.823486
536.006653
536.244141
533.519958
533.828674
530.559204
531.718445
533.634705
535.781372
534.002686
529.971680
529.160217
527.631775
528.720642
531.863037
533.289917
535.729553
535.526855
537.057617
532.984009
530.746277
532.203796
530.830627
535.011658
536.220337
533.677673
534.328247
531.554016
532.219482
533.785828
531.287415
534.707092
535.545349
534.566528
534.569580
529.787720
531.336365
534.859802
538.116760
534.811096
528.319153
526.214905
525.886108
529.600098
533.718018
534.538879
535.623352
534.187439
535.747620
532.495544
531.599426
532.886719
531.053101
535.261169
536.601746
534.802124
534.680664
530.124084
530.840698
533.904175
533.711060
537.155579
535.267517
532.198059
532.213318
529.692322
533.494202
536.115601
534.046509
530.424377
532.792419
542.633667
547.451721
545.161560
537.248352
530.417664
532.310120
535.299744
536.381226
531.596680
530.601868
532.835388
532.456543
536.834351
536.245239
532.881409
532.131775
528.787720
532.104248
535.860779
534.872314
536.822937
533.849060
531.618408
532.257812
529.769531
533.721680
536.463379
535.133728
530.958923
531.655151
539.616211
544.384766
544.390137
538.774963
532.497620
532.671265
533.184143
533.771545
530.916382
532.817627
535.047180
532.644714
535.071777
534.618591
534.055237
534.745239
530.130249
531.358398
533.810730
534.254333
537.627258
534.444885
531.637512
531.784058
530.056580
534.999634
537.012085
534.819397
529.914429
530.969116
539.291321
544.332520
544.167175
538.253967
532.828186
533.950806
534.137573
533.321350
529.091736
531.893982
535.803101
534.953369
536.230713
533.015686
531.703857
533.696533
531.672668
534.307068
535.126282
533.363525
535.527466
533.045349
532.203796
532.773682
530.543030
535.200256
537.003479
535.118347
534.247070
533.722534
532.711121
526.742737
522.306091
521.486938
526.533752
535.811035
537.688721
534.317749
530.530151
532.138550
534.020203
533.503662
536.568848
533.887573
531.804626
532.488037
531.235291
536.367859
537.771179
534.244324
532.871277
529.272339
531.840149
535.625183
533.654602
535.265991
534.337585
533.709167
535.118042
535.376953
532.250122
524.556396
520.691833
521.814331
528.607117
536.947266
536.440674
532.055969
529.623779
534.243835
536.649475
534.304932
534.253906
530.857422
531.859985
534.560364
532.355408
535.214355
535.842407
534.665527
534.869141
529.927002
530.194092
532.920715
533.164673
537.318420
535.628113
532.907227
533.205566
530.905701
531.316284
533.926514
540.342224
543.173279
542.218201
539.901306
533.675964
530.662842
531.485779
534.004761
535.635132
534.838928
535.192993
530.206787
530.048645
532.972229
532.792725
536.624817
535.630981
533.385681
534.048157
530.932495
532.813599
534.121216
532.081970
535.117126
534.478516
533.921814
534.012695
529.889893
528.850159
533.381775
543.874573
548.410767
545.183838
538.346313
529.831238
528.517761
532.586365
536.661133
536.395813
533.622620
533.474121
530.056702
532.104736
534.690796
533.026855
535.740051
534.805664
533.627991
533.968323
529.950684
532.303284
535.121216
534.494751
536.187378
532.683350
531.455872
533.023926
531.419556
535.269836
537.776794
537.619995
529.505859
521.593994
521.512817
525.850464
533.133667
536.462402
535.725586
535.775940
534.078613
533.514771
528.983032
531.440125
535.244263
535.009216
536.838806
533.331238
531.439453
532.873840
531.126953
534.781677
536.016357
533.755371
534.849548
532.290527
532.959961
534.424988
531.455261
534.158630
536.929260
537.782532
529.683167
520.744507
519.551086
524.752747
534.352417
538.621704
536.732117
534.302612
531.780640
532.437744
530.291260
534.137268
536.348083
534.255493
535.368042
532.577942
532.164734
532.976318
530.009888
533.762634
535.966614
535.077576
535.274231
530.755859
531.520447
534.421265
533.201477
535.643188
536.823364
536.234375
527.786316
519.806152
519.406433
525.166443
534.730652
538.242676
536.195435
534.182861
532.505554
532.427734
529.306763
533.756348
537.050049
535.638550
535.122742
530.310120
530.650146
533.829590
532.860962
535.730957
534.836609
532.902344
534.057556
531.079224
532.818848
534.653992
532.731323
535.421875
534.227051
533.916260
530.905273
530.867493
534.494812
537.885132
540.293396
536.615723
532.238647
532.229492
531.677612
533.065308
530.954956
534.682373
536.119995
534.916077
535.146545
530.503723
530.962708
533.627258
