538.504272
538.504272
538.687073
538.955383
538.758362
538.351135
537.935913
536.692200
533.429443
528.347656
523.759583
521.982605
523.298767
525.862854
528.251404
531.355774
536.200806
541.997314
546.495300
547.915833
546.338989
543.021301
539.515015
537.438049
537.383118
537.625610
535.456360
530.608154
525.418274
522.418518
522.159485
523.905334
526.827271
530.885925
535.560913
540.034363
543.737854
546.719116
547.906982
545.945068
541.535706
537.783508
536.549438
536.206055
533.689270
528.558899
523.391785
521.056152
522.219788
525.666687
529.724731
533.353455
536.818298
540.577148
545.180664
549.469299
550.734863
547.714966
542.473755
538.839050
537.941650
537.550354
535.142883
530.394409
525.472717
522.536926
522.259888
524.156677
527.299438
531.419678
535.995483
540.615601
544.704224
547.411438
547.517822
544.932617
541.188232
538.475037
537.057251
535.802490
532.921143
528.059326
522.935852
520.569153
522.309692
526.543457
530.375366
532.714111
534.358032
537.311035
541.930725
546.281921
548.012024
546.460144
542.753296
539.125244
537.120422
536.242126
534.295715
529.994385
524.898804
521.786072
521.873047
524.104370
527.260559
531.311401
536.396790
541.583984
545.427307
547.046753
546.715942
544.792114
541.788574
538.355042
536.023010
535.022888
533.794739
530.998108
527.221619
524.080933
522.522827
522.819458
525.394531
529.699707
534.726074
539.155579
542.726868
545.717529
547.468201
546.614990
543.114197
539.360962
537.289185
535.876831
532.894104
528.278503
524.302673
522.644836
523.107300
524.814758
527.704956
531.860168
536.756836
541.454224
544.887085
546.909302
547.021240
545.107605
542.165588
539.934204
538.759827
537.345398
534.612610
530.706848
526.231567
522.847412
521.750732
523.305481
526.760376
530.812988
534.497681
538.349243
542.948792
547.099548
548.401550
546.052002
541.871155
538.678711
537.461731
536.582031
533.894104
529.041748
523.974548
521.104370
521.929993
525.530640
529.426270
532.039490
533.882690
536.639099
541.014893
545.487366
547.798462
546.722351
543.215698
539.561646
537.643860
537.056091
535.425537
531.291443
525.862549
521.979004
521.365417
523.449341
526.701538
530.647095
535.324890
540.122131
544.085205
546.573853
547.102417
545.269226
541.731812
538.486938
536.870728
535.875977
533.220947
528.392883
523.718140
521.520447
521.892883
523.382385
525.560364
528.987549
533.464661
538.000793
542.149414
545.837769
547.913391
546.791809
542.862061
538.982422
537.343201
536.739868
534.356873
529.484131
524.601074
522.269043
522.598267
524.404968
527.065674
530.663330
535.268066
540.138916
544.587402
547.276367
547.320923
544.605286
540.948486
538.844177
538.764832
538.524353
536.201294
531.737610
526.975281
523.367188
522.028931
523.014771
525.836243
529.657776
533.722717
537.925659
542.532654
546.479248
547.982666
546.154236
542.452515
539.472229
538.238098
537.238708
534.324646
529.197388
524.045166
521.463074
522.309143
525.132446
528.560608
531.708740
534.826355
538.494873
542.590332
546.021057
547.507385
546.531555
543.656433
540.193176
538.271973
537.614075
536.175598
532.363647
526.827454
522.371704
521.272705
523.255371
526.882080
530.694580
534.614136
538.719543
542.859680
546.186157
547.414673
545.753723
542.040100
538.789978
537.832520
537.398560
534.678284
528.714905
522.648010
520.099792
521.531982
524.076843
525.796204
527.831604
531.538818
536.542358
541.918396
546.087036
548.143982
547.302429
543.899658
539.927734
537.691040
537.155029
535.654297
531.622559
526.444946
522.607849
521.714417
523.414368
526.786987
530.831055
534.772095
538.810242
543.164612
547.128662
548.424072
545.820618
541.018250
537.518677
537.260620
538.428345
537.660339
533.889526
528.467468
523.751038
521.458191
522.238342
525.359436
529.134460
532.622375
536.420227
541.162354
545.907959
548.232300
546.851746
543.013123
539.479126
537.924988
537.173096
534.869446
530.483826
525.454956
522.167480
521.828247
524.133667
527.353271
530.953491
534.968811
539.408203
543.670471
546.500305
547.057129
545.979248
543.885498
541.405823
539.008301
537.314392
535.476196
532.195801
527.705505
523.435669
521.447754
522.576294
525.714844
529.488159
533.322754
537.472107
541.924500
545.764587
547.754944
546.676331
543.137634
539.463074
537.878723
537.260925
534.682373
529.595703
524.505554
522.396973
523.339539
524.588684
524.935303
526.035889
530.023682
535.967957
541.411560
545.068604
546.594299
546.153442
544.188721
541.466736
539.363098
537.764038
535.399780
531.604553
527.172180
523.640808
521.854126
522.351929
525.397766
530.067261
534.817017
538.581177
542.015686
545.562195
547.741272
546.484436
542.084106
537.864502
536.852234
538.295776
538.557922
535.259094
529.588745
524.216370
521.527832
522.132507
524.807251
528.038879
531.430847
535.587219
540.675842
545.465759
547.682007
546.499023
543.229919
540.272156
538.649658
537.609314
535.356934
531.364746
526.611267
522.802856
521.289246
522.729309
526.018433
530.019775
534.320496
538.837585
543.012573
546.185364
547.753906
547.360596
545.200378
541.880859
538.834351
537.334900
536.618591
534.313843
529.231140
523.768921
521.043091
522.010742
525.121094
528.637512
532.218201
536.444092
541.122559
545.202881
547.465576
547.197632
544.158264
540.155457
537.549316
536.601624
535.012146
531.261230
526.406921
523.181152
522.874207
523.960632
524.776367
526.233215
529.760193
534.649841
539.610291
543.688660
546.498108
547.456726
545.721863
542.136475
538.822449
537.115601
535.680481
532.598328
528.321228
524.469971
522.481262
522.707642
524.810364
528.479309
532.983215
537.649292
542.067261
545.901245
547.946533
546.826172
543.105286
539.111267
537.544495
538.074524
537.930176
535.178955
530.216919
525.183777
522.003479
521.715332
523.978577
527.348999
531.195923
535.274170
539.684875
543.996643
546.891357
547.246338
545.044128
541.715027
538.785889
536.890747
534.213257
530.741394
528.742920
529.786560
532.567627
533.461548
530.319763
524.991516
521.628540
522.276978
524.935303
528.290283
532.324036
536.981934
541.993286
545.933594
547.635559
546.793335
544.034485
540.480652
537.259766
535.616455
535.115967
533.476990
529.928345
525.813721
523.162170
522.533691
523.682983
526.437927
530.301514
534.999451
539.809998
543.647644
546.414429
547.562561
546.155273
542.440674
538.690857
536.805542
535.579407
532.703979
528.029541
523.703369
521.753784
522.523743
525.314758
529.187561
533.481567
537.831299
541.703735
544.600952
546.736084
547.371582
545.351074
541.944092
539.446472
538.301636
537.007263
534.125427
529.568848
524.724548
521.868225
521.726624
523.804993
527.312805
531.678528
535.938171
540.040894
544.110535
546.980225
547.277649
544.689209
541.090637
538.694275
537.477783
535.902832
532.340576
527.338074
523.040527
521.497314
523.330139
526.951233
530.198364
532.217346
533.841980
536.990662
541.668091
545.980713
547.337402
545.444702
542.035461
539.178162
537.705994
536.722534
534.301697
529.807617
524.705627
521.946228
522.336243
524.941406
528.116699
531.403625
535.640015
540.663635
545.091736
547.061829
546.233459
543.502441
540.374207
538.373169
537.020020
535.082886
531.987183
527.756042
524.254211
522.602417
522.737427
523.621216
525.624817
529.722290
534.864258
539.601440
543.322021
545.821228
547.177612
546.018005
542.466309
538.653931
536.820801
536.364441
534.353943
529.748169
524.573425
521.635315
521.890503
524.241638
528.061279
532.643188
537.103882
540.976135
544.415588
546.911438
547.458374
545.090393
540.947693
537.657288
536.834473
536.972168
535.541443
531.706543
526.825134
522.685730
521.226562
522.784607
526.646606
530.977722
534.896912
538.787903
543.120483
546.860535
547.819519
545.388367
541.475830
538.766418
537.841431
536.576477
533.275146
528.484009
524.251465
522.208801
522.546021
525.181213
528.960022
532.690552
535.850586
538.815857
542.015747
544.981567
546.562134
545.892578
543.257690
540.235962
537.943604
536.358276
534.481445
531.132690
526.548401
522.708313
521.617920
523.537354
527.231934
531.168396
534.985229
538.952087
543.210754
546.644348
547.790894
545.908630
541.951477
538.333557
536.779663
535.958374
533.568115
528.638367
523.142517
520.301880
521.305420
524.128906
526.835205
529.261047
532.502075
536.813477
541.815491
545.953674
547.796326
546.557983
542.985840
539.360596
537.641663
536.982788
535.015686
530.498901
525.193176
521.625122
521.314758
523.798828
527.883545
532.407532
536.355347
539.782959
543.465149
546.854065
548.062256
545.341919
540.023865
536.060608
536.040039
537.788086
537.267700
533.127258
527.507202
523.252319
521.750977
522.732361
525.412659
529.218628
533.621643
538.207397
542.733765
546.280273
547.459473
545.671021
542.111572
539.289673
538.093018
536.854187
533.851135
529.413635
525.234680
522.668396
522.288147
523.965210
527.088379
531.479553
536.122559
540.144775
543.658325
546.358215
547.462097
546.136292
543.105835
540.151917
538.385559
537.664185
535.893677
531.821594
526.559570
522.507935
521.505432
523.132324
526.190796
529.892578
534.195862
539.085632
543.547119
546.406006
547.006653
545.280396
542.178467
539.244690
537.461304
536.122314
533.540710
529.344971
524.843384
522.532166
523.317505
525.199219
526.291565
527.498962
530.769714
536.152649
541.743286
545.699219
547.208435
546.483765
544.131104
540.889832
538.107727
536.342224
534.485413
531.201660
526.836548
523.068787
521.825928
523.288574
526.632935
531.092896
535.664734
539.481628
542.793091
545.886658
547.373413
545.780151
541.690430
537.800232
536.692749
537.742004
537.272461
533.033752
527.268677
523.537903
522.793030
524.248535
526.629944
529.245850
532.382324
536.415222
541.199280
545.331299
547.017578
545.675659
542.880371
540.940186
539.792419
537.569519
533.600769
529.219177
525.930786
523.674072
521.845825
521.755798
525.235474
531.458496
537.450134
541.001831
542.588440
544.254456
546.351440
547.284119
545.524597
541.721497
538.082214
536.186768
535.706726
533.980957
529.230408
523.549072
520.312561
521.392944
525.576294
530.289246
534.328613
538.272522
542.574951
545.826233
545.959595
543.500183
541.284912
540.899536
541.105591
538.729492
534.255005
528.145691
524.449829
524.243408
524.658875
523.709106
522.521118
523.280090
528.027588
535.197266
542.562866
545.601929
546.351562
546.174438
544.564941
541.393188
538.299072
536.381653
535.318970
533.003052
528.716980
523.487000
520.677979
521.815613
525.757141
530.237671
534.397278
538.008362
541.912476
546.097290
548.694458
547.198608
542.384583
537.455627
536.094055
537.898315
538.538635
534.849609
528.608704
523.736877
522.132202
523.032410
525.231262
527.907654
531.820801
536.363953
540.099182
543.080872
545.716370
547.462646
547.210144
544.097900
538.928894
534.294495
532.030945
530.971497
528.716125
524.882202
521.528809
521.500427
525.870911
531.699829
535.578125
537.973816
540.773865
545.081665
548.900574
549.255493
545.703125
540.897949
538.050293
537.458923
536.569397
533.810669
528.858093
524.183472
522.317139
523.289246
525.520813
527.840637
531.113159
536.224060
542.023804
546.397400
547.498169
545.669189
543.004639
540.787048
539.023743
537.034729
534.356567
530.741699
526.625549
523.312195
522.433472
523.831482
526.267273
528.869690
531.653870
535.165833
539.208679
543.049377
545.937927
547.108948
545.805908
542.085022
538.246521
536.580811
536.177429
534.140076
529.288696
523.949036
521.391418
522.486023
525.467896
528.805908
532.546692
537.239807
542.248962
546.315796
548.108765
546.674805
542.485596
538.274475
536.436462
536.286438
535.314087
531.622681
526.458313
522.730225
521.964233
523.075317
524.768311
527.352478
530.837708
534.586426
538.938599
543.773987
547.687378
548.275879
545.054443
540.336243
537.510620
537.219421
536.516418
532.878174
527.558594
523.620544
522.459595
523.544617
525.932251
529.029785
532.858276
537.345825
542.050903
545.655579
547.293396
546.501770
543.771118
540.739197
538.776367
537.754700
536.515076
534.128784
530.391479
525.722290
522.154785
521.610413
524.231201
528.314209
532.102966
535.458618
539.352295
544.053589
547.742065
548.128418
544.976746
540.722290
538.000977
537.104553
535.873291
532.356262
527.016235
522.599426
521.359009
523.419312
527.256653
530.692810
533.264893
535.877136
539.184692
542.699829
545.424072
546.683289
545.863892
543.166443
540.020325
537.498108
535.767456
533.623108
529.986877
525.423828
522.022949
521.519104
523.806458
527.907471
532.652954
537.290649
541.139038
544.164551
546.376526
546.904724
544.662476
540.656616
537.485962
536.387573
535.546997
532.373291
526.838745
521.998047
520.343445
521.485596
523.663696
526.465332
530.203674
534.567444
539.063110
543.445740
547.037476
548.196838
545.786926
541.416260
538.274597
537.538147
536.958679
533.974243
528.750488
524.023132
521.948425
522.615051
524.920044
528.126404
531.958557
536.317993
541.028748
545.411865
547.731384
546.751160
542.984924
539.118652
537.492188
537.854675
537.776794
535.422180
531.082581
526.395142
523.039124
522.321594
524.117188
527.349365
530.780762
534.224060
538.279907
543.161255
547.237976
548.099243
545.177307
540.882690
538.087463
537.206482
536.105713
532.919800
527.755676
523.106140
521.406311
522.903748
525.959290
529.494568
533.037964
536.598267
540.236877
543.539001
545.725281
546.523193
545.809631
543.521301
540.526672
538.341187
536.737793
534.388489
530.396729
525.643311
522.347229
522.009399
523.985046
527.096252
531.027893
535.590149
539.972839
543.490295
545.728210
546.269897
544.775146
541.852722
539.076843
537.466003
536.020935
532.813721
527.810608
523.325195
521.634399
522.558289
524.186951
526.068542
529.155273
533.682312
538.453613
542.500183
545.454224
546.698608
545.480286
542.228882
538.963135
537.478455
536.856018
534.765564
530.282349
525.182739
521.884155
521.620239
523.893555
527.787415
532.318359
536.471985
540.142944
543.835022
546.862122
547.264282
544.310059
539.885437
537.198975
537.468262
538.295105
536.628296
532.185120
527.146790
523.450989
521.930664
522.763672
525.581604
529.826904
534.617493
539.096741
543.031006
545.973938
547.139709
545.846313
542.691101
539.359619
536.923279
535.175781
532.990723
529.673706
525.797852
522.753662
522.024536
524.029602
527.830017
532.222900
536.541748
540.722168
544.520020
547.316956
548.197083
546.825989
543.832642
540.467407
538.034424
536.628235
534.864319
531.162659
526.131104
522.510620
522.155701
524.354797
527.297974
530.283997
534.024780
538.834717
543.634277
546.706970
547.136230
545.291931
542.197510
539.331482
537.499756
535.849487
532.692261
527.931152
523.683411
522.231567
523.331177
524.876587
526.002869
528.139587
532.257568
537.273743
541.700684
545.043640
547.116089
547.007690
544.196228
540.192871
537.680969
537.051208
535.517334
531.171021
525.578857
521.876953
521.485779
523.538086
526.894165
530.908813
535.276306
539.553040
543.482971
546.629700
547.563232
545.484924
541.237488
537.592346
536.715271
537.304810
536.514771
532.956421
528.096619
523.972900
521.829468
522.253357
524.877502
528.769043
533.167725
537.577515
541.992126
545.724304
547.441895
546.176575
542.863892
539.688538
537.915894
536.720520
534.502625
530.675354
526.049377
522.388855
521.241272
523.114929
527.097778
531.763916
536.045593
539.849731
543.626892
546.774597
548.118286
547.118347
544.437866
541.171387
538.283997
536.214233
534.544800
532.099792
528.426941
524.340881
521.946411
522.503906
525.662903
529.856628
534.027649
538.124634
542.216309
545.703552
547.418457
546.521973
543.188232
539.334412
536.770325
535.522156
533.701477
530.039307
525.429565
522.576233
522.908691
524.883057
526.656189
528.608032
531.927734
536.534363
541.102600
544.588318
546.614075
546.740967
544.534912
540.771423
537.816711
536.530762
535.248840
531.901123
527.018433
523.094543
522.134338
523.663086
526.552063
530.294861
534.356873
538.376465
542.399963
546.036682
547.817261
546.289429
542.418884
538.865723
537.027710
536.092163
533.835449
529.982422
526.287354
524.020508
523.018433
523.014587
524.663757
528.033569
532.045105
536.321594
540.934509
545.388123
547.957581
547.117310
543.432495
539.639893
537.833557
537.134277
535.184814
530.960022
526.020142
522.394775
521.373291
523.254639
527.023376
531.221191
535.043396
538.892395
542.790344
546.422852
548.470581
547.542175
544.171204
540.434021
538.168884
537.527039
536.826843
534.059265
528.675049
523.197998
520.827393
522.340576
526.004272
529.517456
532.658875
536.792114
541.882263
546.272583
548.186096
546.729126
543.077271
539.255249
537.182312
536.459045
534.970032
531.179565
525.767334
521.657898
521.196167
524.149719
527.949158
530.712891
532.916809
535.837097
539.785828
544.125610
547.354065
547.792908
544.839905
540.662292
537.929932
537.168640
536.317871
533.132751
527.951782
523.530151
521.797546
522.641052
525.191101
528.939453
533.415100
537.669739
541.544189
545.253662
547.997498
547.622437
543.612122
538.875122
536.736694
536.578735
535.219360
530.790588
525.390259
522.205322
522.157349
523.689758
525.660889
528.064514
531.109070
534.842041
539.495117
544.320374
547.639709
547.543457
544.356140
540.484497
538.379456
537.618286
536.006531
532.386414
527.550781
523.388245
521.470581
522.299622
525.612732
530.041321
534.436951
538.376038
542.236328
545.781555
547.377930
545.967163
542.385620
538.907898
537.479126
537.410156
536.764160
534.077515
529.556641
524.950989
522.329041
522.559204
524.889038
527.978333
531.621948
535.924866
540.715881
544.798950
546.794312
546.243591
543.724182
540.481018
538.040466
536.803345
535.476562
532.293274
527.334778
522.861450
521.495789
523.490112
527.340454
530.935852
533.894592
536.824158
539.972412
543.103821
545.776123
546.976624
545.755737
542.231750
538.786072
536.964050
536.173706
533.994019
529.448242
524.500916
521.875000
522.398376
525.164185
528.914612
532.913696
536.994568
541.092712
545.015259
547.714417
547.467529
543.864868
539.321533
536.922424
536.636475
535.533142
531.597534
526.241760
522.705078
522.142395
523.086304
524.509644
526.970886
530.763672
534.915527
539.038208
543.128174
546.601135
547.842773
545.797852
541.587402
538.124573
536.806763
535.896545
533.203979
528.681274
524.071838
521.572632
522.124146
525.248474
529.408875
533.420776
537.274353
541.351746
545.365173
547.541199
546.394531
542.903015
539.572632
538.173462
537.988281
537.019775
534.183105
530.039795
525.832153
522.850830
522.104065
523.770813
527.063293
531.176086
535.636902
540.098389
544.032776
546.678162
547.069092
545.024780
541.756104
538.885864
537.258179
535.941040
533.132324
528.313843
523.427063
521.255920
522.641846
526.051636
529.995544
533.644104
537.386597
541.099426
544.103455
546.050415
546.777710
545.770386
542.754333
539.153442
537.180969
536.322144
534.445740
530.244446
525.056274
521.884521
522.043640
524.373718
527.511292
531.359497
535.958557
540.573669
544.431213
546.821655
546.752136
544.176880
540.723450
538.391968
537.622803
536.383240
532.721375
527.524963
523.591064
522.534119
523.039917
523.925842
525.875732
529.684021
534.405701
538.769958
542.547729
545.697021
547.179810
545.925110
542.380798
538.963989
537.322266
536.394165
533.855042
529.420532
525.045410
522.558411
522.561035
524.559448
527.967346
531.938416
536.197205
540.621399
544.830750
547.295776
546.747620
543.373108
539.358398
537.190308
537.259766
537.394836
535.597839
531.613647
526.951721
523.402466
522.284668
523.527100
526.196472
529.702637
533.864258
538.489746
542.987427
546.047180
546.747986
545.018738
542.057068
539.373840
537.764832
536.308777
533.502869
529.053467
524.494507
521.874451
522.434082
525.065369
528.565918
532.619873
537.354370
541.895081
545.009827
546.361145
546.596191
545.901855
543.783691
540.202698
537.209595
535.956299
534.929077
531.856445
526.808411
522.505981
521.558838
523.775574
527.316650
530.951416
534.906189
539.204102
543.334290
546.402710
547.309082
545.429321
541.552673
538.216614
536.896240
536.027588
533.128052
527.994324
523.375916
522.077393
523.695312
525.794128
527.292786
529.385315
532.726685
536.869019
541.432739
545.630127
547.873840
547.045410
543.481445
539.522034
537.412903
536.601807
534.647583
530.693970
526.279236
523.181824
522.222778
523.398743
526.563293
530.977661
535.588989
539.823364
543.712036
546.724243
547.312134
544.806213
540.880249
537.673035
536.583374
536.515381
535.280884
532.054932
527.660706
523.677063
521.774658
522.757874
526.037048
529.567993
532.945557
536.892212
541.684204
546.032471
547.950500
546.531799
542.935120
539.432251
537.515869
536.358032
534.371704
530.453430
525.676208
522.151184
521.682495
524.070068
527.486755
531.127136
535.163757
539.646545
543.985291
546.835510
547.804565
546.906677
544.344055
540.827087
537.763916
536.304138
535.417542
532.765015
528.138733
523.512268
521.656921
523.011047
526.157166
529.754089
533.647522
538.037109
542.485474
545.789734
547.209717
545.998657
542.658569
539.139893
537.299133
536.351074
534.031067
529.595825
524.935669
522.453857
523.219788
525.243347
527.137451
529.331299
532.466431
536.138428
540.095337
544.276489
547.427124
547.302612
544.140808
539.985107
537.932617
537.740417
536.348511
531.893188
526.313599
522.811401
522.373169
523.793579
526.286438
529.717529
534.158875
539.068237
543.672546
546.702393
547.104248
544.921936
541.595581
539.126709
537.685059
536.050903
533.363770
530.080994
527.233398
524.817383
523.022095
522.914307
525.180847
529.062866
532.782104
536.185486
540.445557
545.096069
547.941956
547.000122
543.092346
539.255676
537.721191
537.416992
535.558472
531.194580
526.028687
522.434631
521.773865
523.706726
526.819702
530.467468
534.844421
539.685425
543.888977
546.174316
546.378113
545.311340
543.543701
541.103394
538.399353
536.567810
535.548218
533.665283
529.662476
524.684021
521.633606
522.140625
525.277161
529.127197
532.865051
536.943237
541.436157
545.487915
547.704773
546.957397
543.313232
538.964478
536.680725
536.485046
535.573425
531.762512
526.282349
522.449707
522.044128
524.111267
527.265503
530.917114
535.059509
538.738037
541.358154
543.617676
546.072510
547.261414
545.319885
541.056152
537.783630
536.892517
536.368164
533.435669
528.316467
523.699524
521.845398
522.724365
525.405701
529.125793
533.185791
537.230469
541.321838
545.335815
547.840332
546.830750
542.719360
538.490112
536.773743
536.622498
534.912537
530.665283
525.815735
522.604309
521.587158
522.332336
524.631958
528.018799
531.749268
535.290222
539.060364
543.368103
546.947876
547.614624
544.976196
540.935242
538.179932
536.989990
535.716248
532.667969
527.993591
523.766357
522.052246
523.130066
525.962646
529.250549
532.882996
537.283691
542.266357
546.358643
547.870972
546.285950
542.805969
539.196472
537.008545
536.542358
536.568604
534.969238
530.817932
525.557678
522.134399
522.158997
524.897705
528.440063
532.013672
535.802002
540.017395
544.094055
547.019348
547.388306
544.729614
540.642273
537.774841
536.986023
536.236938
532.936584
527.247375
522.504822
521.647705
523.960022
527.042908
530.155273
533.953186
538.190063
541.731689
544.312317
546.245361
547.090271
545.744141
542.143005
538.640564
537.204712
536.647827
534.147888
529.286255
524.640137
522.604919
523.089294
524.913940
527.699829
531.695862
536.361084
540.788940
544.540710
546.981689
546.986023
544.244141
540.338379
537.729065
536.872681
535.496887
531.758911
526.824219
523.421570
522.412964
523.054199
524.713379
527.178589
530.435547
534.216553
538.469421
542.969299
546.625122
547.673462
545.392944
541.508118
538.651062
537.426819
536.354614
533.678894
529.227478
524.533081
521.827881
522.181641
525.020874
528.811768
532.460510
536.222778
540.703674
545.268677
547.756592
546.862488
543.380005
539.397888
536.888794
536.340576
536.445190
535.437073
532.168945
527.336243
523.143494
521.689941
523.339111
526.793457
530.775208
534.866821
538.967224
542.951599
546.131958
547.285583
545.547974
541.574341
537.861633
536.291626
535.907959
533.989685
529.387329
524.186157
521.673950
522.597717
525.509521
528.988159
532.992676
537.408142
541.109558
543.374329
544.882324
546.173279
546.216125
543.682068
539.897339
537.492554
536.792358
535.228821
530.959534
525.556519
522.289673
522.497986
524.714478
527.342285
530.485596
534.671631
539.518677
544.029785
546.924255
547.256348
544.888184
541.166260
538.366394
537.080505
535.691650
532.654114
528.355042
524.875732
522.928467
522.168579
522.809021
525.461914
529.887268
534.201660
537.558960
541.055908
545.094299
548.081421
547.422363
543.266846
538.944275
536.985962
536.475281
534.588806
530.370361
525.568726
522.434631
521.906555
523.732788
527.182617
531.356445
535.729370
540.011780
543.914429
546.608704
546.922668
544.627869
540.843567
537.618530
536.307617
536.398682
535.993469
533.275696
528.362610
523.554932
521.336060
522.615906
526.169250
530.044556
533.806946
537.951294
542.396179
546.091736
547.692200
546.287415
542.507080
538.696411
536.902222
536.498474
534.892334
530.420349
524.840759
521.691589
522.578247
525.535767
528.336975
531.105408
535.139893
540.339966
544.728699
546.958679
547.265198
546.223328
543.824341
540.547058
537.964783
536.753296
535.333069
532.025085
527.220825
523.186646
521.880249
523.307251
526.261780
530.023743
534.229614
538.494324
542.571350
546.114563
547.880432
546.246826
541.951233
538.200562
537.062927
536.829895
534.417480
529.252930
524.191345
522.287537
523.389587
525.207336
526.718628
528.818420
532.085449
536.168823
540.858093
545.342529
547.897034
547.312012
543.935852
540.211914
538.190857
537.300903
535.228760
531.064209
526.361145
523.032288
522.210449
523.638916
526.432373
530.074890
534.207703
538.739502
543.332703
546.834167
547.680115
545.350586
541.557983
538.695007
537.076294
535.916809
533.994995
531.081360
527.594299
524.249023
522.267822
522.758850
525.388733
528.992249
532.514771
536.320740
540.847046
545.492432
548.138306
547.033325
543.160217
539.291504
537.452576
537.084717
535.694763
531.260803
525.291504
521.568542
521.963074
524.850769
527.760498
530.311951
533.887146
539.088013
544.145996
546.972900
547.415039
546.342407
544.081360
541.006592
538.414429
537.171631
536.110168
533.184692
528.228943
523.510376
521.575195
522.756165
525.681152
529.073975
532.962341
537.330139
541.848022
545.832031
548.188171
547.114990
542.815247
538.402893
536.934326
537.308472
535.885925
531.026184
524.994568
521.641113
522.264648
525.237793
528.338013
531.005737
533.664612
536.351929
539.625854
543.997192
547.771118
548.199036
544.638489
539.900330
537.074890
536.639526
536.145630
533.081238
528.052490
523.547546
521.580444
522.675293
525.961304
529.908386
533.563293
537.173889
541.492920
545.912109
548.397461
547.088867
542.854797
538.719543
536.852234
536.106934
534.393860
530.918823
526.745178
523.238159
521.621338
522.503723
525.283325
528.713257
532.027710
535.296631
539.441833
544.217590
547.814697
547.998718
544.816833
540.500244
537.517029
536.439209
535.394958
532.422424
527.444214
522.982178
521.554810
523.400269
526.966858
530.656250
534.225464
538.016479
542.020508
545.566284
547.099121
546.276917
543.269714
539.314392
536.598145
536.314453
536.856934
535.119690
530.068604
524.229797
520.852112
521.658447
525.131775
529.068909
532.648376
536.162598
540.104736
544.339966
547.440308
547.565002
544.291504
540.040161
537.619263
537.238464
536.015747
531.856079
526.269897
522.629272
522.226501
523.868164
526.601501
530.553589
535.155518
538.868774
541.063721
542.998962
545.462341
547.071777
545.665649
541.699646
538.224976
536.992249
536.466797
534.155457
529.543823
524.568176
521.549866
521.715881
524.625610
528.924500
533.166870
536.803833
540.505127
544.624329
547.596985
547.349548
543.795471
539.560486
537.206909
536.585327
535.455872
532.195435
527.402039
522.899841
520.505554
521.111450
523.962524
527.594971
531.122009
534.699036
539.062561
543.763733
547.005493
547.203247
544.686462
541.294556
538.647705
537.111816
535.522400
532.649658
528.592651
524.671509
522.563416
522.914429
525.257507
528.728943
532.800537
537.356323
541.693970
545.017517
546.697388
546.216980
543.934021
540.390381
537.127136
535.746704
535.854797
535.081787
531.477539
526.227661
522.379822
521.739014
524.087402
527.507202
531.088074
535.004150
539.499451
543.964355
547.059937
547.511230
544.861267
540.775757
538.094299
537.477417
536.546387
532.866638
527.428528
523.312561
522.344116
523.602844
525.766479
528.843994
533.497192
538.500000
541.932129
543.718384
545.172302
546.359009
545.766541
542.898254
539.659546
537.598633
536.422546
534.191467
530.076782
525.436462
522.438721
522.028870
523.888000
527.482666
531.785950
535.718872
539.570984
543.809448
547.294800
547.781494
544.713928
540.176331
537.504272
537.232300
536.367371
532.602966
527.236694
523.063843
521.571716
522.503052
524.682068
527.018921
529.547668
532.965515
537.686035
543.027100
546.890259
547.465271
544.971008
541.512695
539.141968
537.870850
536.371338
533.565186
529.548950
525.533936
522.904236
522.746277
524.701721
527.843079
531.806213
536.237610
540.847046
544.782471
546.964539
546.503418
543.855713
540.374939
537.459167
536.305542
536.578064
535.916626
532.435486
526.934692
522.617615
521.684204
523.859741
526.976807
529.777588
533.111938
537.810547
543.035583
546.821594
547.640808
545.458557
541.549744
538.459595
537.354126
536.539673
533.629883
528.575195
524.139648
522.477722
523.303467
525.156311
527.574158
531.428040
536.668152
541.295837
544.153320
546.000244
547.285156
546.845337
543.959778
540.195129
537.659790
536.482300
535.022278
531.677979
526.951904
523.032410
521.500244
522.969849
526.781433
531.453186
535.379822
538.637390
542.268311
546.209656
548.106018
546.137695
541.563110
537.975586
537.033020
536.611511
533.793274
528.659973
523.800964
521.986755
523.293945
526.017883
528.612366
530.663818
532.810608
536.175232
540.884033
545.344910
547.331543
546.244141
542.975647
539.695557
537.875916
536.902649
535.013611
531.308289
526.510132
522.583740
521.549988
523.699951
527.331909
531.263123
535.079834
539.113708
543.286316
546.648010
547.626465
545.400818
541.263977
537.318848
535.487793
536.273743
536.904541
534.397827
528.600891
523.029846
521.066589
522.962463
526.584839
529.983337
533.172363
537.200989
541.671082
545.392883
547.191956
546.459534
543.336853
539.475708
537.002686
536.151123
534.639709
530.915649
525.980347
522.499512
521.971680
523.906311
527.173035
531.216492
535.622437
539.839722
543.103027
545.988647
548.219849
548.067017
544.364746
539.467773
537.013550
537.326538
537.077026
533.467285
527.094543
522.118591
521.194458
523.490417
526.521973
529.351562
532.489075
536.892090
542.224670
546.805176
548.310303
546.075623
542.013184
538.928223
537.820068
536.869995
533.928223
529.359192
524.958374
522.426331
522.483887
524.568359
527.915955
531.322449
533.919312
536.068726
539.109924
543.423401
547.077637
547.819214
545.328125
541.106567
537.725586
536.146667
534.984314
532.321777
527.856628
523.476868
521.676208
523.347107
526.870117
530.303833
533.440552
537.428345
542.421692
546.561157
547.733154
545.561462
541.830444
538.832886
537.288757
535.882996
533.500671
529.907349
526.033081
523.335938
522.570740
523.327576
524.966919
527.879211
532.194641
536.928833
541.209473
544.407227
546.346497
546.626526
544.494995
540.619202
537.433838
536.391968
535.602234
532.479858
527.177917
522.748047
521.808655
523.952942
527.270813
530.516296
534.161316
538.507385
543.090088
546.302429
547.314880
545.832703
542.273315
538.666321
537.461609
538.151917
537.635742
533.892578
528.336365
523.730591
522.077454
522.814331
524.774292
527.957764
532.538818
537.549988
541.767029
544.929443
546.779419
546.528564
543.747803
539.848816
537.317566
536.595581
535.519653
532.011353
526.676392
521.934875
520.540833
523.045776
527.895142
532.288574
534.352234
535.000488
537.091431
542.091553
547.547852
549.225403
546.001526
540.743469
537.495117
536.973999
536.381592
533.433228
528.666931
524.466614
522.511841
522.918640
524.948730
528.119751
532.415527
537.463013
542.106201
545.461243
547.110962
546.617615
544.035034
540.183594
536.922485
535.157593
533.980225
532.086060
528.154663
523.384277
520.711731
521.466797
524.639038
528.243347
531.596558
534.963928
538.851562
543.333618
546.692322
547.312561
544.991089
541.236755
538.548950
537.623291
536.371033
532.603394
527.242188
523.223877
522.564819
524.196716
526.224426
528.532837
532.361633
537.515564
542.195862
545.325439
546.812439
546.320557
543.496887
539.058533
535.712524
535.377441
536.348694
535.211243
530.820435
525.510132
522.033081
521.647827
524.020874
527.857117
531.965027
535.737427
539.346802
543.382202
546.987976
547.722534
544.514038
539.861572
537.433594
537.533630
536.757751
532.673035
526.804260
522.549133
521.590149
523.137939
526.158691
530.298218
534.732117
538.221191
540.448303
542.541199
545.065918
546.839539
546.202759
543.080566
539.338806
536.974365
535.756653
533.988403
530.586060
526.052307
522.349609
521.535889
523.890564
527.857788
532.021729
536.258301
540.841431
545.222107
547.882446
547.577820
544.554565
540.685425
537.794861
536.297974
535.032471
532.486572
528.560181
524.378601
521.748047
521.826538
523.913025
526.703613
529.778198
533.655945
538.251892
542.947327
546.687317
547.963745
546.145569
542.151733
538.527466
536.871277
536.207581
534.122681
529.532166
524.522217
522.035522
522.888123
525.526550
528.387146
531.792114
536.068970
540.655151
544.653748
547.217957
547.122620
544.238770
539.698975
536.335693
536.017273
537.168396
536.190186
531.713684
526.214233
522.995239
522.769226
524.621704
527.353699
530.713379
534.618713
538.807373
542.858093
546.190918
547.473755
545.657166
541.799988
538.636353
537.447876
536.495972
533.645874
528.911499
524.250488
521.936890
522.442627
525.157593
529.032776
533.219604
537.160217
540.693481
544.333435
547.551941
548.577942
546.529846
542.665771
539.386292
537.796814
536.864136
534.885071
530.862366
525.947449
522.344666
521.629944
523.854248
527.609436
531.356140
535.047852
539.357544
544.074280
547.396362
547.463806
544.293945
540.189575
537.744263
537.104065
536.309448
533.437439
528.589844
524.104431
522.129150
523.098328
525.475952
527.540222
529.390137
532.333252
536.947266
542.180603
546.148071
547.785706
546.414673
542.867432
539.067444
536.871277
536.238647
534.969421
531.187317
525.919006
522.114258
521.887939
524.319763
527.527527
530.845520
534.903320
539.697083
544.332581
547.500488
547.913879
545.136169
540.758606
536.927307
535.849060
536.796448
536.394592
532.572571
527.077820
523.162720
522.263245
523.578369
526.209351
529.385986
533.472778
538.018738
542.251465
545.567261
547.268677
546.230957
542.845886
539.300598
537.315002
536.150208
533.856689
529.877197
525.733459
522.895813
522.193665
523.757751
527.285950
531.796082
536.305237
540.266541
544.401672
548.578491
550.441589
547.712952
542.074951
538.062439
537.773560
538.717224
537.283630
532.344055
526.420410
522.612793
521.957520
523.505920
526.291077
529.822266
533.880005
538.121277
542.445190
546.150391
547.720886
546.314941
542.713379
539.143738
537.084717
535.962280
533.887695
529.718933
524.684387
521.281860
521.551331
524.933105
528.851074
531.568481
533.506104
536.249939
540.357605
544.637634
547.311279
546.964844
543.994629
540.147705
537.548401
536.559509
535.390320
532.002625
526.800415
522.576843
521.641235
523.492737
526.594238
529.991943
534.069458
538.625610
543.059570
546.504456
547.721191
545.740662
541.383789
537.648315
536.134399
536.322510
535.384705
531.352600
526.043884
522.814880
522.642517
523.894165
525.561218
528.246460
531.956604
536.716736
541.455444
545.130798
546.990417
546.333069
543.357300
539.887939
537.845459
536.865051
534.933472
531.016357
526.353882
523.118896
522.391785
523.817017
526.747131
530.541382
534.587830
538.603271
542.717651
546.101196
547.547729
545.996826
542.348206
539.011108
537.614990
537.259094
535.938965
532.725769
528.531006
524.432312
522.328247
522.810303
525.569214
529.330139
533.197571
537.186951
541.400757
545.245300
547.371826
546.405579
543.116028
539.658386
537.604065
536.488953
534.590637
530.980957
526.333130
522.873962
522.198547
524.412537
527.796997
530.609253
532.922729
535.912476
539.960754
544.103638
546.713318
546.876953
544.586792
541.177063
538.269409
536.591858
535.371582
532.681458
528.146667
523.756836
521.879639
523.061829
526.085327
529.588074
533.409607
537.614563
541.761047
545.065186
546.944275
546.517273
543.500854
539.552673
536.942200
536.064270
534.856201
531.222168
525.980164
521.947266
520.981628
522.239441
524.366882
527.576477
532.018188
536.621521
540.500305
543.779358
546.282837
546.762878
544.332581
540.282471
537.320557
536.629456
535.819153
532.590698
527.445862
523.274292
521.763123
523.069336
526.294067
530.451965
534.531006
538.288452
541.926575
545.467102
547.256653
545.817566
541.659668
537.814087
536.630310
537.409485
537.233215
534.427673
529.956970
525.546753
522.648071
522.226501
524.229065
527.822754
531.880127
536.052795
540.377197
544.367188
546.838806
546.647949
544.041077
540.853027
538.475708
536.760681
534.587524
531.481995
527.373474
523.421265
521.562012
522.538513
525.806152
530.446777
535.225647
539.558411
542.985413
544.884888
544.976501
544.451233
544.205200
543.276062
540.986023
538.110840
535.167114
532.296326
528.925964
525.207458
522.509521
522.305115
524.529297
528.024231
532.000366
536.423157
540.830688
544.601624
546.835327
546.652100
543.727905
540.059937
537.987061
537.244324
535.599731
531.513428
525.692566
521.397400
520.852051
523.432983
526.678345
529.258362
530.972900
532.570374
536.028564
542.196838
548.238892
550.067871
546.032227
539.879211
536.703735
537.383179
537.790344
534.304321
528.069763
523.214050
521.938721
523.195618
525.144836
527.867920
531.857422
537.242188
542.681396
546.176819
546.798645
545.145508
542.405273
540.337585
539.482788
538.777954
536.778748
533.755005
530.327332
526.601257
523.036255
521.322693
522.888367
527.521423
532.649902
536.160095
538.699280
542.154663
546.153442
547.987061
545.435608
540.215576
536.480347
535.958984
536.353210
534.072937
528.542053
522.956604
520.993164
523.334412
527.090088
529.439514
531.309326
534.975464
541.177979
547.440979
550.173828
548.577332
544.884033
542.094604
540.923706
539.679993
536.852051
532.225037
527.591003
524.876648
524.317993
524.806641
525.243347
526.576782
530.139099
535.620789
540.907654
544.459717
546.184814
546.398376
544.813477
541.307129
537.713318
536.012573
535.293823
533.045959
528.383728
523.806885
522.284363
523.630005
524.819336
525.352173
527.796326
533.572876
540.436584
545.377930
546.777100
545.661987
543.909851
542.118225
540.091919
538.395691
536.612854
533.768433
529.831177
525.840759
522.683960
521.553711
523.267456
527.201904
531.956726
536.255676
539.918396
543.611755
547.190796
548.250061
545.281311
540.041138
536.572083
536.669128
537.949829
536.790466
532.411255
526.610229
521.876892
520.355164
523.152466
528.657104
533.590759
535.819580
536.228027
538.279724
543.771545
549.290405
549.655151
544.266113
538.061096
535.371399
535.570618
534.924561
530.758545
524.726807
521.045044
521.771240
525.367188
528.987854
532.120667
535.639709
539.941956
544.314270
547.125671
547.746521
546.636292
543.806213
539.795654
536.494995
535.661499
535.995483
534.220581
528.737793
521.977722
518.830811
521.405212
526.987793
531.956055
535.308960
538.226501
541.745972
545.688171
547.862976
546.272583
541.826904
537.703735
536.057007
535.820435
534.130615
529.686890
524.624390
522.433777
523.605164
525.618774
526.991333
528.674988
532.112610
536.753906
541.225586
544.622070
546.399109
546.011353
543.537598
540.367432
538.274292
536.872009
534.578491
530.672546
526.417725
523.600281
522.693542
523.453857
525.944885
530.177429
535.198059
539.584106
543.191284
546.209473
547.391113
545.524780
541.588013
537.822021
536.104675
535.931213
535.266663
532.756470
528.700745
524.620300
522.166931
522.407532
525.483398
529.562012
533.437134
537.174133
541.492249
545.749390
547.620789
546.080811
542.354309
539.038818
537.671997
537.063293
534.941589
530.578918
525.478943
522.139954
521.806824
524.096313
527.444336
530.963989
534.678528
539.180359
543.724243
547.113403
548.094299
546.829407
544.074219
540.714478
538.125427
536.869202
535.514160
532.610107
527.756348
523.230896
521.598022
523.181458
526.310059
529.586853
533.223328
537.632874
542.042175
545.581055
547.133240
546.162537
542.993225
539.373047
537.359863
536.663269
534.889404
530.553345
524.958008
521.393188
521.397095
524.442627
528.197144
531.728149
535.174377
538.269775
541.037842
543.924072
546.213013
546.396118
543.851501
540.676392
538.558105
537.413757
535.326355
531.239380
526.532776
523.478943
522.662781
523.454285
525.698120
529.578735
534.196777
538.533813
542.291382
545.686768
547.710754
546.613953
542.595093
538.353027
536.276550
535.609314
534.119080
530.979248
527.073120
523.920227
522.280396
522.437439
524.544861
528.121704
532.313782
536.457825
540.515015
543.877686
545.928894
546.718079
545.968750
543.480408
539.473816
534.953247
531.882080
530.964722
529.955627
526.517334
522.378113
521.311768
524.811340
530.923096
536.121887
538.930359
541.171692
544.113586
547.195435
548.149414
545.910889
541.506775
537.328735
535.492737
535.445557
534.445557
530.958069
525.895813
522.419983
521.888977
523.806946
527.295410
531.976807
537.379333
542.260315
545.317749
546.425232
545.981506
543.869568
540.655945
538.021729
536.565552
534.891968
531.258301
526.340332
522.655823
521.856873
523.540100
526.559082
530.223267
534.539246
538.450195
541.230469
543.520020
545.875671
547.000305
545.226257
541.419922
538.535583
537.487427
536.417664
533.098511
528.093018
523.872925
522.382202
523.413635
525.662964
528.627075
532.304382
536.552734
541.217224
545.730591
548.292847
547.266846
543.344360
539.221313
537.181030
536.682739
535.209351
531.649048
527.358887
523.876221
521.949707
521.916199
523.838623
527.202393
531.231873
535.227417
539.270081
543.456543
546.774658
547.473511
545.037231
540.944641
537.709351
536.235901
535.419983
533.346497
529.207581
524.297668
521.351746
522.022095
525.359436
529.669373
533.857605
537.837952
541.758179
545.197205
547.071106
546.398376
543.603027
539.763794
536.593262
535.667969
536.080750
535.137878
531.235962
525.891724
522.319214
522.091614
524.472107
527.705444
531.222412
535.346191
539.851501
543.978027
546.727478
547.179382
544.816956
540.750732
537.502319
536.368774
535.655273
532.878967
528.015869
523.666565
521.981812
522.984314
525.567017
529.335205
534.150269
538.641541
541.425842
543.166138
545.019043
546.536133
545.815247
542.526245
539.065308
537.296936
536.524231
534.371887
530.067444
525.302246
522.102966
521.815491
524.181885
528.230774
532.635315
536.338745
539.886169
543.903259
547.286560
547.757507
544.594177
540.218140
537.538208
536.660217
535.083801
531.406311
526.982361
523.858643
522.530640
522.575623
523.762451
526.276367
530.017761
534.244934
538.441711
542.534058
545.862305
547.236145
545.775757
542.199707
538.614929
536.717957
535.955200
534.196594
530.163574
524.995544
521.498901
521.721924
524.957275
528.935669
532.530090
536.183594
540.392456
544.582581
547.313110
547.116882
544.116943
539.731995
536.209656
535.431274
536.602051
536.440857
532.717896
526.919189
522.674805
522.042297
524.148254
527.010071
529.942383
534.477051
539.050903
541.105713
543.051758
544.384766
546.454224
546.588989
544.389587
540.352112
535.336731
530.452515
525.447571
521.270508
521.413086
523.416016
527.124512
530.514526
533.874573
537.190063
540.141235
543.381897
546.483765
548.353821
547.100586
542.953125
538.765442
537.043457
536.821777
535.647583
531.875793
526.980408
522.801514
521.677795
523.438354
527.216919
531.589111
535.371582
538.968872
542.798279
546.321899
547.629761
545.401978
541.101501
537.684692
536.479797
535.845459
533.503296
529.092468
524.733398
522.315125
522.538635
524.527100
527.065002
529.707581
532.685120
536.643616
541.487183
545.592529
547.557007
546.426208
543.109131
539.400208
537.105408
536.057129
534.549744
531.139282
526.427734
522.731201
522.160156
524.409241
527.881775
531.392944
535.234131
539.544128
543.696533
546.615967
547.199097
545.221313
541.482300
537.486145
535.509033
535.819763
536.051575
533.680908
528.831482
524.286926
522.352356
523.234558
525.825317
529.192627
533.338257
537.829590
542.021484
545.380615
547.136108
546.287842
543.067993
539.446655
537.357117
536.297546
533.947449
529.467712
525.029602
522.680298
522.994385
524.750183
527.536072
531.406006
535.840088
539.922668
543.485107
546.530762
548.637329
547.844055
544.108826
540.572998
538.561646
537.273315
534.912720
530.423706
526.350281
523.765259
523.435913
524.791077
526.916626
530.380310
533.908203
537.562988
541.862488
545.336487
547.240967
545.752686
542.244446
539.287781
537.644958
536.472839
533.839722
529.447449
525.051514
522.430115
522.904663
525.523010
528.607544
530.912170
532.841553
535.829163
540.159607
544.668945
547.377930
547.054138
544.220398
540.462036
537.731018
536.423096
535.073914
531.765869
526.791626
522.781006
521.980591
524.205994
527.539062
530.695679
533.996826
538.103821
542.696106
546.265869
547.408813
545.535828
541.673279
538.417480
536.790710
536.533813
535.425903
531.733826
526.616211
522.871948
522.061584
523.242432
525.399963
528.545898
532.264771
536.647522
541.183594
545.064270
547.388794
546.929626
543.639893
539.457825
537.146301
536.688965
535.397949
531.364380
526.156555
522.655579
522.203918
524.174866
527.223022
530.681152
534.291870
538.337402
542.925598
546.735718
548.390747
546.473694
541.845032
537.739563
536.483521
537.271729
537.022949
533.888306
528.729675
523.673096
521.554382
522.759827
525.855103
529.171143
532.250488
535.941956
540.900635
545.790283
548.322327
546.935974
542.866394
538.928467
537.111389
536.568848
534.954712
531.101074
526.139648
522.535278
522.063660
524.639160
528.175842
530.876099
532.679199
534.971130
538.716980
543.312683
546.805298
547.644165
545.401184
541.484131
538.017151
536.482239
535.685730
533.326477
528.550964
523.544250
521.223938
522.577637
526.096863
529.792847
533.266968
536.978394
541.263611
545.381653
547.964355
547.328491
543.269104
538.506348
536.216187
536.357666
535.802734
531.663879
525.211670
520.383728
519.664185
521.864075
524.968506
528.470764
532.351013
536.043274
539.608826
543.205566
546.441772
547.587158
545.365601
541.021179
537.638611
536.453308
535.496948
532.561829
527.960205
523.599365
521.572021
522.319519
525.592957
530.274048
534.927246
538.734985
542.087708
545.523621
547.682556
546.618591
542.523560
537.927917
535.760498
536.247009
536.807983
534.994324
530.676025
525.583679
521.940857
521.478516
524.145752
528.167603
532.108093
536.010498
540.220764
544.356628
546.973145
546.748169
543.920410
540.322937
537.905396
536.595947
534.959961
531.891235
527.462830
523.285522
521.393494
522.615662
525.952393
530.229736
534.555298
538.294067
541.293457
543.678101
545.589111
546.778076
546.126221
542.940430
538.738892
536.224731
535.381104
533.833618
529.844604
524.758179
521.649963
522.084106
524.885071
528.238586
531.908508
536.198181
540.782776
544.898682
547.525879
547.444580
544.259766
539.697571
536.690430
536.029785
535.227905
531.982544
526.993408
523.295959
522.611877
523.553284
524.583862
526.381470
530.098816
535.079041
539.540527
543.075623
545.914673
547.292114
546.055115
542.410889
538.515625
536.382446
535.336548
533.186951
529.258423
524.935181
522.284180
522.359985
525.049316
529.100098
533.059326
536.684937
540.471985
544.601929
547.498840
547.283997
543.806152
539.520203
537.127258
536.801575
536.435974
534.541321
530.949646
526.787476
523.302917
522.042725
523.616028
527.123596
531.379211
535.507385
539.278320
543.007385
546.030457
547.066772
545.374695
542.044067
538.911194
536.947754
535.429932
532.763611
528.388489
523.817688
521.516907
522.534729
525.556580
529.411255
533.555115
537.775635
541.633972
544.281555
545.745911
546.196533
545.614624
543.524780
540.361755
537.880127
536.493408
534.416870
530.664673
525.975952
522.912292
522.528931
524.129150
526.910156
530.760925
535.699768
540.572327
544.558472
546.901917
546.926331
544.492249
540.883362
538.100830
537.030029
535.896545
532.872314
527.950562
524.137695
523.094482
524.133423
525.392700
526.551880
528.744263
532.662476
537.330200
542.375183
546.705933
548.600769
546.709045
542.394287
538.469971
536.633545
535.925537
534.045593
529.864502
525.354858
522.632812
522.289368
523.969421
527.269165
531.508301
535.964172
540.266174
544.239380
546.888611
547.025940
544.417847
540.409912
537.220215
535.864563
535.643188
534.827148
532.257019
528.010681
523.830566
521.919067
522.948303
525.876343
529.702576
533.960632
538.565613
543.043213
546.276428
547.260498
545.792053
542.536804
538.993164
536.460510
535.030823
533.199707
529.661743
525.280396
522.381409
522.568115
525.025818
528.270447
531.753235
535.778931
540.227966
544.141602
546.776917
547.998169
547.260925
544.093750
539.814758
536.981384
536.144531
535.073730
531.527222
526.272400
522.616882
522.594666
524.848938
527.303528
529.585205
532.639648
537.339661
543.251648
548.378357
550.151306
547.269897
541.422913
536.771118
535.838623
536.205688
533.960022
528.750244
523.712341
522.088989
523.634949
525.950012
527.710449
529.645142
532.493286
536.224609
540.748657
545.086792
547.353760
546.540833
543.165161
539.739868
538.018433
537.077026
534.898499
530.969604
526.776306
523.437012
521.959839
522.907715
526.008423
530.481750
534.962646
539.039246
542.952820
546.175476
547.375610
545.220703
541.133179
538.287354
537.377563
537.473999
536.017578
531.756897
525.802856
520.968506
520.052551
522.969727
527.106934
530.257141
532.416870
536.025024
541.486572
546.504944
548.369629
546.317932
542.404297
539.281555
537.905029
537.085388
535.043091
530.925903
526.140137
523.021057
522.600342
524.176270
526.839355
530.576294
535.147461
539.669495
543.020203
545.383240
547.372314
548.168274
545.945984
541.193848
537.265259
536.257263
536.121338
533.460693
527.741089
522.172668
520.433899
523.126038
527.800171
532.059570
535.289978
537.805176
540.542053
543.981873
546.812256
546.470581
542.894714
538.945251
537.230042
536.845825
534.963379
530.432251
525.292908
522.377319
522.420044
524.622314
528.020691
531.844849
535.168457
537.405579
539.701416
543.052979
546.499512
547.478088
544.950684
540.747559
537.564392
536.356812
535.511780
532.997864
528.695496
524.298035
522.238281
523.507935
526.270996
528.395691
531.168335
536.797058
544.672791
550.541260
550.072571
544.077087
538.303223
537.290894
538.953247
538.409302
534.256104
528.752258
524.885498
523.573853
523.664917
524.015198
524.915955
527.457764
531.901978
536.946411
541.136292
544.115173
546.081177
546.694580
545.045227
541.144592
537.404175
535.834656
535.283752
532.856812
527.918579
523.206726
521.698730
523.839844
527.482239
530.872681
534.043884
537.688477
542.017395
546.240356
548.263733
546.623535
541.650269
536.344788
534.391724
536.055420
537.474487
535.132690
529.636047
524.601196
522.519592
523.342407
525.508789
528.174988
531.848450
536.531677
541.363281
545.344116
547.400513
546.691711
543.648560
540.246521
538.188843
537.096863
534.956665
530.874695
526.052856
522.723694
522.144226
523.996582
527.514404
531.543701
534.579529
536.399292
538.578918
542.382507
546.485291
547.917114
545.556091
541.197144
538.079468
537.195862
536.338684
533.445984
528.791077
524.486511
522.451782
522.936646
525.387817
528.720825
532.564392
536.945251
541.538147
545.461365
547.362488
546.451538
543.220215
539.466003
537.269470
536.632080
535.438293
532.040039
526.787354
521.914551
519.992065
521.334778
524.291809
527.452454
530.916931
535.031677
539.526123
543.709778
546.531433
547.258545
545.449829
541.848267
538.624817
537.168274
536.039246
532.964783
527.953857
523.558716
522.111145
523.599976
526.006714
528.570190
532.166992
537.088562
542.113892
546.097534
547.846497
546.735535
542.718689
537.834290
535.197388
535.984192
537.407898
535.828674
530.988708
525.846985
522.939392
522.675415
524.114929
526.634033
530.455200
535.289062
540.266479
544.622375
547.394348
547.189392
544.119385
540.271484
537.982056
537.372498
536.304077
532.896973
527.875732
523.661743
522.146423
523.316589
526.234314
529.769775
533.468384
537.087158
540.864746
544.631287
547.162415
547.357422
545.234680
542.020691
539.399536
537.788574
536.229004
533.321533
529.265686
525.539307
523.645996
523.847412
525.005493
526.666687
529.897766
535.223816
541.190247
545.662720
547.150452
546.103027
543.817932
540.947937
538.184631
536.286377
534.845093
532.518799
528.800537
524.798096
522.457947
522.830383
524.924133
527.102600
529.669678
533.314636
537.675476
541.854309
545.341064
547.217896
546.244873
542.757263
538.980835
536.923889
536.289734
534.449097
529.899475
524.430115
521.305908
521.959656
524.925293
528.649048
532.489258
536.376038
540.332458
544.285706
547.262756
547.478088
544.343933
539.494263
536.114502
536.140259
537.425964
536.505554
532.475159
527.376526
523.584961
522.051270
522.873291
525.650879
529.719238
534.403564
538.878479
543.017212
546.377808
547.453186
545.396729
541.367310
537.921875
536.480103
535.707031
533.525208
529.448669
524.960510
522.226807
522.425354
525.251099
529.102722
532.719360
536.120544
539.936218
544.593872
548.575745
549.386780
546.535767
542.010010
538.393005
537.202881
537.582642
537.007812
533.069336
526.474121
520.825928
519.816467
523.639038
529.033081
532.748230
534.982666
537.920471
542.552124
546.871216
548.091309
545.389648
540.855591
537.483521
536.560242
536.184021
533.647766
528.680664
523.920898
522.307983
524.151245
526.652161
528.134766
529.330261
531.963257
536.126892
540.319397
543.862671
546.703979
548.039490
546.372986
541.445801
536.213623
533.262695
532.527100
531.560791
528.302368
523.810303
521.244263
522.710571
527.483459
532.751648
536.519165
539.040222
542.160034
546.126099
548.274109
546.145386
541.264038
537.091919
536.333618
537.460022
536.590393
532.206482
526.612244
522.823914
522.104492
523.798157
526.636169
529.356995
532.354736
536.508789
541.815674
546.793823
549.159363
547.175476
542.020630
537.187256
535.618774
536.466553
535.971313
531.962219
525.841248
521.413330
521.339233
524.651001
528.580383
531.634705
534.817566
539.095520
543.658752
546.874634
547.345886
545.413696
542.499878
539.847473
538.179199
537.384033
536.283508
533.076721
527.830627
523.316650
522.136475
524.169922
527.241516
530.047363
533.288330
537.683167
542.440674
545.699158
546.640137
545.442261
542.723633
539.570312
537.296509
536.120178
534.454224
530.745544
525.935547
522.542847
522.662903
525.241150
528.047058
530.367004
532.945923
536.222534
539.999023
543.857544
546.898071
547.272705
544.558044
540.312012
537.474182
536.756531
535.721680
532.099060
526.777344
522.765991
521.789001
523.452515
526.858582
531.076355
535.074402
538.233643
541.104553
544.410828
547.140259
546.984619
543.235229
538.772156
536.601379
535.952698
533.929871
529.548218
524.832581
522.191345
522.108887
523.523743
525.578125
528.331970
531.779968
535.893372
540.722778
545.381470
547.935303
547.047485
543.644653
539.986877
537.886292
536.767273
534.825439
531.279907
527.047668
523.758911
522.675110
523.836487
526.575989
530.078491
534.316345
538.960693
543.252869
545.860229
546.304993
545.327271
543.729065
541.634583
539.202148
537.166870
535.759583
533.813904
530.074585
525.076538
521.626160
521.775513
524.989258
529.232849
533.062683
536.660217
540.637268
544.635742
547.202637
546.887573
543.712708
539.531982
537.044922
536.438110
535.308167
531.526917
526.296631
522.773865
522.391479
524.345459
527.420288
531.197449
535.592468
539.234253
541.454224
543.055115
545.141968
546.602539
545.123779
541.168884
538.036865
537.235779
536.753845
533.734802
528.589539
524.130249
522.492737
523.333618
525.449097
528.483032
532.652344
537.503601
542.093750
545.619446
547.261475
546.083252
542.970886
539.891357
538.115234
536.735168
534.017761
529.905579
526.202148
524.171875
523.501587
523.432312
524.660645
527.449890
531.384277
535.585022
539.760010
543.808411
546.707397
546.953125
544.343384
540.522400
537.846924
536.678406
535.614258
532.962402
528.727295
524.661438
522.531738
523.136230
525.788574
529.421692
533.441406
537.758301
542.070984
545.515564
547.080261
546.078674
542.996155
539.107727
536.014771
534.948608
535.232849
534.594360
531.309814
526.399719
522.710632
522.083618
524.268982
527.816956
531.777100
535.883606
540.099548
543.958252
546.530823
546.807251
544.583618
540.892822
538.012512
536.957214
535.906921
532.561218
527.519714
523.522095
522.376648
523.561340
526.007568
529.389160
533.926697
538.535339
541.574036
543.326721
545.118713
546.499756
545.781921
542.616943
539.201843
537.480042
536.515503
534.071106
529.735718
525.312256
522.548279
522.013245
524.053162
528.174927
533.206848
537.561157
540.606384
543.097717
545.650940
546.751099
544.755493
540.611572
537.392029
536.214539
535.424683
532.811829
528.442688
524.066528
521.401428
521.215027
523.468933
527.181580
531.147339
534.553101
538.034607
542.070801
545.983887
547.824585
546.254944
542.309937
538.653442
536.748657
535.792358
533.769043
530.079468
525.581665
522.465027
522.267334
524.753479
528.450073
532.458008
536.600586
540.834167
544.695679
547.158447
546.984680
544.226807
540.076965
536.611572
535.370117
536.055359
535.963623
532.703918
527.296143
522.941589
521.879944
523.788330
526.881714
530.316406
534.219299
538.737183
543.154419
546.359131
547.443726
545.687378
541.755432
538.061157
536.456482
536.073425
533.991394
529.322571
524.420898
522.004944
522.636963
525.228088
528.767761
532.790588
537.059998
540.625916
543.342407
546.112488
548.301514
547.685547
543.561401
538.733521
536.292664
536.084534
535.449280
531.964294
526.757019
522.964111
522.361023
524.432556
527.470581
530.638977
534.066162
538.478821
543.512085
547.322510
547.911560
544.925049
540.613525
537.936157
537.160950
536.164062
533.234314
528.885925
525.116638
522.852417
522.391785
523.724304
526.449219
529.927185
533.465088
537.130554
541.152222
544.845581
546.994324
546.349487
543.331177
539.928223
537.687561
536.366028
534.335999
530.801758
526.534546
523.306396
521.905029
523.390991
527.254150
532.222412
537.259155
540.966553
543.012268
544.530029
546.034912
545.974121
542.588074
537.688354
534.526184
534.840027
536.614807
535.576416
530.253540
523.857544
520.704834
522.014771
526.086304
530.530396
534.279663
537.731201
541.202087
544.732300
547.220764
546.745300
543.053101
538.653259
535.866943
535.118469
534.283691
531.226501
526.830750
523.268555
521.811096
522.795044
526.228088
531.387512
536.532349
540.749512
544.305847
547.430359
549.948547
549.487915
544.911499
539.322876
536.234375
535.754028
535.190125
532.374207
527.803345
523.621765
521.970825
523.036560
525.884155
529.754639
534.094177
538.552612
542.772644
546.034424
547.210571
545.577759
542.200317
539.144043
537.332947
535.778503
533.291565
529.771729
526.107422
523.399414
522.996460
524.902893
528.205383
531.393433
533.865845
536.224792
539.638794
543.731018
546.601440
546.641663
543.849609
539.920898
537.416748
536.667480
535.718140
532.410278
527.158081
522.567078
521.429138
523.724731
527.014404
530.055359
533.522217
538.057495
542.778625
546.123047
547.098633
545.360168
542.136169
539.096008
536.842712
535.815125
534.797913
532.315979
528.201721
524.340454
522.788696
523.411804
525.400146
528.500122
532.140137
536.280701
540.508423
544.461914
547.110413
547.149597
544.228699
539.937073
537.146729
536.499268
535.585327
532.143066
527.184875
523.468018
522.458618
523.727295
526.354004
530.011963
534.427551
538.762573
542.811707
545.852661
547.427917
546.354187
542.684387
538.664001
536.781372
536.908508
536.353149
533.442566
529.006287
524.643921
522.479370
522.980225
525.421204
528.943665
532.635254
536.292603
540.334900
544.644653
547.423584
546.798096
543.248779
539.399475
537.420898
536.716431
534.937500
531.003540
526.332397
523.180664
522.803345
525.008850
528.206177
530.838135
532.771667
535.021851
538.606689
542.858643
546.098450
546.906616
545.114502
541.978516
538.994446
537.026489
535.484680
532.978577
528.910767
524.392273
521.983765
522.831177
525.985229
529.775024
533.429077
537.079285
540.973083
544.675720
547.121704
546.795837
543.586914
539.382629
536.934937
536.557190
535.766541
532.048401
525.949829
521.051147
520.141846
522.443848
525.411621
528.206482
531.366577
535.123840
539.156189
543.084595
546.058716
547.023376
544.947327
540.837891
537.608093
536.670776
535.998291
533.194458
528.312378
523.886475
522.020203
523.013184
525.862610
529.749084
534.211426
538.446655
542.204468
545.364136
546.993958
546.072937
542.654480
539.020874
537.378784
537.625793
537.319458
534.619568
530.385864
526.305115
523.464722
522.612427
523.901672
527.025452
531.148193
535.685791
540.257202
544.320801
546.892334
546.806335
544.136536
540.646240
538.412354
537.395813
535.742493
532.325317
527.770508
523.976501
522.543457
523.588013
526.063904
529.339355
533.012817
537.109680
541.216492
544.687805
546.539612
546.496399
544.783508
541.896729
539.009277
537.468506
536.411560
534.277222
530.140381
525.418701
522.574768
522.912109
525.408691
528.195251
531.112671
534.795593
539.356934
544.030579
547.181641
547.418274
544.341797
539.760559
536.871216
536.561340
536.296875
533.288635
527.595459
522.809509
521.735657
523.600586
525.718811
527.262085
529.616028
533.432678
537.934753
542.510559
546.132019
547.590942
545.885803
541.917603
538.341797
536.843506
536.143433
533.869385
529.722717
525.570190
523.241028
523.014709
524.709045
528.095642
532.499817
536.812561
540.556519
543.975586
546.655701
547.029907
544.194702
539.512695
536.147827
535.704956
536.463684
535.635620
532.299561
527.549988
523.517395
521.984985
523.616150
527.014709
530.739990
534.386353
538.310242
542.655823
546.208618
547.125488
545.090332
541.586182
538.918762
537.441040
535.881104
532.867432
528.577209
524.723450
522.967590
523.574097
525.688232
528.480408
532.173767
536.706116
541.352722
544.796875
546.312927
546.237122
545.158752
543.199829
540.541382
538.220886
536.692688
534.627747
530.955933
526.340576
523.002563
522.559082
524.477478
527.409912
530.580750
534.391479
538.974243
543.474182
546.630920
547.125122
544.536438
540.365784
537.642639
537.331055
537.052429
533.704163
527.873108
523.207825
522.536987
524.689636
526.324829
526.546875
527.774170
531.392395
536.795227
542.127563
546.060181
547.457153
545.770935
541.940857
538.344910
536.878174
536.750793
535.085571
530.841187
525.903564
522.832397
522.649109
524.609192
527.485352
530.681824
534.312317
538.735962
543.648682
547.398254
547.889282
544.766907
539.996704
536.719910
536.165649
536.658325
535.695862
532.497803
528.221802
524.437012
522.544434
523.257141
525.848450
529.244324
532.983887
537.182556
541.690125
545.557983
547.353149
546.229004
542.800232
539.136230
536.815674
535.697388
534.203735
530.891479
526.138000
522.338013
521.776001
524.355164
528.068359
531.681152
535.344849
539.453308
543.453369
546.229553
547.106384
546.345520
544.096130
540.890503
538.001709
536.459473
535.178467
532.356750
527.844910
523.873230
522.440430
523.643005
526.270386
529.523682
533.457947
537.989380
542.045959
545.031555
546.473267
545.657593
542.533447
538.928833
537.015381
536.234070
534.338989
530.208557
525.435181
522.482544
522.828857
525.063477
527.788696
530.798645
534.022827
536.879517
539.799866
543.359314
546.663757
547.074890
544.167603
539.791382
536.943298
536.366577
535.760071
532.779175
527.890442
523.510071
521.792908
522.890625
526.028381
530.122742
534.114258
538.141968
542.369202
545.977722
547.320251
545.389954
541.462036
538.121582
536.397095
535.630920
534.196289
531.758179
528.625244
525.303406
522.901978
522.501892
524.591614
528.466003
532.545410
536.491943
540.449219
544.267029
546.817261
546.705444
544.026367
540.226379
537.377869
536.022278
534.805542
532.099731
527.783020
523.847778
522.419617
523.763123
526.746338
530.213867
534.125305
538.461487
542.711731
545.526184
546.405945
545.689209
543.572021
540.452087
537.819885
536.812866
536.278564
533.898376
529.349426
524.564270
522.400024
523.232544
525.472168
528.139343
531.737915
536.445374
541.372437
545.212036
547.202393
546.519836
543.286316
539.412659
537.239319
536.718384
535.331543
531.416077
526.452332
523.042297
522.548645
524.453430
527.474731
531.049622
534.549133
537.073120
539.035645
542.116516
546.088684
547.855225
545.451294
540.836914
537.327332
536.498169
536.330994
533.781921
528.705261
523.938477
522.020447
523.159302
526.012085
529.291809
532.572388
536.544800
541.241455
545.496704
547.649963
546.641479
543.168884
539.593140
537.411682
535.978149
534.152283
531.583984
528.409119
525.123230
522.701965
522.126953
523.806458
527.355103
531.730286
535.793335
539.513550
543.189819
546.196167
547.309937
545.465576
541.393188
537.504944
535.714661
535.280579
533.476013
528.970947
523.923462
521.573792
522.935974
526.197266
529.533020
532.720520
536.667969
541.300964
545.310242
546.969666
546.173950
543.359558
539.604858
536.782776
536.393311
536.865662
535.243652
530.746277
525.570679
522.365845
522.486877
524.823364
527.765320
531.057068
535.283447
539.928345
544.065918
546.925293
547.138062
544.212158
540.067383
537.515625
536.784851
535.863831
532.679077
527.647217
523.451782
522.065674
523.252625
526.094360
530.172974
534.342651
537.262512
539.114563
541.539917
544.768433
546.800354
545.624512
541.950317
538.589783
537.361877
536.660217
534.266296
529.717468
525.186035
522.716492
522.964417
525.244324
528.355286
531.591431
535.251221
539.745544
544.411743
547.471619
547.083252
543.885986
539.994263
537.796692
537.046387
535.698059
532.376221
527.609741
523.099060
520.946167
521.697266
524.584900
527.664612
530.504272
533.662292
537.747131
542.431030
546.154114
547.297852
545.398254
541.619080
538.291260
536.684204
536.009705
534.124084
529.933350
525.006775
522.046692
522.416321
525.052490
528.567871
532.530334
536.584473
540.426331
543.744324
546.269714
546.948486
544.835388
540.188782
535.585205
534.178040
535.475098
535.764282
532.486694
527.092346
522.921997
521.775574
523.418579
526.630371
530.643799
534.971313
539.020569
542.699646
545.754333
547.221558
545.810974
542.087952
538.469971
536.766418
535.784302
533.322449
529.146606
525.162720
522.905579
522.838440
524.799561
528.423584
533.258972
537.769226
540.867126
543.048096
545.213684
546.752380
545.975830
542.857422
539.384216
537.263977
536.492310
534.958313
531.430359
526.608337
522.836975
521.908447
523.808716
527.240356
530.959900
534.758423
539.036499
543.706421
547.178589
547.511719
544.689819
540.718750
538.005249
536.888184
535.837036
533.077026
528.789917
524.649353
522.250793
522.408203
524.368530
526.604431
529.002258
532.314453
536.967712
541.890686
545.665771
547.133911
545.936951
542.806335
539.409485
537.209961
536.344971
534.768127
530.898071
525.748901
522.222351
522.340332
525.090759
528.343872
531.377563
534.714111
538.818481
543.046326
546.491943
547.535828
545.247375
540.777588
536.878967
536.198181
537.803284
537.650513
533.433350
527.270264
523.102539
522.303650
523.836426
526.309387
529.361023
533.407227
538.033630
542.123840
545.276184
547.015442
546.322876
543.154419
539.453064
537.113647
535.871216
533.886108
530.232544
525.789307
522.644165
522.039612
524.182373
528.054688
532.315735
536.226379
539.566345
543.067566
546.773865
548.786743
547.463806
543.612732
539.923157
538.111572
537.296265
535.631714
531.945984
527.251160
523.672485
522.319946
523.302551
526.096497
529.849487
534.002502
538.130676
542.182190
545.571106
547.026001
545.685547
542.106812
538.536865
536.735535
536.216919
534.569214
530.337341
525.139160
522.103882
522.950928
525.984985
528.303833
529.419006
531.243896
535.481445
540.994263
545.382629
547.213501
546.384949
543.736877
540.350098
537.699768
536.337219
534.907349
531.854553
527.302673
523.383545
522.014832
523.219177
525.975464
529.799866
534.378296
538.970398
542.937317
546.017761
547.498840
546.091736
542.022217
537.334045
535.219666
536.260925
536.965454
534.144836
528.646362
523.858704
522.072510
523.025574
525.510315
528.515198
532.070068
536.221008
540.756042
545.053711
547.720398
547.182861
543.786865
539.873047
537.536011
536.538330
534.510376
530.577820
526.179016
523.336914
522.905579
524.527893
527.415039
530.707886
534.309082
538.541199
542.761780
546.187073
547.605347
546.317871
543.220215
540.122498
538.310913
537.322144
535.906860
533.132812
528.655029
524.182495
522.037659
522.983643
526.030396
529.564941
533.058716
536.906311
541.286560
545.363342
547.430176
546.502197
543.262512
539.641541
537.329895
536.333557
534.684753
531.035767
526.101501
522.391418
522.115173
524.682495
527.446960
529.220337
531.158142
534.722046
539.387024
543.618042
546.163940
546.519043
544.604126
541.248962
538.158386
536.582947
535.423523
532.635681
528.011780
523.680969
521.960205
523.036499
525.537292
529.030579
533.439575
538.232605
542.491821
545.631897
547.119751
546.031372
542.540649
538.845032
537.062744
536.604858
534.861511
530.587280
525.666260
522.747070
522.402039
523.215515
524.649475
527.430420
531.528809
535.929932
540.170288
544.113281
546.890076
547.036072
544.253906
540.258484
537.697693
536.767761
535.314148
531.798340
527.057068
523.242371
521.829346
523.008911
525.935974
529.559082
533.462280
537.663147
542.197632
545.859985
547.183472
545.666626
542.574219
539.862244
538.448364
537.776855
536.587646
534.105347
530.204285
525.643188
522.353394
521.913208
524.234985
527.991150
532.105896
536.386169
540.642395
544.429810
546.736450
546.746460
544.392090
540.759705
537.691284
536.289551
535.255249
532.592651
527.708740
523.044556
521.483887
523.387573
527.301514
531.122742
534.279541
537.251465
540.055176
542.831116
545.445679
547.019836
545.894897
541.900208
537.938232
536.303772
536.096252
534.438232
530.103638
525.189026
522.373169
522.681335
525.147705
528.650757
532.672668
536.788513
540.589722
544.209106
547.085510
547.411499
544.162842
539.434937
536.558167
536.146362
535.535706
532.199036
526.921387
522.793762
521.439941
522.107727
524.085388
527.249084
531.158630
534.967712
538.628357
542.625305
546.318726
547.909058
545.962158
541.594971
537.804810
536.252747
535.483154
533.353149
529.353394
524.861694
522.004211
522.219055
525.322815
529.534729
533.295105
536.746826
540.718567
544.992371
547.665527
546.781494
542.927429
538.557495
536.269592
536.373291
536.837280
535.398560
531.277893
526.034485
522.427429
522.110474
524.542419
527.621948
530.651733
534.426819
539.165405
543.884888
546.878784
547.090271
544.759277
541.206848
538.341492
536.790100
535.482849
532.648254
528.155396
523.837952
521.949829
522.889587
525.670654
529.357788
533.690552
537.959045
541.137329
543.027405
544.704590
546.225159
546.106750
543.151123
539.148865
536.861572
536.141541
534.498169
530.385620
525.286377
522.226135
522.314331
524.526123
527.518738
531.226929
535.612732
540.004578
543.992554
546.839172
547.199463
544.669556
540.718079
538.056335
537.113098
535.859497
532.367981
527.463318
523.905334
522.885193
523.191284
524.037476
525.798401
529.190674
533.469177
537.783997
542.015869
545.723816
547.633118
546.477234
542.684387
538.819397
536.676880
535.734009
533.988586
530.362549
525.841187
522.452148
521.913025
524.233582
527.900146
531.713867
535.518799
539.803284
544.263245
547.373352
547.314453
544.153748
540.033875
537.242981
536.487122
536.856689
535.997437
532.416077
527.185181
523.267273
522.460083
524.167847
526.599487
529.083191
532.579041
537.792358
543.202271
546.708862
547.347290
545.537537
542.291443
539.052002
537.010376
535.700989
533.534790
529.705200
525.279602
522.618896
522.748596
525.121887
528.398132
532.096436
536.343323
540.243958
543.069031
545.242188
546.792969
546.677002
543.873108
540.044739
537.725098
536.980103
535.505859
531.514160
526.242920
522.726868
522.338257
524.181763
526.796265
530.216919
534.528564
538.942017
542.731018
545.514893
546.447510
544.886414
541.594971
538.771912
537.405212
536.417542
533.942505
529.387756
524.851135
522.412720
522.260254
523.774170
526.333984
529.514465
532.667053
536.084167
540.614075
545.084106
547.608704
546.643250
542.927002
539.309265
537.753662
537.281128
535.472656
531.627930
526.963562
523.268860
522.004517
523.416931
526.596802
530.551086
534.854858
539.158936
543.325623
546.565796
547.437683
545.288879
541.330200
537.474792
535.284912
535.280701
535.685608
533.850037
529.385864
524.572998
522.123352
522.709473
525.303162
528.567871
532.327087
536.878113
541.551453
545.186951
546.951782
546.497375
543.647522
539.724426
536.862488
535.731018
534.491028
531.137512
526.498901
522.928223
522.295044
524.342529
527.545349
531.144531
534.884521
538.644775
542.065430
545.347412
548.284912
548.717407
545.637817
540.761536
537.486389
536.691406
535.886230
532.781616
527.816589
523.690491
522.307861
523.225281
525.572266
529.056030
533.499390
538.123474
542.119141
545.139099
546.527222
545.747131
542.860291
539.585449
537.569641
536.359314
534.048950
530.231079
526.000854
523.016541
522.516541
524.457275
527.706970
531.058167
533.860596
536.450745
539.557800
543.444397
546.370972
546.561584
544.068298
540.452576
537.917480
536.762939
535.598877
532.840271
528.209778
523.520447
521.405396
522.651611
526.080444
530.137451
534.266968
538.436218
542.564453
545.616028
546.556335
545.025757
542.146667
539.149902
536.746094
535.508850
534.812073
533.143188
529.880188
525.895386
523.079834
522.314148
523.608521
526.733765
531.059021
536.339172
541.326782
544.910767
546.825867
546.639954
544.042480
539.810974
536.695862
535.890503
535.437134
532.891113
528.162720
523.814514
522.356567
523.768616
526.510010
529.638367
533.614624
538.256165
542.726562
545.823120
547.147644
546.465393
543.719604
540.161804
537.640259
536.780823
535.902161
533.243774
529.215332
525.084656
522.838196
522.985596
524.955017
527.942566
531.672729
536.142090
540.766235
544.800537
547.213196
546.784729
543.952087
540.455444
538.169678
536.668152
534.156921
530.292969
526.182129
523.326050
522.688782
524.400696
527.689270
531.038757
533.353943
535.006470
537.410278
541.460266
545.754822
547.443848
545.442810
541.401672
538.283081
537.162903
536.284912
533.623230
528.750610
523.681396
521.348511
522.695068
526.079041
529.460327
532.784607
536.676941
540.852905
544.500854
546.300415
545.522522
542.685852
539.529480
537.508728
536.826965
535.881653
532.946228
527.634277
522.347290
519.976685
521.021973
523.778137
527.071289
530.937866
535.440369
539.898804
543.792175
546.434998
546.932617
544.720337
540.654236
537.325500
536.434570
536.355103
533.973755
528.893188
523.988281
522.058716
523.053833
525.466064
528.597290
532.633362
537.478577
542.178040
545.752502
547.250732
546.369751
543.031189
538.892456
536.494568
536.552856
536.835327
534.892151
530.926819
526.749268
523.704163
522.743652
523.879089
526.816406
530.863647
535.187317
539.423645
543.507690
546.867065
547.759949
545.115417
540.662292
537.469849
536.401001
535.437378
532.588440
527.996765
523.929871
522.364807
523.662354
526.510010
529.986816
533.143738
535.920654
538.839294
542.351074
545.467468
546.937012
545.949951
542.937805
539.354553
537.081299
535.760071
533.868164
530.367737
526.079163
522.931580
522.699707
524.829041
527.853088
531.346741
535.719849
540.462219
544.359070
546.493408
546.521118
544.520325
541.439819
538.610535
536.838074
535.240662
532.455566
527.948792
523.653015
521.821167
522.689941
524.610474
526.726074
529.685974
533.868591
538.231812
542.126343
545.070251
546.579041
545.728149
542.600464
539.263306
537.670654
536.938049
534.580444
529.648682
524.522095
522.119873
522.876404
525.372375
528.320740
531.704773
535.729065
540.221741
544.502136
547.174133
546.792969
543.476135
539.287109
537.159790
537.794983
538.521851
536.557373
532.014465
527.051208
523.590149
522.493042
523.733704
526.496582
529.939697
533.685242
537.856628
542.508911
546.505737
547.917664
545.741150
541.545166
538.270020
536.953979
536.124329
533.831543
529.702942
525.229004
522.395691
522.611206
525.318726
528.904907
532.715088
536.199585
539.556824
543.020996
545.850708
547.175171
546.185547
543.220276
539.440796
536.675049
535.793213
534.919312
532.044678
527.343933
523.115723
521.927917
523.851990
527.243286
530.665344
534.246216
538.484924
542.943298
546.464783
547.711731
545.853210
541.711853
537.824524
536.025146
535.440247
533.480347
529.266479
524.838745
523.075134
524.297302
526.219360
527.207275
528.590698
531.947937
536.726746
541.433899
544.956543
546.846619
546.496094
543.635437
539.901245
537.507324
536.549866
534.810730
530.971436
526.491577
523.376709
522.690552
524.058838
526.696533
530.552979
535.105408
539.305115
543.042847
546.312622
547.507751
545.423218
540.997437
537.231323
536.365906
537.314148
536.880432
533.475037
528.432861
524.044556
521.899353
522.743591
525.784912
529.586609
533.405396
537.187439
541.317078
545.289490
547.321289
546.173401
542.597595
539.209412
537.479004
536.519958
534.512268
530.643555
526.004822
522.657959
522.122192
524.256042
527.527039
531.279663
535.297852
539.500122
543.494202
546.346313
547.248108
546.233765
543.833557
540.750000
538.066772
536.676147
535.596802
533.029968
528.506470
523.958496
522.013245
523.196289
526.087952
529.464233
533.250366
537.736206
542.313538
545.925415
547.342834
545.909851
542.350098
538.593811
536.636414
536.058167
534.318787
530.159485
525.183289
522.578918
523.471680
525.747620
527.356934
528.606750
531.209900
535.276428
539.981873
544.442139
547.455811
547.587463
544.385254
539.852844
537.109375
536.521484
535.731079
532.377441
527.322021
523.423645
522.460632
523.865479
526.400696
529.836609
533.947876
538.019836
541.870361
545.328186
547.131958
546.046997
542.553406
538.972168
536.669861
535.474854
533.872314
531.107239
527.983337
525.315979
523.445618
523.072327
524.818604
528.310974
532.236023
536.247864
540.394897
544.401489
546.975830
546.620117
543.756348
540.408752
538.238953
536.866638
534.759521
531.113281
526.741516
523.587463
522.744019
524.070007
526.671936
529.949707
534.000977
538.748657
543.098083
545.812134
546.537598
545.826965
544.143982
541.643311
538.997437
537.119263
535.847412
533.693359
529.544495
524.777039
522.031738
522.616943
525.446838
528.898987
532.570679
536.716064
541.039978
544.630615
546.602234
546.389954
543.810913
540.163269
537.524109
536.589478
535.265320
531.836426
527.146423
523.457092
522.276001
523.822632
526.750061
530.371643
534.356812
537.751465
539.876648
541.952148
544.888489
546.869263
545.499573
541.566406
537.965759
536.617981
536.192749
533.902771
529.249939
524.524475
522.247559
522.999268
525.680420
529.115662
532.869324
536.845093
541.057983
545.065002
547.382874
546.546082
542.976318
539.321594
537.520630
536.664917
534.835571
531.441223
527.714172
525.053711
523.555908
523.262024
524.411499
527.177307
530.988037
534.975586
539.148376
543.439270
546.585266
547.047852
544.529907
540.767151
537.960876
536.648438
535.535034
532.941406
528.703003
524.557617
522.449341
523.359192
526.266785
529.678284
533.036133
536.897156
541.401917
545.559692
547.427124
546.442017
543.487488
540.090271
537.547485
536.820862
536.787964
535.142456
530.770386
525.613159
522.423523
522.779724
525.343750
528.068054
530.853271
534.920715
539.937012
544.435669
547.053101
547.045166
544.432129
540.552795
537.596252
536.429016
535.407043
532.477234
527.609375
523.580322
522.388916
523.585815
526.205261
529.742920
534.133972
538.277954
540.852539
542.514832
544.410400
546.250488
545.895813
542.776855
539.076843
536.957031
535.882996
533.773926
529.889038
525.754944
523.117004
522.944214
524.916687
528.150513
531.873840
535.777893
539.769043
543.878296
547.118347
547.428162
544.295654
540.142517
537.848145
537.208130
535.782227
532.044434
527.274597
523.875916
522.552002
522.837402
524.285156
526.755493
530.033569
533.878723
537.967834
542.206787
545.720764
547.193420
545.685791
542.181335
538.923523
537.186890
536.066772
533.903015
529.713135
525.089111
522.386047
522.975281
525.766296
528.714722
531.592224
535.427795
540.423767
545.179688
547.635376
546.749023
543.291565
539.188293
536.431396
536.120117
537.170288
536.578125
532.347900
526.413086
522.595886
522.639465
525.074829
527.471191
529.650146
533.254395
538.540710
543.872437
547.004883
547.287415
544.578308
540.704285
538.160278
537.617981
537.153381
534.236511
528.754089
523.840210
522.168335
523.635193
526.027832
528.631470
532.270142
536.674988
540.603210
543.487183
545.789124
547.174194
546.166687
542.578735
538.899841
537.464600
537.446350
535.807190
531.141174
525.609192
522.403320
522.426575
524.552612
527.807312
531.253174
534.750549
538.388123
542.656250
546.612671
548.110779
545.945801
541.445129
537.791626
536.574219
535.855957
533.345703
529.033569
524.883057
522.375793
521.911926
523.260681
525.818359
529.189758
532.923462
537.047302
541.385010
545.309143
547.237610
546.074646
542.730103
539.489868
537.642334
536.785889
534.877197
531.021240
526.146057
522.782227
522.492554
524.552490
527.519043
530.914490
534.854187
539.569946
544.097412
546.886841
546.694214
544.092224
540.590027
537.539673
536.244812
536.671021
536.528259
533.615662
528.269775
523.513489
521.564697
522.916260
526.331726
530.063354
533.662598
537.253113
540.973083
544.669434
547.300110
547.218872
543.402954
538.555664
536.150269
536.143921
535.488464
531.692993
526.135498
522.195679
521.807312
524.229248
527.790588
531.816772
536.134277
539.641602
542.126221
544.533630
546.913208
547.439087
544.553406
540.048584
537.183289
536.513062
535.812927
532.678406
527.784180
523.701050
522.227173
523.376343
526.070862
529.567810
533.483704
537.597778
541.777893
545.721252
547.791138
546.364197
542.204285
538.195679
536.421082
535.966919
534.409302
530.697632
525.921204
522.827209
522.572815
524.859619
528.057556
530.783813
532.974548
535.462280
539.114441
543.560486
546.666260
547.005005
544.328552
540.494263
537.570251
536.261719
535.112488
532.243103
527.726135
523.684387
522.118713
523.494324
526.411865
529.743469
533.583984
538.385132
543.237427
546.410706
547.029480
545.032654
541.753113
538.442261
536.026123
535.349121
535.474792
534.132690
530.214111
525.447510
522.624146
522.709473
525.132141
528.525940
532.062927
536.037598
540.328674
544.228394
546.775085
546.888062
543.916992
539.708801
537.171326
536.733398
535.706970
532.000000
526.644287
522.907654
522.682068
524.578674
527.057068
530.091980
534.309753
539.212646
543.216919
545.828247
546.890747
546.057373
543.392822
540.124634
538.397278
537.947510
536.675354
533.274292
528.659119
524.980896
523.192932
523.283875
525.111084
528.576416
532.993530
537.245483
540.937866
544.381042
546.994324
546.828247
543.640381
539.450256
537.031860
536.072876
534.693054
531.475647
527.330322
523.760742
522.465942
523.782593
527.165833
531.055054
534.280334
536.431824
538.859985
542.181885
545.635742
546.903503
545.379089
541.871033
538.431885
536.530457
535.469910
533.470032
529.563232
524.856262
521.961914
522.581787
525.811401
529.274963
532.090149
536.009399
541.769287
547.205200
548.462952
545.041321
540.278076
538.092041
538.850037
539.018921
535.946045
530.252014
524.838806
522.496887
523.015503
524.486572
525.568359
526.891663
530.158325
535.080688
540.152954
543.698792
545.786560
546.615417
545.355835
541.761292
537.625183
535.404175
534.752441
533.133606
529.284363
525.212524
522.938782
523.174561
525.497314
529.438232
533.750854
538.103394
541.833130
544.448975
546.178833
546.793457
544.809875
540.911316
537.815674
537.038940
536.687378
534.627136
530.428162
525.464661
522.270691
522.151001
524.738525
528.619812
532.224121
535.161926
538.680420
543.611877
548.507141
549.172852
544.094849
537.648743
535.514099
537.498108
537.993896
533.510193
526.411011
521.635071
521.926025
524.720276
527.530396
529.745911
532.214783
535.567078
539.549255
543.445312
545.949585
546.346375
544.907898
542.260498
539.781250
537.840576
535.659546
532.881042
529.192993
525.689636
523.980591
524.806641
526.345947
527.604370
529.974548
535.048340
541.513000
546.727844
548.021790
545.645020
542.083130
539.623047
538.099976
536.889038
535.001404
531.693054
527.172974
523.347412
522.025818
523.005310
524.801208
526.853455
530.040894
534.241882
538.407043
541.770325
544.787415
547.445068
548.075317
544.335571
537.807983
533.411987
533.684509
535.016724
532.662292
526.351807
521.033752
520.795532
525.094055
529.904175
533.062866
535.509583
539.396790
544.655457
548.244141
547.656982
542.924744
537.437927
535.304565
537.107300
539.184692
536.873230
530.463623
523.985352
520.794128
522.273987
526.588013
530.791138
532.931946
533.571655
535.676453
540.718872
546.813477
549.562866
546.393799
540.438232
536.798706
536.821289
537.059937
533.978333
528.366516
523.595886
521.918091
523.195190
525.996948
529.561096
533.170959
536.357666
539.366272
542.511169
545.800354
547.062500
545.211426
541.198242
537.692993
537.544434
539.273010
538.284546
532.087585
523.413635
518.876770
521.012695
527.118713
531.593018
532.406860
533.347290
537.617188
543.828979
547.825134
547.208679
543.580505
539.816406
537.895203
537.216248
535.908691
532.780945
528.452026
524.794495
523.420410
524.466797
525.687012
526.226440
527.601440
531.533813
537.862244
544.237671
547.920898
547.448303
543.683044
539.750732
537.982422
538.758362
538.948608
535.417664
529.102966
523.923767
522.411194
523.564270
525.116577
526.959595
530.380066
535.391541
540.322998
543.978760
546.450562
547.094666
545.096436
540.839172
537.136536
535.694092
535.833008
534.695862
531.170227
527.642273
526.108093
525.783569
525.610168
525.508423
526.860535
530.686218
537.076904
543.764404
547.856323
548.359375
545.752686
541.921448
539.275085
537.928955
536.058105
532.739075
528.550598
524.872620
522.585083
522.528503
524.777893
528.367676
532.337036
536.133911
539.775391
543.745850
547.204834
548.434204
546.656738
543.206543
539.528442
536.876038
535.415771
534.248657
532.076965
528.862366
525.300293
523.148865
523.498474
526.241943
530.173584
534.792969
539.192932
542.547974
544.800781
545.777893
544.872864
542.384155
539.477539
537.579468
536.317932
534.035034
529.639160
524.701538
522.036255
522.658325
524.834839
526.760132
528.714294
532.079529
536.661865
541.269836
544.922058
546.928772
546.360291
543.310730
539.341553
537.070129
536.611206
535.508240
531.753967
526.666504
523.085999
522.510315
524.127930
526.927124
530.618347
535.452698
539.537354
542.369873
544.919617
546.338989
545.259949
541.787598
538.703491
538.187073
538.938843
538.205139
533.624817
527.548096
523.706604
522.624939
523.412415
525.436035
528.915344
533.218140
537.377563
541.440125
544.998840
547.089539
546.591492
543.454407
539.380859
536.722839
535.755310
534.585999
531.515686
527.100952
523.528198
522.455444
524.050354
527.317627
531.164001
535.102295
539.105347
543.230896
546.716370
548.185669
547.025757
543.892639
540.379211
538.039429
537.035400
535.972839
532.948730
527.968506
523.288086
521.714600
523.868591
527.709534
530.929993
533.316406
536.296265
540.715637
545.271973
547.666931
546.540100
542.821533
539.087769
537.276306
536.825623
534.994690
530.469116
525.082275
521.885864
522.604431
525.412415
527.877014
529.687622
532.259033
536.048279
539.878296
543.031006
