538.504333
538.533813
538.745361
538.997314
538.856506
538.542969
538.130859
536.759644
533.341125
528.202942
523.604492
521.752136
522.914490
525.448303
528.039490
531.363953
536.328857
542.183838
546.747864
548.229553
546.614563
543.178772
539.620300
537.576233
537.492981
537.604736
535.367249
530.529541
525.310669
522.156189
521.760254
523.520630
526.615662
530.797363
535.549011
540.159973
544.079590
547.103088
548.145996
546.080811
541.749146
538.049072
536.672607
536.102051
533.507324
528.408020
523.211548
520.752258
521.853821
525.351807
529.497498
533.252563
536.851135
540.814209
545.543335
549.777100
550.941101
547.913635
542.748169
539.068604
538.000488
537.464294
535.023315
530.307190
525.310791
522.235718
521.884888
523.800171
527.064758
531.301086
536.034241
540.821594
545.020081
547.710999
547.769897
545.151855
541.415405
538.643372
537.146484
535.772034
532.780823
527.830078
522.700867
520.339722
522.040039
526.235901
530.140015
532.610291
534.444824
537.502197
542.135864
546.501465
548.270569
546.703918
542.973572
539.328064
537.265625
536.243896
534.148560
529.811462
524.735840
521.554749
521.486877
523.687195
527.012329
531.280273
536.486145
541.744141
545.686279
547.405579
547.034119
544.997070
541.883057
538.461548
536.125061
535.023254
533.695068
530.886658
527.098999
523.853760
522.176636
522.489563
525.150635
529.568970
534.656860
539.242371
543.030579
546.102173
547.743347
546.775574
543.342224
539.649963
537.421204
535.769836
532.718933
528.162659
524.140869
522.325623
522.701599
524.507385
527.535400
531.784241
536.798401
541.617065
545.183350
547.212708
547.255493
545.294128
542.373108
540.108215
538.836792
537.358459
534.590576
530.591309
526.033997
522.549744
521.425171
523.004272
526.492126
530.598755
534.476624
538.570129
543.274536
547.367126
548.619873
546.290955
542.142822
538.899170
537.546753
536.544128
533.776428
528.871460
523.742432
520.858093
521.660950
525.233215
529.169800
531.908081
533.919434
536.809326
541.228333
545.713684
548.029968
546.957336
543.436646
539.781433
537.813904
537.084961
535.317078
531.127197
525.699768
521.757996
521.008606
523.026184
526.417236
530.571594
535.374146
540.265747
544.359924
546.929321
547.391724
545.447021
541.912659
538.711304
537.010376
535.819336
533.057129
528.275818
523.600891
521.261658
521.484314
523.019897
525.362549
528.884949
533.405457
538.080383
542.443420
546.211121
548.179688
546.958984
543.086670
539.274536
537.502991
536.664734
534.177795
529.371643
524.487915
521.988586
522.190186
524.050659
526.848450
530.571899
535.282227
540.330261
544.879883
547.574036
547.527710
544.780090
541.159241
539.033630
538.833984
538.519897
536.181763
531.712830
526.823303
523.094055
521.676880
522.681396
525.558838
529.453247
533.666382
538.097046
542.828308
546.766479
548.211731
546.385559
542.723389
539.717590
538.356262
537.209839
534.201599
529.034668
523.850220
521.211121
521.953369
524.803589
528.329285
531.611572
534.864319
538.640869
542.809692
546.288025
547.771606
546.749634
543.824402
540.401245
538.438110
537.677124
536.107239
532.200867
526.646790
522.160583
520.946594
522.871826
526.560364
530.565491
534.636475
538.874695
543.127808
546.501343
547.673767
545.923584
542.241089
539.084167
538.011108
537.372253
534.495483
528.568481
522.546204
519.902710
521.124390
523.625549
525.545593
527.753235
531.512817
536.611694
542.103882
546.427063
548.483032
547.531311
544.085693
540.169800
537.894531
537.155334
535.518799
531.494385
526.303955
522.364563
521.342834
523.063049
526.533936
530.656433
534.744507
538.996521
543.523315
547.438843
548.604492
545.965027
541.216125
537.725098
537.352417
538.405884
537.644714
533.875793
528.369019
523.516602
521.144104
521.903564
525.031006
528.871826
532.541199
536.571716
541.458313
546.182678
548.461182
547.089722
543.288879
539.735535
538.049316
537.148682
534.781311
530.343079
525.266663
521.906738
521.510315
523.753113
527.075806
530.844727
535.015076
539.569824
543.886536
546.740295
547.357483
546.248352
544.071106
541.528259
539.156006
537.410278
535.449890
532.065308
527.492737
523.203491
521.170044
522.219543
525.383484
529.289062
533.298950
537.601624
542.170471
546.086853
548.028320
546.881836
543.345154
539.748291
538.068726
537.207520
534.508179
529.468994
524.451111
522.250427
522.959229
524.146301
524.662720
525.967957
529.982605
535.945923
541.545166
545.364624
546.938110
546.426880
544.386902
541.695007
539.549866
537.813660
535.338623
531.509155
527.025085
523.342957
521.469116
522.031677
525.169922
529.891724
534.709473
538.710083
542.372925
545.925232
547.941040
546.580994
542.234924
538.085022
537.012146
538.314331
538.508789
535.238647
529.522217
524.044006
521.239868
521.759460
524.435120
527.773315
531.348633
535.705078
540.931885
545.716614
547.918213
546.762085
543.517334
540.498779
538.779968
537.627747
535.320496
531.266968
526.414551
522.516052
520.979065
522.370422
525.700134
529.849060
534.328064
538.964783
543.231018
546.471130
548.067871
547.637634
545.366577
542.002136
539.007141
537.487976
536.613098
534.130005
529.043823
523.605713
520.796448
521.622070
524.726624
528.408203
532.194946
536.548340
541.318481
545.501282
547.807068
547.426941
544.343140
540.389954
537.757385
536.616150
534.871704
531.105286
526.324768
523.066833
522.567871
523.534790
524.480164
526.117371
529.670715
534.612122
539.717712
543.979553
546.865784
547.722717
545.913147
542.360107
539.066895
537.198669
535.577881
532.476013
528.194153
524.263306
522.143250
522.332886
524.531067
528.286682
532.888977
537.728210
542.355530
546.252136
548.196411
547.001099
543.265686
539.314270
537.692139
538.105408
537.912048
535.150391
530.148132
524.998840
521.718018
521.370056
523.617249
527.092468
531.068787
535.325073
539.893372
544.271667
547.172974
547.512207
545.301758
541.928040
538.942810
536.801636
533.984314
530.602783
528.765198
529.875061
532.560303
533.339111
530.216797
524.976562
521.519897
521.899658
524.548462
528.079956
532.287659
537.103455
542.198547
546.223206
547.966370
547.079285
544.230103
540.588440
537.363281
535.701782
535.079224
533.361694
529.804626
525.691772
522.926636
522.185120
523.339233
526.191162
530.209473
535.004761
539.903870
543.942688
546.799438
547.846313
546.325073
542.646484
538.953613
536.926453
535.480225
532.522034
527.880371
523.507874
521.422607
522.150146
525.017944
529.018005
533.436035
537.900024
541.884827
544.917297
547.053528
547.559326
545.519531
542.167603
539.646057
538.391602
536.996277
534.038330
529.429565
524.545837
521.555298
521.346191
523.476990
527.097778
531.542419
535.968811
540.277100
544.425110
547.264221
547.488708
544.916992
541.356567
538.882385
537.537598
535.831360
532.213257
527.155518
522.802185
521.246582
523.065613
526.685486
529.980103
532.106628
533.919189
537.166992
541.877502
546.166870
547.559937
545.702209
542.276978
539.371521
537.828674
536.726624
534.191956
529.621521
524.535828
521.700623
521.998474
524.556030
527.838257
531.361023
535.762146
540.864441
545.322266
547.352661
546.514954
543.719788
540.584656
538.506287
537.054932
535.058044
531.876709
527.650269
524.091003
522.328735
522.341125
523.286682
525.460510
529.627808
534.837402
539.702271
543.587708
546.229919
547.464478
546.164490
542.621643
538.907471
537.006287
536.309204
534.178528
529.605164
524.429077
521.352112
521.465637
523.911560
527.880310
532.554810
537.126709
541.198181
544.756042
547.238342
547.658752
545.228455
541.116760
537.841370
536.914001
536.951599
535.491211
531.636353
526.651917
522.428040
520.888062
522.469727
526.354370
530.780884
534.891235
539.010376
543.455566
547.129578
548.017029
545.614990
541.762085
538.993958
537.887329
536.506287
533.180786
528.362915
524.035889
521.877136
522.236450
524.920715
528.767334
532.586609
535.878601
538.980774
542.254517
545.229309
546.789429
546.103638
543.470703
540.410095
538.069092
536.418152
534.424500
530.959106
526.328613
522.470154
521.321899
523.201172
526.930054
531.015930
535.012146
539.144104
543.487061
546.956177
548.060303
546.109985
542.157471
538.575256
536.912903
535.930603
533.408752
528.453735
522.984375
520.101013
520.953308
523.742920
526.567566
529.165100
532.509521
536.937927
542.023560
546.252441
548.094299
546.778442
543.192749
539.613098
537.810486
536.980164
534.875671
530.355530
525.018555
521.345703
520.929260
523.461487
527.673340
532.278503
536.356445
540.010742
543.838074
547.194397
548.229065
545.427734
540.178101
536.283569
536.142883
537.729004
537.187805
533.108398
527.454285
523.042175
521.380920
522.342224
525.128235
529.042847
533.570618
538.355774
543.028442
546.586304
547.699402
545.881348
542.376831
539.532715
538.169861
536.797974
533.779907
529.318726
525.032959
522.355896
521.931702
523.633850
526.886902
531.366882
536.113342
540.310791
543.940002
546.670532
547.704163
546.325745
543.291748
540.335266
538.550659
537.699646
535.819824
531.696960
526.390930
522.277832
521.161560
522.745789
525.872681
529.747803
534.244751
539.242737
543.784546
546.711365
547.304749
545.515991
542.367798
539.429077
537.590027
536.105713
533.414490
529.176392
524.712219
522.384888
523.020386
524.798706
525.996765
527.399414
530.773926
536.195007
541.871460
545.964111
547.572388
546.796814
544.317322
541.061829
538.285278
536.403015
534.388184
531.037720
526.641052
522.830444
521.485474
522.930908
526.399170
530.976501
535.626282
539.620605
543.135803
546.231567
547.586609
545.898560
541.821716
538.011963
536.872803
537.734680
537.131958
532.949524
527.232239
523.363464
522.465149
523.877686
526.340454
529.086487
532.336182
536.513062
541.424927
545.585388
547.216797
545.908691
543.228638
541.215393
539.842346
537.516113
533.601501
529.211975
525.713989
523.224609
521.425964
521.524292
525.075989
531.303650
537.380188
541.106384
542.889832
544.615723
546.633362
547.453674
545.658142
541.877869
538.260071
536.338074
535.692810
533.791443
529.011108
523.323792
520.060852
521.057495
525.199402
530.042175
534.351746
538.522278
542.853699
545.999268
546.113770
543.765137
541.605957
541.139709
541.118958
538.773315
534.167725
528.137390
524.424011
523.985352
524.244934
523.336670
522.221069
523.132446
527.944275
535.237854
542.547729
545.956116
546.813599
546.504150
544.719788
541.516541
538.464172
536.544067
535.296326
532.837158
528.471741
523.287048
520.410156
521.455627
525.411682
530.052612
534.329407
538.142029
542.258423
546.480896
548.903625
547.327148
542.515381
537.684143
536.294739
537.898987
538.403076
534.785156
528.598145
523.609070
521.805725
522.618469
524.875366
527.784302
531.785095
536.325012
540.202698
543.376038
546.084229
547.796204
547.450317
544.251160
539.070129
534.421143
532.023010
530.782654
528.410217
524.546570
521.271790
521.336853
525.620422
531.379639
535.473389
538.123108
541.105103
545.406067
549.122314
549.435730
545.923767
541.155029
538.234436
537.477844
536.506042
533.665405
528.724609
524.033630
522.057922
522.911194
525.119141
527.610535
531.107483
536.353760
542.223267
546.608826
547.775818
546.010132
543.278381
540.944824
539.107361
537.090942
534.333374
530.605713
526.412109
523.105469
522.179871
523.518616
525.979797
528.693604
531.616943
535.208923
539.324036
543.280457
546.266357
547.395874
545.957397
542.241699
538.489319
536.755188
536.133118
533.932800
529.105408
523.812622
521.150635
522.076843
525.069580
528.599854
532.545349
537.353882
542.488403
546.661194
548.424866
546.865967
542.663147
538.502502
536.583984
536.280640
535.182800
531.506165
526.383301
522.579651
521.637878
522.687195
524.510681
527.186218
530.696594
534.590088
539.143188
544.119812
547.980896
548.473999
545.248535
540.626343
537.766541
537.239807
536.354492
532.750854
527.485840
523.431885
522.112793
523.171082
525.638123
528.856873
532.809998
537.455750
542.262939
545.935242
547.563843
546.732727
543.980896
540.908997
538.881653
537.812439
536.548279
534.100403
530.229736
525.489807
521.888916
521.323303
523.917297
528.017273
531.939819
535.523499
539.621460
544.361938
547.991211
548.345459
545.227783
540.988953
538.199707
537.154968
535.781433
532.184143
526.836060
522.389832
521.077759
523.113098
526.966614
530.518250
533.246033
535.969604
539.325989
542.887207
545.680847
546.943420
546.086060
543.361511
540.182617
537.644531
535.807800
533.514465
529.785522
525.202087
521.758850
521.165222
523.461243
527.681458
532.589661
537.340210
541.330505
544.504578
546.734070
547.119019
544.797119
540.862488
537.738708
536.500122
535.447327
532.188110
526.721313
521.862854
520.034180
521.049744
523.325012
526.289612
530.110168
534.557556
539.225037
543.782654
547.383118
548.411682
545.961182
541.677002
538.543884
537.620850
536.855835
533.836609
528.656982
523.858276
521.629700
522.223450
524.597778
527.914124
531.868591
536.401917
541.292725
545.721130
547.988220
546.934387
543.170288
539.309448
537.621460
537.880920
537.760315
535.413391
531.029846
526.221375
522.777222
522.009277
523.805847
527.061584
530.594971
534.228699
538.502075
543.470703
547.496765
548.307556
545.424927
541.166809
538.301270
537.257629
536.035583
532.773254
527.588013
522.907593
521.127502
522.534851
525.653381
529.324036
533.002136
536.679504
540.391907
543.741333
546.000610
546.803955
546.006470
543.680603
540.727173
538.492798
536.778625
534.291992
530.216675
525.448303
522.113403
521.658875
523.601929
526.852356
530.962952
535.629761
540.110779
543.749146
546.053101
546.537659
544.957458
542.041870
539.309998
537.610962
535.965881
532.655884
527.678406
523.193420
521.380371
522.152161
523.821960
525.883301
529.096497
533.660950
538.536377
542.751831
545.795044
546.979126
545.650513
542.404236
539.210327
537.641235
536.836914
534.638672
530.160828
525.014404
521.594055
521.233154
523.567871
527.582275
532.190918
536.487854
540.387024
544.198730
547.141174
547.419312
544.437073
540.073669
537.399048
537.541992
538.251587
536.593933
532.183960
527.044556
523.177856
521.558411
522.401245
525.319519
529.669739
534.575317
539.240906
543.323486
546.300903
547.410461
546.076782
542.914734
539.533630
537.008972
535.165161
532.904053
529.512817
525.556946
522.473511
521.723328
523.716553
527.567017
532.094177
536.593140
540.907837
544.790588
547.617554
548.485535
547.065186
544.009033
540.624146
538.174622
536.679932
534.754211
530.959656
525.947571
522.317444
521.855530
523.963196
526.977112
530.174988
534.094360
538.989624
543.845459
546.990112
547.449768
545.542114
542.402100
539.532593
537.628540
535.805542
532.527161
527.772888
523.566956
522.028687
522.961792
524.487854
525.801819
528.088867
532.216431
537.275696
541.881104
545.402344
547.458740
547.202820
544.347839
540.447876
537.934082
537.074768
535.347412
531.004944
525.452271
521.641907
521.087891
523.148987
526.649841
530.809021
535.274658
539.710144
543.817810
546.962585
547.790710
545.621155
541.393311
537.790039
536.817322
537.284851
536.455994
532.933899
528.006897
523.739197
521.498901
521.899231
524.575867
528.564209
533.092041
537.705627
542.272766
546.035706
547.690674
546.400696
543.113525
539.913147
538.024658
536.721558
534.448059
530.549377
525.829041
522.087341
520.911743
522.792236
526.827209
531.601929
536.052917
540.044861
543.903198
547.055969
548.391174
547.384277
544.651306
541.309448
538.373779
536.269287
534.521606
531.974121
528.200562
524.096436
521.678711
522.197754
525.342712
529.640381
534.001099
538.272400
542.473633
546.012695
547.723755
546.748169
543.383179
539.533142
536.922913
535.518982
533.555237
529.842468
525.289246
522.437561
522.615723
524.492310
526.384949
528.517883
531.928833
536.564880
541.232117
544.880798
546.970581
546.987366
544.677063
540.978149
538.041809
536.604126
535.117126
531.721191
526.872559
522.909424
521.790344
523.279175
526.302917
530.161072
534.308960
538.496033
542.705322
546.378845
548.044983
546.471558
542.667419
539.100342
537.120422
536.008179
533.733826
529.936768
526.184570
523.757263
522.665466
522.728394
524.437805
527.812073
531.928894
536.398193
541.208435
545.715332
548.213867
547.322266
543.687195
539.915955
537.983154
537.117371
535.080139
530.857422
525.842346
522.096680
521.034302
522.935974
526.752197
531.037598
535.043457
539.044495
543.069580
546.728577
548.717834
547.762085
544.370544
540.599731
538.311218
537.620789
536.808350
533.905273
528.489624
523.010132
520.570679
521.980591
525.604126
529.262695
532.668762
536.966187
542.114258
546.548645
548.470886
547.000366
543.285828
539.452393
537.331848
536.497314
534.864685
530.979126
525.582336
521.462463
520.936951
523.816162
527.645935
530.563293
532.917419
535.924561
539.967041
544.389709
547.630188
548.001709
545.039734
540.891052
538.145386
537.246460
536.216553
532.975281
527.844971
523.357361
521.449463
522.230469
524.905701
528.796631
533.326782
537.716431
541.820801
545.665894
548.288391
547.753357
543.796997
539.188293
536.936340
536.534058
535.031311
530.670471
525.320496
522.021179
521.800232
523.334106
525.417297
527.894958
531.002930
534.891174
539.703613
544.621033
547.892212
547.761536
544.602966
540.769714
538.557800
537.631836
535.941223
532.297974
527.399536
523.118164
521.113770
521.972595
525.332825
529.844543
534.379272
538.536072
542.554199
546.079102
547.599731
546.152283
542.565002
539.084839
537.577576
537.443848
536.757935
534.025085
529.436829
524.769531
522.073364
522.219788
524.527954
527.738464
531.552002
536.029297
540.914795
545.049377
547.087280
546.520386
543.931458
540.657349
538.204651
536.898438
535.420532
532.115967
527.126465
522.667419
521.225647
523.170898
527.041321
530.783997
533.896545
536.904175
540.117126
543.349426
546.064880
547.214844
545.907227
542.415955
538.992371
537.122559
536.143066
533.818909
529.276306
524.338684
521.604675
522.021667
524.822266
528.712646
532.850708
537.057617
541.331360
545.380676
548.021729
547.634644
544.035767
539.597778
537.139099
536.628052
535.373230
531.468689
526.188171
522.554749
521.786743
522.684204
524.254211
526.837708
530.640442
534.886414
539.199036
543.455994
546.930969
548.068665
545.978577
541.838623
538.370911
536.876465
535.811157
533.085571
528.527832
523.844910
521.261658
521.796814
524.944946
529.174988
533.341492
537.407104
541.650879
545.656921
547.747131
546.588135
543.119385
539.773254
538.279724
538.008972
537.016296
534.174744
529.958008
525.627197
522.557922
521.777283
523.442993
526.803650
531.050476
535.676819
540.288269
544.318176
546.972717
547.331482
545.254822
541.952393
539.067688
537.379272
535.920471
532.966125
528.098511
523.221985
520.996399
522.276733
525.722839
529.805237
533.645447
537.489807
541.249634
544.339050
546.368530
547.059753
545.922607
542.875000
539.362671
537.345032
536.331299
534.295105
530.055176
524.907837
521.665283
521.663147
523.969849
527.285461
531.311829
536.004395
540.744751
544.740051
547.137085
546.975464
544.357788
540.946655
538.621887
537.693848
536.276794
532.599854
527.459656
523.474915
522.207886
522.614624
523.620667
525.735840
529.580505
534.337280
538.873596
542.851562
546.047485
547.429321
546.088928
542.606140
539.222412
537.442993
536.321716
533.729187
529.311951
524.864441
522.256470
522.200439
524.258240
527.734131
531.827271
536.263916
540.876953
545.140442
547.561707
546.941711
543.544495
539.531250
537.324707
537.298706
537.386353
535.573853
531.566040
526.814697
523.170715
521.962219
523.172791
525.910400
529.544861
533.865906
538.653076
543.231140
546.322510
547.016052
545.269592
542.272339
539.563416
537.879700
536.305237
533.389587
528.874390
524.271362
521.621094
522.067505
524.693604
528.348267
532.611206
537.450623
542.035950
545.224304
546.688477
546.938232
546.111511
543.846008
540.324707
537.401917
536.046997
534.814087
531.636047
526.621338
522.331848
521.259338
523.381104
527.005920
530.851624
534.948242
539.356506
543.608154
546.731140
547.577393
545.602478
541.759033
538.469849
537.019470
535.933594
532.934021
527.852356
523.279785
521.866272
523.321472
525.439270
527.129211
529.310120
532.664673
536.927490
541.664551
545.944580
548.157349
547.245605
543.699585
539.787598
537.566650
536.551453
534.524475
530.601379
526.129028
522.894592
521.847534
523.079468
526.337891
530.827515
535.570312
540.021729
544.060425
547.031311
547.513062
544.998169
541.058472
537.823364
536.646301
536.502869
535.253967
531.995789
527.502502
523.437683
521.502075
522.467285
525.697510
529.336243
532.910034
537.056580
541.948792
546.299805
548.205688
546.790771
543.185791
539.644958
537.622864
536.375488
534.275574
530.288574
525.462891
521.914673
521.379700
523.690125
527.191040
531.017395
535.217957
539.807556
544.189514
547.129883
548.138916
547.172607
544.490356
540.937134
537.919739
536.408203
535.343506
532.586548
527.943481
523.341125
521.385376
522.632324
525.814514
529.586853
533.659729
538.171509
542.707947
546.113281
547.503784
546.206604
542.845764
539.378296
537.455872
536.315308
533.870056
529.448303
524.801086
522.284119
522.884033
524.886414
526.931580
529.245789
532.394775
536.153870
540.304382
544.604248
547.676758
547.489319
544.316711
540.286072
538.173767
537.742554
536.181763
531.772095
526.236633
522.593079
521.969971
523.398010
526.023804
529.598572
534.148987
539.222900
543.953918
546.999939
547.351562
545.147278
541.846741
539.293701
537.702271
536.001160
533.343018
530.056763
527.060669
524.516663
522.727112
522.683899
524.960999
528.801941
532.641052
536.313049
540.745544
545.395691
548.149658
547.198303
543.352295
539.533447
537.873413
537.392151
535.458435
531.085571
525.865784
522.184204
521.435913
523.320862
526.523621
530.360657
534.901245
539.844177
544.088867
546.424683
546.689392
545.592957
543.691589
541.159790
538.509277
536.711060
535.582886
533.523193
529.443481
524.497192
521.410950
521.802490
524.903015
528.882080
532.831116
537.066284
541.671326
545.806885
548.017151
547.162781
543.474915
539.189880
536.881104
536.502930
535.412537
531.585815
526.169861
522.269897
521.685303
523.725342
527.032349
530.867920
535.051147
538.762146
541.539307
543.971863
546.392578
547.409546
545.414124
541.277161
538.045410
536.990540
536.243835
533.276794
528.208862
523.533936
521.510315
522.333313
525.120056
528.950684
533.099792
537.310486
541.621277
545.704041
548.081787
546.989929
542.938293
538.778259
536.932007
536.557373
534.789307
530.602905
525.727234
522.358215
521.223938
522.012756
524.398193
527.833496
531.617126
535.321472
539.295044
543.686584
547.201721
547.825134
545.207581
541.205811
538.364380
537.038330
535.649048
532.535095
527.828003
523.559021
521.767578
522.786316
525.619446
529.036194
532.861938
537.440735
542.507141
546.631348
548.150208
546.541199
542.978638
539.303894
537.092529
536.621399
536.582825
534.887024
530.673340
525.397034
521.916504
521.842957
524.522400
528.173645
531.934631
535.880798
540.202026
544.384705
547.329102
547.622742
544.903748
540.855957
538.013733
537.089172
536.119385
532.718933
527.090271
522.370361
521.349487
523.524719
526.724854
530.077332
533.985535
538.230164
541.866089
544.607056
546.596436
547.324402
545.841675
542.300354
538.892944
537.351929
536.560486
533.969849
529.177429
524.526123
522.316589
522.671143
524.575012
527.538208
531.625488
536.369995
540.979126
544.884033
547.300171
547.192932
544.424194
540.585205
537.949036
536.900696
535.363342
531.636841
526.755493
523.243042
522.084351
522.706970
524.445435
526.998047
530.304871
534.201477
538.640442
543.270081
546.909424
547.887146
545.618652
541.776123
538.851868
537.495056
536.320068
533.587708
529.067017
524.311768
521.547119
521.862061
524.694275
528.542419
532.365112
536.354980
540.979004
545.541199
548.008240
547.104980
543.578430
539.531433
536.967041
536.383789
536.475403
535.409302
532.069092
527.179810
522.929871
521.394714
522.985413
526.492249
530.628662
534.883789
539.133301
543.234009
546.457458
547.554993
545.725220
541.750366
538.078308
536.439941
535.862366
533.799011
529.203796
524.051270
521.430908
522.210327
525.141479
528.830688
533.010742
537.460449
541.196838
543.604431
545.238708
546.468140
546.327026
543.778809
540.124634
537.729309
536.816040
535.046997
530.773132
525.444458
522.101990
522.122070
524.297974
527.095276
530.414856
534.698975
539.668884
544.307312
547.244751
547.512024
545.090515
541.402771
538.573364
537.130066
535.609192
532.558472
528.307068
524.719360
522.593811
521.793213
522.547058
525.307800
529.704041
534.071289
537.671753
541.392761
545.463623
548.292786
547.573242
543.522522
539.238708
537.128784
536.410095
534.455261
530.256531
525.409607
522.150513
521.544373
523.403748
526.936279
531.234131
535.765564
540.215576
544.220093
546.905945
547.162537
544.806580
540.983154
537.725464
536.389587
536.450195
535.970459
533.172852
528.211121
523.354126
521.068726
522.273071
525.813904
529.837280
533.813049
538.114746
542.650940
546.399963
547.975891
546.496216
542.694946
538.909851
537.068848
536.506470
534.714783
530.211731
524.702026
521.525757
522.224121
525.099121
528.062439
531.080627
535.246399
540.447388
544.901123
547.268921
547.622925
546.459839
543.934998
540.681824
538.145020
536.823242
535.235840
531.858459
527.062317
522.986084
521.557007
522.919250
525.980225
529.889771
534.197754
538.607361
542.874451
546.481567
548.121521
546.390930
542.169678
538.494202
537.205078
536.731995
534.234070
529.143127
524.121643
522.080811
523.010071
524.851990
526.525024
528.706116
532.003662
536.222534
541.078430
545.641968
548.173401
547.521423
544.179199
540.486694
538.359680
537.279297
535.114929
530.966187
526.205627
522.769287
521.864807
523.289490
526.163513
529.910645
534.199036
538.918030
543.630981
547.124390
547.915649
545.586304
541.802856
538.833862
537.114258
535.892883
533.976868
531.022217
527.417542
523.987671
522.005249
522.489807
525.100220
528.732544
532.436340
536.447144
541.123230
545.787231
548.377258
547.262878
543.401489
539.524536
537.627258
537.123657
535.544678
531.056274
525.148865
521.401611
521.637085
524.412903
527.427856
530.232300
533.995667
539.215149
544.287292
547.246216
547.780823
546.616760
544.206299
541.119629
538.588379
537.290100
536.056335
533.016968
528.064087
523.339050
521.284912
522.365540
525.332703
528.898621
532.927795
537.422913
542.098938
546.206909
548.474243
547.266663
542.991333
538.696106
537.143433
537.266541
535.688843
530.869995
524.907227
521.441589
521.913391
524.884705
528.131653
530.919312
533.597046
536.389709
539.869385
544.318054
548.008484
548.358887
544.846680
540.154663
537.278992
536.671509
536.022217
532.962158
527.932739
523.326965
521.264465
522.343140
525.664062
529.686279
533.485657
537.320984
541.804321
546.233948
548.624634
547.295959
543.106628
538.969299
536.943542
536.060120
534.316528
530.848999
526.590698
522.984253
521.331726
522.216187
525.012268
528.484497
531.904846
535.385986
539.686340
544.514404
548.069824
548.242676
545.062622
540.731934
537.696716
536.492737
535.312744
532.235168
527.254761
522.785095
521.274536
523.046814
526.645813
530.499817
534.237976
538.153992
542.265686
545.834595
547.392395
546.499695
543.391602
539.419556
536.751831
536.436584
536.841431
534.985901
529.919128
524.068115
520.638123
521.292969
524.743958
528.835144
532.589111
536.242920
540.330505
544.662598
547.732910
547.744995
544.480530
540.314941
537.865784
537.254395
535.843750
531.700134
526.181030
522.426697
521.826050
523.471252
526.409485
530.507080
535.118286
538.867432
541.250305
543.350342
545.780273
547.214172
545.757751
541.911682
538.481812
537.100647
536.401123
534.032959
529.418152
524.362061
521.240540
521.368958
524.327393
528.692322
533.038269
536.888367
540.807983
544.963196
547.841614
547.531616
544.022827
539.814941
537.368164
536.601624
535.394775
532.118042
527.260254
522.664185
520.212708
520.784607
523.640747
527.339905
531.005066
534.786560
539.294495
544.028870
547.253906
547.465027
544.956604
541.517456
538.802002
537.168518
535.486389
532.544983
528.424866
524.457458
522.282043
522.575500
524.936096
528.525696
532.769714
537.448120
541.892334
545.309143
547.003967
546.487610
544.083008
540.471558
537.238403
535.869934
535.884705
534.966492
531.325623
526.092285
522.182922
521.436279
523.693298
527.214050
530.981995
535.060974
539.681458
544.250122
547.378174
547.743408
545.040527
541.020508
538.347656
537.554138
536.405701
532.704590
527.333679
523.163147
521.990540
523.161438
525.471863
528.784790
533.502930
538.494019
542.045776
544.029602
545.532532
546.578674
545.870911
543.066833
539.880371
537.754211
536.404358
534.070374
529.940430
525.265320
522.149719
521.659058
523.585571
527.263672
531.621155
535.726807
539.817139
544.168152
547.575500
547.964844
544.896912
540.462463
537.758057
537.257996
536.232361
532.502380
527.161255
522.884583
521.273499
522.165161
524.370850
526.782043
529.412537
532.988220
537.876587
543.271973
547.123169
547.718140
545.255310
541.776978
539.299377
537.922668
536.361389
533.498840
529.411621
525.314819
522.640503
522.416199
524.360229
527.611084
531.718933
536.315552
541.050476
545.069641
547.250610
546.758240
544.042297
540.474060
537.553467
536.424011
536.629700
535.851318
532.290710
526.798462
522.454407
521.419434
523.462891
526.609253
529.630920
533.171082
537.970337
543.259949
547.108215
547.936523
545.676270
541.767822
538.697205
537.474792
536.458252
533.450500
528.463196
524.022644
522.195068
522.872498
524.791016
527.429932
531.424194
536.660583
541.359558
544.425232
546.392273
547.578308
546.993469
544.102661
540.395874
537.823547
536.510742
534.914734
531.535828
526.789978
522.757141
521.158203
522.661194
526.547974
531.257996
535.324097
538.827881
542.642334
546.526001
548.280334
546.294983
541.838562
538.258423
537.122742
536.498596
533.644592
528.526917
523.659912
521.747681
522.980103
525.724731
528.399414
530.535706
532.807129
536.305969
541.087158
545.563293
547.580566
546.480652
543.216431
539.912781
538.001709
536.924072
534.956360
531.167908
526.295898
522.334045
521.259277
523.343872
527.038940
531.113342
535.119995
539.307800
543.577759
546.954346
547.876099
545.597168
541.376770
537.405457
535.631042
536.346313
536.845642
534.245239
528.473816
522.900574
520.820740
522.574646
526.200317
529.795044
533.210632
537.329590
541.868713
545.678223
547.512817
546.690552
543.502441
539.678955
537.196289
536.166748
534.494751
530.738586
525.837585
522.278320
521.606506
523.528503
526.942322
531.122131
535.619934
539.910583
543.373840
546.384766
548.532837
548.188965
544.475403
539.705139
537.251709
537.375000
536.934631
533.270630
527.001099
521.981812
520.875488
523.054260
526.184265
529.174438
532.484985
537.041687
542.497131
547.085083
548.546326
546.317749
542.298340
539.178711
537.897827
536.791016
533.843262
529.260376
524.764404
522.141296
522.169189
524.323120
527.730530
531.166748
533.839539
536.153992
539.342651
543.676636
547.309387
548.050659
545.548767
541.341675
537.907715
536.206726
534.910645
532.151001
527.644531
523.259766
521.439148
523.024048
526.517578
530.080994
533.459778
537.636780
542.678711
546.803894
547.980530
545.829712
542.083740
539.015381
537.340881
535.863892
533.437744
529.799194
525.883423
523.123718
522.261047
522.967468
524.705994
527.747681
532.142639
536.978149
541.374512
544.718628
546.709473
546.866760
544.620728
540.795837
537.679810
536.492554
535.475708
532.261475
527.017395
522.594360
521.507080
523.554199
526.947571
530.396362
534.188965
538.662964
543.314331
546.599182
547.599365
546.002014
542.388916
538.851562
537.641296
538.195435
537.557190
533.814392
528.264832
523.594971
521.727600
522.361084
524.461182
527.831299
532.485229
537.575623
541.984375
545.289917
547.107727
546.720886
543.900818
540.073364
537.522583
536.646118
535.419800
531.861633
526.468994
521.687866
520.259033
522.792480
527.676086
532.085327
534.229370
535.076233
537.367920
542.383850
547.721558
549.370972
546.230774
541.070374
537.732056
536.982544
536.261353
533.323792
528.573914
524.284790
522.198547
522.537415
524.618652
527.929260
532.377502
537.540833
542.307434
545.778503
547.454834
546.898804
544.206726
540.328186
537.059570
535.220337
533.964722
531.933533
527.942017
523.191406
520.481567
521.160278
524.301147
528.005310
531.502258
535.035889
539.072021
543.584778
546.962341
547.560791
545.197327
541.478394
538.795044
537.715515
536.248962
532.424011
527.116028
523.094055
522.255676
523.753052
525.888733
528.439758
532.383240
537.551758
542.358887
545.668274
547.180420
546.549500
543.567383
539.148438
535.888794
535.484802
536.288391
535.084717
530.746338
525.393860
521.775208
521.291992
523.689636
527.630371
531.832581
535.737915
539.579224
543.758423
547.272827
547.857300
544.685364
540.174316
537.707825
537.552734
536.596375
532.544495
526.719299
522.341492
521.201355
522.745178
525.941040
530.218140
534.684570
538.233032
540.627747
542.844543
545.353088
547.037415
546.356567
543.264221
539.546082
537.097595
535.757263
533.899658
530.418762
525.821594
522.089661
521.239014
523.544067
527.552246
531.895996
536.356567
541.097351
545.520325
548.167969
547.845459
544.800781
540.875854
537.924072
536.354980
534.991272
532.386841
528.408997
524.186401
521.513489
521.512695
523.568604
526.434814
529.664246
533.667358
538.398132
543.217041
546.997131
548.255310
546.362122
542.356262
538.742981
537.009949
536.171082
533.939331
529.356384
524.382751
521.813293
522.513306
525.135010
528.188049
531.760132
536.128296
540.825867
544.969849
547.546631
547.362732
544.348572
539.811768
536.514038
536.139099
537.117065
536.053833
531.639038
526.156189
522.781494
522.409546
524.247253
527.121460
530.606323
534.607300
538.930725
543.147217
546.517883
547.699951
545.828003
542.044434
538.897766
537.539001
536.417786
533.523376
528.776917
524.055908
521.611328
522.081909
524.862854
528.834229
533.119202
537.189392
540.908752
544.654358
547.842896
548.799194
546.730164
542.883545
539.572083
537.890198
536.862366
534.793640
530.728027
525.749451
522.070740
521.318298
523.527405
527.302795
531.195801
535.115662
539.610596
544.371155
547.651794
547.684265
544.524597
540.429565
537.909668
537.159607
536.260742
533.315430
528.463562
523.955261
521.914673
522.793152
525.130737
527.277649
529.283203
532.355591
537.051208
542.363892
546.444702
548.089661
546.668213
543.052979
539.245361
537.037109
536.274414
534.830811
530.994690
525.756836
521.935181
521.558044
523.909546
527.226624
530.762329
534.962036
539.866028
544.624268
547.838501
548.172424
545.318604
540.866516
537.076233
535.987305
536.786316
536.267273
532.480042
527.015381
522.990723
521.918823
523.193970
525.904663
529.274475
533.451660
538.098145
542.492371
545.918457
547.547974
546.419128
543.059875
539.547791
537.445984
536.099670
533.731995
529.777954
525.556946
522.578674
521.823120
523.464050
527.056152
531.629639
536.251465
540.464478
544.808777
548.949646
550.619263
547.841125
542.314087
538.328003
537.882080
538.648193
537.162354
532.295166
526.340698
522.366638
521.564209
523.131958
526.024841
529.666992
533.838196
538.263245
542.729919
546.452332
547.989197
546.544678
542.944336
539.352783
537.211304
535.964417
533.764099
529.526611
524.454712
521.060486
521.300842
524.628418
528.575623
531.426941
533.539307
536.390930
540.541687
544.872803
547.565491
547.210815
544.196167
540.349121
537.732727
536.632385
535.286377
531.810852
526.636169
522.403564
521.321228
523.092285
526.271973
529.878967
534.088074
538.755920
543.335693
546.860352
547.995972
545.890320
541.567505
537.836426
536.274109
536.306580
535.231323
531.237610
525.990356
522.655823
522.286987
523.504395
525.302063
528.094360
531.938477
536.770935
541.642761
545.451782
547.303101
546.542480
543.551514
540.132019
538.019043
536.862549
534.815918
530.895569
526.216003
522.867371
522.031555
523.488403
526.512207
530.386169
534.549683
538.766724
543.000000
546.403992
547.775757
546.183044
542.547607
539.199097
537.710388
537.261963
535.902954
532.681091
528.378784
524.212036
522.021423
522.498657
525.274475
529.106934
533.128845
537.309998
541.665283
545.544922
547.612671
546.635193
543.354980
539.872375
537.728149
536.501221
534.511780
530.819946
526.148987
522.648682
521.945679
524.128784
527.510803
530.430603
532.914185
536.023499
540.135193
544.319702
546.976440
547.138000
544.814392
541.351379
538.426697
536.706299
535.324158
532.504517
527.956726
523.571838
521.614746
522.698486
525.745850
529.425903
533.408386
537.711914
541.962036
545.392151
547.266113
546.719971
543.661682
539.764343
537.143433
536.114685
534.729797
531.063232
525.861877
521.780518
520.637512
521.810181
524.081299
527.467285
531.967896
536.631409
540.692871
544.137634
546.618958
546.954407
544.468262
540.504456
537.580139
536.681091
535.686279
532.440796
527.337891
523.051819
521.417480
522.713928
526.042969
530.289551
534.480469
538.420654
542.253967
545.790222
547.467041
545.940613
541.823975
538.003906
536.744812
537.401367
537.195312
534.430542
529.903992
525.352478
522.348816
521.893311
523.923889
527.568665
531.756409
536.123352
540.613037
544.657532
547.096985
546.889404
544.305664
541.083191
538.604614
536.786804
534.575562
531.363647
527.142273
523.155640
521.252869
522.194214
525.530151
530.289429
535.248047
539.727051
543.185974
545.066040
545.238525
544.755310
544.398376
543.381470
541.113403
538.240723
535.243713
532.204102
528.699036
524.952332
522.256104
521.995239
524.189697
527.782654
531.941162
536.497009
541.031799
544.905823
547.154480
546.856873
543.912109
540.317078
538.207214
537.297058
535.499268
531.332275
525.543518
521.217102
520.568115
523.097351
526.435059
529.070435
530.806580
532.567017
536.258545
542.511963
548.493530
550.201477
546.241272
540.237671
537.018921
537.409302
537.596863
534.152954
528.041870
523.103027
521.589050
522.723267
524.813110
527.700256
531.843323
537.356079
542.884521
546.434143
547.073975
545.370850
542.619080
540.514160
539.565308
538.788513
536.840149
533.801636
530.233032
526.329102
522.690979
521.023926
522.673889
527.281128
532.420288
536.131531
538.966370
542.545410
546.451050
548.127625
545.576721
540.470093
536.738159
536.059265
536.247253
533.872559
528.369873
522.822998
520.807068
522.984192
526.641113
529.157593
531.284973
535.149658
541.399048
547.625671
550.403931
548.893860
545.234497
542.355225
541.032898
539.688782
536.784485
532.149963
527.491455
524.689392
524.013733
524.406494
524.927246
526.425049
530.102783
535.613220
540.994202
544.729736
546.577148
546.716614
544.948853
541.428772
537.935242
536.160095
535.222351
532.833740
528.238220
523.751099
522.125305
523.190918
524.349487
525.145264
527.812866
533.612061
540.513123
545.552612
547.103882
546.041199
544.154907
542.233765
540.247620
538.525208
536.629395
533.711243
529.728455
525.609741
522.354065
521.214722
522.974243
526.976074
531.792053
536.236633
540.148865
544.021118
547.505920
548.405457
545.396362
540.239685
536.788147
536.759399
537.897583
536.739807
532.366882
526.436951
521.558289
520.050903
522.918030
528.447449
533.373779
535.685120
536.368713
538.675781
544.117188
549.429871
549.755188
544.541504
538.419617
535.560852
535.506897
534.692749
530.535645
524.581604
520.860535
521.447571
524.954773
528.709290
532.058777
535.742065
540.122009
544.505737
547.398560
548.108704
546.898010
543.892639
539.853333
536.666443
535.817505
535.971008
534.004761
528.465881
521.784668
518.622437
521.041321
526.589172
531.745544
535.350525
538.439026
542.071472
546.001221
548.083801
546.444336
542.033569
537.943542
536.199524
535.758667
533.928040
529.523865
524.563416
522.290527
523.255798
525.231140
526.763977
528.624084
532.098877
536.774963
541.380676
544.921509
546.706726
546.225647
543.725586
540.615540
538.449158
536.872681
534.463501
530.569031
526.294495
523.324402
522.298767
523.113831
525.743896
530.053040
535.130859
539.716919
543.541748
546.563721
547.612793
545.695679
541.756775
537.978638
536.176758
535.914734
535.230164
532.703674
528.566772
524.386536
521.883484
522.131836
525.172852
529.317261
533.358337
537.335632
541.801086
546.020508
547.844055
546.296509
542.602234
539.279053
537.793884
537.047424
534.853271
530.446838
525.297791
521.883179
521.485413
523.733948
527.154419
530.817505
534.732239
539.341492
543.956177
547.376892
548.405640
547.108337
544.246155
540.844360
538.270447
536.945618
535.474182
532.428467
527.559998
523.048157
521.338989
522.801025
525.952759
529.427795
533.247559
537.741272
542.260498
545.877380
547.445251
546.381042
543.157715
539.599609
537.559631
536.681763
534.742126
530.360107
524.800903
521.153687
521.072144
524.078308
527.970947
531.669800
535.185974
538.355103
541.261963
544.217346
546.452515
546.544067
544.055237
540.918762
538.762390
537.437378
535.203796
531.124390
526.433044
523.234924
522.264954
523.090210
525.490112
529.442627
534.117371
538.614624
542.606628
546.071655
547.966858
546.770630
542.797791
538.596497
536.376160
535.540466
534.031494
530.917480
526.964233
523.677979
521.955750
522.139893
524.290649
527.914124
532.216858
536.546082
540.692810
544.099487
546.245544
547.065186
546.254456
543.633850
539.513672
535.012878
531.970459
530.879089
529.616089
526.160583
522.143799
521.125916
524.587585
530.653503
535.964600
539.072754
541.471924
544.437988
547.463440
548.367615
546.079956
541.646545
537.478821
535.603760
535.420776
534.303589
530.782654
525.776184
522.189941
521.510193
523.407959
527.061890
531.952332
537.464050
542.423340
545.617920
546.798950
546.249268
544.016907
540.830322
538.227905
536.649841
534.770874
531.072021
526.187317
522.453857
521.513672
523.160767
526.309204
530.161621
534.520325
538.469666
541.412964
543.864685
546.186523
547.152588
545.342896
541.659241
538.789062
537.575256
536.302612
532.956360
527.980774
523.703003
522.068054
523.023987
525.360962
528.445679
532.215271
536.623596
541.491394
546.062073
548.550293
547.479431
543.575562
539.467957
537.324219
536.647034
535.114197
531.608215
527.266846
523.639038
521.619202
521.594421
523.569580
526.988953
531.086548
535.252869
539.496155
543.770508
547.059326
547.715820
545.253113
541.162781
537.874634
536.312622
535.396118
533.221008
529.002258
524.076477
521.103882
521.683289
525.020325
529.446960
533.822876
537.979675
542.007263
545.491455
547.354126
546.648865
543.749451
539.843384
536.712036
535.778687
536.083923
535.018860
531.093506
525.771057
522.127319
521.765137
524.073120
527.434570
531.154541
535.401489
540.013000
544.260010
547.067566
547.439880
544.981079
540.941833
537.732605
536.464478
535.542664
532.699890
527.890930
523.503113
521.660583
522.570251
525.284119
529.259338
534.137939
538.635620
541.572021
543.491028
545.367126
546.729004
545.902588
542.703735
539.310303
537.447510
536.483154
534.245789
529.948120
525.108643
521.804932
521.458008
523.887451
528.012512
532.476501
536.369202
540.155945
544.266296
547.552979
547.927002
544.818054
540.512024
537.740112
536.640503
534.954834
531.326172
526.914917
523.661682
522.202820
522.230225
523.497681
526.091614
529.877686
534.212952
538.597107
542.818176
546.172852
547.497253
545.988159
542.397644
538.811951
536.849976
535.959839
534.073425
529.962341
524.781555
521.276611
521.416870
524.585083
528.657410
532.461548
536.302856
540.621887
544.871826
547.600525
547.371338
544.275330
539.811584
536.322632
535.561707
536.617310
536.324219
532.594666
526.839722
522.532837
521.729370
523.726074
526.689636
529.959473
534.544861
538.950867
541.289124
543.286133
544.792236
546.698669
546.819031
544.664429
540.595032
535.398926
530.200989
525.109863
521.079834
520.992249
523.094482
526.825928
530.432556
533.859253
537.198669
540.307983
543.665039
546.816772
548.573303
547.228333
543.135315
538.997498
537.163147
536.808105
535.531250
531.780273
526.799622
522.568481
521.328796
523.116943
526.964355
531.408936
535.370300
539.169128
543.137146
546.625244
547.828308
545.586853
541.340454
537.906860
536.549927
535.776245
533.377014
528.987488
524.579102
522.079651
522.230591
524.217346
526.819214
529.549805
532.670898
536.778564
541.698730
545.868530
547.825684
546.689331
543.321594
539.588928
537.235107
536.086182
534.450745
530.954956
526.227173
522.531982
521.865295
524.046509
527.583679
531.294434
535.298645
539.713318
543.956848
546.924133
547.486084
545.415466
541.566101
537.589294
535.633179
535.861572
535.970215
533.558105
528.739746
524.149780
522.076050
522.849731
525.492188
529.045471
533.311157
537.908508
542.252441
545.720703
547.433044
546.483826
543.262329
539.700500
537.531921
536.249268
533.764587
529.343262
524.888855
522.419678
522.592773
524.414551
527.358582
531.316833
535.797302
540.028809
543.766296
546.907471
548.890869
547.986206
544.366272
540.833984
538.682312
537.240540
534.747253
530.349182
526.201477
523.505493
523.088867
524.473755
526.745117
530.193237
533.852600
537.715942
542.103333
545.652466
547.425659
545.973938
542.518616
539.499146
537.757385
536.438721
533.731506
529.309021
524.840637
522.208252
522.638245
525.250854
528.354370
530.755737
532.841553
535.938721
540.342590
544.893311
547.635010
547.321350
544.441650
540.663330
537.897156
536.496033
534.975647
531.561279
526.600708
522.595337
521.707581
523.837585
527.218201
530.559265
534.040039
538.263123
542.931580
546.561829
547.671997
545.721558
541.875671
538.577515
536.918335
536.557129
535.330505
531.613464
526.510193
522.701843
521.729919
522.861328
525.120361
528.370850
532.235168
536.712708
541.386841
545.406372
547.705811
547.128296
543.804382
539.712952
537.358521
536.690796
535.228516
531.220032
526.042297
522.432312
521.852966
523.816284
526.973755
530.527710
534.266113
538.509583
543.213074
547.066833
548.627258
546.632812
542.020447
537.921082
536.598083
537.275391
536.975098
533.821289
528.597839
523.509705
521.276794
522.409912
525.514160
528.922363
532.180237
536.090759
541.169006
546.076965
548.559143
547.175842
543.121826
539.164734
537.232544
536.553833
534.855774
530.952271
525.960144
522.320251
521.821655
524.356140
527.908508
530.698181
532.643066
535.059082
538.885620
543.524170
547.062256
547.901001
545.629395
541.672913
538.216064
536.601013
535.644775
533.136353
528.346863
523.360229
520.981628
522.221436
525.732483
529.594177
533.242371
537.096985
541.502747
545.724487
548.272034
547.501770
543.429260
538.761414
536.445923
536.399048
535.643127
531.488892
525.102783
520.224548
519.295837
521.424683
524.688232
528.359314
532.294739
536.077759
539.794373
543.547363
546.766968
547.782898
545.526855
541.274658
537.885803
536.507446
535.380127
532.431335
527.811829
523.369629
521.213684
521.975464
525.338318
530.101440
534.849304
538.854980
542.433899
545.889526
547.915649
546.762817
542.660767
538.092651
535.877136
536.262085
536.773193
534.962830
530.594910
525.396179
521.679138
521.169006
523.803040
527.880066
531.997864
536.107056
540.470154
544.643738
547.233154
546.989319
544.156982
540.548157
538.048157
536.638306
534.919739
531.759949
527.263000
523.041748
521.102783
522.269287
525.670227
530.087952
534.536560
538.380127
541.464600
543.934937
545.918274
547.057129
546.264526
543.046570
538.949463
536.403320
535.376831
533.642639
529.628052
524.601624
521.444214
521.724365
524.485535
528.009705
531.864929
536.268494
540.978821
545.228882
547.870361
547.672363
544.418152
539.916138
536.914307
536.060730
535.071045
531.816284
526.925903
523.203430
522.306396
523.120239
524.279968
526.269653
530.034790
535.014343
539.634827
543.387939
546.290588
547.558960
546.221741
542.606995
538.749634
536.497009
535.266052
533.042053
529.106995
524.729126
521.985413
522.049255
524.769653
528.861572
532.944885
536.763611
540.755310
544.926880
547.743835
547.461121
544.001038
539.726501
537.253052
536.802429
536.410461
534.520630
530.887024
526.593750
523.030823
521.743896
523.310486
526.865356
531.221985
535.510803
539.476624
543.294373
546.316650
547.309265
545.607788
542.263367
539.098572
537.059326
535.405640
532.611511
528.175720
523.598877
521.259521
522.169861
525.219604
529.234253
533.551575
537.879333
541.775391
544.507568
546.047791
546.494385
545.791138
543.630493
540.537781
538.064148
536.520142
534.300964
530.477539
525.827271
522.687439
522.159546
523.736511
526.663391
530.703430
535.720703
540.727661
544.862000
547.246948
547.177490
544.666443
541.082214
538.321106
537.098694
535.801147
532.705444
527.874268
524.026855
522.854980
523.774902
525.064758
526.349854
528.649597
532.586060
537.410950
542.643311
547.059448
548.866760
546.924927
542.631592
538.710327
536.747986
535.854553
533.886963
529.767761
525.205933
522.332825
521.921143
523.662964
527.044495
531.379883
535.994995
540.494202
544.555420
547.185791
547.264893
544.606384
540.565308
537.318176
535.912964
535.651367
534.804443
532.158813
527.850525
523.634766
521.648804
522.593872
525.555298
529.520020
533.965515
538.728210
543.291565
546.577026
547.577332
546.046143
542.722656
539.148315
536.583801
535.037048
533.056152
529.452271
525.085144
522.176758
522.250488
524.665527
528.017883
531.682556
535.842224
540.351257
544.355957
547.123291
548.345276
547.461060
544.208801
539.994019
537.175171
536.182129
534.903442
531.305908
526.145386
522.488281
522.284607
524.438354
526.993774
529.431702
532.624390
537.483154
543.553162
548.735474
550.428345
547.459412
541.668091
537.070129
535.933411
536.032410
533.745605
528.633179
523.646179
521.886169
523.269348
525.612000
527.541138
529.554199
532.430908
536.301331
540.970581
545.354004
547.604919
546.741211
543.414062
540.002625
538.147766
537.049194
534.820984
530.910461
526.605591
523.136475
521.609924
522.592468
525.772461
530.295959
534.923645
539.226013
543.281616
546.494507
547.563599
545.380981
541.371704
538.464905
537.498596
537.508606
535.981506
531.631653
525.595215
520.741943
519.786926
522.630188
526.735107
530.004333
532.474915
536.245972
541.719177
546.721497
548.607178
546.602051
542.671265
539.474365
538.008972
537.097046
534.942261
530.787598
525.998291
522.795532
522.238708
523.790405
526.602356
530.495605
535.148987
539.711609
543.209473
545.754395
547.757385
548.367859
546.023499
541.367188
537.533508
536.382141
535.992065
533.210266
527.539307
521.999512
520.162903
522.752258
527.499817
531.940674
535.283264
537.919067
540.818787
544.316162
547.008728
546.588013
543.097229
539.248596
537.416382
536.796814
534.799927
530.312927
525.173279
522.107483
522.057068
524.333862
527.863831
531.745789
535.088013
537.474182
539.943237
543.358887
546.722656
547.637939
545.142029
540.977173
537.755920
536.407715
535.433716
532.869507
528.525818
524.101746
522.027771
523.183533
525.804199
528.078918
531.202698
537.111511
545.008362
550.714294
550.219849
544.410400
538.722168
537.453003
538.845459
538.299438
534.254333
528.774414
524.769592
523.281433
523.296265
523.687073
524.694214
527.342102
531.842773
536.952637
541.283447
544.428589
546.459045
546.963989
545.158264
541.292175
537.642273
535.971741
535.174072
532.619202
527.731873
523.048645
521.451477
523.468811
527.152771
530.717346
534.042786
537.830017
542.314087
546.575073
548.535950
546.770081
541.740051
536.497253
534.553772
536.063904
537.349854
535.032471
529.615051
524.520142
522.254272
522.925293
525.145630
528.000732
531.800720
536.583862
541.564453
545.658875
547.697205
546.912903
543.874817
540.497070
538.357056
537.094971
534.850952
530.741394
525.885437
522.462524
521.808167
523.721802
527.344299
531.402344
534.474915
536.445984
538.818726
542.680786
546.694153
548.069702
545.747131
541.473328
538.314697
537.239502
536.250854
533.335449
528.666565
524.295410
522.148438
522.592590
525.060364
528.507080
532.507385
537.052307
541.778076
545.753479
547.652405
546.688660
543.410156
539.665955
537.440918
536.690063
535.387146
531.914673
526.619202
521.725769
519.709229
520.953003
523.930908
527.248474
530.865845
535.094543
539.696655
543.964111
546.858276
547.545410
545.641541
542.042236
538.864746
537.294739
535.952698
532.769287
527.795471
523.415283
521.848083
523.174683
525.639099
528.423767
532.169922
537.156738
542.334534
546.439392
548.193909
546.929993
542.803040
537.946167
535.367004
536.046570
537.314026
535.732544
530.975037
525.784851
522.690369
522.271484
523.736938
526.413269
530.350159
535.290466
540.453674
544.962830
547.698242
547.401184
544.327698
540.519592
538.174255
537.410095
536.210693
532.785217
527.747070
523.447876
521.829285
522.984131
525.940063
529.590271
533.405640
537.167786
541.081787
544.893921
547.423035
547.601807
545.447876
542.224915
539.568237
537.860413
536.176453
533.224670
529.137512
525.377563
523.413879
523.487061
524.619507
526.431152
529.851746
535.295532
541.342041
545.880859
547.478516
546.463501
544.042664
541.057068
538.302551
536.389771
534.828003
532.387939
528.633484
524.634705
522.263306
522.534851
524.566467
526.874023
529.589417
533.307861
537.750244
542.080261
545.669373
547.504761
546.441528
542.941833
539.214233
537.122375
536.281555
534.262756
529.704163
524.276123
521.072998
521.571289
524.559570
528.439514
532.423706
536.428833
540.551636
544.633423
547.572205
547.668701
544.456421
539.632385
536.302734
536.217041
537.364014
536.440918
532.465149
527.303894
523.342041
521.688538
522.510925
525.382385
529.561462
534.352783
539.031921
543.349915
546.710571
547.693604
545.588806
541.590759
538.136230
536.555054
535.644592
533.410706
529.304688
524.751160
521.948975
522.128113
524.947205
528.841064
532.585938
536.164551
540.180115
544.913147
548.840637
549.617126
546.760559
542.190063
538.537598
537.320435
537.648193
536.944641
532.889099
526.236694
520.613464
519.569824
523.280457
528.648926
532.568481
535.083496
538.201050
542.829163
547.103394
548.307861
545.612122
541.084534
537.703979
536.654968
536.096130
533.465454
528.528442
523.820557
522.157104
523.820740
526.300781
527.927979
529.284058
531.960083
536.103027
540.407532
544.163208
547.112671
548.347717
546.514893
541.600952
536.392517
533.358032
532.427368
531.306580
528.035522
523.573059
521.003113
522.454102
527.223267
532.549561
536.466553
539.259705
542.566650
546.446960
548.400085
546.274536
541.459839
537.333862
536.460999
537.404968
536.475464
532.144958
526.522156
522.618958
521.793091
523.446594
526.306213
529.168579
532.319397
536.641724
542.095398
547.132446
549.425842
547.370789
542.213379
537.422363
535.775635
536.431824
535.823669
531.790161
525.690796
521.237854
521.038330
524.258789
528.247437
531.527649
534.923523
539.287292
543.876343
547.103149
547.614075
545.669983
542.667786
539.952515
538.296387
537.491943
536.243347
532.902100
527.657043
523.155457
521.886536
523.784363
526.876099
529.901611
533.349121
537.824707
542.606812
545.958130
546.959717
545.700195
542.883057
539.724792
537.463440
536.168762
534.323486
530.554626
525.757935
522.389954
522.397949
524.888672
527.785828
530.271851
532.932861
536.263184
540.161987
544.155518
547.182495
547.477844
544.715881
540.559143
537.720642
536.805176
535.570618
531.926453
526.658264
522.555237
521.418823
523.095581
526.645142
530.961975
535.007446
538.314514
541.404907
544.784180
547.381165
547.097778
543.442993
539.087158
536.774780
535.879272
533.763062
529.438660
524.727234
521.962708
521.757446
523.182861
525.343445
528.161011
531.691345
535.983887
540.976257
545.674500
548.187012
547.296692
543.904175
540.228577
538.007507
536.752197
534.747742
531.170227
526.874451
523.515747
522.366150
523.502869
526.280396
529.936279
534.333801
539.112305
543.445923
546.086731
546.594177
545.614563
543.907776
541.714905
539.297058
537.306458
535.827942
533.711060
529.838196
524.854553
521.401794
521.466858
524.635986
528.967346
532.994934
536.781433
540.881287
544.936340
547.488953
547.105530
543.884338
539.764465
537.248901
536.468445
535.146912
531.342834
526.179138
522.581482
522.034180
523.963196
527.205688
531.178467
535.591919
539.253052
541.615295
543.405090
545.466370
546.723145
545.185364
541.383850
538.317322
537.346985
536.626099
533.580139
528.502502
523.992676
522.166687
522.913879
525.133728
528.331787
532.602722
537.572571
542.332520
545.953430
547.522156
546.302917
543.214233
540.134521
538.230774
536.686035
533.915222
529.846741
526.108093
523.928589
523.139282
523.141541
524.443665
527.275879
531.251038
535.595947
539.977356
544.125793
546.980652
547.171143
544.556335
540.752747
538.002747
536.727356
535.559509
532.850464
528.575684
524.445740
522.258972
522.802368
525.469727
529.220398
533.413635
537.885864
542.304199
545.817200
547.378784
546.325439
543.147278
539.182373
536.091370
535.022888
535.241333
534.495850
531.169006
526.260132
522.515503
521.779053
523.902771
527.550598
531.685974
535.947449
540.281982
544.240906
546.841919
547.060425
544.751587
541.091736
538.249573
537.049683
535.781921
532.389465
527.403503
523.356689
522.040100
523.152405
525.725708
529.322876
533.930176
538.527588
541.697144
543.652466
545.463745
546.700256
545.878723
542.787720
539.455872
537.625488
536.457703
533.938599
529.634827
525.134583
522.198914
521.638794
523.778564
528.016785
533.098572
537.554565
540.814453
543.482239
545.967529
546.909668
544.890137
540.846802
537.608032
536.286377
535.348389
532.710815
528.336975
523.872131
521.091675
520.887512
523.186646
526.960327
530.979248
534.549622
538.225342
542.377502
546.268250
548.050842
546.475647
542.554443
538.854309
536.842346
535.759216
533.670593
529.904114
525.373840
522.216248
521.953796
524.408936
528.200378
532.376038
536.686584
541.055786
545.000610
547.457031
547.239502
544.387207
540.173279
536.700256
535.481384
536.089417
535.864441
532.572571
527.185974
522.785889
521.586548
523.384155
526.562500
530.194336
534.258179
538.870361
543.402527
546.703674
547.734497
545.864014
541.928955
538.289429
536.614319
536.001892
533.798523
529.180786
524.285950
521.728943
522.243958
524.902039
528.596741
532.752136
537.059753
540.723755
543.653992
546.508301
548.564941
547.797974
543.706238
538.958984
536.461060
536.077820
535.268433
531.804382
526.649170
522.770630
522.043274
524.070129
527.186035
530.473633
534.087952
538.685242
543.808838
547.593140
548.123413
545.156433
540.892212
538.126892
537.181763
536.089111
533.161194
528.824707
524.941284
522.557983
522.071106
523.450806
526.233154
529.756287
533.418762
537.256470
541.395813
545.128906
547.237854
546.579102
543.566284
540.137207
537.822327
536.377319
534.251587
530.659119
526.359131
522.994995
521.563171
523.074219
527.031738
532.157104
537.277771
541.072510
543.295654
544.934631
546.333496
546.055603
542.626587
537.772949
534.702576
534.968140
536.541565
535.398865
530.122803
523.747559
520.468018
521.644104
525.721802
530.324280
534.269348
537.853394
541.462463
545.078796
547.503967
546.912109
543.234863
538.860168
536.026245
535.118225
534.128662
531.091431
526.714966
523.005493
521.416504
522.461914
526.007202
531.217407
536.475830
540.882751
544.630798
547.889648
550.268127
549.626587
545.083069
539.551392
536.381409
535.721802
535.038452
532.233826
527.673218
523.429504
521.643616
522.670715
525.604797
529.586853
534.062378
538.699585
543.061951
546.342163
547.455505
545.805359
542.443176
539.336853
537.393433
535.742310
533.219788
529.647827
525.884827
523.152161
522.739014
524.672852
527.987793
531.227173
533.815247
536.348450
539.858032
543.959595
546.832825
546.857666
544.034363
540.140869
537.608459
536.742981
535.628906
532.235413
526.967712
522.397949
521.170715
523.319275
526.658630
529.917114
533.583313
538.209595
542.987793
546.408203
547.382629
545.604309
542.325256
539.197998
536.943420
535.860962
534.749329
532.186340
528.064636
524.188110
522.517883
523.068176
525.108032
528.303772
532.086548
536.322327
540.703491
544.781189
547.433167
547.365479
544.377869
540.169800
537.378235
536.528748
535.423706
531.996277
527.087769
523.271057
522.102966
523.343018
526.103088
529.893616
534.375244
538.884094
543.074829
546.204956
547.700195
546.512817
542.826355
538.850464
536.925781
536.907471
536.284912
533.383789
528.890259
524.470886
522.186218
522.637695
525.142151
528.732178
532.521667
536.370300
540.613708
544.958008
547.652832
546.992981
543.491699
539.665405
537.568848
536.687073
534.822083
530.879089
526.172363
522.950623
522.548523
524.751282
527.963745
530.665710
532.719727
535.112000
538.762024
543.048340
546.324890
547.161621
545.363953
542.178284
539.161743
537.133545
535.476501
532.841309
528.687683
524.179626
521.737122
522.507996
525.656250
529.567993
533.387817
537.188660
541.199158
544.986511
547.409912
546.998779
543.741882
539.609436
537.161316
536.631714
535.653198
531.857361
525.809814
520.909119
519.843567
522.017883
525.087952
528.070923
531.340210
535.161377
539.307617
543.365295
546.396118
547.251526
545.089844
541.054626
537.868225
536.756042
535.887939
533.032471
528.193787
523.704407
521.694214
522.622620
525.578369
529.613159
534.155823
538.543762
542.487366
545.694397
547.245117
546.215454
542.803833
539.200684
537.516357
537.644897
537.271729
534.609558
530.350037
526.134277
523.166504
522.265686
523.596008
526.777039
531.008606
535.713867
540.471619
544.633545
547.167480
547.030334
544.363708
540.889587
538.582153
537.426575
535.681641
532.213623
527.614563
523.764832
522.256470
523.234375
525.772766
529.165039
532.976562
537.190491
541.406311
544.928589
546.824524
546.766296
544.966553
542.033447
539.177795
537.577820
536.429443
534.157715
529.963623
525.246704
522.373718
522.600830
525.026917
527.937988
531.037354
534.854980
539.535217
544.307800
547.502197
547.653625
544.500305
539.976990
537.115723
536.644653
536.175964
533.093323
527.496460
522.733398
521.497620
523.189270
525.363098
527.109497
529.559265
533.400024
538.031860
542.762939
546.470947
547.852234
546.068054
542.134644
538.585876
536.948364
536.054199
533.732605
529.627991
525.424133
522.928650
522.643677
524.431152
527.924011
532.382141
536.818848
540.782349
544.340027
546.964355
547.209595
544.313354
539.666931
536.300293
535.756836
536.424377
535.592102
532.238953
527.417175
523.287109
521.708252
523.289612
526.716980
530.558167
534.387390
538.510254
542.940308
546.456177
547.354858
545.333557
541.851257
539.102417
537.505798
535.833008
532.751892
528.424194
524.528870
522.701050
523.230713
525.346924
528.291687
532.140076
536.785950
541.492554
545.004272
546.604248
546.543701
545.376404
543.319763
540.674622
538.382202
536.750854
534.537659
530.772339
526.155151
522.799683
522.251282
524.109924
527.117920
530.476379
534.438477
539.128662
543.746338
546.944275
547.362976
544.691162
540.586243
537.904968
537.447754
536.920959
533.512207
527.786011
523.169739
522.343445
524.284973
525.933838
526.380798
527.711182
531.352417
536.825134
542.339417
546.388000
547.758057
545.974426
542.127747
538.571716
537.033203
536.709839
534.947144
530.729370
525.784729
522.599976
522.304749
524.266907
527.227356
530.535828
534.324646
538.941162
543.967773
547.681152
548.103760
544.953064
540.191345
536.861633
536.200745
536.618469
535.661499
532.469543
528.105469
524.219604
522.268555
522.935974
525.545593
529.035583
532.934937
537.311707
541.942871
545.846741
547.630615
546.470215
543.019958
539.317810
536.935059
535.726135
534.112671
530.695190
525.920471
522.129883
521.500244
523.994446
527.769531
531.570312
535.421082
539.613892
543.649719
546.486328
547.428589
546.604126
544.242126
541.006165
538.164795
536.550720
535.102539
532.171448
527.682190
523.702881
522.158264
523.265503
525.958679
529.391602
533.472412
538.066833
542.257019
545.364868
546.778503
545.832947
542.691650
539.167847
537.187073
536.216248
534.181885
530.062073
525.291565
522.288147
522.495728
524.734192
527.605957
530.721802
533.954590
536.920044
540.023315
543.687073
546.899597
547.242432
544.326050
540.032776
537.158752
536.402893
535.644287
532.652100
527.761353
523.304138
521.462891
522.544128
525.751038
529.922363
534.082214
538.316528
542.675537
546.280334
547.545776
545.590881
541.690308
538.277832
536.435120
535.584045
534.181091
531.728516
528.488708
525.067566
522.620422
522.234436
524.332520
528.213806
532.441162
536.575134
540.689819
544.566101
547.089294
546.950378
544.231201
540.420471
537.529846
536.074829
534.732422
531.931824
527.602844
523.656921
522.146484
523.415588
526.431335
530.068298
534.142578
538.604858
542.899536
545.778564
546.718994
545.943604
543.695679
540.551331
537.980347
536.938599
536.245178
533.751953
529.187073
524.451904
522.170105
522.830139
525.087952
527.961426
531.718506
536.508301
541.546143
545.539124
547.533813
546.729004
543.449646
539.647522
537.442505
536.718323
535.173950
531.281982
526.337524
522.824341
522.211609
524.130798
527.296021
530.966248
534.465271
537.061768
539.247986
542.470215
546.338745
547.974915
545.609497
541.079407
537.585938
536.586548
536.208252
533.618286
528.593384
523.775940
521.733582
522.806885
525.687378
529.064087
532.527588
536.672119
541.481934
545.777161
547.913696
546.882385
543.417725
539.797668
537.483582
535.956726
534.126038
531.532043
528.274170
524.893677
522.407959
521.831665
523.547485
527.134827
531.584473
535.819824
539.716553
543.488159
546.519104
547.567932
545.648254
541.561096
537.700562
535.855347
535.232666
533.262512
528.765137
523.776978
521.366211
522.574524
525.824524
529.321899
532.724304
536.798645
541.509888
545.554993
547.273560
546.428101
543.498474
539.695984
536.934631
536.509277
536.841125
535.127502
530.636841
525.448181
522.165466
522.130005
524.426880
527.517456
531.005127
535.320068
540.084290
544.386841
547.250366
547.344055
544.386292
540.317627
537.722595
536.834229
535.752136
532.531433
527.533691
523.263489
521.723022
522.894409
525.895447
530.072571
534.257690
537.253967
539.300415
541.857178
545.035767
546.939392
545.753967
542.179382
538.858887
537.465942
536.599182
534.139404
529.612793
525.014038
522.442444
522.638489
524.928955
528.101685
531.472229
535.325745
539.979492
544.701111
547.707825
547.321167
544.122498
540.242798
537.959534
537.081299
535.653931
532.290161
527.453735
522.889648
520.670715
521.398132
524.253601
527.421082
530.393799
533.711365
537.923767
542.669189
546.424866
547.568420
545.623596
541.822876
538.473877
536.809875
536.000793
533.978149
529.757629
524.839233
521.819458
522.057678
524.693604
528.371887
532.479858
536.637939
540.593750
544.065063
546.625549
547.206848
544.934570
540.247742
535.747375
534.320435
535.446411
535.615356
532.380859
527.027100
522.746277
521.437256
523.030518
526.374634
530.533752
534.947876
539.148254
542.998718
546.108337
547.463318
545.974548
542.300781
538.722595
536.865906
535.692200
533.183472
529.042847
524.978943
522.583984
522.474731
524.518372
528.288940
533.186584
537.760132
541.014343
543.360962
545.546021
546.961304
546.111145
543.022095
539.578308
537.420044
536.494446
534.867676
531.290894
526.435425
522.596069
521.598267
523.472656
526.942566
530.794189
534.791870
539.267395
544.006775
547.436096
547.748047
544.930176
540.960205
538.171326
536.945251
535.782593
532.987061
528.677979
524.469299
522.020386
522.121643
524.028564
526.329590
528.867188
532.333618
537.078491
542.087769
545.937073
547.442810
546.196838
542.992249
539.577271
537.387329
536.387024
534.630554
530.691345
525.578247
522.046753
522.029663
524.706909
528.077515
531.293579
534.765442
538.958862
543.328979
546.809509
547.765076
545.380798
540.885803
537.068237
536.375000
537.802063
537.516174
533.347229
527.247498
522.941833
521.945923
523.412964
526.013306
529.259399
533.395935
538.085693
542.351440
545.631592
547.312256
546.510071
543.351746
539.687439
537.259399
535.846008
533.766174
530.082825
525.601685
522.351135
521.713074
523.890442
527.820251
532.174683
536.205200
539.736633
543.391663
547.079773
549.002319
547.655823
543.840210
540.139893
538.227539
537.293823
535.540222
531.844971
527.117920
523.421326
521.984314
522.969116
525.824341
529.684265
533.962097
538.271484
542.459534
545.877747
547.287903
545.881287
542.300659
538.738281
536.884949
536.217529
534.419800
530.149841
524.988647
521.972168
522.708679
525.615784
527.985413
529.293823
531.301514
535.571716
541.105103
545.603577
547.532959
546.691040
543.932373
540.508545
537.865173
536.409546
534.825867
531.681946
527.141907
523.190125
521.694885
522.823792
525.689819
529.684082
534.362305
539.070618
543.222473
546.405823
547.786926
546.241821
542.097717
537.488647
535.410522
536.284729
536.836060
534.039246
528.600342
523.736755
521.776855
522.638794
525.175415
528.335205
531.998657
536.277405
540.989502
545.385925
547.994812
547.395874
544.025208
540.137146
537.703308
536.492554
534.374756
530.457703
526.028870
523.079163
522.578735
524.224426
527.157166
530.549561
534.318726
538.676514
543.005493
546.460022
547.854553
546.548584
543.422241
540.283813
538.413513
537.377502
535.903198
533.015381
528.480591
523.972900
521.769043
522.660095
525.701599
529.341370
533.013367
537.043152
541.534302
545.632385
547.698730
546.751526
543.481079
539.836426
537.486938
536.363708
534.582581
530.853760
525.918213
522.234253
521.894348
524.340027
527.121277
529.065796
531.176025
534.790833
539.494751
543.819885
546.473999
546.811157
544.796143
541.414124
538.368469
536.706421
535.351501
532.452332
527.849182
523.521240
521.665405
522.614441
525.222656
528.900513
533.423462
538.311951
542.734985
545.995361
547.418213
546.198547
542.710205
539.091309
537.236694
536.575745
534.718445
530.489014
525.598206
522.557861
522.024780
522.833618
524.421814
527.294678
531.420898
535.944092
540.383484
544.453918
547.189270
547.241333
544.447510
540.524719
537.899536
536.783447
535.207947
531.682373
526.917603
523.000427
521.505920
522.672363
525.644348
529.369507
533.424011
537.827515
542.458191
546.116150
547.409851
545.897156
542.789124
540.009460
538.527405
537.825684
536.634521
534.080200
530.055481
525.426025
522.090271
521.594849
523.893127
527.724609
532.016785
536.470276
540.856506
544.710510
547.042542
547.013306
544.587891
540.924500
537.873718
536.392883
535.198364
532.382019
527.499756
522.866150
521.219727
523.060974
527.003174
530.982971
534.293762
537.315247
540.197571
543.091431
545.770020
547.241455
545.996948
542.061523
538.170715
536.458740
536.040039
534.252380
529.965515
525.057007
522.121826
522.301514
524.810608
528.468750
532.600952
536.807434
540.805542
544.586426
547.405945
547.570190
544.314819
539.692322
536.789734
536.174194
535.390564
532.063782
526.856445
522.637268
521.089722
521.723694
523.823669
527.087158
531.027588
534.944702
538.813293
542.955627
546.641174
548.124084
546.149780
541.839417
538.030151
536.317810
535.413269
533.235474
529.194641
524.634827
521.723999
521.928650
525.026611
529.273865
533.193542
536.877991
541.020752
545.302307
547.887573
546.977112
543.108948
538.712769
536.368103
536.417175
536.841309
535.341431
531.168274
525.892883
522.227051
521.814697
524.151184
527.312500
530.552368
534.500183
539.344604
544.123535
547.163818
547.379456
544.995667
541.410400
538.513794
536.888428
535.429382
532.491028
527.976257
523.650757
521.663391
522.515503
525.359863
529.239441
533.694275
537.996460
541.240723
543.298340
545.059753
546.487976
546.200500
543.264893
539.393921
537.060059
536.130859
534.323364
530.210388
525.162048
522.001465
521.939026
524.141357
527.302917
531.154968
535.627563
540.178467
544.314270
547.156738
547.420654
544.845154
540.973083
538.283325
537.163269
535.737366
532.238708
527.411377
523.786011
522.565063
522.806885
523.749451
525.641418
529.051758
533.387329
537.887146
542.306213
546.064148
547.895569
546.675354
542.916809
539.039429
536.789429
535.706116
533.881897
530.214661
525.631653
522.198425
521.618713
523.902588
527.616455
531.575928
535.595825
540.046265
544.564270
547.633789
547.537109
544.356567
540.191650
537.340759
536.570557
536.883118
535.934143
532.300171
527.075439
523.109985
522.181641
523.773987
526.239258
528.929138
532.641235
537.923706
543.388245
546.991516
547.685608
545.809448
542.474915
539.217834
537.134155
535.695984
533.396606
529.517151
525.108826
522.377869
522.415710
524.776917
528.189026
532.065613
536.372925
540.327637
543.302124
545.584045
547.090515
546.815491
543.996643
540.269287
537.942139
537.010620
535.347473
531.345825
526.133789
522.528687
521.974487
523.774109
526.562195
530.139954
534.518799
539.053406
543.008179
545.833679
546.685059
545.058105
541.812378
538.992920
537.519348
536.393127
533.827148
529.286987
524.719482
522.147217
521.919800
523.474792
526.119690
529.333374
532.587891
536.214233
540.866272
545.376648
547.829529
546.836426
543.180969
539.569885
537.882874
537.252136
535.410583
531.545715
526.789490
523.005432
521.684021
523.075012
526.306458
530.398438
534.857605
539.343323
543.626648
546.876282
547.700195
545.502625
541.463196
537.544006
535.371155
535.337891
535.637085
533.735168
529.267578
524.442261
521.887329
522.354431
524.930115
528.356445
532.317078
536.974121
541.736755
545.485229
547.303284
546.744507
543.807129
539.906677
537.053772
535.773804
534.336243
530.954041
526.339417
522.731262
521.982788
523.980042
527.302063
531.033630
534.863708
538.699463
542.287903
545.723328
548.589661
548.902283
545.785828
540.999390
537.710876
536.723328
535.742554
532.613953
527.712463
523.526245
521.960999
522.822754
525.293518
528.929993
533.458252
538.198486
542.370117
545.463379
546.812012
545.940674
543.058350
539.815369
537.711487
536.329285
533.956421
530.111023
525.808533
522.763184
522.233521
524.186707
527.496460
530.905151
533.808289
536.542542
539.791565
543.685486
546.588074
546.773865
544.268921
540.673157
538.081848
536.833130
535.565918
532.707092
528.010498
523.302368
521.126526
522.300110
525.748169
529.955383
534.275757
538.618286
542.812988
545.886414
546.821045
545.273743
542.319275
539.230103
536.813660
535.569885
534.807495
533.067261
529.756226
525.747437
522.831055
521.971008
523.264404
526.480469
530.999634
536.391296
541.492065
545.237549
547.202576
546.905334
544.158875
539.971802
536.906616
535.966980
535.318542
532.702942
528.033264
523.677185
522.069153
523.372986
526.186340
529.511536
533.603882
538.360840
542.933105
546.123962
547.460999
546.692505
543.873962
540.307739
537.790344
536.836792
535.841370
533.152588
529.083130
524.931580
522.564453
522.630249
524.633728
527.730957
531.591614
536.189453
540.980286
545.116821
547.487793
547.025574
544.196716
540.717529
538.319458
536.644226
534.058105
530.170715
525.999207
523.057678
522.406189
524.174438
527.507385
530.875977
533.247437
535.041443
537.610229
541.709961
545.952820
547.626099
545.652283
541.662964
538.518127
537.255371
536.243958
533.478882
528.560303
523.488464
521.104736
522.351990
525.710632
529.255493
532.786377
536.805298
541.065002
544.750488
546.567017
545.751831
542.869690
539.690186
537.680847
536.933228
535.871399
532.814758
527.480591
522.176453
519.697632
520.615845
523.400391
526.863281
530.897705
535.497253
540.072815
544.086182
546.784119
547.197388
544.858521
540.811707
537.564514
536.572937
536.254944
533.780212
528.778748
523.881836
521.769165
522.622437
525.120178
528.441589
532.609131
537.552979
542.407654
546.078247
547.575928
546.564087
543.149414
539.035645
536.635010
536.586914
536.772583
534.845764
530.897217
526.617432
523.442444
522.391724
523.569458
526.586121
530.705811
535.159973
539.608521
543.862427
547.189026
547.960754
545.308838
540.923767
537.683838
536.434021
535.331970
532.440735
527.851807
523.733887
522.098633
523.339661
526.266907
529.819641
533.063416
535.955750
539.012573
542.575623
545.720459
547.181580
546.162964
543.119141
539.549011
537.195496
535.766846
533.758057
530.191711
525.874756
522.726135
522.395691
524.454895
527.581543
531.290710
535.801331
540.615784
544.601318
546.808838
546.811890
544.732300
541.605896
538.793274
536.948914
535.210266
532.290222
527.789978
523.510071
521.588684
522.321655
524.258362
526.536987
529.633179
533.852478
538.316162
542.351624
545.404480
546.859619
545.893127
542.777893
539.528137
537.858582
536.909058
534.397095
529.498413
524.398438
521.863525
522.484131
525.012268
528.123352
531.633789
535.779663
540.433594
544.815063
547.446655
546.968506
543.609558
539.468567
537.340027
537.852051
538.481506
536.537781
532.008057
526.937866
523.329529
522.159851
523.399719
526.220581
529.751282
533.644226
538.026428
542.810181
546.799133
548.143372
545.959473
541.805054
538.480225
537.020447
536.073303
533.729614
529.559570
525.015076
522.140015
522.306885
524.999207
528.697510
532.616272
536.241699
539.732605
543.255249
546.133545
547.448181
546.405762
543.354675
539.574646
536.836792
535.840820
534.821289
531.865723
527.160095
522.939087
521.654602
523.493347
526.918640
530.517151
534.281677
538.643372
543.205261
546.786438
547.994263
546.052856
541.900330
538.030151
536.147400
535.367676
533.283875
529.104553
524.761902
522.937805
523.981262
525.831665
526.986572
528.544067
531.924866
536.736816
541.583130
545.272217
547.183289
546.704956
543.799377
540.135620
537.711609
536.542908
534.657776
530.851685
526.364685
523.139343
522.324158
523.697388
526.487915
530.444885
535.050903
539.440002
543.396179
546.649475
547.714844
545.551880
541.149109
537.418457
536.481445
537.291077
536.820251
533.447571
528.340393
523.817871
521.598328
522.409424
525.481262
529.379822
533.335632
537.322144
541.604187
545.577942
547.555237
546.378784
542.846741
539.439636
537.590637
536.509705
534.427124
530.506897
525.808167
522.408142
521.816040
523.901917
527.259277
531.156921
535.337158
539.661682
543.717041
546.610291
547.545898
546.492554
543.988342
540.857300
538.211426
536.772461
535.559753
532.869934
528.315430
523.783508
521.760620
522.823547
525.734436
529.283020
533.259644
537.863220
542.548096
546.234863
547.645996
546.131409
542.515869
538.803772
536.805115
536.032043
534.146240
529.982239
525.084778
522.453186
523.175781
525.374695
527.096008
528.521301
531.166443
535.280884
540.132141
544.747864
547.785461
547.800476
544.550110
540.104370
537.329956
536.552673
535.572998
532.222351
527.223389
523.249512
522.117554
523.478088
526.154236
529.714661
533.890625
538.113647
542.152954
545.657532
547.380127
546.234985
542.780273
539.160828
536.750977
535.429932
533.793640
531.060730
527.874390
525.069092
523.149414
522.812561
524.579529
528.071899
532.123230
536.316223
540.637390
544.701843
547.218262
546.846924
544.009338
540.650940
538.381165
536.879944
534.677856
530.979553
526.578735
523.348572
522.434082
523.726929
526.380188
529.807861
534.029053
538.874146
543.276550
546.055725
546.845886
546.111755
544.310059
541.737427
539.123962
537.258667
535.872620
533.545532
529.342041
524.592773
521.805725
522.271423
525.079285
528.682373
532.545044
536.815063
541.225403
544.910889
546.923035
546.624695
543.973755
540.353149
537.736206
536.637878
535.139954
531.684753
527.016907
523.245483
521.968262
523.468201
526.520569
530.301697
534.325134
537.731934
540.036438
542.291321
545.187744
547.014099
545.613953
541.766052
538.230225
536.747803
536.100098
533.736755
529.124146
524.367981
521.964050
522.634094
525.366516
528.919861
532.793213
536.934021
541.322144
545.381287
547.627869
546.733704
543.210388
539.570129
537.629150
536.621643
534.752502
531.395386
527.644714
524.834656
523.239197
522.959778
524.177612
526.971802
530.827942
534.985107
539.360657
543.738281
546.855530
547.273987
544.761719
540.994629
538.122559
536.706787
535.485901
532.816284
528.534790
524.341309
522.205017
523.045593
525.938843
529.450073
532.999695
537.030518
541.640564
545.802551
547.686707
546.701233
543.680115
540.190247
537.661926
536.928711
536.804138
535.026794
530.624939
525.467102
522.252869
522.455627
524.922791
527.784546
530.822510
535.000793
540.077759
544.690186
547.385376
547.324585
544.620300
540.739319
537.802124
536.512024
535.299805
532.280090
527.485046
523.426514
522.059204
523.197388
525.945496
529.678589
534.129700
538.266174
540.975891
542.814148
544.756348
546.443420
545.996643
542.947754
539.319092
537.101685
535.831421
533.628052
529.766724
525.584167
522.846375
522.612366
524.617188
527.930237
531.752258
535.791138
539.991089
544.222595
547.385193
547.600281
544.511780
540.432556
538.047852
537.214966
535.665710
531.955017
527.217834
523.689331
522.225159
522.499329
524.024536
526.556946
529.898254
533.851257
538.118591
542.474426
546.009277
547.438904
545.912048
542.407410
539.124329
537.296509
536.063354
533.762512
529.534363
524.897766
522.175293
522.669006
525.387451
528.443298
531.536560
535.551941
540.637695
545.435669
547.911133
547.006592
543.470642
539.276489
536.523499
536.242065
537.205078
536.459717
532.215576
526.338623
522.469482
522.332153
524.626831
527.134827
529.577759
533.328552
538.673279
544.074158
547.329224
547.555481
544.772217
540.912476
538.385864
537.735962
537.079285
534.059937
528.637939
523.724609
521.901184
523.202698
525.681396
528.507568
532.257935
536.681946
540.692810
543.765686
546.158386
547.417969
546.265564
542.720825
539.151733
537.656677
537.417175
535.641907
531.019897
525.511536
522.158691
522.038269
524.225037
527.580017
531.117126
534.716919
538.571106
542.983093
546.912964
548.318726
546.136169
541.707520
538.034790
536.630554
535.769287
533.243164
528.956970
524.726440
522.102539
521.583252
522.946716
525.582947
529.024170
532.881348
537.163757
541.652161
545.601624
547.478699
546.294861
542.972412
539.697632
537.777954
536.790222
534.792725
530.862671
525.968323
522.566772
522.178528
524.180054
527.232971
530.802734
534.934631
539.757996
544.351562
547.155518
546.970032
544.300354
540.683472
537.621948
536.367371
536.736328
536.485657
533.497437
528.158630
523.335449
521.281982
522.563599
526.006653
529.894165
533.634583
537.341003
541.208252
545.020081
547.616150
547.352356
543.549011
538.819031
536.366516
536.146362
535.297668
531.519531
526.021790
521.994995
521.441895
523.846558
527.570801
531.770142
536.125549
539.703979
542.371094
544.904053
547.208679
547.564148
544.668396
540.278809
537.403320
536.552795
535.662354
532.539185
527.684143
523.510132
521.897766
523.010315
525.802124
529.397034
533.416199
537.707153
542.086975
546.057129
548.025208
546.552734
542.432434
538.424072
536.527100
535.926941
534.297424
530.544312
525.777832
522.612061
522.311707
524.581604
527.814941
530.629883
532.929688
535.546265
539.316956
543.791016
546.912720
547.225464
544.560547
540.706116
537.742126
536.322327
535.033081
532.087646
527.550415
523.478333
521.857971
523.132690
526.065002
529.570679
533.630920
538.553711
543.457642
546.699646
547.322632
545.289551
541.894836
538.484314
536.097473
535.434387
535.469727
534.011169
530.080017
525.322571
522.401550
522.389343
524.784912
528.283691
532.008362
536.107544
540.509888
544.534363
547.104431
547.084534
544.069031
539.949707
537.409485
536.764771
535.547302
531.816223
526.537415
522.762146
522.324158
524.155151
526.790222
530.017761
534.336060
539.283936
543.425720
546.150269
547.189575
546.238037
543.514648
540.323059
538.565918
537.984070
536.598267
533.193665
528.597595
524.781250
522.840088
522.921143
524.861450
528.414612
532.879883
537.270325
541.194763
544.756165
547.255127
547.005554
543.832825
539.709778
537.176147
536.059509
534.581360
531.377197
527.162354
523.516724
522.176514
523.528809
526.954895
530.901489
534.180603
536.507202
539.062439
542.439697
545.843689
547.126587
545.579224
542.069763
538.617249
536.635010
535.459534
533.337585
529.356323
524.644348
521.746338
522.295776
525.436401
528.946045
532.046204
536.244934
542.098999
547.405090
548.608398
545.275452
540.609253
538.358154
538.893921
538.959412
535.900208
530.200562
524.751770
522.288635
522.683716
524.097473
525.268982
526.784180
530.140259
535.088989
540.205078
543.964111
546.197144
546.925171
545.497986
541.879883
537.835266
535.547058
534.671814
532.921997
529.150635
525.061646
522.651428
522.810181
525.230957
529.261658
533.706482
538.164734
542.014099
544.764160
546.524841
546.976868
544.919006
541.077637
538.019348
537.124939
536.660889
534.526367
530.292480
525.309143
522.003845
521.815369
524.446899
528.379028
532.036133
535.169067
538.963501
544.056396
548.772034
549.218872
544.240234
538.034912
535.826599
537.447144
537.748962
533.361694
526.380127
521.552734
521.559265
524.307129
527.265503
529.632996
532.187805
535.619690
539.704407
543.649719
546.191467
546.608826
545.138123
542.475403
539.933777
537.901978
535.664368
532.767639
529.011902
525.506775
523.815308
524.485657
525.930847
527.341614
529.974915
535.169556
541.694275
546.917786
548.298645
545.982483
542.366089
539.745361
538.189209
536.948547
534.978821
531.573364
527.024109
523.181152
521.778259
522.651245
524.459106
526.693542
529.994873
534.217896
538.429626
541.988403
545.213501
547.865112
548.219055
544.356201
537.993225
533.704163
533.736755
534.765747
532.334412
526.197876
520.938843
520.554138
524.678101
529.562622
532.948181
535.662292
539.716858
544.959351
548.479248
547.798828
543.054199
537.637756
535.506409
537.196594
539.088196
536.765259
530.406860
523.847900
520.555420
521.955322
526.299072
530.557434
532.757568
533.574768
535.898804
541.058899
547.036987
549.646606
546.593323
540.805420
537.107056
536.852722
536.886902
533.839478
528.283630
523.431946
521.610718
522.817993
525.728882
529.413879
533.096436
536.383972
539.526489
542.831055
546.067505
547.232849
545.322021
541.326599
537.951172
537.790894
539.324341
538.114197
531.828613
523.278503
518.738892
520.753052
526.647400
531.169495
532.377197
533.598633
537.868408
543.973694
547.975647
547.482483
543.874268
540.051208
538.017761
537.243591
535.853943
532.680359
528.340637
524.666321
523.257996
524.139465
525.300964
525.959717
527.498230
531.563354
537.992371
544.457886
548.190552
547.708252
543.918945
539.956299
538.225342
538.870667
538.857361
535.286316
529.061951
523.861206
522.122925
523.080017
524.733337
526.820435
530.352966
535.365356
540.416870
544.309570
546.834045
547.348206
545.209229
540.999084
537.303223
535.778198
535.743042
534.528748
531.128784
527.656799
525.952698
525.473755
525.256653
525.226685
526.670593
530.648926
537.152405
543.962341
548.170654
548.668823
546.040344
542.224304
539.475403
537.949890
536.000549
532.666687
528.429810
524.615601
522.264465
522.223450
524.500549
528.142029
532.203491
536.148987
539.983093
544.040588
547.481018
548.683350
546.926514
543.395752
539.639587
536.935852
535.423340
534.184326
531.977905
528.677185
525.077698
522.887573
523.199646
525.944641
530.034180
534.792908
539.299316
542.782349
545.109070
546.048523
545.075073
542.539062
539.677673
537.756836
536.348755
533.883850
529.463013
524.573914
521.863464
522.334839
524.445679
526.495117
528.639343
532.073730
536.707092
541.447266
545.238708
547.242371
546.579102
543.453491
539.559143
537.279053
536.639465
535.348572
531.602417
526.560059
522.894592
522.141602
523.734741
526.689453
530.597839
535.417114
539.587402
542.679077
545.275208
546.542236
545.321472
541.924988
538.960693
538.370422
538.972900
538.087463
533.587219
527.535156
523.487122
522.235718
523.016296
525.185730
528.755798
533.131958
537.459717
541.680725
545.335266
547.387756
546.793091
543.631470
539.596069
536.874756
535.757263
534.471680
531.369202
526.936829
523.298889
522.154297
523.724487
527.039856
531.005005
535.095093
539.261353
543.493042
547.002075
548.458374
547.261047
544.081238
540.538269
538.169678
537.105103
535.919128
532.788208
527.755676
523.086609
521.490967
523.557190
527.367676
530.714661
533.313232
536.465332
540.945801
545.516663
547.907410
546.765869
543.046143
539.322632
537.457397
536.821106
534.836670
530.295593
524.937439
521.736267
522.309998
525.036377
527.610168
529.624390
532.290527
536.064453
539.970520
543.288330
