524.411804
524.416565
524.447388
524.440918
524.204712
523.886841
523.939941
524.701782
525.731934
526.411926
526.647034
527.000122
527.719971
528.481506
528.761414
528.814148
529.139587
529.842224
530.548035
531.022095
531.272339
531.437073
531.566345
531.882202
532.397705
532.880188
533.054565
533.153870
533.644775
534.384277
534.838135
534.824890
534.850342
535.316895
536.041443
536.438477
536.562378
536.995422
537.455750
537.456421
537.189819
537.435730
538.043579
538.132080
537.496460
536.864075
536.990173
537.796021
538.280273
538.168274
537.761292
537.446533
537.242554
537.132690
537.184875
537.305603
537.048279
536.507446
536.115479
536.075500
536.116333
535.941895
535.658264
535.285217
534.775818
534.120178
533.768311
534.154358
534.677612
534.353088
533.293213
532.448730
532.206177
532.062500
531.764832
531.415771
531.266357
531.193298
530.980957
530.634827
530.348389
530.009521
529.442993
528.714661
528.354309
528.260010
527.918091
527.257690
526.636902
526.239197
525.894531
525.504150
525.111816
524.580200
523.929077
523.234985
523.035278
523.595764
524.149170
523.686890
522.481628
521.694214
521.735413
521.948975
521.928589
521.596680
521.320129
521.118530
521.083679
521.214905
521.653625
521.958679
521.732239
521.227051
521.191101
521.542419
522.031677
522.437622
522.847046
523.176270
523.300110
523.232239
523.349548
523.830933
524.299377
524.417725
524.664062
525.505127
526.443909
526.569702
526.122681
526.071289
526.791626
527.614868
528.091309
528.343567
528.785522
529.241150
529.590454
529.880981
530.455933
531.108521
531.562073
531.751709
532.122131
532.562317
532.995056
533.289551
533.764648
534.272949
534.591675
534.718445
535.040894
535.555908
535.976440
536.181458
536.769287
538.011963
539.216003
539.459045
539.132141
539.378357
540.415039
541.451477
542.034302
542.535339
543.319641
544.165588
544.728638
545.141602
545.785583
546.719116
547.532776
548.120300
548.659363
549.238770
549.641235
549.906128
550.310364
550.827576
551.124573
551.238770
551.437256
551.876282
552.235046
552.426758
552.516541
552.732788
552.824402
552.391357
551.902161
552.194946
553.006653
553.268188
552.665039
552.017883
551.893250
552.090149
552.099609
551.855042
551.666260
551.658997
551.489197
551.166199
550.785828
550.541748
550.144958
549.738281
549.343384
549.251160
549.158997
549.036804
548.794678
548.477600
547.744385
547.084595
546.842468
547.376465
547.804199
547.273804
546.194641
545.560852
545.564331
545.548828
545.055359
544.290100
543.345581
542.432251
541.799988
541.364502
541.070374
540.313416
538.972595
537.699768
537.105957
536.739075
535.797485
534.496338
533.670837
533.466919
533.242310
532.415039
531.237976
530.215820
529.554932
529.238464
528.973083
528.621338
527.903442
526.784729
525.993530
526.021790
526.279724
525.734009
524.424561
523.574829
523.564758
523.794617
523.632141
523.106506
522.718445
522.412476
521.945862
521.293396
520.825928
520.748901
520.998840
521.343811
521.518677
521.317383
520.908386
520.693237
520.899902
521.150330
520.879944
520.236877
519.988953
520.429260
520.829346
520.433228
519.655701
519.356995
519.640930
519.940063
519.837463
519.590088
519.382263
519.187561
519.361877
520.087524
520.960693
521.177979
520.789307
520.610046
521.139343
522.027466
522.626770
522.739441
522.963623
523.662964
524.354980
524.741760
525.117310
525.672546
526.191406
526.600586
526.969604
527.215088
527.445435
527.920532
528.932678
530.349243
531.179199
530.774536
530.018311
530.212769
531.300537
532.068726
532.130127
532.119446
532.676453
533.673767
534.229980
534.228760
534.153442
534.540710
535.249634
535.809692
535.886292
535.537476
535.185974
535.522827
536.435852
537.099121
536.773438
536.217224
536.507568
537.501221
538.106934
537.482361
536.470154
536.397949
537.375549
538.301270
538.405823
537.980530
537.576599
537.365051
537.561218
537.804199
537.694580
537.056396
536.237610
535.983093
536.338562
536.476807
536.033508
535.587341
535.704163
535.790100
535.210327
534.154358
533.388855
533.333130
533.589966
533.553345
533.141235
532.672668
532.200500
531.590332
531.167908
531.120117
530.975830
530.275635
529.642456
529.785583
530.194641
529.828979
528.731750
527.764099
527.598083
527.794250
527.537476
526.686829
525.928650
525.740845
525.939209
525.922546
525.663391
525.109558
524.637146
524.500610
524.652954
524.455566
523.599426
522.754883
522.782593
523.455994
523.786621
523.070557
522.014099
521.668152
522.088440
522.372070
522.178894
521.793823
521.438782
521.015869
520.814575
521.061951
521.479431
521.503479
521.303406
521.395264
521.997559
522.339417
521.983093
521.384644
521.644226
522.747742
523.814758
524.067932
524.009583
524.246948
525.084656
526.074951
526.654541
526.418823
525.822998
525.762146
527.130005
529.342529
530.708801
530.239319
529.178406
529.129028
530.133789
531.009277
531.265625
531.214355
531.556274
532.249878
533.043457
533.718506
534.402710
534.861511
535.123413
535.663269
536.564270
537.080750
536.907410
536.701721
537.431641
538.637512
539.439270
539.306030
538.856079
538.848267
539.395569
540.039246
540.537048
540.883179
540.832764
540.430664
540.663513
542.150146
543.969910
544.779480
544.528503
544.357849
544.905945
546.065430
546.978088
547.452332
547.763489
548.372681
549.159546
550.024414
550.523010
550.677551
550.531250
550.769958
551.460449
552.175964
552.322693
552.275574
552.593811
553.219788
553.237854
552.662659
552.052551
551.983765
552.245972
552.296814
552.309753
552.435303
552.488159
552.075989
551.607605
551.609558
551.802795
551.467346
550.809631
550.418213
550.741394
550.906982
550.356689
549.292480
548.588562
548.364868
548.321960
548.070374
547.603516
547.055786
546.568298
546.397461
546.312866
545.880310
544.860291
544.003235
543.887268
544.181335
543.900879
542.758301
541.806396
542.082825
542.935425
543.012939
541.966248
540.607361
539.138794
538.195129
538.900330
541.588501
546.220337
550.774353
553.220093
552.638245
551.115173
550.505493
550.980225
551.443359
551.572632
551.172913
551.101624
551.313110
551.429199
550.911926
550.460083
549.979736
549.642761
549.194763
549.350647
549.505310
549.177612
548.194946
547.495300
547.424927
547.589050
546.953613
545.709961
544.605713
544.459106
544.248901
543.708191
542.836548
542.232544
541.699768
541.058960
540.162231
539.144348
538.160583
537.783997
537.587280
537.276062
536.362427
534.724731
533.445618
533.522766
534.339966
534.391235
533.122559
531.749756
531.152100
531.151306
531.072754
530.348572
529.369141
528.498779
527.866089
527.514343
527.306030
526.980835
526.423157
525.903259
525.757141
525.742615
525.333130
524.510681
523.899475
523.878662
524.003906
523.901489
523.546082
523.212708
522.974060
522.670227
522.446106
522.484558
522.529907
522.059998
521.186462
520.814087
521.052795
521.130493
520.710754
520.297852
520.326355
520.420349
520.205139
519.771118
519.455750
519.501099
519.756592
519.880493
519.888794
519.948059
519.957031
520.018127
520.407532
520.892334
521.039124
520.993103
521.447876
522.290649
522.757446
522.583130
522.432434
523.237915
524.722412
525.624268
525.479797
524.991150
524.887085
525.205078
525.754883
526.398865
527.020935
527.604126
528.204224
528.923828
529.506958
529.478333
529.065918
529.341675
530.720581
532.112854
532.484253
532.016296
531.920349
532.764221
533.873962
534.159119
533.819336
533.646851
534.031067
534.595825
535.094849
535.569641
535.747559
535.337952
534.966370
535.324036
536.323425
536.867310
536.615967
536.301697
536.587036
537.566406
538.022888
537.503723
536.862610
536.885254
537.488953
537.997009
538.053955
537.790100
537.384338
537.240295
537.157104
537.007996
536.715271
536.449829
536.336121
536.377441
536.225830
535.953979
535.772095
535.916504
535.934265
535.269897
534.284119
533.911255
534.165466
534.285156
533.881165
533.529175
533.385864
532.994751
532.150574
531.229370
531.041260
531.403687
531.413940
530.559082
529.524231
528.977539
528.906311
528.823608
528.540710
528.172424
527.868958
527.643677
527.452820
527.081177
526.315735
525.660034
525.586426
526.200439
526.649048
525.948853
524.571045
523.843628
524.332031
525.010376
524.744141
523.826843
523.053528
522.866821
523.126770
523.243713
522.952515
522.100403
521.337463
521.189514
521.602112
521.819885
521.480774
520.924255
520.890747
521.445251
521.766846
521.338928
520.861084
521.065491
521.735596
522.434204
522.894409
523.228943
523.359375
523.157837
523.179382
523.910217
524.962769
525.266907
524.739136
524.551941
525.353333
526.553162
527.334412
527.347412
527.337646
527.729126
528.475159
529.196777
529.791626
530.108948
530.193970
530.488403
531.398132
532.327087
532.579346
532.246826
532.206116
533.053101
534.380554
535.314514
535.551453
535.556274
535.401550
534.898438
534.516418
535.015137
536.139343
536.906372
536.986816
537.060364
537.716248
538.661255
539.331482
539.595581
539.892395
540.374939
541.010132
541.675293
542.375183
543.008728
543.600586
544.223267
545.121826
546.055176
546.667175
546.873962
547.380371
548.235168
549.142090
549.737488
550.242310
550.673950
550.562500
549.469849
548.408203
549.070007
551.541687
553.795654
554.062561
552.439758
550.703308
550.575012
551.807373
552.934692
552.885803
552.182617
551.765808
552.299927
553.136597
553.093506
551.773865
550.726685
550.860107
551.735596
551.849487
551.037781
550.194824
550.165283
550.477600
550.378418
549.563171
548.773376
548.330444
548.076111
547.782776
547.553711
547.322388
546.982849
546.797302
547.386414
548.138611
547.968506
546.682861
545.470947
545.227417
545.506470
545.345764
544.617798
543.754272
543.383789
543.252380
543.024414
542.344910
541.381409
540.189819
539.196716
538.749634
538.658142
537.989258
536.661560
535.329590
534.749878
534.551392
533.992249
532.852356
531.800171
531.191956
530.757263
530.255859
529.875549
529.414368
528.525085
527.465454
526.816833
526.613403
526.385132
525.769897
525.087097
524.847290
524.748657
524.111877
523.016724
522.339661
522.309326
522.282898
521.862122
521.313293
521.078491
521.166382
521.197205
521.032104
520.582031
520.003235
519.407898
519.313843
520.002869
520.709106
520.508240
519.669617
519.349976
519.954956
520.508423
520.403625
519.854370
519.664124
520.037354
520.423950
520.570251
520.685608
520.867493
520.978577
521.111084
521.257080
521.262634
521.157288
521.131042
521.440369
522.131226
522.731873
522.877869
522.859863
523.049500
523.292664
523.442932
523.740479
524.524414
525.456177
525.892700
525.916565
526.033630
526.455750
526.821472
527.018250
527.503357
528.352844
529.284241
529.854919
530.106567
530.412781
530.854980
531.237061
531.559814
531.967834
532.517944
532.942017
533.276184
533.802307
534.403320
534.691467
534.710266
534.900818
535.301331
535.791016
536.250244
537.017639
538.266785
539.020935
538.223938
536.517334
535.667542
536.425171
537.609070
538.004578
537.642029
537.404480
537.870361
538.500732
538.652832
538.164429
537.535400
537.217224
537.454712
537.847473
537.770203
537.119629
536.841064
537.388062
538.048340
537.790894
536.769531
535.924011
535.949219
536.299316
536.166992
535.514282
535.210693
535.272949
534.953369
534.160400
533.450012
533.043091
532.685181
532.361511
532.430298
532.632751
532.343384
531.357849
530.251770
529.728943
529.533203
529.090088
528.333374
527.790161
527.750427
527.833130
527.400208
526.517517
525.752136
525.368164
525.226807
525.138672
524.883118
524.369629
524.045898
524.173279
524.433350
524.086670
522.883301
521.819702
521.961365
522.831299
523.005310
522.185974
521.519409
521.596436
521.957458
521.998718
521.602478
521.422180
521.678101
521.852783
521.611633
521.351685
521.396729
521.640198
521.872925
522.198425
522.509399
522.694214
522.965027
523.319336
523.499390
523.177490
522.900146
523.251465
524.254211
525.011841
524.505981
523.328735
522.863953
523.556702
524.562439
525.169678
525.596924
526.026917
526.322388
526.588440
526.805603
527.285461
527.706299
528.056274
528.563660
529.539978
530.500671
531.040161
531.220276
531.715942
532.553345
533.483276
534.009338
534.455139
535.133057
535.992676
536.814636
537.649536
538.561584
539.235718
539.361694
539.365417
539.830261
540.679504
541.243896
541.588074
542.381531
543.567200
544.504333
544.654968
544.514709
544.804260
545.562500
546.204834
546.411499
546.573181
547.130859
547.889893
548.634766
549.161682
549.404663
549.338501
549.262024
549.489136
549.669922
549.577393
549.618652
550.370911
551.457520
551.906677
551.100342
549.736511
549.351562
550.142944
550.965088
550.942566
550.522400
550.349304
550.523682
550.863403
551.141174
551.059692
550.768616
550.517395
550.843994
551.299561
551.371277
550.775146
550.380249
550.764648
551.604004
551.681213
550.873169
549.885376
549.635498
549.749023
549.704895
549.269043
548.961182
548.830017
548.557617
548.059326
547.711853
547.222717
546.243530
545.233643
544.827698
544.791748
544.266541
542.989685
541.820984
541.658508
542.141052
542.170410
541.141418
539.660095
538.523315
537.959412
537.550049
536.957336
536.128662
535.231079
534.700500
534.790894
534.858459
534.125610
532.845215
531.812622
531.355469
531.038818
530.234131
529.311035
529.000183
529.151428
528.832397
528.183228
527.965576
528.271240
528.227051
527.344910
525.996338
525.223267
525.147400
525.272766
525.135742
524.867981
524.745667
524.933228
525.296204
525.330444
524.530396
523.209595
522.240051
522.168640
522.457581
521.898193
520.644104
520.115417
521.172180
522.526001
522.481812
520.856995
519.097717
518.395996
518.827148
519.714417
520.308289
520.221802
519.645691
519.269836
519.718994
520.501221
520.678040
520.229553
520.096313
520.833252
521.563477
521.458557
520.874390
520.919678
521.872681
522.879944
523.274780
523.441223
523.818542
524.337341
524.680237
525.012878
525.472229
525.959839
526.276855
526.546082
526.998474
527.481934
527.686646
527.956726
528.605286
529.278015
529.356445
529.302917
530.032654
531.441406
532.411011
532.157410
531.539124
531.733154
532.741211
533.537109
533.746826
533.924011
534.509766
535.218140
535.620728
535.522888
535.223206
535.086548
535.346252
536.041687
536.857849
537.375854
537.414856
537.290833
537.467041
537.414307
536.642883
535.923035
536.147766
537.169800
537.931213
538.015991
537.899902
537.896851
537.979675
537.732117
537.393982
537.335754
537.422668
537.228088
536.876038
536.731323
536.909485
536.893433
536.515503
535.899719
535.380493
534.853516
534.460266
534.380310
534.619507
534.651550
534.194641
533.396362
532.854553
532.475342
532.021667
531.633118
531.627075
531.665771
531.233521
530.604004
530.313110
530.313538
529.994446
529.182129
528.555298
528.596680
528.730042
528.239014
527.108948
526.254333
525.989319
526.065125
525.998962
525.738464
525.340332
524.867065
524.576416
524.629089
524.558289
523.955994
522.927124
522.305847
522.547729
523.073181
522.892151
522.226562
522.044678
522.475830
522.630737
522.344788
521.888794
521.668396
521.579102
521.605408
521.698914
521.982300
522.055969
521.839417
521.564941
521.724426
521.994324
522.075928
521.997498
522.229858
522.657715
522.869934
522.643188
522.366760
522.466309
522.797058
523.253174
523.954773
524.780151
525.144531
524.657227
524.069092
524.488037
525.791382
526.826050
526.931274
526.797546
527.348572
528.689880
530.090820
530.839172
530.980835
530.920715
531.113464
531.645874
532.422180
533.070618
533.606628
534.354919
535.502197
536.496948
536.966187
537.049072
537.337585
537.920593
538.469849
538.826782
539.348877
540.310059
541.228821
541.683716
542.094910
542.974609
543.746094
543.623352
542.919373
542.889465
543.798401
544.797180
545.093567
545.173462
545.905518
547.417786
548.648376
548.846191
548.296753
547.858032
548.045044
548.830383
549.621765
549.784851
549.429688
549.459045
550.359741
551.526733
551.932739
551.367798
550.579163
550.400391
550.724792
550.994507
551.067566
551.080933
550.768555
550.190430
549.838257
550.403137
551.145996
551.157837
550.369385
549.784973
549.929993
550.423218
550.482727
550.426697
550.619507
551.216309
551.434753
551.232239
550.744995
550.498413
550.313293
550.234924
549.905090
549.320068
548.462524
548.090759
548.363831
548.720581
548.141907
546.594116
545.273499
545.210327
545.837646
545.645447
544.356262
543.097046
542.506042
542.341553
542.256836
541.797974
541.089050
539.988159
538.930298
538.205872
537.934021
537.611572
536.875916
536.070068
535.774048
535.732971
535.313293
534.248352
533.076172
532.230469
531.663513
531.193970
530.776428
530.382874
530.007690
529.593140
529.392212
529.381958
528.929077
527.669128
526.520081
526.315674
526.684509
526.645447
526.228394
525.904907
526.034363
526.164062
525.778137
525.054626
524.599243
524.354248
523.840820
523.057617
522.607605
522.608948
522.731995
522.731689
522.350403
521.584412
520.743530
520.511841
520.899109
521.138062
520.550232
519.504089
519.317078
520.554626
521.928101
521.918335
520.621216
519.474182
519.331604
519.762451
520.021667
519.935791
519.896057
520.175537
520.981812
521.947510
522.486084
522.188843
521.588196
521.554626
522.225708
522.954956
523.265137
523.551514
524.435547
525.584473
526.156494
525.940491
525.687134
525.905701
526.410706
526.877136
527.436157
528.302429
529.047668
529.332825
529.515259
530.012024
530.470581
530.366516
530.226746
530.940796
532.176880
532.854736
532.567566
532.243103
532.804504
534.160522
535.179565
535.245178
534.772949
534.651245
534.993408
535.636047
536.174866
536.199036
535.644226
535.342773
535.905151
537.026184
537.709656
537.635986
537.222717
537.165710
537.264343
537.088135
537.020447
537.383667
537.775208
537.664490
537.376038
537.673950
538.371460
538.732178
538.107544
536.942871
536.339050
536.423767
536.553467
536.369019
535.936707
535.579102
535.433167
535.777710
536.139893
535.784851
534.617615
533.450317
533.013184
533.209717
533.125000
532.519165
531.839233
531.748596
531.969971
531.791443
531.241699
530.782104
530.435669
529.875366
529.244446
528.954834
528.797241
528.324951
527.723755
527.466125
527.673462
527.758789
527.311401
526.501709
525.898193
525.497742
525.090698
524.596985
524.328491
524.360779
524.542419
524.649536
524.478149
523.919067
523.142334
522.604614
522.706970
523.148315
523.052917
522.135559
521.441833
521.860657
522.856140
523.141113
522.516052
521.757446
521.393250
521.157898
520.900269
520.753906
521.051514
521.598083
522.073242
522.321533
522.439941
522.318909
522.112000
521.970032
522.234680
522.598938
522.886963
523.279053
524.175049
525.232605
525.746826
525.646973
525.742920
526.474426
527.219482
527.275208
527.152100
527.590759
528.428894
529.071655
529.584351
530.444031
531.451965
532.029419
532.131592
532.250732
532.839539
533.583435
534.004761
534.437805
535.246094
536.243469
536.901001
537.072632
537.203918
537.463379
538.068909
538.910950
539.836853
540.485291
540.778320
541.128845
542.091431
543.301147
543.982178
543.665527
543.304382
543.800415
544.858154
545.396912
545.325684
545.358276
545.937134
546.797607
547.613220
548.036682
548.016479
547.932434
548.117615
548.698120
549.249878
549.256714
548.644348
548.512512
549.290527
550.360535
550.478821
549.722168
548.998047
549.013062
549.387146
549.595703
549.614624
549.857117
550.272034
550.788757
551.512024
552.252136
552.289551
551.432190
550.681274
550.997803
551.898376
552.200073
551.531433
550.941101
551.307251
552.122009
552.136414
550.923462
549.480957
548.880432
549.111572
549.590149
549.282288
548.333191
547.386353
547.387756
547.835632
547.518250
546.083496
544.677185
544.361145
544.785217
544.525635
543.071350
541.568298
541.439392
542.311707
542.568298
541.537720
540.038635
539.072144
538.751343
538.801758
538.485107
537.383850
535.802063
535.055237
535.555908
536.386536
535.938110
534.086731
532.180359
531.695679
532.052063
531.766663
530.514404
529.636230
529.855835
530.454468
530.318909
529.232849
528.004272
527.433105
527.381287
527.674622
527.893677
527.474121
526.333374
525.395142
525.475281
525.986572
525.862976
525.013000
523.927368
523.261780
522.888611
522.632141
522.399292
522.287659
522.153137
521.847168
521.341736
520.922058
520.357300
519.721252
519.437683
519.823547
520.320740
520.276978
519.859558
519.648682
519.619507
519.427551
519.018250
519.107971
520.089783
521.215637
521.562317
521.184326
520.876221
520.950500
521.159912
521.450439
521.808960
522.050415
522.029297
522.048157
522.670593
523.736755
524.456970
524.438538
524.406372
525.045898
525.942505
526.395874
526.405701
526.592468
527.333740
528.178772
528.691467
528.820801
528.973877
529.468872
530.289124
531.238831
531.874084
531.552612
530.645630
530.323364
531.389526
532.845581
533.534241
533.557190
533.897766
534.691589
535.278931
535.117798
534.622437
534.377808
534.607300
534.829712
535.116516
535.709045
536.662292
537.431702
537.705994
537.620056
537.200867
536.629211
536.452026
536.706848
537.186646
537.533691
537.945190
538.455200
538.844421
538.528198
537.273071
536.065247
535.803894
536.278198
536.739441
536.844482
536.845886
536.626892
536.206299
536.057678
536.345093
536.499268
535.653015
534.179993
533.299133
533.685120
534.647156
534.691284
533.557251
532.368103
532.077209
532.496094
532.811279
532.396301
531.160400
529.814453
529.511230
530.365417
531.299927
530.755981
528.420776
526.192261
525.861694
527.260864
528.696472
529.081543
528.367798
527.349365
526.475525
526.028870
525.741333
525.428650
524.698242
524.052490
524.177490
525.176208
525.854919
525.574463
524.561218
523.695557
523.145508
522.719482
522.172180
521.932617
522.098145
522.364502
522.426819
522.263611
522.012817
521.534241
520.893555
520.662231
520.882690
521.053406
520.892639
520.920410
521.746948
522.692322
522.649170
521.650940
521.062378
521.774902
522.959900
523.672974
523.776733
524.018066
524.747620
525.417847
525.345764
524.908020
525.019104
526.124084
527.430359
528.260620
528.208557
528.083069
528.718018
530.082275
531.142944
530.764954
529.422363
528.993958
530.359192
532.439148
533.602783
533.833435
534.031616
534.546448
535.116211
535.223755
535.241028
535.853638
537.063843
538.196533
538.784729
539.073242
539.254822
539.523743
540.091248
540.702332
540.974548
541.007996
541.441956
542.629761
543.740295
543.978271
543.444702
543.238464
543.726868
544.281860
544.181030
543.670654
543.645386
544.221863
545.082581
545.861145
546.474182
546.476318
545.768616
545.216370
545.862793
547.309998
548.542480
548.854431
549.122559
549.779114
550.524658
550.403442
549.877747
549.725952
550.588440
551.720337
552.335388
552.203796
551.960693
552.069153
552.718811
553.178955
553.002563
552.067200
551.111938
551.219177
552.470093
553.521179
553.139526
551.761780
550.763855
550.658386
550.756165
550.430786
549.444458
548.464355
548.132507
548.572632
549.002197
548.637695
547.225830
545.705383
545.067078
545.620605
546.226135
545.859558
544.769165
543.892822
543.294922
542.609985
541.624023
540.739014
540.158447
539.809753
539.400391
539.232361
539.580261
539.717163
538.838135
537.363220
536.111938
535.435242
534.906494
534.373352
533.897278
533.717041
533.665283
533.372559
532.755371
531.855774
530.515381
529.261292
528.722534
529.072998
529.476990
529.372437
528.815613
528.377075
528.210510
527.997070
527.522644
527.040344
526.744202
526.535339
526.143860
525.951660
525.951721
525.635132
524.685547
523.769409
523.480164
523.428711
522.871033
522.006348
521.495544
521.683105
521.935974
521.639954
520.893616
520.296997
520.016907
519.962646
519.977722
520.134094
520.247986
520.103882
519.840149
519.729492
519.693420
519.517578
519.380737
519.620667
520.222534
520.630798
520.677795
520.972168
521.863953
522.667114
522.624329
522.209656
522.349426
522.917908
523.336670
523.490601
523.819275
524.477966
524.919434
524.875122
524.828613
525.342163
526.182190
526.706055
526.945374
527.481995
528.210266
528.633240
528.717896
528.910950
529.409607
530.152100
531.044739
531.871094
532.414429
532.574890
532.540100
532.687195
533.123779
533.364319
533.087830
532.961914
533.733398
534.851685
535.513062
535.577271
535.755371
536.196228
536.459229
536.395325
536.376404
536.579834
536.912842
537.094299
537.195496
537.201294
537.130188
536.950012
536.990234
537.429810
537.912292
537.783997
537.347290
537.199829
537.513672
537.719849
537.545715
537.243408
537.272095
537.352722
537.089600
536.709839
536.585327
536.495789
536.031250
535.457703
535.153931
534.931030
534.488159
534.027588
533.861694
533.955750
533.583557
532.748901
532.044800
531.946167
531.937317
531.390991
530.525391
530.064270
530.055725
530.048218
529.748108
529.318726
528.886597
528.353027
527.773315
527.398376
527.277466
526.918335
526.030701
525.347595
525.445557
525.736877
525.500366
524.921448
524.647888
524.635132
524.347717
523.691895
523.123047
523.019714
523.008362
522.740784
522.495728
522.584351
522.734558
522.446045
521.801392
521.241882
521.109131
521.295349
521.675781
522.180786
522.429016
522.188232
521.850586
521.948181
522.460144
522.410156
521.549133
520.910278
521.313782
522.378540
523.075500
523.280823
523.456848
523.664185
523.583923
523.095947
522.760315
523.136597
523.725159
523.977417
523.965088
524.366211
525.117249
526.027100
526.668091
526.876709
526.787964
526.917786
527.664368
528.844238
529.687622
529.998840
530.220215
531.252014
532.711853
533.698364
533.713440
533.372009
533.674438
534.611145
535.486450
535.943726
536.244934
536.623596
537.192749
538.282898
539.796753
540.740356
540.632324
540.164856
540.634094
541.990417
543.049011
543.086243
542.784180
543.280884
544.807861
546.135620
546.339172
545.861755
545.798584
546.357910
547.107910
547.611511
547.652710
547.533081
547.762695
548.898499
550.575317
551.533020
551.061584
550.007385
549.758850
550.445190
551.041138
550.898682
550.253052
550.021057
550.767334
551.806885
552.332703
551.946594
551.128662
550.464233
550.436768
550.633057
550.436401
549.611328
549.377136
550.170288
551.405579
551.654968
550.947998
550.151855
549.975037
550.063538
549.825439
549.570068
549.837158
550.300842
550.378052
550.019775
549.609985
549.255981
548.844727
548.491882
548.124390
547.757751
546.977478
546.038269
545.588928
545.775940
545.682983
544.727661
543.676147
543.297729
543.215332
542.542480
541.065063
539.602722
538.869873
538.719849
538.576233
537.852600
536.818970
536.088074
535.836304
536.198303
536.429199
535.516785
533.559631
532.008789
532.020569
532.573364
531.966003
530.220337
528.673523
528.753845
529.828674
530.144348
528.835876
526.789673
525.437927
525.333679
525.681213
525.534119
524.597290
523.754944
523.852600
524.680603
524.734009
523.460938
521.811707
521.116089
521.280212
521.220520
520.494690
520.064331
520.870361
522.385803
523.073242
522.455688
521.275330
520.366821
520.126343
520.505249
521.040344
521.141052
520.644531
520.255493
520.593079
521.342896
521.489929
520.772156
520.084839
520.297424
520.997192
521.249512
520.877686
520.668091
520.996460
521.705322
522.287720
522.490845
522.229126
521.901367
522.003967
522.777161
523.988770
524.687561
524.242188
523.638306
523.920349
524.991516
525.952637
526.529297
526.913086
527.129700
527.235962
527.553223
528.223999
529.178101
529.744568
529.897034
530.022827
530.620911
531.417480
531.869385
532.023010
532.420776
533.081604
533.594604
533.826965
534.200256
534.638550
534.910278
534.960571
535.119507
535.644653
536.110779
536.262817
536.486694
537.072021
537.555115
537.296143
536.755249
536.779846
537.363586
537.700623
537.323730
536.833740
537.032715
537.739563
538.221191
538.070068
537.783386
537.684570
537.643555
537.461426
537.130615
536.872925
536.925232
537.526245
538.064514
537.848694
536.940125
536.284485
536.339355
536.673523
536.091125
534.488220
533.402771
534.153809
535.799805
536.407532
535.498169
534.081604
533.260010
533.247803
533.362671
532.967529
532.241272
531.695801
531.771851
531.987976
531.778564
530.514709
528.903809
528.150757
528.443054
528.703735
528.134399
527.230774
526.847290
526.766724
526.389648
525.408569
524.476196
524.278931
524.495667
524.394409
524.020630
523.807617
523.641418
523.198730
523.004028
523.225525
523.212524
522.365906
521.375366
521.279602
522.159180
522.880676
522.494507
521.369690
520.893921
521.348877
521.896545
521.717163
521.143372
520.951355
521.560242
522.623840
523.247314
522.951721
522.246582
522.124817
522.905701
523.909729
524.013672
523.059692
522.476562
523.351013
524.911499
525.828552
525.883179
525.677246
525.691650
525.894287
526.129761
526.327332
526.894348
527.895447
528.865967
529.328735
529.287964
528.707764
528.421814
528.858826
529.864868
530.435852
530.394958
530.367615
531.092834
532.059692
532.463623
532.077087
532.071167
532.843445
534.055603
534.875549
535.469299
536.062622
536.633667
537.099182
537.644836
538.496338
539.178833
539.390747
539.615723
540.400818
541.693298
542.718506
543.248901
543.939880
544.733215
545.440613
545.595215
545.854126
546.445312
547.082397
547.450439
547.696960
548.287292
549.152283
549.634094
549.909851
550.244629
550.804260
551.064209
550.724548
550.416992
550.662659
551.296631
551.893066
552.419312
552.894836
552.850525
552.305420
551.828125
551.830505
552.139038
552.057190
551.607300
551.515930
552.094299
552.649170
552.484253
551.869812
551.305664
550.910583
550.435669
549.872559
549.544556
549.663391
549.955444
550.115601
549.796082
549.034729
547.986145
547.086914
547.010071
547.383545
547.197815
546.119629
545.391663
545.885559
546.870544
546.863342
545.582153
544.046753
543.550049
543.829956
543.962097
543.370789
542.703918
542.412170
542.625916
542.631836
541.887207
540.350464
538.962585
538.644226
538.969360
538.684998
537.358643
535.945740
535.529358
535.579773
534.889709
533.121033
531.591248
531.450989
532.041870
532.064392
531.252930
530.072327
528.959167
528.017578
527.544434
527.309021
526.739502
525.656860
524.742737
524.630127
525.009338
524.544128
523.089600
521.880371
521.957581
522.628723
522.724304
522.019104
521.355225
521.187561
521.204285
520.808044
520.116760
519.465881
519.409912
519.893738
520.535217
520.665588
519.766479
518.439453
518.064819
519.027100
520.142578
520.166809
519.584595
519.431030
519.918152
520.554443
520.757751
520.805603
521.072083
521.294739
521.177185
520.921204
520.958679
521.430054
522.136658
522.875977
523.355103
523.363525
523.141602
523.262695
524.025574
524.869385
525.354187
525.615906
526.186707
527.174133
527.660950
527.155396
526.379211
526.263794
526.938232
527.908875
528.985413
529.774414
529.882446
529.508179
529.431519
530.134521
530.984070
530.980408
530.369385
530.555908
532.299255
534.371033
535.174255
534.676025
533.995728
533.887268
534.153503
534.383057
534.549133
535.022644
536.094604
537.528809
538.450806
538.409119
537.056458
535.359131
534.978882
536.199036
537.543335
537.514465
536.637817
536.597168
537.854797
539.374817
539.609924
538.266296
536.642700
535.832886
536.186035
536.703003
536.579285
536.006897
536.065979
537.114929
538.077576
537.415588
535.357849
533.638611
533.753540
534.820496
535.115173
534.344299
533.804016
534.088745
534.356018
533.515137
531.933105
530.800903
530.644043
531.028687
531.449890
531.368591
530.688660
529.724670
529.343018
529.714355
530.056335
529.402954
528.036316
527.120850
527.291748
527.613708
527.281067
526.430664
525.954285
525.960632
525.889099
525.274353
524.577393
524.147644
524.211792
524.519714
524.529907
523.854919
522.896973
522.516541
523.330200
524.659119
525.138428
523.919067
522.325317
521.865295
522.358215
522.645203
522.275879
521.722412
521.642822
521.981995
522.424316
522.330322
521.879761
521.506714
521.583069
521.922791
522.119385
521.833557
521.448669
521.700195
522.799927
523.682190
523.952881
524.043030
524.426086
524.653015
524.389526
523.898743
524.250366
525.839355
527.597839
528.183228
527.913330
527.807800
528.157532
528.621460
529.147827
529.667725
530.101868
530.541931
531.330872
532.539001
533.703186
534.233032
534.220947
534.297607
534.837036
535.392944
535.685425
536.216309
537.435364
538.787109
539.460632
539.502197
539.705200
540.269287
540.810181
540.822693
540.684326
541.116821
542.096375
543.223083
544.348511
545.137085
545.161316
544.608032
544.454529
545.134094
545.989258
546.403442
546.425232
546.966064
548.368530
549.708130
549.984253
549.386475
548.779724
548.641724
548.979309
549.793518
550.679077
551.388672
551.713989
551.913574
551.855408
551.583130
551.206177
550.952209
551.291077
551.996277
552.069031
551.282776
550.776855
551.625793
552.725525
552.625671
551.390442
550.029175
549.665222
550.002930
550.167419
549.812073
549.455139
549.692993
550.250854
550.418274
549.804565
548.608093
547.712585
547.835205
548.667603
549.005737
548.297119
547.491394
547.387024
547.854919
547.742676
546.729797
545.670776
545.490356
545.920471
545.841370
545.154968
544.337952
543.572144
542.908203
542.644714
542.280029
541.376404
539.910278
538.740356
538.386169
538.415344
537.783630
536.389648
534.971375
534.583252
534.491211
533.847534
532.687561
531.862915
531.546448
531.177979
530.356628
529.343689
528.390625
527.927429
527.935242
527.981201
527.548828
526.299683
524.778015
524.097046
524.387634
524.631897
524.133057
523.550049
523.647949
523.880432
523.417480
522.177307
521.217896
521.192871
521.443420
521.038574
520.129700
519.445862
519.538635
520.182739
520.846191
520.902771
520.222107
519.348633
518.883423
519.088318
519.435242
519.506042
519.672058
520.320984
521.222717
521.244324
520.200073
519.260071
519.285156
519.883240
520.180847
520.134705
520.398926
521.188049
522.286621
523.037659
523.161377
522.859497
522.460327
522.523804
523.314575
524.260254
524.660767
524.714050
525.306763
526.518372
527.210510
526.669861
525.417725
525.020752
525.864441
527.093323
527.838623
528.277161
529.005432
529.889893
530.416260
530.572876
530.360962
529.856018
529.472656
529.923218
531.202087
532.402588
532.996155
533.224548
533.755127
534.467102
534.643799
534.226807
534.099487
534.841431
535.774475
536.152954
536.179260
536.462952
537.152527
537.640076
537.503052
536.921326
536.429871
536.550354
537.188782
537.850281
537.977600
537.263245
536.414307
536.686768
538.032593
538.887207
538.192078
536.795776
535.994019
536.175476
536.701965
536.783752
536.355347
536.065247
536.058594
536.104980
535.973267
535.634949
534.955750
534.449097
534.278381
534.213257
533.687012
532.962219
532.753540
533.213989
533.486145
532.792786
531.562683
531.002869
531.233276
531.288330
530.465698
529.337036
528.682373
528.586060
528.687195
528.977112
529.198730
528.812378
527.712036
526.771545
526.673828
526.931580
526.524597
525.496765
524.715149
525.053955
525.753723
525.856628
525.078003
524.228821
523.821350
523.845459
523.837463
523.558044
522.946045
522.740967
523.248291
524.110229
524.084534
522.838623
521.264099
521.012390
522.231873
523.309631
522.905640
521.657349
520.864929
521.000183
521.420410
521.661316
521.622620
521.553894
521.727966
522.173218
522.653259
522.883545
522.794800
522.796082
523.261536
523.914917
524.145203
524.037354
524.378723
525.510071
526.668152
527.158325
527.222168
527.550537
528.248169
528.828491
528.962585
529.137390
529.697449
530.307861
530.790771
531.291565
531.841370
532.159485
532.358826
532.972473
533.982605
534.748108
534.883240
534.891663
535.634949
536.977173
537.915527
537.953552
537.838196
538.097534
538.675659
539.259583
539.912720
540.758423
541.591370
542.203430
542.575806
542.921875
543.293030
543.482178
543.744019
544.576721
545.703552
546.306030
546.172302
546.159851
546.710083
547.234558
547.193176
547.063049
547.376587
548.049072
548.502930
548.662598
548.936646
549.522217
550.055908
550.088257
549.962036
549.894226
549.771912
549.539795
549.642883
549.984375
550.418091
550.472717
550.405273
550.319763
550.313782
550.025269
549.671082
549.918091
550.766296
551.217712
551.010315
550.804932
551.058960
551.420288
551.341858
550.959961
550.514221
550.205200
549.906921
549.831299
550.010010
550.462036
550.323792
549.633789
548.788818
548.402100
548.130981
547.579285
546.964233
546.606384
546.447998
546.371033
545.936035
545.097778
543.877869
542.726440
542.112610
541.955688
541.684265
540.577576
539.075134
538.517273
539.127808
539.693359
539.149780
537.806519
536.535522
535.679993
535.118958
534.764648
534.529602
534.226990
533.593872
532.673767
531.845215
531.218262
530.519409
529.861450
529.333862
528.981201
528.385376
527.507324
526.927612
526.836060
526.787048
526.082520
525.195007
524.796021
524.601501
523.885010
522.636292
521.896729
522.300110
523.054932
523.337952
522.892883
522.257080
521.584961
520.942993
520.544922
520.636292
520.865295
520.766418
520.429749
520.430420
520.675415
520.523865
519.939270
519.635925
519.924072
520.361938
520.379211
520.284729
520.727966
521.533508
521.894470
521.463013
520.861694
520.754639
520.967896
521.245361
521.611023
522.054260
522.216797
522.128967
522.240417
522.674438
522.903931
522.757874
522.760559
523.401062
524.216553
524.530457
524.394775
524.660461
525.547607
526.380737
526.605103
526.635010
527.082214
527.853577
528.369751
528.470154
528.535278
528.909607
529.678955
530.666809
531.677185
532.343872
532.151550
531.638550
531.814758
532.713562
533.427490
533.558594
533.696350
534.379822
535.245850
535.697937
535.609192
535.662170
536.031311
536.271423
536.183777
536.255981
536.703430
537.241760
537.528809
537.609375
537.675781
537.730103
537.559387
537.358826
537.323059
537.343628
537.263367
537.304932
537.638306
537.951965
537.577209
536.700623
536.280090
536.680054
537.126587
536.914612
536.309387
535.877869
535.743835
535.643250
535.416077
535.139282
534.934326
534.609375
534.364075
534.357849
534.412659
533.958252
533.290161
532.871704
532.826660
532.541199
531.951172
531.444580
531.540771
531.789062
531.544556
530.675598
530.008057
529.854309
529.750488
529.315186
528.879456
528.613403
528.248352
527.795349
527.733093
527.959778
527.714539
526.694275
525.614197
525.278320
525.301636
524.791138
523.823669
523.071533
523.157898
523.563416
523.547058
522.976257
522.388611
521.973938
521.663147
521.380615
521.415894
521.408936
521.417175
521.533875
521.823975
521.737915
521.226746
520.850525
521.327148
522.346985
522.864990
522.383240
521.904602
522.220886
522.996521
523.261841
523.079346
523.068298
523.487915
524.093079
524.595581
525.093140
525.771667
526.393738
526.730225
526.757751
526.830139
527.086426
527.657227
528.564270
529.434387
529.750183
529.720154
530.033386
531.028259
531.986877
532.291321
532.148682
532.504150
533.707336
534.786316
535.020813
534.990601
535.383911
535.928955
536.100769
536.158630
536.491150
537.155518
538.154236
539.179199
539.928284
540.132629
539.992981
539.867859
540.304749
541.192810
541.789001
541.912109
542.259827
543.010803
543.609619
543.443542
543.085327
543.204102
543.895630
544.653198
545.089111
545.466370
545.900269
546.009888
545.895020
546.084412
546.759705
547.384338
547.510254
547.668335
548.320618
549.246277
549.878601
550.112000
550.326233
550.654358
550.758484
550.580750
550.641785
551.202942
551.869629
552.098572
552.018066
551.968567
552.037354
551.973694
551.918823
551.732544
551.450562
550.990356
550.643311
550.978760
551.692749
551.822571
550.969604
549.853516
549.324646
549.134705
548.783508
548.416443
548.140015
548.111633
547.846252
547.236023
546.395386
545.719971
545.101868
544.524109
544.035156
543.826538
543.480286
543.034912
542.533142
542.073181
541.131653
539.877808
538.826477
538.545105
538.571655
538.327148
537.758545
537.227112
536.733337
535.843689
534.485901
533.518738
533.404724
533.580872
533.194031
532.421021
531.973450
531.750854
531.319824
530.475647
529.565857
528.735657
527.960083
527.255554
526.892761
526.804077
526.647522
526.188049
525.642883
525.100952
524.456787
523.735229
523.239075
523.318481
523.609924
523.615723
523.323914
523.009766
522.789429
522.294556
521.643799
521.601868
522.143738
522.508362
522.213501
521.832886
521.919922
522.157410
522.007446
521.451965
521.035217
521.118286
521.270325
521.116821
520.953552
521.031006
521.196350
521.090271
520.855347
520.785339
520.739136
520.621521
520.616760
520.924255
521.415833
521.759827
522.072205
522.424683
522.772522
522.666504
522.217834
522.263000
523.220886
524.315369
524.843384
525.016357
525.388672
525.784119
526.029236
526.159485
526.538269
527.226562
527.847168
528.154907
528.567688
529.258850
529.927734
530.240173
530.476746
530.885376
531.269958
531.577026
532.106079
532.976685
533.817932
534.159058
534.148193
534.213806
534.554871
534.645020
534.401794
534.437805
535.116638
535.925964
536.300659
536.484131
536.836914
537.072083
536.862000
536.457520
536.468567
537.001465
537.514099
537.738586
537.879822
537.987793
537.787292
537.367859
537.087463
537.290161
537.558167
537.463379
537.097290
536.985962
537.190063
537.241760
536.907776
536.475159
536.047791
535.638428
535.321289
535.573669
536.244568
536.560059
535.998047
535.248047
534.924927
534.825195
534.241028
533.497314
533.099792
533.197266
533.260559
533.049438
532.704346
532.628784
532.442749
531.953796
531.115723
530.489685
530.120544
529.917725
529.788391
529.681763
529.293640
528.573730
527.786804
527.364075
526.953552
526.254578
525.486145
525.403198
526.009827
526.300720
525.609985
524.474548
523.693604
523.432312
523.178833
522.915588
522.747070
522.645996
522.401978
522.127502
522.019775
522.028931
521.833313
521.506897
521.287842
521.368225
521.364929
521.261780
521.347046
521.875793
522.337646
522.304321
521.993347
521.975586
522.196655
522.414185
522.554199
523.227844
524.310547
524.861023
524.420044
523.841248
523.967346
524.682495
525.145935
525.403015
525.724243
526.356018
526.993042
527.356628
527.545166
527.930420
528.467834
529.129578
529.744202
530.308167
530.577148
530.751953
531.204163
532.079712
532.545105
532.470703
532.506104
533.323669
534.426331
535.081421
535.135925
535.320251
536.093994
536.845093
536.869202
536.619995
536.921875
537.661133
538.290771
538.768433
539.164307
539.300171
539.175903
539.102417
539.678345
540.621887
541.128052
540.889893
540.842285
541.726990
543.118530
543.939331
543.965637
543.896179
544.297485
545.064209
545.777222
546.168762
546.448181
547.011597
547.942871
549.127930
549.838257
549.456055
548.437866
548.194397
549.382996
550.817078
551.270874
551.014648
551.173950
552.166199
552.931763
552.698669
551.869080
551.407166
551.841248
552.591492
552.882446
552.374878
551.593201
551.193481
551.521790
552.134827
552.070496
551.053955
550.165710
550.158752
550.446533
549.990662
549.001526
548.373230
548.720703
549.291565
548.908447
547.833069
546.842834
546.377747
546.307312
546.457275
546.360474
545.474548
544.059937
543.184448
543.204285
543.571533
542.890991
541.424866
540.425171
540.607483
540.588074
539.427856
537.843201
537.368347
537.963379
538.326904
537.358398
535.613708
534.217773
533.870544
533.859314
533.469482
532.539734
531.327881
530.486877
530.656311
531.484985
531.612061
530.285950
528.620422
527.937683
528.134155
527.959595
526.968933
526.032898
525.959167
526.423401
526.506592
525.768066
524.938538
524.642456
524.856506
524.969604
524.710571
524.017029
523.251831
522.989502
523.425659
523.841797
523.595703
522.874084
522.328308
522.177429
521.880493
521.102661
520.494751
520.674500
521.227905
521.383240
521.076904
520.907043
520.905457
520.774353
520.428406
520.001282
519.772705
519.766968
519.998291
520.678528
521.592285
522.155457
521.992493
521.601685
521.632019
521.850708
522.011841
522.315857
523.067566
523.972534
524.390747
524.340942
524.480286
525.223206
525.853394
525.651367
525.314148
525.834717
526.945435
527.752686
528.033569
528.274353
528.732422
529.258972
529.749329
530.130554
530.428101
530.664490
530.956360
531.738281
532.789978
533.399719
533.162720
532.871033
533.354248
534.111877
534.244385
534.051941
534.513672
535.882446
536.998352
537.082336
536.280762
535.725830
535.871948
536.335632
536.764832
537.048462
537.057068
536.986328
537.291687
538.031311
538.277710
537.662903
536.915100
536.994690
537.748718
537.989868
537.284729
536.762756
537.466858
538.626709
538.644653
537.460022
536.256836
536.046570
536.457886
536.747803
536.540833
536.244690
536.334656
536.707764
536.676880
535.925232
534.694885
533.779236
534.036194
535.272766
535.937927
535.097534
533.657104
533.067566
533.313049
533.236328
532.336060
531.115662
530.540222
530.565186
530.725403
530.621277
530.235596
529.608704
528.887573
528.220276
527.569946
526.721375
525.882507
525.498657
525.852844
526.240479
525.861877
524.829102
524.128418
524.021118
523.871094
523.148804
522.513428
522.654907
523.071350
522.956116
522.436157
522.139160
522.299133
522.441101
522.290222
521.922302
521.524536
521.005493
520.501709
520.479736
521.216736
522.103699
522.460327
522.280029
522.015625
521.875244
521.848999
521.997437
522.468323
522.994629
523.348022
523.639587
524.126160
524.584656
524.662903
524.376343
524.489136
525.463806
526.456055
526.422241
525.762573
525.664429
526.595520
527.773743
528.529724
528.710571
528.755371
528.961914
529.412109
530.014709
530.610596
530.920837
531.292236
531.872070
532.591125
532.833313
532.808105
532.970398
533.732605
534.364746
534.318359
533.986511
534.557007
535.897949
537.037109
537.163940
536.867737
537.032471
537.761414
538.264526
538.315735
538.372803
538.716492
539.299011
540.317871
541.598083
542.330322
542.234131
541.953857
542.592529
543.998352
545.190369
545.293091
544.974854
545.576294
547.131165
548.335388
548.486755
548.207520
548.478088
549.270020
550.045776
550.392700
550.477112
550.791382
551.441528
552.294373
552.867493
552.560425
551.592224
551.117432
551.773132
552.694763
552.635315
551.721680
551.235840
551.932495
552.879578
552.723816
551.586853
550.827209
551.067871
551.558655
551.455139
550.655579
549.902405
549.873535
550.477844
550.786987
549.994629
548.338623
547.170288
547.227112
547.884766
547.852966
546.992737
546.096191
545.883362
545.924377
545.337036
544.254089
543.505188
543.315613
543.132080
542.803284
542.459045
541.870422
540.885315
540.078186
539.768311
539.725342
539.012329
537.696960
536.734863
536.859619
537.195496
536.597290
535.158264
534.210999
534.269897
534.549500
534.013611
532.778931
531.889160
531.783081
532.178711
532.308777
531.740356
530.564758
529.295288
528.869141
529.573914
530.275391
529.843872
528.548096
527.599854
527.458069
527.358887
526.740845
525.630737
524.791931
524.597778
524.621948
524.352600
523.799438
523.067871
522.556335
522.407166
522.427307
522.033569
521.262024
520.798340
521.070312
521.433655
520.988647
519.971985
519.506470
520.060791
520.703735
520.232605
519.148315
518.705688
519.378967
520.314026
520.872925
521.043701
520.870056
520.546753
520.606567
521.167908
521.908325
522.069702
521.643311
521.561218
522.656433
524.081238
524.526062
523.953064
523.473145
523.897522
524.812927
525.314575
525.371948
525.567810
526.388489
527.462097
528.279724
528.623962
528.306458
527.771973
527.980347
529.069519
530.075317
530.123230
529.823425
530.373840
531.886841
533.270935
533.344421
532.572693
532.286926
533.015808
533.930847
534.283142
534.025269
533.926575
534.555847
535.884644
536.889587
536.866272
536.038757
535.675110
536.395691
537.377930
537.248108
536.329163
535.949768
536.717102
537.732117
537.843079
537.158081
536.721008
536.894836
537.298523
537.562439
537.734619
537.681580
537.247986
536.945557
537.348022
538.042053
538.125366
537.341553
536.663818
536.636475
536.674316
536.077026
535.260925
535.011475
535.606201
535.969238
535.496643
534.449951
533.647766
533.176819
532.795715
532.309631
531.835876
531.356567
531.018494
531.113464
531.692932
531.907898
531.093384
529.846130
529.172974
529.084534
528.751038
527.963074
527.186768
527.027222
527.243103
527.137573
526.524292
525.921387
525.460876
525.089539
524.601685
524.169678
523.758240
523.438416
523.531921
523.909180
523.977722
523.400879
522.604675
522.307007
522.391785
522.130676
521.329407
520.986206
521.854004
523.126770
523.495667
522.840271
522.147522
521.874695
521.741333
521.567688
521.450745
521.504211
521.535889
521.697998
522.276611
523.161438
523.618591
523.369446
522.858826
522.845093
523.064026
523.060791
522.850769
523.195618
524.181946
525.085571
525.195679
524.953674
524.904419
525.337280
525.947144
526.661377
527.292419
527.487976
527.207153
527.170227
527.987793
529.225098
529.848206
529.874756
530.016785
530.715271
531.503357
531.888245
532.151550
532.953308
534.216003
535.246338
535.757385
536.209839
536.802612
537.493469
537.970520
538.402832
538.847595
539.462952
540.401855
541.531006
542.335938
542.520264
542.397461
542.954163
544.360779
545.460083
545.278992
544.432312
544.427979
545.574646
546.927612
547.565613
547.532593
547.557678
548.188293
548.957581
549.509705
549.632141
549.509094
549.533020
550.412415
551.609253
551.961609
551.008118
550.012268
550.193481
551.389221
552.238953
551.985901
551.157410
551.096008
551.819519
552.570984
552.610168
552.041504
551.271057
550.693176
550.726562
551.294250
551.543884
550.969421
550.216919
550.302490
551.067627
551.291138
550.529236
549.523193
549.176758
549.342712
549.214905
548.648926
548.142883
548.120605
548.117920
547.647705
546.766174
545.976929
545.406555
545.163574
545.057922
544.877869
544.404236
544.112793
544.135376
544.406494
544.207092
543.131470
541.991577
541.783569
542.154968
541.936829
540.877319
539.892395
539.575623
539.744568
539.724365
538.992065
537.979370
536.980774
536.059570
535.264587
534.713684
534.230957
533.669983
533.307617
533.070251
532.342346
531.015930
529.635925
528.936890
528.693176
528.146484
527.110474
526.185425
525.997925
526.043396
525.383057
524.167114
523.316895
523.315369
523.558777
523.420227
523.011658
522.382629
521.614319
521.165649
521.409546
521.861938
521.661377
520.736389
519.827698
519.564270
519.752930
519.751038
519.521362
519.521301
519.811401
519.956238
519.730652
519.601868
519.743347
519.974548
519.994324
520.029663
520.355957
520.613159
520.453308
520.527588
521.154175
521.844177
521.745178
521.261597
521.353577
522.092468
522.633545
522.442688
522.140991
522.821106
524.140564
525.157410
525.346985
525.214294
525.224304
525.418762
525.686646
526.044678
526.431152
526.932251
527.657593
528.562927
529.297241
529.584351
529.598206
529.976685
530.788879
531.143677
530.527954
529.895508
530.556335
532.243286
533.600037
533.700378
532.986511
532.399658
532.561829
533.254333
534.096619
534.726929
535.027161
535.076111
535.321777
535.712585
535.922791
535.832703
535.869202
536.361938
536.981689
537.166626
537.111084
537.252258
537.679749
537.783569
537.403076
537.132324
537.264465
537.551208
537.426086
537.052368
537.133362
537.547607
537.666321
537.336365
537.020447
536.813293
536.412415
536.024963
535.919128
536.035034
536.002380
535.542786
535.125427
535.035217
534.940674
534.236633
533.223877
532.674438
532.693542
532.602661
532.203369
531.693909
531.429199
531.046143
530.539795
529.983337
529.610962
529.285583
528.799316
528.359070
528.476624
528.662537
528.330811
527.546753
527.169250
527.143066
526.766541
525.882141
525.021484
524.753967
524.856201
524.615417
524.178040
523.960632
523.950806
523.736633
523.178589
522.487000
521.905334
521.643921
521.757996
522.116455
522.407227
522.221619
521.885254
521.853760
522.139282
521.943542
521.127869
520.724731
521.555176
522.865173
523.096375
522.167480
521.407288
521.564087
522.331299
522.869446
522.897156
522.767029
522.772949
523.133240
523.747131
524.527283
524.932495
524.773621
524.677307
525.264587
526.195496
526.806824
526.859741
526.882141
527.135864
527.526306
527.849060
528.260620
528.914124
529.479187
529.638367
529.744995
530.268433
530.924011
531.155457
531.064148
531.214966
531.619080
531.882141
532.082581
532.735413
533.939453
535.007812
535.360596
535.337097
535.730652
536.462830
536.971924
537.027466
537.317444
538.194519
539.487122
540.673950
541.469910
541.659363
541.599792
541.695923
542.530457
543.637756
544.529785
544.957031
545.498901
546.801453
548.327332
548.919373
548.394348
547.812256
547.885071
548.261414
548.686401
549.289917
550.117493
551.007141
551.618225
551.846130
551.704956
551.463074
551.191162
551.252136
551.616211
551.927185
551.877502
551.787842
552.135620
552.748169
552.768311
552.024353
551.202209
550.985168
551.145935
551.202393
551.137207
551.429565
551.848145
551.820496
551.259949
550.781738
550.388672
549.701782
548.910645
548.729370
549.101562
549.284790
548.626099
547.464722
546.731628
546.615051
546.349915
545.687317
544.942078
544.484558
544.098511
543.618896
543.001709
542.370117
541.719177
541.159119
540.713135
540.261841
539.428223
538.519226
537.996399
538.271362
538.541260
537.704407
535.981079
534.738831
534.659729
534.973511
534.783447
534.098267
533.214172
532.477905
531.942383
531.371887
530.754089
530.089600
529.562012
529.396606
529.607544
529.632141
529.162598
528.458069
528.034790
527.850769
527.355591
526.586609
526.152039
526.326538
526.543091
526.276123
525.798645
525.489502
525.154541
524.270935
523.093994
522.472046
522.584473
522.773926
522.653503
522.646606
522.985779
523.035522
522.444031
521.410400
520.640503
520.207581
519.808594
519.550293
519.781921
520.474731
521.049194
521.055420
520.746887
520.397522
520.212830
520.266296
520.522339
520.928711
521.211975
521.533325
522.153625
522.922363
523.262878
522.592834
521.546265
521.344788
522.265564
523.342651
523.808960
524.021118
524.638489
525.488037
526.346436
526.940369
527.201477
527.071045
526.898743
527.185974
528.103699
529.070557
529.628479
529.797363
530.198975
530.982361
531.615417
531.682983
531.634033
532.105225
532.865784
533.379211
533.623718
533.798157
534.094238
534.332397
534.668823
535.382385
536.145996
536.329163
535.934021
535.742371
536.117554
536.546997
536.666748
536.609070
536.722839
537.109497
537.486511
537.677856
537.814819
537.967224
537.756653
537.428345
537.330872
537.553833
537.650574
537.649353
537.866699
538.216187
538.107544
537.529175
536.921082
536.802002
536.917236
536.634705
536.040710
535.889038
536.296387
536.586548
536.290344
535.861572
535.807373
535.622375
535.031433
534.345886
534.031311
533.998535
533.782104
533.344727
532.993408
532.830688
532.546082
531.942322
531.244202
530.849854
530.513062
530.098755
529.479797
528.776123
527.954346
527.347107
527.088379
527.095520
526.784485
526.053284
525.532959
525.927063
526.603760
526.155884
524.482666
523.068542
522.915894
523.401184
523.465271
523.025085
522.766113
522.858521
522.920410
522.461060
521.801392
521.379700
521.395447
521.675598
521.862366
521.816406
521.583862
521.586243
521.856812
522.056152
521.555054
520.778870
520.799316
521.917053
522.944031
523.050415
522.656372
522.973877
524.067200
524.931946
524.744568
524.022522
523.686035
523.972534
524.635315
525.500549
526.219421
526.420654
526.252747
526.495544
527.498230
528.494873
528.637817
528.174438
528.328186
529.494995
530.776367
531.248535
530.960876
530.879517
531.432129
532.287964
532.909180
533.234680
533.602661
534.239746
534.981018
535.587341
535.509399
534.583618
533.769104
534.319275
535.993591
537.338562
537.473633
537.229980
537.754578
538.979919
539.831909
539.719971
539.450378
539.890381
541.021912
542.045532
542.510437
542.607605
542.968140
543.677185
544.597534
545.233765
545.500305
545.571167
546.217468
547.309937
548.229553
548.315735
548.136536
548.716919
550.084595
551.150513
551.265686
550.796570
550.561218
550.714417
551.158752
551.685364
551.844849
551.524414
551.053467
551.282837
552.381348
553.394897
553.001343
551.666016
550.875061
551.334961
552.003601
551.924683
551.248474
550.851379
550.905151
550.939941
550.403870
549.641052
549.133728
549.048828
549.068237
548.869873
548.064819
546.765564
545.930420
546.455811
547.558044
547.652039
546.263672
544.791199
544.374878
544.704590
544.520264
543.484009
542.475281
542.083740
541.835754
541.312500
540.455566
539.690674
539.097839
538.739319
538.230347
537.537292
536.731201
536.095703
535.785950
535.697754
535.077209
533.858032
532.817444
532.801636
533.458069
533.625061
532.776917
531.815979
531.465271
531.542297
531.328674
530.774353
530.107056
529.450928
529.136963
529.076782
529.008301
528.647461
527.898010
527.083862
526.672180
526.558167
526.074036
525.202759
524.562866
524.503357
524.590332
524.313110
523.631348
522.823242
522.134705
521.610718
521.326843
521.375366
521.340698
520.695190
519.840576
519.728027
520.419128
520.928101
520.646179
520.240112
520.332275
520.629272
520.479126
520.006348
519.947632
520.434875
521.013245
521.317627
521.435608
521.578796
521.673523
521.750916
521.992981
522.614441
523.063416
522.981018
522.799805
523.229858
524.165527
525.047546
525.640625
525.930359
526.051880
525.945984
525.801208
526.321106
527.415710
528.168701
528.098938
527.934875
528.599426
529.679749
530.374939
530.350159
530.175415
530.494568
531.233765
531.843262
532.333923
532.859314
533.585266
534.207520
534.533142
534.517090
534.289185
534.278931
534.819763
535.560547
535.910156
535.791809
536.040466
536.926758
537.891907
537.880798
536.812683
536.028137
536.366516
537.371948
537.982605
537.861267
537.371948
536.884216
536.877136
537.607727
538.416321
538.513123
537.664917
536.875977
537.019531
537.716858
537.711731
536.834717
536.116638
536.437744
537.116577
537.179382
536.519470
535.917786
535.794373
535.923889
535.754578
535.163330
534.413452
533.772644
533.570068
534.041504
534.583740
534.154480
532.679993
531.405945
531.203735
531.456543
531.177795
530.405640
529.748535
529.607788
529.526428
529.096069
528.328247
527.627441
527.163025
526.843994
526.454224
526.070740
525.447205
524.836426
524.494141
524.561218
524.272095
523.357239
522.970764
523.613647
524.184143
523.744141
522.590332
521.625916
521.535767
522.618469
523.530457
523.017761
521.749146
520.755310
520.509094
521.360901
522.593384
522.507812
521.091492
520.587585
521.714722
523.089294
523.107910
522.109314
521.504089
522.222229
523.364929
523.632202
523.014465
522.925598
523.790833
524.934265
525.269592
524.905884
524.637634
525.071350
526.116455
527.421936
528.229370
528.031372
527.277893
527.243164
528.339050
529.419373
529.574036
529.330078
529.688232
530.825623
531.911255
532.202087
532.099121
531.970825
532.424377
533.408752
534.439697
535.368958
536.021423
536.308289
536.596069
536.967651
536.950378
536.432983
536.592590
537.996033
539.243591
539.521851
539.137634
539.257690
540.441162
541.635742
541.765320
541.187622
540.986328
541.466797
542.045288
542.590393
543.125366
543.570801
543.876343
544.149536
544.791138
545.509521
545.851990
545.880493
546.319946
547.207886
547.944702
547.983093
547.821350
548.155029
549.019897
549.719971
549.944580
549.782959
549.962341
550.485352
551.298279
551.951599
551.948730
550.994812
549.925598
550.075989
551.537354
552.686218
552.324036
551.111389
550.738220
551.428040
552.002747
551.632629
550.617371
549.973328
549.950195
550.324646
550.414917
550.093079
549.467224
548.754272
548.180603
547.901794
547.386353
546.639099
546.068176
545.996521
545.779114
544.949829
543.976868
543.524536
543.581299
543.415039
542.443787
541.359009
540.899902
540.903931
540.636841
540.003174
539.321838
538.548767
537.694153
537.097900
536.815491
536.508057
535.697144
534.665527
533.950012
533.741760
533.286560
532.169250
530.897339
530.365479
530.419189
530.275146
529.536560
528.716858
528.095703
527.786987
527.614258
527.277283
526.608582
525.517761
524.429504
524.115356
524.673035
525.239319
524.897156
524.126099
523.891235
524.176270
524.386597
524.094849
523.601074
523.248291
523.055847
522.949036
522.879517
522.963257
522.928467
522.772583
522.550476
522.238403
521.805298
521.344055
521.307983
521.685852
521.753540
521.112427
520.309082
520.484863
521.517212
522.051392
521.338440
520.097473
519.551453
520.031250
520.912231
521.654358
522.078674
522.171326
522.007812
522.010010
522.515625
523.111816
523.220520
523.160278
523.581238
524.470276
525.158203
525.351318
525.532166
526.270081
527.194153
527.541687
527.415833
527.557922
528.291382
529.144897
529.761230
530.088989
530.311279
530.644714
531.202393
532.088806
533.076294
533.368835
532.770325
532.212219
532.679199
533.905334
534.715637
534.758179
534.666870
534.939575
535.470520
535.743408
535.752014
535.770996
536.168945
536.848572
537.381165
537.424744
537.185730
537.019958
537.295715
537.796875
537.929199
537.324463
536.860107
537.161011
538.058899
538.444031
537.672852
536.638062
536.350403
536.772034
537.185547
537.290161
537.298340
537.080383
536.618958
536.367493
536.360352
536.478882
536.118225
535.482117
535.226196
535.513062
535.642456
534.993225
534.041809
533.724182
533.908813
533.805603
533.132324
532.534180
532.449036
532.612854
532.536621
531.904846
530.875916
529.854431
529.245789
529.538635
530.416870
530.600769
529.306702
527.527649
526.631165
526.757690
526.949646
526.637634
525.880798
525.395752
525.091919
524.656799
524.022034
523.693298
523.576355
523.314819
522.797852
522.334473
522.052551
522.074036
522.179199
522.215332
521.869019
521.395752
521.212585
521.551331
522.006104
521.973145
521.420959
521.073608
521.393677
521.957153
522.047180
521.867493
521.998901
522.310120
522.446655
522.552368
522.996704
523.539368
523.691162
523.605713
523.777649
524.409058
525.073364
525.220886
525.137146
525.328186
525.954529
526.697937
527.395081
528.061523
528.423706
528.511353
528.700989
529.391174
530.347351
530.955811
531.188232
531.784729
532.886963
533.637695
533.402283
532.959534
533.320496
534.331665
535.077026
535.357910
535.781616
536.670776
537.450500
537.752991
537.848022
538.314819
539.191956
540.044067
540.570251
540.808167
540.942383
540.987549
541.306152
542.210510
543.282471
543.907043
544.029663
544.315063
544.827759
545.207153
545.362732
545.472290
545.858337
546.124207
546.062317
546.033508
546.519043
547.163574
547.302612
547.129456
547.364014
547.878296
548.189453
547.970825
548.052612
548.712830
549.514954
549.616028
549.330688
549.304138
549.682861
549.922913
550.029114
550.184021
550.640137
550.914856
550.871155
550.617798
550.500854
550.554260
550.707336
550.880005
551.166321
551.106079
550.545837
550.025879
550.220032
550.742859
550.743591
550.028687
549.245483
548.679810
548.405518
548.282043
548.252441
548.021240
547.185669
545.787231
544.755005
544.621155
544.842712
544.380493
543.257996
542.321350
541.924744
541.708130
541.350708
540.692749
539.869751
538.865662
537.989807
537.573975
537.518860
537.116150
535.837952
534.478699
534.101685
534.377625
534.300720
533.553833
532.798462
532.389282
531.923645
531.202148
530.440247
530.010986
529.623230
528.923279
528.050415
527.442566
526.947327
526.378906
525.647217
525.285645
525.251526
525.190186
524.658813
523.853333
523.154480
522.819214
522.806152
523.052063
523.134949
522.669922
521.466736
520.438354
520.595215
521.414856
521.759705
521.294006
520.750732
520.735352
521.028625
521.286255
521.223999
521.058960
520.984375
520.881775
520.835815
520.912720
520.996887
520.965515
521.004089
521.478027
521.867859
521.773010
521.441895
521.444519
521.678955
521.813660
521.919006
522.299744
523.063171
523.728027
523.488037
522.801575
522.807739
523.629883
524.356323
524.672180
524.953369
525.283081
525.523926
525.774292
526.140625
526.760925
527.401428
527.897888
528.330444
528.823181
529.197693
529.310852
529.571289
530.371216
531.359009
531.981812
532.148621
532.524109
533.164978
533.694885
533.920288
534.158569
534.638123
535.151062
535.211121
535.118347
535.337524
535.875977
536.043030
535.916382
536.016357
536.450806
536.687256
536.692505
537.007019
537.803345
538.309326
537.997070
537.207947
536.832703
537.088867
537.454590
537.509460
537.255432
537.105286
536.992188
536.869751
536.728271
536.630554
536.445557
536.304138
536.250916
536.153076
535.636475
534.602051
533.924927
534.442383
535.368286
535.380798
534.347595
533.353027
533.208252
533.487488
533.302551
532.275208
531.299683
531.120850
531.457153
531.681396
531.516907
530.729370
529.676270
529.111572
529.089172
528.992920
528.377258
527.608765
527.071289
527.052856
527.120850
526.875732
526.437805
526.285095
526.051575
525.326477
524.431458
524.138306
524.420166
524.682617
524.624329
524.463074
524.232910
523.673401
522.932190
522.545654
522.727356
522.862305
522.552307
522.177551
522.337341
522.836243
522.967285
522.400146
521.793091
521.728333
522.001465
522.046997
521.733459
521.580444
521.674316
522.111206
522.646606
522.757935
522.102844
521.289429
521.474060
523.045593
524.672729
524.794006
523.550598
522.754456
523.397827
524.549072
525.013855
524.823486
524.947876
525.759766
526.914734
527.779053
528.227966
528.260437
528.330688
528.902527
530.121155
531.221130
531.647522
531.692566
532.281860
533.480347
534.493225
534.799133
534.896240
535.488159
536.284546
536.695374
536.855530
537.426453
538.373596
539.129089
539.540955
539.961060
540.427979
540.763733
541.056763
541.702026
542.486816
542.896973
542.749573
543.016235
544.266235
545.660095
545.990967
545.528625
545.627380
546.689453
547.680359
547.736755
547.200378
547.410400
548.673035
550.106873
550.612549
550.134399
549.434937
549.448242
550.279114
551.347168
551.554321
550.690674
549.818359
550.255005
551.666382
552.503357
551.951660
551.174316
551.122314
551.794312
552.125793
551.722534
551.222107
551.324646
551.621460
551.528870
550.875244
550.369568
550.170837
550.398804
550.582031
550.157349
549.130981
548.351257
548.424438
549.020142
549.070007
548.205872
547.207336
546.999634
547.184021
546.699829
545.451721
544.842529
545.455933
546.412354
546.399780
545.391541
544.240356
543.650208
543.534485
543.585205
543.229309
542.526428
541.752991
541.507568
541.588440
541.398254
540.327942
539.254761
538.795410
538.907410
538.640320
537.645996
536.509338
536.042419
535.799744
534.952209
533.476501
532.427063
532.258911
532.386536
532.234985
531.748596
530.832275
529.563843
528.362610
527.638611
527.345215
526.848450
526.166016
525.722656
525.771362
525.715088
524.651917
522.960266
522.028137
522.287659
522.784363
522.505859
521.751465
521.344177
521.433411
521.508606
521.095520
520.228699
519.595947
519.713196
520.328247
520.626099
520.275879
519.479065
519.224548
520.193237
521.557617
521.494629
519.944885
518.617554
518.881287
520.130493
521.200134
521.340637
521.136108
521.275085
521.649170
521.699463
521.407776
521.186829
521.574036
522.526672
523.644714
524.154846
523.886536
523.648865
524.317627
525.481018
525.868347
525.086243
524.516296
525.415710
527.408447
528.718872
528.402588
527.485901
527.277710
527.790161
528.463684
529.080200
529.799133
530.469055
531.093994
531.610901
531.985046
531.982788
531.709290
531.837585
532.837036
534.035583
534.463745
534.102112
534.023926
534.694824
535.583252
535.666748
535.068420
534.797913
535.356934
536.337219
537.128967
537.331543
536.954590
536.361389
536.244690
537.044495
538.056519
538.151489
537.169312
536.450623
537.018372
538.139709
538.436340
537.774353
537.042725
537.038208
537.429688
537.615356
537.294373
536.813049
536.483582
536.537720
536.838623
536.826660
536.021362
534.958313
534.612793
535.062317
535.312073
534.774963
533.856689
533.398438
533.471008
533.244324
532.380859
531.700256
531.643555
531.579895
531.063721
530.518188
530.299683
530.126221
529.745789
529.328552
529.017212
528.612732
527.876465
527.024963
526.596497
526.654907
526.620300
526.208130
525.733032
525.513977
525.361206
524.923645
524.283203
523.835815
523.593079
523.491943
523.564453
523.640564
523.277161
522.465027
521.895996
522.384644
523.432129
523.655457
522.501648
521.217651
521.133240
521.916077
522.363770
522.120300
521.470459
521.036743
521.027832
521.417725
521.945251
522.376404
522.434692
522.310242
522.487671
523.052551
523.333496
523.141052
523.135986
523.832886
524.610901
524.842529
524.696533
524.858398
525.482605
526.120605
526.420959
526.658691
527.093201
527.443298
527.635254
528.019653
528.798035
529.466492
529.657227
529.726501
530.198914
530.984558
531.582825
531.814331
532.292786
533.202759
534.081360
534.425537
534.384216
534.450684
534.845886
535.599915
536.587158
537.440063
537.758423
537.637207
537.577942
538.017639
538.441040
538.533691
538.448486
538.917542
540.132202
541.137939
541.190247
540.781555
540.752197
541.322510
541.950195
542.391479
542.636658
542.729065
543.064575
543.887939
545.138916
546.001221
546.029114
545.712952
545.960815
546.808594
547.557068
547.715820
547.885986
548.570190
549.588806
550.078003
550.112000
550.213379
550.641113
551.035278
551.187073
551.236633
551.374084
551.500793
551.629211
551.929077
552.303589
552.195862
551.590515
551.380249
551.835510
552.176025
551.521851
550.446899
550.110596
550.910095
551.556580
551.031616
549.609253
548.711487
548.655212
548.856628
548.552979
547.785645
547.108704
546.958557
547.057129
546.820923
545.846558
544.754150
544.249695
544.360107
544.221558
543.046082
541.431824
540.865112
541.739685
542.586426
541.672058
539.615051
538.232422
538.315552
538.822876
538.371460
536.750671
535.162292
534.649963
535.166748
535.322327
534.454346
532.749146
531.595886
531.468811
531.733582
531.086853
529.643921
528.676392
528.822449
528.959900
528.098389
526.489990
525.789307
526.181335
526.274536
525.131653
523.379578
522.659180
523.204834
523.909729
523.916748
523.142212
522.199707
521.755188
522.077698
522.716614
522.444336
521.194153
519.953918
519.790588
520.568237
521.034973
520.602966
519.935547
519.932007
520.114441
519.826477
519.406921
519.505127
520.095032
520.532410
520.417603
520.184509
520.385986
520.925659
521.319702
521.617249
521.865601
521.812256
521.411987
521.332703
521.906860
522.701355
522.825073
522.321838
522.184265
522.790222
523.330139
523.351135
523.317688
523.819397
524.661560
525.312317
525.238098
524.950256
525.274048
526.140320
526.865417
527.090576
526.976746
526.936035
527.644348
529.029541
530.220825
530.259644
529.543030
529.401794
530.388611
531.550720
531.905396
531.796753
532.267578
533.345520
534.353210
534.485718
534.208984
534.459106
535.209717
535.728271
535.775330
535.687317
535.715637
536.066223
536.836426
537.375427
537.372864
537.248169
537.397827
537.785156
537.935669
537.493958
536.964539
537.052612
537.722595
537.995361
537.358459
536.859863
537.203064
537.799316
537.674500
536.872803
536.317688
536.326416
536.598572
536.970032
536.934082
536.423706
535.616760
535.094116
535.129517
535.364990
535.146973
534.339905
533.652161
533.673584
533.809509
533.475281
532.924805
532.791870
532.925903
532.669128
532.041992
531.487183
531.329834
531.250427
530.941650
530.716858
530.636902
530.292419
529.386658
528.610291
528.591919
528.706421
528.193787
527.264221
526.695374
526.849304
526.818298
526.070557
524.936951
524.652527
525.088318
525.205811
524.491333
523.543640
522.976196
523.078186
523.250000
522.855896
521.702026
520.792969
520.943237
522.011475
522.680786
522.167419
520.863770
520.300293
521.022461
522.078552
522.230530
521.741333
521.532166
521.898804
522.286865
522.453857
522.488892
522.503845
522.415405
522.465088
522.873474
523.585754
524.165527
524.584351
524.984741
525.348816
525.496826
525.578186
525.950134
526.759521
527.544739
527.863647
528.060364
528.779114
529.594360
529.908447
529.773315
530.137695
531.458191
532.770142
532.969543
532.365234
532.104736
532.751160
533.689636
534.465149
535.046875
535.525940
535.841736
535.939392
536.187073
536.906494
537.903748
538.778931
539.276001
539.437378
539.496338
539.762146
540.464600
541.467712
542.101257
541.988953
541.712402
542.041748
542.852539
543.492554
543.674683
543.738464
544.144287
544.468933
544.332092
544.168091
544.681030
545.502197
545.987183
546.086731
546.284119
546.585938
546.913086
546.997314
547.367065
548.076355
548.769226
548.958191
549.092712
549.379150
549.747009
549.759155
549.731628
549.962280
550.466736
550.861145
551.154785
551.323120
551.396240
551.039185
550.644470
550.595032
551.051147
551.283142
550.695679
549.868164
549.957031
550.729919
551.149719
550.656799
549.792908
548.994385
548.570618
548.408264
548.394897
548.227234
547.876221
547.409851
546.904297
546.271301
545.360657
544.349487
543.834351
543.877197
543.964233
543.226624
541.957886
541.058960
540.706787
540.272461
539.471375
538.591553
537.976685
537.431763
536.963013
536.623718
536.518372
536.319214
535.444946
534.222656
533.432251
533.147034
532.695801
532.055359
531.624146
531.357666
530.700867
529.577087
528.441589
527.973938
527.805725
527.443359
526.686523
526.365540
526.422729
526.161194
525.153137
524.096069
523.620056
523.795776
523.962341
523.763489
523.155823
522.343933
521.554871
521.171509
521.273926
521.416260
521.057068
520.587097
520.739868
521.332825
521.462646
520.797119
520.125305
520.154846
520.537476
520.657593
520.571228
520.758972
521.118164
521.338379
521.117371
520.935852
521.134583
521.640503
521.811279
521.606934
521.339966
521.558472
522.225586
523.030579
523.252075
522.764160
521.886658
521.741272
522.833008
524.265686
524.593933
524.067871
523.837830
524.320312
524.987610
525.431885
525.440308
525.497498
525.987671
526.834595
527.557739
528.084106
528.288086
528.212708
528.227356
528.771545
529.596741
530.439697
531.213135
532.010681
532.406677
532.195068
531.872375
532.180786
533.084290
533.910278
533.987854
533.857483
534.331848
535.373047
536.137024
536.217590
535.985352
535.744751
535.640137
536.089355
537.011414
537.768555
537.606384
536.873962
536.600342
537.154724
537.672791
537.270142
536.365295
536.210327
537.231873
538.267517
538.267822
537.467834
536.691345
536.396973
536.515808
536.581421
536.259155
535.719177
535.499817
536.099976
537.206238
537.535583
536.111755
533.933228
533.073425
533.899414
534.675598
534.245605
533.114441
532.654175
532.981506
533.191956
532.487915
531.252197
530.464050
530.594238
530.946289
530.846375
530.175354
529.273071
528.852173
529.021057
529.133850
528.503723
527.579590
527.282410
527.606750
527.592285
526.865417
526.254761
526.699219
527.517456
527.159912
525.593933
524.253662
524.249573
525.027344
525.406189
524.721863
523.617004
522.940247
523.122131
523.548523
523.576965
522.793030
521.932129
521.955444
522.844116
523.175476
522.097168
520.548096
520.275818
521.511169
522.688538
522.555359
521.599304
521.238037
521.608887
522.025818
522.146606
522.272156
522.464966
522.434814
522.447571
523.048584
523.994995
524.495056
524.322876
524.188110
524.740967
525.585144
526.162415
526.523743
527.344421
528.384583
528.758423
528.305115
528.048096
528.672485
529.899536
530.936401
531.507568
531.728027
532.226624
533.319275
534.457520
534.984070
534.799805
534.741882
535.510925
536.969666
537.958740
537.445862
536.424988
536.718384
538.467834
540.157104
540.600220
540.370422
540.493103
541.264709
542.266357
542.830139
542.901001
543.009155
543.599792
544.558777
545.357605
545.630066
545.564148
545.805603
546.781494
547.784546
547.868774
547.392944
547.583069
548.705322
549.643738
549.603271
549.052246
549.257324
550.293091
551.033875
550.838135
550.305359
550.109070
550.348022
550.713135
551.318909
551.716858
551.669617
551.091064
550.636292
550.605347
550.689209
550.290039
549.937683
550.041809
550.500977
550.394348
549.852783
549.488037
549.825928
550.084656
549.787231
549.034729
548.580139
548.669556
548.940186
548.825317
548.451538
548.010071
547.614807
547.350159
547.602783
547.779663
547.107117
545.946777
545.480530
545.799622
545.876526
544.871643
543.511536
542.939026
543.387451
543.548279
542.731934
541.328430
540.471436
540.317505
540.465332
540.140747
539.268677
538.084473
537.233459
536.722961
536.324951
535.440613
534.220825
533.422119
533.374451
533.166138
531.841431
529.935913
529.000854
529.437683
530.220154
530.133423
528.981689
527.593933
526.593872
526.358765
526.707520
526.801208
525.874329
524.232300
523.164917
523.487549
524.263367
523.935669
522.300415
520.907837
521.154419
522.438660
523.017334
521.989441
520.151428
519.060120
519.467407
520.820984
521.793457
521.226990
519.255310
517.547974
517.928345
520.164551
521.945251
521.689087
519.964783
518.569946
518.737305
520.158813
521.449036
521.561707
520.824280
520.361328
520.931274
522.323608
523.078308
522.319031
521.111206
521.271179
522.889160
524.327087
524.422241
523.735107
523.565735
524.313477
525.180298
525.514404
525.732361
526.397705
527.233887
527.862244
528.209229
528.206787
527.913574
527.832275
528.634155
529.924133
530.622803
530.434814
530.328491
531.243042
532.714905
533.345276
532.674988
531.960876
532.299866
533.442383
534.274963
534.450928
534.394653
534.600708
535.153381
535.855347
536.017395
535.607666
535.176025
535.565979
536.596497
537.266846
536.955139
536.412964
536.844055
538.204956
538.873047
538.044617
536.735535
536.487732
537.300110
538.053162
538.168884
537.546997
536.826538
536.615540
537.062683
537.556213
537.225098
536.041077
535.197937
535.859497
537.449646
537.825928
536.246704
534.201050
533.662842
534.762146
535.761292
535.196960
533.598145
532.484619
532.455872
533.179932
533.872803
533.504456
531.867432
530.261292
530.005859
530.915771
531.560669
530.651062
528.777954
527.799072
528.462341
529.317261
528.924561
527.511414
526.276611
526.007507
526.492065
526.600525
525.792053
524.672852
524.365417
524.929626
525.309570
524.425110
522.949280
522.572266
523.682373
524.552673
523.748291
521.769592
520.815735
521.918945
523.617065
523.944885
522.673218
521.068848
520.487305
521.131409
522.299438
522.716675
522.065369
521.171204
521.141846
522.175659
523.020264
522.427002
521.425537
521.701416
523.163696
524.026917
523.426697
522.300476
522.343689
523.601379
524.693909
524.459473
523.786377
523.922913
525.080994
526.270569
526.734009
526.258362
525.339050
525.046570
526.005249
527.575012
528.357544
527.898926
527.425537
528.179199
529.677734
530.500000
530.079346
529.651917
530.221069
531.661377
532.766663
533.019836
532.891113
533.263672
534.333740
535.446472
535.823914
535.369263
535.091919
536.012451
537.801575
538.948792
538.739685
538.129211
538.837769
541.034912
542.860107
542.831299
541.613403
541.091003
542.018982
543.708984
544.969116
545.262207
544.838806
544.727905
545.491394
546.936768
547.887756
547.995239
547.818787
548.376038
549.437317
550.067322
549.711975
549.298401
549.816284
550.961365
551.458008
551.149597
550.933533
551.515503
552.380798
552.745422
552.427124
551.977478
551.706909
551.716492
552.128235
552.432251
552.038635
551.230347
551.038635
551.719543
552.267517
551.741028
550.591919
550.109680
550.847168
551.260498
550.421875
549.056763
548.676636
549.155151
549.387451
548.610168
547.379761
546.621948
546.761108
546.934509
546.493591
545.335876
544.242981
543.801453
543.929321
543.825623
542.678101
541.024414
540.378601
541.043213
541.855469
541.443115
540.082703
538.880737
538.541138
538.611572
538.311096
537.489990
536.655823
535.985596
535.631653
535.232727
534.657471
533.746033
532.910645
532.408569
532.399902
532.299683
531.798950
531.190979
531.079224
530.983887
530.441467
529.675903
529.186707
529.017334
528.587219
527.634094
526.913208
527.022644
527.465698
527.405334
526.869263
526.387390
526.041321
525.546082
524.735229
523.945068
523.544556
523.379517
523.177124
522.902893
522.642578
522.290527
522.025879
521.954285
521.737732
521.189148
520.554077
520.493530
521.143616
521.511963
521.058472
520.343506
520.396118
521.179260
521.308472
520.099426
518.687134
518.806519
520.447021
521.983276
522.427246
521.976440
521.532288
521.713440
522.405334
523.011230
523.092407
522.963867
523.228821
524.061768
524.944275
525.255371
525.283875
525.695557
526.629211
527.211426
526.879150
526.525940
527.302795
528.762817
529.488159
529.135193
528.828064
529.461548
530.724731
531.425842
531.144165
530.630005
530.662781
531.487244
532.882141
534.116882
534.387207
533.756592
533.489685
534.312195
535.427490
535.740662
535.183899
534.917542
535.589111
536.547241
536.853577
536.541077
536.465027
536.791626
537.060181
537.196045
537.310669
537.529785
537.678162
537.896973
538.061340
537.918213
537.377014
536.719604
536.919922
538.000488
538.587708
537.869446
536.732483
536.400024
536.899231
537.206299
536.918640
536.145813
535.677734
535.629944
535.795776
535.891602
535.668396
534.877319
534.128357
534.099426
534.737488
534.843567
533.852417
532.700684
532.594727
533.224487
533.154663
532.050720
530.997375
530.924744
531.403870
531.377625
530.671875
529.971985
529.642883
529.495422
529.489319
529.519470
529.278687
528.609009
527.941528
527.549255
527.283325
526.622375
525.904968
525.727417
526.106812
526.057922
525.162659
524.104492
523.705994
523.775208
523.697388
523.036499
522.360352
522.071350
522.188232
522.431091
522.524292
522.195618
521.406067
520.653931
520.791626
521.765808
522.555054
522.205811
521.422485
521.247375
521.648926
521.995422
522.051331
521.857666
521.790405
522.093018
522.773682
523.467285
524.110657
524.358459
524.203491
524.313416
525.040405
525.662292
525.665771
525.492554
525.848145
526.606812
527.504639
528.182861
528.746704
529.227783
529.714600
530.176270
530.834290
531.556152
531.739624
531.232056
531.127747
532.042664
533.476929
534.355774
534.690613
534.984131
535.486572
535.890137
536.180054
536.759460
537.759094
538.564514
538.815125
538.872620
539.280884
540.057983
540.729675
541.253967
541.815613
542.541199
543.184143
543.652283
544.083435
544.431763
544.658020
545.002930
545.621399
546.447876
546.708191
546.317078
546.140808
546.823425
547.961548
548.636292
548.601746
548.446777
548.537231
548.886780
549.181580
549.674194
550.126709
550.153625
549.734070
549.648010
550.050293
550.552734
550.379822
549.839722
549.443665
549.618774
549.706299
549.626526
549.457764
549.567871
549.626282
549.643250
549.585449
549.641785
549.475891
549.067505
548.992126
549.609436
550.213623
550.133057
549.484314
548.995178
548.938232
548.876770
548.708496
548.705811
548.861755
548.649414
547.986084
547.455750
547.356262
547.186218
546.432251
545.368225
544.911682
545.144653
545.198914
544.642761
543.562439
542.571106
541.837158
541.465088
541.164490
540.764404
539.918457
538.547241
537.425110
537.261719
537.404236
536.852539
535.539612
534.454651
534.072632
534.025208
533.703857
532.871765
531.747437
530.729248
530.215881
530.141418
530.038635
529.330872
528.185303
527.245117
526.930542
526.812500
526.235229
525.251526
524.745056
524.800049
524.832458
524.344482
523.647583
523.097107
522.490234
521.672302
521.115601
521.175842
521.609009
521.753906
521.596863
521.384644
521.187500
520.843750
520.421448
520.301025
520.388794
520.334473
520.051758
520.038452
520.487366
520.777710
520.534119
520.098633
520.104431
520.464111
520.677307
520.579895
520.511108
520.755188
521.171448
521.527222
521.949890
522.455017
522.614624
522.182373
521.983215
522.527283
523.324463
523.747009
523.885254
524.185730
524.641724
524.865906
524.889282
525.142090
525.854492
526.433594
526.549011
526.622986
527.080994
527.600769
527.818420
527.911926
528.326660
528.965515
529.533997
529.751648
529.938293
530.304260
530.887512
531.553223
532.343262
533.033630
533.255737
532.931885
533.050171
534.039734
535.099182
535.307617
534.914062
534.736816
534.941956
535.316467
535.809814
536.220886
536.551819
536.703308
536.649414
536.790649
537.307129
537.743896
537.516174
537.214783
537.298767
537.473938
537.346130
537.144531
537.098328
537.098450
537.044922
536.942017
536.834167
536.891357
536.688477
535.886475
535.244507
535.473877
536.019653
535.717834
534.905945
534.355530
534.414001
534.641174
534.623535
534.145813
533.572937
533.047058
532.746399
532.488647
532.311951
531.775513
531.083008
530.590271
530.505554
530.422729
529.821350
528.977783
528.694763
528.977417
529.025146
528.421387
527.612488
527.059937
526.678894
526.312927
526.200439
526.423401
526.523987
525.912598
524.945496
524.488831
524.694214
524.752502
524.416626
523.924805
523.502930
522.992676
522.540039
522.319214
522.601318
522.916077
522.790649
522.214844
521.899597
521.952698
522.016174
522.057556
522.197510
522.242371
522.065063
521.879456
522.004456
522.383484
522.507141
522.102905
521.773865
522.192688
522.904541
523.159851
522.994995
522.943176
523.132507
523.138489
523.133179
523.418152
524.011292
524.421997
524.443787
524.517578
525.175354
525.937622
526.301331
526.160156
526.302490
526.837585
527.606873
528.295959
528.888550
529.341125
529.720032
530.074890
530.726196
531.464172
532.114807
532.630676
533.341248
534.283508
534.787598
534.590332
534.409302
535.151611
536.556580
537.494995
537.827759
538.169006
538.921509
539.779297
540.367432
540.848999
541.373657
542.001343
542.435913
542.812012
543.372375
544.074951
544.716064
545.180847
545.756897
546.312378
546.526184
546.677734
547.171631
548.023560
548.594055
548.746033
548.864929
549.318848
549.778748
549.772278
549.661072
550.147278
550.880188
551.135193
550.900208
550.776855
550.942566
551.290527
551.607971
552.019165
552.474365
552.632568
552.117432
551.574036
551.594177
552.004272
551.980286
551.539917
551.200684
551.189941
551.123535
551.008789
550.784302
550.545349
550.048828
549.580017
549.265198
549.204102
549.113708
548.486511
547.811157
547.850830
548.176025
547.861938
546.920227
546.142517
545.898010
545.779907
545.448364
544.771484
544.108215
543.453430
542.716553
541.898376
541.374695
540.977051
540.619873
540.382446
540.159241
539.504456
538.376648
537.632141
537.642273
537.808716
537.260437
536.135925
535.215881
535.125854
535.353577
534.947937
534.033325
533.607178
533.685974
533.497498
532.878296
532.399963
532.056702
531.593506
530.962769
530.307678
529.778015
529.279663
528.801880
528.362915
528.124817
527.840698
527.242615
526.614197
526.241699
525.977905
525.392151
524.593933
524.141602
524.060974
523.942139
523.469849
522.888550
522.543823
522.102478
521.361450
520.786804
520.939941
521.552734
521.659119
521.084473
520.515137
520.417358
520.644775
520.846313
521.001526
521.127991
520.888550
520.269470
519.780579
520.049744
520.943848
521.731812
522.055969
521.974182
521.620117
521.276855
521.461487
522.341858
523.361511
523.940613
524.117126
524.344543
524.779175
525.160156
525.152527
525.239746
525.955872
526.863525
527.086975
526.827332
527.034607
527.875488
528.561218
528.685730
528.648560
529.124023
530.076416
530.952026
531.399048
531.649719
531.856995
532.162903
532.626221
533.170349
533.460205
533.498169
533.648193
534.311218
535.202881
535.630493
535.347412
535.204285
535.660522
536.430298
536.646301
536.402710
536.390991
536.739868
536.929016
536.964844
537.148254
537.527100
537.533875
537.262390
537.167786
537.449341
537.788574
537.717346
537.412964
537.387756
537.495789
537.344238
536.982178
536.791260
536.764954
536.559204
536.182434
535.874023
535.893311
535.984192
535.924072
535.670105
535.313721
534.582092
533.617981
533.230225
533.951294
534.856079
534.760925
533.790527
532.862061
532.472717
532.182739
531.733521
531.416199
531.426025
531.352173
530.809631
530.145020
530.023682
530.192993
530.129578
529.539062
528.873718
528.271545
527.666138
527.160461
526.907654
526.810852
526.539673
526.094116
525.675476
525.452454
525.117065
524.442932
524.041931
524.450623
524.921814
524.494873
523.508057
522.915222
522.800293
522.566223
522.044922
521.510864
521.515503
521.856995
521.998657
521.725525
521.474304
521.381165
521.319397
521.255981
521.522888
521.679138
521.533020
521.368042
521.743530
522.403137
522.742065
522.691406
522.649414
522.995117
523.541321
523.964661
524.311890
524.850159
525.474731
525.600586
525.339478
525.646545
526.593079
527.400940
527.698730
527.957092
528.545349
529.276794
529.935486
530.453613
530.870789
531.273132
531.738281
532.331360
533.256714
534.090088
534.493164
534.655640
535.130798
536.000916
536.704712
537.000061
537.319214
537.921692
538.601624
539.024780
539.478760
540.486206
541.639893
542.126099
542.072754
542.167358
542.437866
542.573181
542.803650
543.525024
544.626099
545.541138
545.688416
545.397766
545.767334
546.607178
547.279419
547.601990
548.065735
548.691589
549.196533
549.449097
549.518188
549.618225
549.932983
550.196533
550.560425
550.909729
550.937256
550.833557
551.106262
551.807983
552.190247
551.603088
550.651001
550.542847
551.436829
552.211243
552.095459
551.792358
551.910706
552.127625
551.935791
551.352478
550.746216
550.541138
550.636597
550.680359
550.567505
550.411804
549.871826
549.129517
548.617493
548.555664
548.247498
547.724609
547.249390
546.972107
546.547485
546.181702
545.761292
545.433655
544.920410
543.889526
542.840759
542.669434
543.155945
543.297852
542.570923
541.529053
540.754395
540.294128
539.937134
539.328308
538.598816
537.747070
536.857849
536.424744
536.594421
536.517395
535.603943
534.315125
533.518127
533.466187
533.453552
532.964539
532.066040
531.514160
531.353882
531.250183
530.932556
530.535828
530.006165
529.221008
528.433716
528.253418
528.515320
528.664001
528.267151
527.676758
527.233215
526.756714
526.212524
525.872559
525.790344
525.506165
524.769653
524.124817
523.961853
524.065979
523.693848
522.666199
521.793030
521.755066
522.197693
522.435181
522.121826
521.522095
520.772034
520.395325
520.613098
521.097656
521.240051
520.433350
519.369202
519.392822
520.570923
521.590332
521.428467
520.670288
520.388733
520.720215
521.375244
521.756470
521.958923
522.207031
522.546997
522.842285
523.040222
523.109558
523.209229
523.707336
524.676697
525.568115
525.997070
526.088562
526.381531
527.154846
527.756958
527.845764
527.924561
528.495667
529.327393
529.671204
529.541748
529.719421
530.474731
531.416565
531.794678
531.752991
531.837158
532.044800
532.437683
533.018188
533.685913
534.188110
534.300232
534.563110
535.186157
535.706543
535.650574
535.291870
535.469971
536.317017
537.074707
537.177002
536.805847
536.745605
537.117493
537.434875
537.529297
537.545898
537.461121
537.237366
537.251465
537.936768
538.588135
538.287231
537.225098
536.659973
537.079468
537.658997
537.359253
536.602417
536.199646
536.424316
536.555176
536.249756
535.595642
535.154175
534.895691
534.806091
534.875366
535.063354
534.608337
533.716309
532.985718
532.831177
532.779663
532.589233
532.240295
531.759094
531.094604
530.424255
530.180115
530.885925
531.707581
531.291321
529.591858
528.175964
528.099121
528.586304
528.527588
527.689636
526.803345
526.511414
526.686951
526.811157
526.486572
525.863098
525.144958
524.687256
524.714783
524.925049
524.737000
524.224854
523.772705
523.430786
522.933838
522.569092
522.537659
522.916138
523.092712
522.706665
522.149780
522.258667
523.011230
523.219971
522.411621
521.678894
521.652405
