538.515015
538.565857
538.942688
539.430969
538.903503
536.813965
534.199463
533.101074
534.312744
536.283813
536.745483
535.245300
533.692749
534.041504
535.456177
536.118103
534.819153
533.449463
534.600586
537.799377
539.319641
536.481384
531.671936
530.213501
533.647278
538.237427
538.838379
535.463379
532.602295
533.398621
536.234375
537.414612
535.730286
533.312195
532.451233
533.554871
535.493835
536.564758
535.878723
534.335449
533.890503
535.175049
536.613831
536.433777
534.854553
533.569336
534.111511
535.499329
536.025024
535.522827
535.101746
535.293030
535.477600
535.079590
534.443054
533.970093
534.467407
535.640869
536.531067
536.332031
535.088684
533.966003
533.927368
535.105713
536.315857
536.075073
534.774231
533.970642
534.226624
534.951050
535.564514
535.902161
535.818665
535.449707
535.072327
534.755920
534.622070
534.526611
534.327576
534.637878
535.752930
536.881897
536.846191
535.646729
534.339966
533.619263
533.695801
534.214539
535.114197
536.280029
536.735107
535.909973
534.537048
534.189026
535.145996
536.134521
536.282593
535.684204
534.962097
534.593506
534.658752
535.060364
535.351990
535.292969
534.889954
534.816467
535.310303
535.670654
535.227478
534.663696
534.869507
535.691223
536.020264
535.481140
534.553711
534.292542
534.735901
535.118042
535.263367
535.472595
535.612122
535.489319
535.242798
535.134949
534.861145
534.272827
533.934631
534.421814
535.453613
535.993713
535.487976
534.716553
534.605530
535.059631
535.284241
535.191650
535.274353
535.553894
535.510010
535.161926
534.887085
534.920715
535.002808
534.964417
534.989990
534.825195
534.705933
534.943237
535.830566
536.863892
536.279358
534.141907
532.604431
533.329529
535.771790
537.103088
536.244934
534.666870
534.201599
535.013062
535.442383
535.160400
534.869385
534.859802
535.000732
535.133545
535.058594
534.981567
535.004456
535.168213
535.343933
535.349731
535.067017
534.821777
535.058350
535.634644
535.644287
534.864502
534.307434
534.750732
535.637817
535.889771
535.396729
534.781433
534.730225
535.021973
535.136841
535.092285
535.195007
535.261292
535.104187
534.986084
535.202148
535.203796
534.891541
534.752502
535.120911
535.635071
535.517883
534.849243
534.555359
535.010986
535.569275
535.469910
534.980164
534.844543
535.097595
535.335388
535.229919
535.009338
534.929321
534.978394
535.096436
535.217041
535.212402
534.808228
534.221863
534.312073
535.138794
535.826599
535.625854
535.023438
534.912659
535.269653
535.484741
535.270264
535.022461
535.034302
535.018005
534.853638
534.821899
535.125061
535.501770
535.370361
534.837769
534.668091
535.050476
535.427368
535.560730
535.408752
535.015198
534.618530
534.805298
535.462280
535.859436
535.496704
534.449280
533.812988
534.616150
536.029602
536.411194
535.533875
534.558838
534.405640
534.926086
535.578125
535.694580
535.206604
534.621399
534.447815
534.793274
535.362000
535.477417
535.127625
534.835022
535.089417
535.357727
535.093872
534.659241
534.697693
535.259583
535.609619
535.275146
534.815369
534.848206
535.299316
535.354004
534.780334
534.444519
534.585632
534.938782
535.303101
535.659607
535.725769
535.230896
534.692993
534.693787
535.104187
535.469116
535.280884
534.715088
534.510071
534.939392
535.478027
535.653748
535.658081
535.448669
534.917358
534.622681
534.929749
535.447632
535.505981
535.029114
534.526123
534.677551
535.208557
535.364868
534.954102
534.807129
535.097412
535.347839
535.422180
535.498962
535.447021
535.114807
534.705505
534.776794
535.350220
535.738159
535.415405
534.724731
534.573669
535.005066
535.361755
535.351990
535.390442
535.147705
534.768372
534.417053
534.548096
535.166077
535.769226
535.811157
535.414246
535.149048
535.148560
534.864929
534.834717
535.331909
535.823792
535.590881
534.967163
534.843811
535.235046
535.477295
535.121216
534.711487
534.885376
535.318848
535.403748
535.103943
535.125671
535.329285
535.183411
534.891418
534.814819
535.116028
535.328125
535.015259
534.584778
534.692932
535.256714
535.508118
535.320740
535.070862
534.769958
534.563477
534.765625
535.608215
536.351624
536.186890
535.220520
534.592651
534.900940
535.389832
535.260132
534.889832
534.644775
534.985535
535.311829
535.208984
535.046936
535.136292
535.135742
535.022766
535.130310
535.470581
535.353455
535.055969
534.902771
535.017761
535.209900
535.318420
535.153137
535.023438
535.059692
534.983521
534.835754
535.105591
535.587158
535.659729
535.234924
534.593201
534.445312
534.560059
534.723511
535.025513
535.546448
535.864563
535.663574
535.399841
535.579285
535.525574
535.211853
534.701538
534.563477
534.937134
535.443726
535.355469
534.820923
534.668274
534.925903
535.080017
535.248169
535.553589
535.778320
535.359131
534.815491
534.737488
535.180603
535.409729
534.963318
534.527954
534.699036
534.992004
535.165100
535.091309
535.214417
535.346741
535.140137
534.684265
534.661011
535.329590
535.781738
535.355408
534.776123
534.677002
534.999268
535.266724
535.294678
535.260498
535.211731
535.003113
535.044617
535.310242
535.596130
535.479187
535.234802
535.151428
535.079834
534.501160
533.816223
533.783325
534.846802
535.727661
535.598145
534.776123
534.540771
535.052185
535.535950
535.376465
535.143799
535.182495
535.204590
535.008545
534.969666
535.219604
535.109680
534.931396
534.914246
535.254028
535.485413
535.358582
534.906677
534.654602
534.898193
535.397217
535.377441
535.314636
535.231812
534.972717
534.479431
534.532898
535.194580
535.522095
535.065552
534.485962
534.659424
535.372803
535.662231
535.227478
534.787537
535.080872
535.427551
535.310303
534.985291
535.004639
535.393616
535.546631
535.073608
534.549072
534.624756
535.313171
535.694275
535.605713
535.056763
534.488281
534.562561
535.300171
535.891541
535.354980
533.965027
533.220154
533.934143
535.257568
535.817749
535.444153
535.082458
535.191833
535.341492
535.095276
534.852112
535.033508
535.090332
534.359863
533.559631
534.167847
536.122009
537.354858
536.380920
534.461670
533.705322
534.404541
535.315247
535.538879
535.352295
535.323730
535.306519
535.027344
534.746216
535.003906
535.443665
535.165100
534.292542
533.998535
534.797241
535.789490
535.987427
535.633789
535.373108
535.276550
535.131531
534.878174
534.683533
534.705872
535.050842
535.563843
535.848206
535.665161
535.246216
534.965210
535.045898
535.143494
534.894165
534.594543
535.005676
535.921631
536.104492
535.188110
534.309814
534.547729
535.607117
535.992126
535.187622
534.317932
534.440491
535.102051
535.399231
535.257263
535.101074
535.126404
535.329163
535.416138
535.237732
535.001221
534.918640
535.082214
535.339050
535.268616
535.020813
535.397827
536.443054
536.672119
534.940125
532.487183
531.916687
534.219360
537.246704
538.092590
536.443604
534.589783
534.244019
534.777893
534.959961
534.728088
534.706177
534.904785
534.897827
534.799866
535.031311
535.647278
536.174500
536.049011
535.252563
534.311035
534.061096
534.819092
535.943665
536.264648
535.286133
534.065979
533.983398
535.178223
536.267395
536.092163
535.325378
535.147949
535.228271
534.671265
533.594666
533.502502
535.062866
537.441284
539.018372
538.898499
537.117615
534.315552
531.806030
531.404541
533.410583
536.110046
537.037842
535.969360
534.881104
535.296021
536.378662
536.303467
535.031555
534.036621
534.196777
535.038269
535.465759
535.258667
534.860291
534.912476
535.428772
535.820862
535.622009
535.267944
534.904846
534.451233
533.930481
533.784851
534.421814
536.494873
538.975708
539.536804
537.229370
534.256836
533.170532
534.133789
535.118408
534.988953
534.413574
534.952881
536.324646
536.764893
535.524658
533.960571
533.756714
534.718384
535.397583
535.251160
534.797058
534.819275
535.433533
536.068970
535.804993
534.834595
534.293396
534.755615
535.610901
535.846863
535.247803
534.788757
535.155884
535.636475
535.312012
534.220276
534.029236
535.494568
537.549438
538.152405
536.311707
533.385864
531.833313
532.911133
535.815186
537.669800
536.905151
534.709656
533.742737
534.829285
536.158936
535.943481
534.663330
534.203491
535.124695
535.975464
535.452332
534.270020
534.048828
535.083984
536.088440
536.004761
535.200623
534.576843
534.577942
535.228699
535.665222
535.232788
534.048584
533.408264
535.059265
538.080261
539.166443
536.372986
532.068115
530.775940
533.541687
537.212585
538.008301
535.873474
534.173096
534.705078
535.967468
535.902100
534.644287
533.947815
534.626587
535.577087
535.431641
534.495483
534.072998
535.098938
536.960022
537.759277
536.367798
534.028381
533.242188
534.891846
536.399963
535.991882
533.822144
532.980957
535.355042
538.964355
539.700317
536.015198
531.071045
529.995300
533.482300
538.158447
539.064026
535.901794
532.597473
532.809082
535.562683
537.077881
535.702332
533.815308
533.985229
535.631348
536.378052
535.445679
534.403076
534.922180
536.207336
536.392029
535.440308
534.742432
534.749329
535.251526
535.532898
535.444153
535.434753
535.637878
535.680298
535.137939
534.307556
533.887695
534.160461
535.443420
536.656311
536.867371
535.426147
533.650940
533.152344
534.177063
535.598816
536.575989
536.885803
536.567383
535.594666
534.671875
534.056152
534.361328
535.092041
535.299255
534.924866
534.715698
534.847656
535.106079
535.467163
536.042542
536.087708
535.232422
533.895081
533.438904
534.705933
536.654907
537.513611
536.691589
534.918274
533.618530
533.223999
533.968384
535.286804
536.220215
536.008484
535.143982
534.863464
535.429871
535.880432
535.573730
534.772522
534.378357
534.590881
534.956604
535.189880
535.460449
535.723938
535.544006
535.043335
534.841064
535.004883
535.059509
534.733765
534.646301
535.149719
535.461243
535.163574
534.526428
534.819702
536.018860
536.550354
535.645630
534.246826
533.996033
535.155090
536.288940
536.268921
534.887390
533.729126
533.948792
535.103516
536.274658
536.326904
535.090393
533.893250
534.059631
535.224915
535.821777
535.401611
534.847229
534.848267
535.242065
535.268921
534.937622
534.907227
535.370178
535.715881
535.509399
535.081299
534.950439
534.989746
534.939636
534.604553
534.177429
534.447388
535.655884
537.035156
537.315247
535.882080
533.803101
532.940430
534.054871
535.842407
536.127808
534.976318
534.157959
534.705994
535.859070
536.345276
535.818604
534.969299
534.429260
534.416687
534.698853
534.992859
535.182068
535.254944
535.334961
535.392822
535.283569
534.953491
534.754272
534.970886
535.440796
535.540344
535.128662
534.816467
535.126953
535.483521
535.198853
534.642395
534.587280
535.149231
535.438843
534.958069
534.417236
534.488831
535.098633
535.589355
535.613770
535.390808
535.033264
534.672363
534.620728
535.055481
535.648376
535.739868
535.426880
535.155640
535.106445
534.974609
534.703430
534.597290
534.917114
535.311646
535.311279
535.074097
535.156982
535.395569
535.294495
534.662720
534.359741
534.933472
535.960083
536.523010
536.326782
535.401489
534.104431
533.443115
534.346436
535.944092
536.540283
535.307373
533.613647
533.537170
535.336609
536.800720
536.271484
534.702820
534.178589
534.892639
535.531006
535.227905
534.501587
534.380859
534.972351
535.612976
535.730835
535.281921
534.783264
534.695374
535.079407
535.510681
535.301575
534.503296
534.066284
534.673584
535.336487
535.130432
534.443237
534.350952
535.170105
535.993408
535.927185
535.302979
534.968323
535.094177
535.114258
534.947876
534.825928
534.746094
534.800781
534.965576
535.188965
535.431458
535.502075
535.313965
535.189087
535.144958
535.011841
534.920227
535.159851
535.407654
535.246338
534.757263
534.720154
535.449890
536.291565
536.151672
535.108276
534.331665
534.502258
534.983643
535.241089
535.246216
535.221497
535.054443
534.814270
534.729370
535.023010
535.358521
535.339111
535.042358
534.980530
535.304077
535.479187
535.198975
534.971008
535.018188
535.187683
535.196716
535.154236
535.195312
535.258362
535.070984
534.857056
535.095642
535.646667
535.592529
534.928833
534.576355
534.985352
535.479004
535.533325
535.145081
534.938049
535.068176
535.216980
535.136597
535.007202
534.993408
534.982117
535.005005
535.246521
535.418152
535.327148
534.952942
534.768738
535.021118
535.324036
535.344910
535.205383
535.279358
535.353577
535.076721
534.738403
534.968872
535.693665
536.067627
535.660461
535.022522
534.792480
534.988281
535.152527
535.230164
535.266479
535.208496
535.000977
534.844238
535.087524
535.437195
535.291077
534.883423
534.920654
535.436768
535.690979
535.259583
534.728943
534.703064
535.130310
535.379089
535.132751
534.926575
535.073120
535.248291
535.203552
535.199707
535.376282
535.357849
535.069641
535.004578
535.332886
535.564514
535.325256
534.953491
534.985596
535.219727
535.156616
534.899353
535.022949
535.532776
535.777100
535.353394
534.700684
534.498779
534.838806
535.270325
535.417114
535.367554
535.221680
535.000793
534.969177
535.294556
535.521606
535.260315
534.732788
534.823486
535.695862
536.303040
535.911438
535.104614
534.772339
534.968567
535.119263
535.242004
535.402893
535.411499
535.049988
534.420593
534.407959
535.312927
536.148071
535.888306
534.899597
534.559143
535.096069
535.660522
535.543579
534.969788
534.640503
534.840637
535.281860
535.429810
535.161987
534.849121
534.780396
535.287964
535.919617
535.851196
535.098572
534.659241
535.137634
535.704834
535.462036
534.797180
534.738403
535.460327
535.858948
535.227783
534.506287
534.705750
535.507507
535.692261
535.018799
534.447937
534.657166
535.317566
535.660889
535.487183
535.196472
535.044556
535.050232
535.100403
535.101990
535.100586
535.022034
535.137207
535.544373
535.682190
535.209229
534.712036
534.933044
535.496887
535.456787
534.830261
534.559448
535.094543
535.788757
535.672913
534.883423
534.487061
534.878601
535.391785
535.418823
535.088135
534.953247
535.085449
535.331726
535.498108
535.447693
535.177002
534.931763
534.975586
535.117493
535.027771
534.883850
534.999451
535.594482
535.945251
535.349365
534.345886
534.209412
535.074585
535.745178
535.516235
535.046509
534.920166
535.175720
535.306946
535.101257
534.944458
535.061890
535.183899
535.134277
535.103149
535.257568
535.279358
535.108521
534.993042
535.070801
535.194092
535.187988
535.146790
535.075684
534.983826
534.916260
534.988098
535.494812
535.930237
535.626892
534.847961
534.535339
534.990417
535.364014
535.174377
534.938416
535.063354
535.421326
535.431213
535.054260
534.853210
535.073486
535.309814
535.296082
535.213379
535.296753
535.278320
535.064819
534.962097
535.048462
535.124023
535.088196
535.135376
535.329041
535.348633
535.023804
534.780457
535.072144
535.638062
535.609436
534.790649
534.147766
534.453857
535.108948
535.277893
535.060303
535.055908
535.273560
535.294556
535.147522
535.116638
535.130981
535.032227
534.833252
534.891663
535.251099
535.470032
535.335632
535.039795
535.002136
535.207764
535.197083
535.134216
535.242798
535.383118
535.224976
534.943298
535.013123
535.404907
535.441895
534.924316
534.542725
534.897461
535.367615
535.268066
534.895996
534.959106
535.355835
535.520874
535.207642
534.872437
534.935181
535.223022
535.288208
535.186829
535.124329
535.107056
534.997314
534.967834
535.139282
535.341614
535.342468
535.274780
535.289917
535.275757
535.008057
534.709106
534.871155
535.465698
535.625977
534.948730
534.194580
534.273499
534.988647
535.481018
535.457520
535.271790
535.099731
534.980347
534.900330
535.040283
535.285522
535.323792
535.090271
534.937378
535.152954
535.392578
535.165771
534.901978
535.063660
535.527588
535.575562
535.220520
535.053162
535.243469
535.395996
535.196045
534.970154
535.150085
535.374817
535.285156
534.976379
534.844360
534.860901
534.724976
534.694824
535.183899
535.818726
535.798218
534.997070
534.457642
534.790710
535.407532
535.507202
535.184753
535.080322
535.247681
535.173645
534.862793
534.809448
535.161133
535.465271
535.396179
535.204712
535.178406
535.227356
535.215393
535.146973
535.122864
535.133118
534.943420
534.825073
535.257263
535.843750
535.783081
535.110474
534.711487
534.961609
535.278931
535.210327
535.004272
535.048950
535.363220
535.361328
535.057800
534.908508
535.138916
535.426208
535.415894
535.161926
535.016357
534.998718
535.193115
535.419861
535.476318
535.103271
534.605347
534.630981
535.198364
535.654175
535.222595
534.260254
534.088013
534.964172
535.779114
535.672729
535.115906
534.935242
535.103516
535.225464
535.135986
535.052002
535.152710
535.291809
535.302612
535.284119
535.306030
535.174316
534.986450
534.927673
535.019348
535.020325
534.953918
535.104126
535.344055
535.257507
534.760742
534.527222
535.072571
535.751831
535.659485
534.805664
534.431580
535.176331
536.058899
535.992371
535.213379
534.750854
534.899292
535.197815
535.323730
535.159912
534.952087
534.874756
535.045593
535.344666
535.459229
535.169556
534.752747
534.823425
535.330872
535.536072
535.154358
534.776855
535.048584
535.580444
535.555969
535.030701
534.721619
534.980225
535.360596
535.344116
535.143005
535.183960
535.267517
535.106079
535.063416
535.306763
535.370911
534.939758
534.611206
534.928528
535.540771
535.672668
535.168152
534.715393
534.903137
535.263184
535.173462
534.777588
534.802063
535.305054
535.613281
535.362366
534.991882
534.804626
534.820679
535.033081
535.309265
535.343201
535.011963
534.644653
534.910950
535.783813
536.408997
535.968933
534.962402
534.524963
534.886841
535.347717
535.474426
535.354431
535.279724
535.066895
534.688416
534.576965
534.972412
535.413513
535.403381
535.056458
534.957947
535.238159
535.458313
535.317505
535.041565
534.864380
534.871765
535.138489
535.634033
535.843811
535.276367
534.295837
534.024353
535.055298
536.482788
536.732178
535.654358
534.650085
534.680054
535.274475
535.602661
535.473755
535.190674
534.932190
534.828857
534.876343
535.060364
535.220459
535.224243
535.202576
535.362427
535.461121
535.166565
534.785095
534.858093
535.160278
535.216736
534.946777
534.906799
535.296631
535.596558
535.338501
534.757263
534.684631
535.168640
535.380066
535.117859
534.942261
535.152466
535.374146
535.309082
535.247620
535.262695
535.075867
534.695740
534.565674
534.941467
535.413391
535.429810
535.165771
535.142700
535.376160
535.336487
534.870178
534.611633
535.008850
535.538757
535.591614
535.225220
534.860901
534.687988
534.711365
534.862976
535.255432
535.563599
535.306396
534.661987
534.556702
535.260559
535.805725
535.447876
534.761902
534.529114
534.883911
535.274658
535.415771
535.311768
535.065125
534.909790
535.028931
535.429077
535.725525
535.373901
534.549561
534.174500
534.808533
535.667969
535.728516
535.172363
534.848877
535.044617
535.304382
535.349304
535.292542
535.206055
534.742554
534.165283
534.244385
535.122498
535.858276
535.684082
534.937500
534.562073
534.743774
535.047180
535.037415
535.031006
535.197449
535.291321
535.129700
535.021484
535.064758
535.092957
534.966187
534.862061
534.961731
535.154175
535.270691
535.358948
535.359314
535.033264
534.447327
534.330200
535.019653
535.928772
535.936829
534.784424
533.741638
533.977600
535.066101
535.761536
535.598450
535.138855
534.809509
534.801453
535.157532
535.599915
535.716248
535.401062
534.998352
534.932007
535.040894
534.930481
534.641174
534.706421
535.355103
535.815247
535.378723
534.636414
534.635315
535.274597
535.516663
535.018188
534.593384
534.924988
535.615234
535.761353
535.270874
534.757690
534.527466
534.476440
534.667236
535.212891
535.638184
535.412842
534.829529
534.665771
535.039001
535.308350
535.008972
534.615112
534.780579
535.327087
535.501343
535.228516
535.081848
535.270508
535.303162
535.043945
534.874207
534.959412
535.177917
535.251587
535.174194
535.120178
534.897461
534.520569
534.450134
534.983826
535.560059
535.380493
534.763306
534.654541
535.214050
535.696350
535.431519
534.847168
534.759094
535.117554
535.304565
535.125671
534.874817
534.779846
534.885437
535.108276
535.374695
535.414001
535.209900
534.895691
534.783386
534.927063
535.038025
534.986938
535.116760
535.356018
535.375732
534.831421
534.388489
534.813782
535.633057
535.824036
535.177551
534.539978
534.605408
535.038757
535.339294
535.234070
534.998840
534.895935
534.868713
534.995972
535.355713
535.530273
535.120972
534.565979
534.538269
535.094788
535.699036
535.755981
535.389343
534.939880
534.666626
534.681152
534.932007
535.213806
535.186279
534.635925
534.187744
534.645874
535.816223
536.461243
535.888672
534.964722
534.614380
534.726868
534.947266
535.068848
535.124390
535.122314
535.019470
534.965637
535.106995
535.361389
535.399536
535.108032
534.843811
534.835388
534.885620
534.878113
535.042664
535.352173
535.428467
535.102295
534.855774
535.112793
535.533752
535.190063
534.173523
533.762756
534.577881
535.723755
535.793579
535.083313
534.428467
534.294189
534.930420
535.845581
536.313782
535.988403
535.116638
534.481934
534.423645
534.916321
534.998169
534.500793
534.441040
535.218872
535.943542
535.884705
535.405884
535.096436
535.046692
534.900146
534.558533
534.501709
534.903503
535.342712
535.365234
535.244385
535.323608
535.388977
535.273438
535.237488
535.363953
535.232666
534.636658
534.241089
534.629700
535.399292
535.652405
535.323303
535.077209
535.259521
535.353821
534.937195
534.459534
534.710571
534.991882
534.873291
534.420410
534.481812
535.373474
536.247070
536.415344
535.697571
534.721619
534.268005
534.175476
534.827209
535.767151
536.037903
535.325378
534.440552
534.536011
535.236572
535.570007
535.286438
534.796631
534.528198
534.645020
535.015625
535.507263
535.886475
535.659729
534.759094
534.090637
534.487244
535.451721
535.735229
535.183716
534.657349
534.799255
535.240967
535.325256
534.952637
534.655151
534.710510
534.974731
535.401245
535.736206
535.569519
534.919067
534.566101
535.067688
535.696411
535.544189
534.796265
534.405579
534.836487
535.434082
535.413696
535.022888
535.012329
535.536743
534.848999
533.722473
533.296997
534.318176
536.170044
537.413818
537.117188
535.632446
534.139709
533.820374
533.862366
534.391479
534.732971
534.869751
535.617004
536.737671
537.056335
536.009705
534.785645
534.709534
535.390869
535.323547
534.283508
533.641418
534.446228
535.786072
536.102844
535.322205
534.743530
535.045349
535.497498
535.277222
534.665588
534.488159
534.855957
535.438293
535.694946
535.380005
534.730225
534.492126
534.948853
535.431396
535.068298
533.967102
533.418091
534.898071
537.587463
538.884399
537.400024
534.661499
533.207275
533.950012
535.710754
536.501221
535.394775
533.760193
533.458374
534.803162
536.323059
536.405945
535.104919
534.058105
534.370544
535.312195
535.501709
534.950439
534.625366
534.948547
535.285645
535.112244
534.851746
535.101440
535.542969
535.489990
535.007446
534.759888
534.874390
534.869995
534.621521
534.628113
534.954895
535.110657
534.971558
535.004822
535.042786
534.853516
534.257690
534.103760
535.151917
536.745728
537.274963
536.148132
534.432983
533.622559
533.924561
534.953430
535.598999
535.436768
534.823853
534.506653
534.976257
535.886841
536.147034
535.310791
534.359070
534.326416
535.074463
535.381958
534.807922
534.308472
534.568726
535.164185
535.350952
535.104187
534.951050
535.053589
535.274658
535.301086
535.303833
535.361450
535.223694
535.009766
534.971680
535.026550
534.946045
534.762756
534.902893
535.412231
535.850891
535.613342
534.632446
533.922607
533.682251
534.262512
535.875610
537.646423
538.283569
536.696106
533.464905
530.970093
531.135376
533.626648
535.897705
536.545959
535.893799
534.890625
534.608643
535.244507
535.959412
535.834045
534.900574
534.078308
534.094910
534.801758
535.377197
535.338318
535.110168
535.319641
535.572021
535.287720
534.807068
534.898193
535.302734
535.384094
535.037537
535.035889
535.429382
535.090454
533.426575
531.772827
532.269348
535.250977
538.143433
538.311340
535.556946
532.559265
532.047791
534.134399
536.660950
537.300476
535.792114
534.239197
534.235596
535.340088
535.824219
535.066406
534.268250
534.493408
535.277466
535.454712
534.931213
534.651367
534.942749
535.294128
535.216431
534.978943
535.141785
535.619934
535.801697
535.119507
534.238525
533.479309
533.679443
535.478210
537.776489
537.928650
534.977234
531.731506
532.069092
535.704895
538.727539
537.635559
534.185730
532.679260
534.409241
536.475098
536.118347
534.207214
533.462646
534.606262
535.910339
535.773926
534.546753
534.013123
535.008667
536.454163
536.619507
535.325806
533.763245
533.800903
535.482910
536.504944
535.131897
533.207520
534.020020
537.374329
539.383789
537.409607
533.048706
530.942444
533.045715
536.425476
537.192688
535.322754
533.997009
534.843811
536.501587
536.698853
534.961121
533.313538
533.680542
535.457336
536.358093
535.382690
534.007141
534.182678
535.848816
537.003418
535.837952
533.363586
532.272522
533.711304
536.213928
537.111938
535.533691
532.817993
531.770752
534.536133
538.723999
539.505920
535.287415
530.367737
530.777954
536.449158
540.975281
539.120789
533.473145
530.986877
533.522217
537.094238
537.209534
534.403015
532.790833
533.985901
535.560181
535.223572
533.817505
533.484741
534.599121
536.521973
537.760803
537.261292
535.029053
532.956665
532.962952
535.044067
537.444702
538.063965
536.390869
533.929504
532.511108
532.808167
534.098633
535.796021
536.957275
536.755981
535.727356
534.882935
534.706665
534.871277
534.951233
534.860535
534.788574
534.677612
534.640076
534.918701
535.408447
535.428589
534.770813
534.264160
535.251648
536.922485
537.258484
535.859497
534.403625
534.277832
535.124268
535.426086
534.925598
534.699707
535.510925
536.215149
535.804932
534.993225
534.719055
534.962585
535.308228
535.106018
534.383118
533.925232
534.255737
535.098938
535.863098
536.105347
535.349548
533.896667
533.220886
534.305603
536.313049
537.762451
537.678772
535.641602
532.630676
531.271057
533.174927
536.714783
538.359009
536.536987
533.223022
532.002014
533.962219
536.478210
536.805115
535.467468
534.756348
535.314941
535.764465
535.298523
534.451416
534.094360
534.467590
535.158630
535.339722
535.139221
535.222717
535.622498
535.932861
535.558289
534.510681
533.691467
534.393616
536.195374
537.027527
536.187744
534.756348
534.323059
535.188538
535.917603
535.747131
534.815186
534.166382
534.308350
534.693604
534.933472
535.222717
535.651978
536.096313
536.273865
536.003662
535.074219
534.156250
534.221802
534.996765
535.309265
535.074951
534.831848
535.077576
535.455688
535.275513
534.670471
534.596802
535.559692
536.470764
535.992615
534.591187
533.882385
534.425232
535.232300
535.568848
535.399353
534.882202
534.582764
534.655640
534.974731
535.286987
535.258850
534.958252
534.839783
535.088745
535.385803
535.363220
535.346130
535.423462
535.310852
534.922485
534.659302
534.946289
535.419556
535.324158
534.603149
534.127930
534.766296
535.834900
536.199341
535.728027
535.154358
534.807495
534.498291
534.506348
535.108826
535.774719
535.735779
534.896240
534.277954
534.597351
535.458801
536.012268
535.906982
535.366028
534.690369
534.242981
534.347168
535.153503
535.849426
535.221802
533.661133
533.284302
535.036377
537.325317
537.783691
536.092041
533.857422
532.931885
533.774902
535.331360
536.291504
536.023804
534.878662
534.171326
534.685425
535.746521
535.885193
534.933716
534.337891
534.833374
535.425354
535.017334
534.243408
534.520813
535.725708
536.390930
535.556091
534.252258
534.020996
535.018250
536.013672
535.985596
535.127869
534.364929
534.408997
535.210083
535.927856
535.636658
534.330566
533.292908
533.709778
535.040344
535.767151
535.375854
534.899170
535.170410
535.681702
535.503784
534.790039
534.488770
534.946472
535.692383
535.817871
535.108093
534.389221
534.398499
535.087036
535.743958
535.618225
534.725037
534.025208
534.680542
535.986938
536.265503
535.359924
534.414185
534.520447
535.386780
535.560974
534.884155
534.737183
534.988281
535.386597
535.161682
534.610046
534.707397
535.079346
535.286377
534.961060
534.644226
535.031128
535.242859
535.400635
535.393555
535.052612
534.994690
534.996033
535.304382
535.491821
535.216187
534.755920
534.738037
535.069763
535.299377
535.071106
534.871216
534.946167
535.291626
535.082458
534.365540
534.130554
534.810791
535.517761
535.632019
535.523499
535.193237
534.717041
534.390747
534.640991
535.221375
535.787598
535.619812
535.186218
534.960999
535.119751
534.948853
534.654358
534.689880
535.089783
535.116272
534.957520
534.893799
535.367981
535.626953
535.211670
534.579712
534.575439
535.203125
535.537292
535.124268
534.686707
534.704041
534.977295
535.093140
535.304993
535.631104
535.532349
534.903137
534.322144
534.366638
534.933228
535.339600
535.420654
535.396667
535.398438
535.479736
535.225403
534.845520
534.697205
534.859558
534.802002
534.901367
535.085693
535.288818
535.092346
534.925598
534.896912
534.936401
534.882935
534.872742
534.587524
535.431396
536.444031
535.854004
534.997314
533.998230
534.719360
535.414673
535.507324
535.555298
535.185913
535.271423
535.390320
534.669800
534.925659
534.740295
535.094788
534.842834
534.606812
534.806213
535.465393
535.533936
535.793335
535.744568
535.574402
535.119568
534.631592
534.720520
535.071899
534.545532
533.937256
533.914978
534.981873
535.792664
535.961060
535.405640
534.576294
533.909851
534.106201
534.747864
535.237488
535.623047
535.489929
535.276062
535.383850
535.428833
535.288940
534.791077
534.670532
534.882874
535.235229
535.387756
535.440491
535.346741
534.994568
534.768677
534.803284
535.035706
535.066162
534.663879
534.648987
535.367554
536.027039
535.845764
535.084167
534.764099
534.872009
535.003906
535.013611
535.012756
535.253357
535.465332
535.340759
535.157837
535.123840
535.160522
534.916931
534.654541
534.627441
534.836487
535.036743
535.195312
535.473145
535.582703
535.270569
534.835205
534.732483
534.999023
535.226440
535.202637
535.273987
535.558350
535.584106
535.007019
534.531189
534.904175
535.644165
535.725952
535.084717
534.501709
534.564331
534.916687
535.044128
534.976379
535.067566
535.321228
535.367371
535.281006
535.240234
535.234314
535.051270
534.934875
535.142334
535.390076
535.241333
534.804199
534.663635
535.010254
535.385620
535.343323
535.145264
535.274048
535.448059
535.196777
534.778931
534.799561
535.195740
535.322937
535.210999
535.293823
535.621521
535.724121
535.196777
534.561035
534.470703
534.889893
535.214966
535.230530
535.198608
535.223206
535.117981
535.077087
535.227234
535.251343
534.869507
534.566589
534.957153
535.853760
536.340454
535.819397
534.766357
534.322876
534.716125
535.095642
534.982849
534.769958
534.744690
534.804382
535.042358
535.560974
535.941284
535.643188
534.839539
534.379517
534.606995
535.025208
535.204163
535.184570
535.338257
535.607239
535.571899
535.149353
534.802246
534.835693
535.038452
535.105713
535.138428
535.065369
534.856567
534.794495
535.052185
535.509155
535.402832
534.411072
533.546570
533.975220
535.350647
536.216736
535.871155
535.112427
534.800781
535.085693
535.276245
535.074707
534.780823
534.760315
534.958435
535.232605
535.438110
535.352783
535.027161
534.870361
534.991821
535.179199
535.134888
535.038513
535.262451
535.737854
535.866882
535.315369
534.722595
534.767822
535.113098
535.043762
534.551270
534.361755
534.697083
535.092712
535.174988
535.154724
535.144653
535.014465
534.789368
534.825867
535.194336
535.500305
535.450562
535.341064
535.510254
535.642517
535.189331
534.597351
534.675720
535.308838
535.575806
534.989136
534.444458
534.665222
535.342407
535.459961
534.777954
534.248413
534.598511
535.407104
535.981201
535.897400
535.292725
534.521790
534.469910
535.509338
536.633301
536.453979
534.968506
533.708252
533.889343
534.932617
535.512451
535.301575
535.112366
535.423462
535.678406
535.264587
534.534058
534.372192
534.843323
535.422302
535.731079
535.644348
535.281982
534.965332
535.037537
535.243164
535.235962
534.836670
534.491638
534.859741
535.616577
535.774109
535.215088
534.887085
535.307068
535.623291
535.239929
534.588623
534.640259
535.273743
535.561462
535.189575
534.834534
535.084106
535.681641
535.841919
535.310852
534.624451
534.350403
534.500732
534.975464
535.507996
535.659607
535.306335
534.991699
535.051941
535.285339
535.158020
534.641968
534.451782
534.879333
535.424377
535.596680
535.501526
535.416443
535.226868
534.979797
534.890015
535.051758
535.259277
535.133118
534.858459
534.924072
535.278137
535.415100
535.085144
534.730957
534.732605
534.965332
535.221741
535.450195
535.632690
535.505005
535.125916
534.964355
535.130554
535.242432
534.958740
534.602356
535.005920
536.048523
536.549011
535.913818
534.876709
534.527039
534.784363
534.993347
535.179993
535.321106
535.372559
535.142883
534.768982
534.861511
535.385071
535.788879
535.572144
534.946289
534.614929
534.730347
535.092834
535.428040
535.487732
535.201721
534.770508
534.724426
535.139404
535.478882
535.208984
534.566956
534.444885
535.152466
535.878052
535.894592
535.414856
535.137268
535.098267
535.149414
535.297607
535.340515
535.146118
534.672852
534.486572
534.955750
535.622803
535.618225
534.848938
534.391663
534.745972
535.382324
535.468506
535.107544
535.033752
535.290649
535.469482
535.317932
535.133728
535.121399
535.079102
534.959229
534.960999
535.270569
535.455200
535.112427
534.787659
534.846985
535.146057
535.233704
535.288452
535.491150
535.531067
535.213257
534.877197
535.019897
535.526306
535.620178
535.099854
534.667053
534.932617
535.392456
535.245178
534.810059
534.732605
535.105896
535.281494
535.139099
535.057800
535.446655
536.011108
535.950806
535.125244
534.212219
533.684204
533.756592
534.559753
535.752502
536.267395
535.654724
534.796509
534.653076
535.025757
535.215088
534.933838
534.705994
535.022461
535.570801
535.658081
535.229980
534.911133
534.939880
535.048157
535.082886
535.167847
535.383118
535.471619
535.367065
535.224243
535.050110
534.943054
535.056274
535.406555
535.635925
535.156738
534.248901
533.863281
534.519897
535.485596
535.649109
535.128113
534.761414
534.836609
535.130188
535.244324
535.345154
535.370911
535.186707
534.868408
534.949890
535.517639
535.852966
535.486633
534.925598
534.903198
535.362854
535.471191
535.066101
534.641174
534.643921
534.890015
535.009521
535.064697
535.312500
535.452759
535.174255
534.881714
535.118958
535.525024
535.492126
535.126221
534.966675
535.053528
535.104248
534.922607
534.844666
535.155090
535.546387
535.480286
535.161255
534.988159
535.063965
535.137329
535.170044
535.281128
535.351196
535.258667
535.188416
535.325989
535.477295
535.191101
534.702454
534.590698
535.155701
535.694397
535.425537
534.756958
534.637085
535.064636
535.333923
535.144714
534.905090
534.811096
534.972473
535.271973
535.531006
535.619202
535.428650
535.107666
535.086975
535.369995
535.383362
534.830444
534.448975
534.867126
535.582703
535.669922
535.052063
534.580750
534.728027
535.102722
535.177551
535.044189
535.151489
535.375061
535.222412
534.856812
534.815308
535.064453
535.172363
535.101135
535.198242
535.350098
535.252014
534.980957
534.896057
535.098999
535.206604
534.943420
534.718628
534.897827
535.266846
535.320435
535.187805
535.264465
535.502258
535.400146
534.952209
534.687195
534.860413
535.151001
535.262451
535.325317
535.515503
535.457825
534.909363
534.319885
534.266418
534.666443
534.939941
535.007202
535.196716
535.403015
535.344482
535.069580
535.071960
535.378479
535.410828
534.922791
534.555908
534.945068
535.621338
535.707153
535.216553
534.878906
535.058777
535.316895
535.271423
535.031982
534.964111
535.034851
535.002502
535.000427
535.217346
535.482727
535.326416
534.911255
534.825989
535.086548
535.516418
535.978027
536.261597
535.925354
534.842896
533.898376
534.080444
535.170959
535.828247
535.144897
534.201904
534.460205
535.743774
536.551819
536.091797
535.083191
534.563293
534.675232
534.952148
535.101624
535.135193
535.066101
534.993835
535.047852
535.238892
535.389160
535.242737
535.021118
535.165466
535.436523
535.347656
534.975647
534.969666
535.388184
535.520325
535.166138
534.861755
534.937256
535.132446
535.089233
535.039734
535.200256
535.352966
535.266663
535.138977
535.419128
535.902893
535.409180
533.759033
532.364014
532.913330
535.801392
538.947449
539.911194
537.711182
533.713928
530.849121
531.107727
534.396851
538.019958
539.068542
537.551025
535.501282
534.713074
535.168457
535.643066
535.489685
534.806458
534.275391
534.262695
534.685120
535.256836
535.524231
535.323730
535.166138
535.271606
535.483826
535.367371
535.054932
535.105103
535.598938
535.974304
535.170288
533.806396
533.070801
533.432129
534.809998
537.165771
539.435303
539.561035
536.773438
533.351807
532.400757
534.741272
537.307129
536.961243
534.253906
532.720398
533.942383
536.019104
536.702515
535.840515
534.940674
534.961487
535.370422
535.284668
534.741882
534.498962
534.895020
535.474365
535.517273
534.966919
534.616028
535.184021
536.011719
535.973755
534.976501
534.135681
534.624756
536.032410
536.737854
536.112366
535.181030
534.742859
534.394104
533.642090
533.391479
534.781738
537.669189
539.838562
538.588684
534.110474
530.159180
530.303040
534.371277
538.284668
538.525269
535.670715
533.524475
534.411194
536.490112
536.697998
534.811768
533.400085
534.025513
535.411377
535.607117
534.649658
534.457092
535.813782
537.194519
536.974854
535.470581
534.339844
534.430176
535.200134
535.822144
535.804321
535.139221
534.392334
534.281616
534.994324
535.980591
536.418823
535.953308
535.056763
534.516113
534.652100
535.093262
535.423828
535.422485
535.051819
534.650574
534.654968
534.870605
535.085144
535.363403
535.734985
536.256836
536.302124
535.345215
534.128174
534.025146
535.097412
535.812012
535.323853
534.491943
534.370972
535.165771
535.880859
535.860107
535.384399
535.022949
534.921204
534.900452
534.942322
535.136230
535.450928
535.699890
535.775513
535.539673
535.012695
534.634094
534.847961
535.342651
535.412292
534.717529
533.968933
534.127014
535.432007
536.926453
537.611755
537.125000
535.564331
533.643066
532.764343
533.764099
535.701660
536.707947
536.120361
535.123779
535.035156
535.619873
535.735718
535.028503
534.369263
534.497437
535.075317
535.390259
535.378418
535.273804
535.149780
534.953979
534.873108
535.010986
535.339722
535.600586
535.731018
535.734131
535.453918
534.644165
533.921936
534.137573
535.103455
535.646362
535.273865
534.756836
534.965698
535.578247
535.841431
535.468811
534.734924
534.118225
533.695068
533.935791
535.385864
537.503845
538.747742
537.791992
535.121887
532.657776
531.967590
533.310181
535.287476
536.455078
536.297180
535.515320
535.253174
535.745056
536.125000
535.464600
534.126404
533.496338
534.084229
534.973511
535.220642
535.077515
535.129211
535.375427
535.536682
535.410278
535.205627
535.197205
535.255249
535.205078
535.082031
534.962280
534.960022
535.340637
535.645813
535.413147
534.139343
532.599854
533.029907
536.202087
539.858521
540.443604
536.775513
531.805298
529.440186
531.687683
536.547607
540.041870
539.839417
536.694519
533.799500
533.764343
535.691711
536.725769
535.586426
533.891907
533.782227
534.966187
535.497620
534.762512
534.151672
534.977051
536.391602
536.730530
535.751953
534.812073
534.428833
534.259033
533.849365
533.502441
534.220947
536.599243
539.127686
539.563232
536.788574
532.734802
530.087952
530.863037
534.269897
537.325989
538.092590
537.362854
536.430115
535.966309
535.723206
535.496399
534.995789
534.347168
534.019287
534.177307
534.669373
535.163391
535.368958
535.488464
535.860229
536.337646
535.867737
534.305237
533.248840
534.119324
536.254395
537.591309
536.595276
534.148315
532.642822
533.592712
536.280518
538.489685
538.288879
535.736389
533.175476
533.292969
535.800293
537.477295
536.299683
533.698059
533.029663
535.014099
537.040710
536.643494
534.543457
533.343079
534.345276
536.049438
536.517944
535.546204
534.466797
534.497986
535.642700
536.202698
535.178894
533.679810
533.729065
535.596069
537.205994
536.719604
534.700439
533.631409
534.822266
536.485107
536.617065
535.324280
534.268555
534.440674
535.358093
535.987915
535.856750
535.393127
535.232422
535.491394
535.818909
535.438660
534.487488
533.968628
534.680786
535.839844
536.094604
535.312744
534.523376
534.592407
535.230469
535.532898
535.456299
535.448792
535.703918
535.740723
535.266663
534.855896
534.768555
534.851196
534.882263
535.094849
535.527893
535.584412
535.186951
534.861816
535.137878
535.357971
535.038574
534.594177
534.785278
535.647705
536.322144
536.024353
535.210938
534.622253
534.746704
534.953247
535.133423
535.353638
535.497192
535.473999
535.372437
535.284912
535.083923
534.750671
534.621826
535.126465
535.879822
536.108276
535.427185
534.809937
534.903015
535.456360
535.605591
535.394348
535.249878
535.302795
535.181641
534.994446
535.006897
535.383240
535.418945
534.992859
534.662476
534.975464
535.564941
535.570068
535.023560
534.683777
534.887390
535.422791
535.746338
535.636108
535.183777
534.798523
534.939270
535.520264
535.980591
535.530884
534.320190
533.637085
534.363770
535.698181
536.022644
535.206726
534.479065
534.520386
535.160156
535.706055
535.651306
535.028381
534.651245
535.022217
535.738403
535.909058
535.297241
534.531189
534.584351
535.476257
536.084595
535.613892
534.860962
534.768250
535.254700
535.381531
535.085571
535.000610
535.449646
535.724487
535.238342
534.588745
534.672363
535.302979
535.753662
535.706543
535.485901
535.205811
535.040039
535.195862
535.478760
535.533936
535.116211
534.536072
534.612183
535.329102
535.806519
535.423462
534.799316
534.814514
535.349609
535.583008
535.425842
535.301208
535.396912
535.286865
534.976074
534.842163
535.183533
535.508301
535.441772
535.165771
535.094482
535.025635
534.844299
534.866333
535.419678
535.848633
535.554016
534.778076
534.497925
535.075256
535.682434
535.637329
535.356018
535.398376
535.601196
535.434387
535.088989
535.028687
535.294495
535.385742
535.102722
534.862610
534.991638
535.348755
535.620911
535.711243
535.636719
535.084290
534.149902
533.717896
534.425415
535.590149
536.016357
535.591431
535.095276
535.012146
535.230164
535.407043
535.399475
535.268616
535.112915
534.992798
535.077759
535.392700
535.483887
535.159180
534.815430
535.022827
535.422424
535.445312
535.289062
535.358032
535.497803
535.313049
534.948975
535.041382
535.514282
535.862488
535.576782
535.091309
535.024170
535.258850
535.268494
535.182556
535.437683
535.795044
535.540344
534.824951
534.416199
534.802979
535.393921
535.626892
535.463257
535.336487
535.268188
535.285583
535.384216
535.589233
535.524902
535.167603
534.809631
534.894226
535.288635
535.523682
535.414551
535.287964
535.263855
535.268860
535.083313
535.039429
535.447876
535.815125
535.646851
535.180481
535.154846
535.408630
535.343323
535.118042
535.176086
535.501953
535.567017
535.152405
534.826599
535.087769
535.687195
535.825317
535.255249
534.688477
534.628601
535.025940
535.413696
535.619995
535.497314
535.129517
534.949463
535.246277
535.657288
535.556458
534.928406
534.688293
535.426514
536.441406
536.544861
535.688843
535.023987
535.009705
535.152161
534.998169
534.842285
535.132263
535.607117
535.659729
535.310425
535.044067
535.242126
535.554993
535.681702
535.487183
535.069214
534.713623
534.702026
535.153564
535.616943
535.723083
535.484375
535.270691
535.164307
534.913452
534.540283
534.688843
535.757568
536.893677
536.820740
535.715881
534.807129
534.779907
535.177246
535.364014
535.221069
534.997375
534.899170
535.072266
535.436523
535.762939
535.620911
535.022705
534.694336
535.071411
535.652588
535.713318
535.315613
535.090271
535.132507
535.246948
535.118835
535.096313
535.295410
535.336609
534.918823
534.545288
535.141846
536.252075
536.561462
535.923157
535.131714
534.925720
535.174072
535.373352
535.290649
535.018494
534.895142
535.132935
535.623291
536.064819
535.963806
535.320557
534.765503
534.770447
535.210938
535.427124
535.365845
535.394165
535.426208
535.113342
534.707520
534.871155
535.500854
535.671692
535.165466
534.480835
534.691956
535.580139
535.884766
535.403259
535.179932
535.795227
536.512207
536.189697
535.047974
533.938782
533.739197
534.601868
535.758362
536.408997
536.095642
535.167725
534.630005
534.876831
535.437683
535.511963
535.139099
534.918701
535.231995
535.609192
535.621948
535.339233
534.990479
534.829041
534.981445
535.500366
536.121704
535.952942
534.744507
533.628967
533.854492
535.113342
535.748596
535.212341
534.509094
534.581116
535.351868
536.010376
535.896851
535.485291
535.129944
534.887146
534.945312
535.333313
535.590515
535.196533
534.688782
534.828125
535.514404
535.958069
535.589111
534.877258
534.697083
535.107544
535.479797
535.458496
535.410400
535.473633
535.340027
535.054138
534.965820
535.219849
535.334412
535.154175
535.065552
535.189758
535.370544
535.433472
535.419312
535.415466
535.083008
534.576904
534.496826
535.184692
535.951782
535.859558
535.168396
534.868286
535.303284
535.684753
535.267883
534.688965
534.868652
535.704773
536.007629
535.483337
534.815369
534.757874
535.211792
535.708740
535.983215
535.776550
534.997192
534.409912
534.710876
535.763611
536.233887
535.598633
534.685242
534.682251
535.487732
535.912781
535.495178
534.948914
534.914856
535.159912
535.036133
534.794556
534.834229
535.195923
535.447510
535.396118
535.156494
534.964172
535.028748
535.303467
535.462219
535.341431
534.773132
534.375305
534.950745
536.126221
536.428711
535.470093
534.432739
534.558350
535.374817
535.771545
535.229553
534.539246
534.625244
535.331665
535.701355
535.396118
534.870972
534.840332
535.169067
535.412048
535.256775
534.952026
534.963074
535.416626
535.681396
535.242310
534.540649
534.657227
535.649902
536.185059
535.445618
534.210266
534.137024
535.648926
537.141663
537.024414
535.583313
534.412354
534.410645
535.078613
535.641846
535.591309
535.055908
534.741150
535.105469
535.776917
535.923096
535.283142
534.536804
534.625610
535.405640
535.767883
535.185364
534.577881
534.896057
535.675415
535.789490
535.118347
534.423950
534.546570
535.324646
535.984741
536.148376
535.835632
535.167419
534.686646
