516.883240
517.015076
517.547485
516.060303
513.233765
509.994171
512.514343
527.172852
546.248962
554.606201
544.753906
523.976074
512.916260
523.930847
545.386047
554.165344
541.334778
520.681152
511.022461
521.966675
548.128967
565.188232
560.383545
539.047119
516.255615
511.641296
529.923523
549.891235
552.591431
534.929321
516.366699
514.830688
533.801270
551.393372
550.452942
531.497620
514.976990
516.916992
537.140015
552.880493
548.693787
528.389099
513.434143
519.030640
540.634338
553.989807
545.964722
524.929688
512.017029
517.978882
541.822632
561.653259
560.995483
542.357788
519.259094
510.011810
524.953552
546.518127
554.305237
540.324524
519.844177
513.026245
528.514282
548.597473
552.685913
536.206238
517.202637
513.912720
531.989075
551.192078
552.483582
533.940430
515.633606
515.134949
534.743896
551.771179
549.565857
530.141174
514.032349
514.502869
535.315735
558.921082
564.538269
549.619873
525.584412
510.333313
519.577881
541.489746
553.732544
544.673218
523.967834
512.962036
523.853699
544.934631
553.558105
541.105774
521.008057
512.964722
526.866943
547.589966
553.672668
538.600525
519.005798
513.993835
530.638245
549.732483
551.920349
534.525574
516.811462
515.210754
531.629883
552.025146
556.016174
541.993896
521.682556
509.211731
517.961670
539.811157
553.349121
548.401001
528.068359
513.580750
519.449341
540.588074
553.467407
545.715576
525.280640
513.126099
522.320435
543.851807
554.345825
543.255737
522.273315
512.334412
524.755798
545.849121
553.203613
539.504700
520.091370
513.308105
525.270264
548.257507
559.786377
551.419373
531.025940
512.825745
513.450256
533.256470
550.965149
551.585205
533.292297
516.030396
516.417297
535.884033
551.982483
549.039307
529.467834
514.145752
518.211731
539.241699
553.772278
547.643066
526.679443
512.748840
520.051270
541.597412
553.660034
544.717651
524.373352
513.406250
524.213806
546.711792
555.892334
541.623718
516.487061
499.296936
504.443481
530.621704
552.917358
554.625610
538.180786
518.481689
513.806824
530.578796
549.560974
551.685547
534.372742
516.489868
515.266602
534.294800
552.145081
551.162415
531.512878
514.448608
516.581421
537.407837
553.286011
548.863403
528.438599
513.576965
519.043823
540.236084
555.429321
548.873962
527.235352
507.357758
504.308533
524.229919
547.910095
555.360474
543.551453
522.477234
512.599365
524.910034
545.806213
553.318604
539.840149
520.117432
513.498901
528.827820
549.084595
553.324341
536.576538
517.098328
513.719238
531.863708
550.783936
551.815613
533.666382
516.161316
516.115662
535.991638
555.195679
551.827759
528.742188
504.550751
497.076538
515.716675
543.949768
556.961426
548.071777
526.950256
513.352722
520.503540
541.697510
553.554871
544.578979
523.995728
512.793152
523.526184
545.214600
554.323669
541.388428
520.232788
511.976532
526.594116
548.010864
553.950806
538.344177
518.400146
513.375244
530.778442
553.166565
554.831665
533.249451
506.531860
494.429291
509.001160
538.868042
556.779785
551.694031
531.266174
514.332825
516.448792
536.985352
552.683899
548.491638
528.411804
513.785706
519.317322
540.617188
553.678101
545.589172
524.529907
512.314758
521.813721
543.494141
553.873840
543.111694
522.736328
513.093750
525.137756
545.980530
553.934021
541.917114
521.871094
508.730652
513.833008
535.437927
552.189819
551.705872
536.419495
517.650452
514.003235
531.482300
550.369934
552.155579
534.458008
516.513184
515.648376
534.648132
551.489380
549.389771
530.065613
514.613281
518.383850
539.094055
553.411072
547.665894
527.448486
513.524231
519.910767
541.102661
554.911316
546.928955
525.213623
506.682251
505.742126
526.433167
548.530762
553.955750
541.252930
520.957703
512.565002
526.278809
547.289795
553.892456
539.093689
519.006287
513.148682
529.416382
549.040710
551.926941
534.655823
516.535278
515.178040
534.107300
551.844788
551.051697
531.701660
514.337219
515.550964
536.048035
552.771179
549.696106
532.110596
515.760315
512.736572
528.680237
548.469055
554.282349
543.557434
524.496277
512.165894
521.409241
543.812500
555.276062
544.389221
522.512695
511.616974
524.017334
546.201172
554.432007
540.190125
519.351013
512.628967
528.635620
549.277649
553.232788
536.084900
516.544373
513.513428
532.366089
551.768005
552.322754
535.610413
517.592346
511.244263
523.683777
544.409668
553.754883
546.355957
528.783081
513.877441
518.040527
539.223877
553.781616
547.605652
526.597717
512.680908
520.167114
542.161865
554.302246
544.917542
524.097595
513.101868
523.688293
544.586914
553.373230
541.291077
521.204285
512.976196
526.782776
547.594543
553.890503
540.591187
521.089539
509.824310
516.680359
537.669617
552.174438
550.199951
535.121948
517.498596
515.093018
532.814209
550.434937
550.574036
532.296387
515.372681
516.331848
536.205994
552.359375
549.154358
529.596741
514.445007
518.581238
539.049255
553.000916
546.840027
526.693909
513.473511
521.298645
542.809082
554.471497
545.247070
525.363953
510.896667
513.297485
533.373108
551.308655
552.965149
539.198242
519.967346
512.876892
528.057922
548.806335
553.701660
537.252136
517.369263
513.476501
531.632385
550.968994
551.943726
533.152588
515.293945
515.471130
535.421448
552.467651
550.010071
530.035339
513.957764
517.429749
538.400940
553.025757
547.341431
529.523499
515.441772
515.040039
531.518005
549.332336
553.321655
542.518677
524.390564
513.158325
522.517822
543.511597
553.546936
542.534485
522.299927
513.127625
525.872986
546.514343
553.397278
539.355774
519.740540
513.482056
528.942383
548.719238
552.774719
536.327698
517.389893
514.338074
532.466370
550.923401
551.682678
535.471985
517.189453
509.637573
521.110657
541.759460
552.534546
546.973511
529.800781
514.404663
518.961548
540.186890
554.040710
546.843323
525.609802
512.422852
521.112793
543.220459
554.359558
543.766785
522.861023
512.742615
524.721375
546.062439
554.242126
542.275940
523.339355
510.629547
513.163025
528.952332
549.376770
561.113037
558.097717
539.306396
517.064941
510.362122
526.899780
547.743713
553.872986
538.621826
518.399780
512.976135
529.899536
550.122803
552.850037
534.708801
515.611694
514.234009
534.104431
552.509827
551.393616
531.606445
514.514282
516.196167
536.458313
552.306519
548.469238
528.551941
513.984619
519.181946
540.163696
555.481873
548.691528
527.277283
508.484955
505.846619
524.368347
546.450623
553.757446
543.216125
523.312073
513.579895
525.227478
545.198486
552.401428
539.922363
521.202209
514.828430
528.880432
547.373230
551.275757
536.642578
519.415405
514.931946
530.197632
548.305054
551.034058
535.027161
517.935364
515.817566
531.743652
552.085083
555.545654
540.561462
519.864014
507.999512
517.504272
539.588135
553.281006
548.640930
528.146729
513.031616
518.904419
540.907532
554.361816
545.912231
524.395569
512.236572
522.485840
544.737549
554.846436
542.885803
521.644592
512.231506
525.531494
546.138794
552.212219
537.567749
518.639160
514.162292
528.552856
551.136597
558.810425
546.647583
526.350220
511.026093
514.433472
534.639526
551.010986
550.838257
532.867310
516.235657
516.918152
536.422791
552.381531
548.981689
528.863892
513.523560
518.124756
539.583191
554.023132
547.553101
526.299622
512.268127
519.989014
542.271667
554.487000
544.525696
523.118469
512.468567
524.879944
548.458313
556.254822
539.509277
513.691406
498.288330
505.464111
531.808960
552.958984
553.937988
537.564087
518.439209
514.356750
531.389465
549.886292
551.147888
533.503174
516.558228
516.468567
535.393616
551.842712
549.807556
530.651489
514.809570
517.427429
537.579773
552.285706
547.394836
527.555786
513.961792
520.374390
541.375793
554.653503
546.271729
525.345886
508.104706
506.760773
525.880432
547.528198
553.998718
542.549316
522.385620
512.788086
524.802551
545.444031
552.771667
539.414429
520.193909
513.929321
528.986145
548.457642
552.320923
536.099426
517.679321
514.841003
532.682373
550.851257
550.953186
532.266235
515.389282
516.642212
536.912842
555.046814
550.644348
528.059814
505.613159
499.125977
517.009155
543.780090
556.185303
547.263916
526.152161
513.003845
521.199890
542.817871
553.713562
543.320068
522.704529
512.633606
524.151978
545.302368
553.802979
541.230896
520.990417
512.902161
526.807678
547.463806
553.246094
537.848145
518.142944
513.260803
530.755005
552.910461
554.398926
533.425293
507.718719
495.605103
509.084290
538.190125
556.309021
551.617371
531.237183
514.419312
517.071167
537.839905
552.741943
547.447754
527.403442
513.938843
520.318298
541.391357
553.952820
545.809143
525.011292
512.750549
521.977112
543.822205
554.394287
543.208862
522.284546
512.766785
525.730713
548.573242
555.630493
539.465820
514.505920
498.927032
505.652100
531.911011
553.139160
553.866455
536.793701
517.340393
513.828491
532.047302
551.106567
551.959595
533.290527
515.511780
515.617432
535.417114
552.218933
549.497742
529.424805
513.603088
517.772949
539.276428
553.714539
547.169189
526.309631
513.200012
521.044739
542.746643
555.428955
545.987305
524.030029
506.162781
505.685333
526.616028
549.051025
554.617615
541.594666
521.006165
512.812378
526.784851
547.459473
553.231201
538.131348
518.653748
513.540100
530.047180
549.698486
552.714539
535.384888
516.657715
514.682739
533.640320
551.731262
551.147339
532.051208
515.257019
516.805298
537.295105
555.256104
550.578857
527.721069
504.899994
498.650696
517.630798
544.823914
556.593933
546.820374
525.493713
512.892273
521.705017
543.081970
553.630310
543.117188
522.629822
512.665039
524.536926
545.756897
553.750610
540.397705
520.196899
513.047791
528.016724
548.175903
552.714294
536.806946
518.069275
514.358887
531.484985
549.973083
551.334961
536.316406
519.101013
511.726471
522.668701
543.441833
553.930481
547.255005
529.647034
514.275940
517.679565
538.422546
553.212646
547.913086
527.650696
513.631958
520.020630
541.387878
554.023499
545.450439
524.502686
512.756836
522.860718
544.297852
553.816833
542.126770
521.879761
513.153137
526.227356
547.049927
554.234802
541.846008
521.974243
509.106323
514.549438
536.013062
552.087830
550.817627
535.087646
516.796936
514.330688
532.612183
550.889771
551.340210
532.955566
515.643555
516.039124
535.863464
552.383606
549.353027
529.346619
513.966003
518.584412
539.734863
553.558472
546.792603
526.176331
513.069641
520.900696
542.301147
553.947449
545.240051
526.094238
511.870697
513.759338
533.529907
551.624084
553.179138
539.202148
520.028992
512.610474
526.935425
547.355957
552.976807
537.848022
518.631226
514.043335
530.941528
550.082275
552.030457
534.094177
515.843567
514.772156
533.996277
551.689941
550.656921
531.473938
514.798889
516.776489
537.312256
553.197815
549.057373
530.843445
514.519470
512.245667
529.073608
549.010925
554.370850
543.302429
524.442871
512.858032
522.620239
544.407104
554.594360
543.051025
521.879761
512.096863
525.017822
546.693542
554.080933
539.590698
519.280823
512.967285
528.734375
548.919617
553.123535
536.701355
517.604736
514.136902
532.030701
550.937683
552.329773
536.117859
517.210876
509.105896
520.675781
542.193542
553.290344
547.152893
529.644531
514.054810
518.091553
539.298462
553.892334
547.649414
526.619568
512.791260
520.446838
542.467773
554.438049
544.726685
523.663635
512.652771
523.492004
544.752991
553.634827
541.382629
521.199219
512.999939
526.766663
547.543579
553.875977
540.541016
520.950989
509.639832
516.642578
537.881714
552.478088
550.009155
534.123535
516.310364
514.820374
533.719299
551.577942
550.749023
531.529663
514.785400
516.880920
537.492065
553.079102
548.434692
528.046631
513.554565
519.197327
540.395691
553.514893
546.036743
525.408142
512.901917
521.697266
543.194458
553.753845
543.165283
524.081787
512.548523
517.777405
538.600647
554.758057
553.653687
538.240845
519.129089
512.920837
528.014832
548.422852
553.280518
537.235535
517.997314
514.264343
531.839905
550.471985
551.424561
533.213684
515.690491
515.621033
535.153198
552.220947
550.261047
530.577942
514.271362
517.291870
538.240417
553.234741
548.026978
529.676636
514.145203
512.512390
529.030823
547.996582
553.121460
542.578613
524.103271
512.749695
522.922302
544.402039
553.883057
541.902222
521.320618
512.687073
526.302246
547.349304
553.850708
539.309448
519.708374
513.826599
529.425903
548.847839
552.342651
535.711548
517.168640
514.675598
533.030151
551.232971
551.610901
535.288086
517.253174
509.827087
521.032043
541.433838
552.211426
546.776794
529.685425
514.110229
518.411987
539.715027
553.984863
547.295288
526.380188
513.049866
520.997498
542.409912
553.511780
543.614746
523.275757
513.095886
524.443909
545.497009
553.916809
540.898132
520.400757
512.758545
527.466003
548.078247
553.266113
537.688477
519.015564
512.294922
524.728516
548.093323
560.355713
553.165100
533.123840
514.094116
514.449951
534.118591
552.058533
550.837769
531.090759
514.339783
516.924805
537.833374
553.340027
548.562561
528.155151
513.641907
519.481262
540.769287
553.742126
545.683472
524.753967
512.496765
521.944275
543.479126
553.788513
543.186829
524.609192
513.286255
518.154480
538.367310
554.410767
553.673767
538.164551
518.656189
512.851562
528.534729
548.793762
553.007385
536.461365
517.597412
514.645935
532.656982
550.987915
551.453308
532.875122
515.284607
515.585205
535.566956
552.465149
549.692383
529.531982
513.745789
518.021484
539.384033
553.661743
547.056885
526.289856
512.045105
516.202820
539.964966
562.412842
564.363220
546.066833
521.157104
509.254639
522.902039
545.555481
555.005188
542.283569
521.316223
512.819092
526.774170
547.661499
553.748718
538.558960
518.541748
513.014893
529.728577
549.776123
552.724243
534.964722
515.942200
514.113281
533.290710
551.485901
550.986633
532.019775
514.895203
513.502075
533.015137
557.807617
565.174805
551.005554
526.756836
510.474701
518.500610
540.533264
553.859680
546.113892
525.401489
513.208984
522.108704
543.225952
553.646240
543.179688
522.898560
513.184265
525.339050
546.415527
553.852234
539.841736
519.554688
512.862061
528.277405
548.572266
553.147400
537.155823
517.923706
511.804230
526.734802
552.941650
565.816956
556.124451
532.669128
512.608826
514.657898
535.699402
552.615540
549.909607
529.982178
514.123901
517.555908
538.343689
553.108154
547.521912
526.972900
513.175354
520.493958
542.336060
554.376160
544.711243
523.351440
512.233765
523.328308
545.070740
554.244629
541.850708
520.975952
510.616974
521.193481
548.426880
566.885315
561.725098
538.897827
515.403625
511.466827
530.682068
550.533752
552.425232
534.385498
516.157898
514.942322
533.978516
551.748962
550.939697
531.926575
515.306091
517.097290
537.221497
552.592346
548.284119
528.346741
514.002869
519.154053
539.787170
552.974365
546.353394
526.510193
513.183228
517.400513
540.391479
561.141785
561.682739
543.496765
520.371521
510.640625
524.806030
545.949890
554.172241
541.108948
520.784607
512.788879
527.092468
548.012939
553.954529
538.393799
518.441833
513.718567
531.143677
550.654053
552.476501
533.926392
515.516846
515.156128
535.137451
552.612854
550.584045
530.533447
513.410583
513.386658
534.861572
559.745972
565.396912
549.421936
524.937317
509.872742
519.215332
541.357544
554.209717
546.000183
525.170837
512.803833
521.817139
543.078247
553.753540
542.921448
522.383240
513.065002
526.176392
547.489807
554.346558
539.383789
518.837097
512.741699
529.143982
549.598755
553.478455
536.349792
516.885376
513.321472
529.429749
551.884949
557.714355
543.580383
522.097961
508.691437
516.450562
537.986145
552.054932
548.207275
528.423096
513.978577
519.659607
541.784851
555.946472
548.344666
526.135376
512.137939
520.583679
542.883423
554.336792
544.160461
523.058167
512.181396
523.409790
545.062073
554.250122
541.768127
521.364380
512.607788
523.501465
547.789856
561.122742
553.000793
531.990967
513.302368
512.977234
532.101562
550.227722
552.175598
534.751648
516.791382
515.523010
534.388916
551.606445
550.281067
531.099487
514.854553
517.274963
537.395813
552.294800
547.816833
528.305603
514.409485
519.921082
540.614319
553.493713
545.811584
525.184021
512.075073
517.704712
541.750916
561.593994
560.428467
541.544250
519.049377
510.563141
525.301147
546.339111
554.273926
540.813293
520.540405
513.315674
528.536804
549.108459
553.752380
536.921326
517.044250
513.333374
531.451782
550.505615
551.686646
533.375549
515.759277
516.133484
536.166687
552.731812
549.535400
529.078308
513.207458
517.496887
538.752136
555.541870
550.348450
529.692505
510.290894
505.810547
523.104492
545.866394
554.491028
544.440979
523.658447
512.726868
523.677002
545.155701
554.073792
541.462769
520.991211
512.912903
526.809631
547.453003
553.599854
538.868591
519.260071
513.588257
529.842651
549.755249
552.987000
535.426575
516.319641
513.811035
530.876648
552.748413
557.273193
542.485413
521.358643
508.575500
517.086853
539.242310
553.415039
548.899170
528.316162
513.453247
519.472534
541.294617
554.216492
545.695007
524.578674
512.743347
522.288269
543.786316
553.905273
542.971191
522.475281
512.887146
525.048950
546.067871
553.657837
539.952820
519.921387
513.322754
528.976868
551.406250
554.995056
535.903809
510.819397
497.530151
508.000061
535.647278
554.539734
551.630981
532.744751
515.878784
516.932800
536.555847
552.909424
550.008850
529.634583
513.506226
516.828186
537.917480
553.282166
548.315857
527.569946
512.717590
519.623901
542.246826
554.833923
544.979553
523.250610
512.201721
523.863586
547.371582
556.628662
541.668213
516.349426
499.787262
504.945984
530.454956
552.445312
554.520386
538.436523
518.705017
513.760742
530.508972
549.949646
552.324585
534.872864
516.682617
514.980103
533.546448
551.407227
551.281860
532.423401
515.147583
515.984680
536.018311
552.317932
548.944336
528.883057
513.782898
518.757935
540.361084
555.813843
548.762573
526.484009
506.221100
502.645386
522.277649
546.664185
555.309875
544.123047
523.160095
512.615906
524.273804
545.666626
553.974304
540.794800
520.365417
512.641174
527.318665
548.350159
554.074829
538.010925
517.708496
512.897156
530.781433
550.848328
552.586975
533.720886
515.140747
514.815918
535.478394
555.632751
552.578247
529.045715
504.302307
496.143738
514.270447
543.102783
557.352478
548.953491
527.453430
513.326416
520.315063
541.849854
553.806030
544.760498
524.146545
512.900513
523.050415
544.467102
554.087219
542.408203
521.758545
512.785339
526.012939
547.016418
553.602356
539.024841
519.347534
513.727478
529.636230
549.119019
552.343018
538.218262
520.270935
511.028290
519.817322
540.888062
553.777527
549.364319
532.224426
515.270142
516.256897
536.472656
552.861389
549.590149
529.466003
513.725525
517.795044
539.080200
553.867249
547.746643
526.633789
512.612610
520.352478
542.542419
554.652893
544.713745
523.269470
512.095398
523.473083
545.462952
555.136169
543.519470
522.046265
506.877930
510.802856
533.430969
552.623779
553.309998
537.167542
517.169800
513.349060
531.718018
551.400574
552.667480
533.659973
515.079956
514.835999
535.208862
553.053284
550.826599
530.286011
513.742065
517.397888
539.037354
553.971802
547.936279
526.898621
512.903198
519.845398
542.075562
556.526611
548.068604
524.957458
504.987091
503.197479
524.539795
548.513306
555.177246
542.443604
521.647034
512.891357
526.187012
546.973267
553.442688
538.840027
518.845459
512.792175
528.883972
549.274658
553.230774
536.396118
517.352295
514.512329
532.746643
551.095093
551.334534
532.763245
515.535034
516.117737
535.956055
552.515442
549.714294
532.408936
515.840271
511.977570
527.277893
547.918152
555.067017
545.151550
526.172974
512.987976
520.764465
542.572998
554.450989
544.574707
523.106445
511.767029
523.247192
545.713013
555.165222
541.927612
520.283752
511.796082
526.652954
548.225830
554.162720
538.298645
518.009521
513.014404
530.540466
550.786133
553.654236
537.637451
517.399536
507.563782
518.319702
541.251526
554.349426
548.928406
530.616272
513.569031
516.492126
538.259460
554.206482
548.864197
527.356323
512.399109
519.277161
542.145325
555.395081
546.055115
523.712341
511.593658
522.366333
544.983704
554.992188
542.759216
521.369812
512.183105
525.636047
547.287476
554.466248
541.293457
521.153809
509.272522
515.927307
537.731201
553.081055
550.866028
534.890869
516.923889
514.698730
533.098572
551.347778
551.329529
532.324829
515.012329
516.126465
536.541809
552.933655
549.266602
528.846924
513.825623
518.809265
540.019165
553.547485
546.672119
526.094788
513.112000
520.912476
542.345215
553.849243
545.003357
526.091736
512.563110
514.754822
533.950378
551.244812
552.809204
539.569275
520.889099
513.065979
526.796204
547.427185
553.630615
538.639038
518.715210
513.245850
529.974609
549.851135
552.716064
535.193237
516.720215
515.013489
533.867126
551.731567
551.145813
531.898621
514.714172
516.335815
537.102478
553.323059
549.522461
531.014282
513.901917
510.593811
526.810669
547.353638
554.212646
544.350586
525.429565
512.808167
521.986206
543.901917
554.348694
542.753723
521.337341
511.864624
525.334839
547.267761
554.310242
539.376160
518.968079
512.935913
528.996216
549.105713
552.811218
535.935974
516.894165
514.118591
532.646362
551.401245
552.067749
535.338074
516.876526
509.670746
521.439514
542.413574
552.977600
546.840576
529.531372
514.111328
518.311951
539.542908
553.991150
547.600891
526.501953
512.928772
520.712830
542.473938
553.959778
544.106201
523.353577
512.678528
523.572144
544.790588
553.583435
541.188965
520.805237
512.734314
526.845032
547.759338
553.623474
538.418945
519.361694
512.002075
523.803162
547.096375
559.652954
552.919312
533.432617
514.704895
514.381470
533.555725
551.859192
551.251099
531.719971
514.462219
516.324951
537.250427
553.366394
549.118530
528.406067
513.118835
518.408875
540.122131
554.154724
546.749268
525.205139
511.997070
521.211609
543.972595
555.156372
544.063049
523.992859
511.845886
517.206482
538.591980
555.464478
554.500732
538.240906
518.152466
511.882538
527.988953
549.357666
553.912231
536.740723
516.832336
513.612183
532.179199
551.223511
551.581848
532.485596
514.734070
515.318848
535.795410
553.130859
550.368225
529.747803
513.437561
517.380371
539.030151
553.734375
547.364929
526.267273
511.886108
516.325928
540.161194
562.507874
564.166748
546.019592
521.753723
509.914032
522.982971
544.951599
553.867310
541.483582
521.106018
513.165527
526.954468
547.474304
553.369446
538.588623
519.072144
513.635376
529.772461
549.556580
552.838074
535.648804
516.684082
514.356689
533.195740
551.618652
551.454773
532.486694
515.042236
513.046509
531.694946
556.287048
564.365906
551.405701
527.681396
510.555756
517.429810
539.699768
554.231628
547.252686
525.894165
512.668884
521.184082
543.205017
554.309631
543.623779
522.263000
511.755402
524.013794
546.397949
554.997437
540.973694
519.526978
512.151062
527.846802
549.056885
553.704163
536.968567
517.698120
511.494659
525.202515
549.724976
561.828735
553.155212
531.664673
512.825317
514.705688
535.450134
552.850220
550.252319
529.924194
513.937744
517.545471
538.599182
553.311707
547.655701
527.113281
513.371277
520.257202
542.022339
554.274597
545.105469
523.891663
512.578003
523.081421
544.644836
553.864136
541.987732
521.618286
511.553314
521.252747
547.088989
565.226440
561.272034
540.037659
516.966370
511.466919
529.186829
549.120667
552.411255
535.763123
517.477234
514.876709
532.650818
550.749817
551.418762
533.191162
515.749756
515.922180
535.718872
552.631897
550.060425
529.942688
513.813293
517.544556
538.815308
553.526855
547.619934
526.809937
512.259277
516.012512
539.647095
562.189270
563.834534
545.046082
520.280884
508.960754
522.980957
545.419434
554.764587
541.983887
520.891663
512.477234
526.696716
547.903564
553.906311
538.211121
517.863708
512.777405
530.188477
550.484375
552.975952
534.829956
516.188232
514.971924
534.287231
552.008728
550.779846
531.158386
513.834900
513.046753
533.470459
558.806458
565.795227
550.621338
526.001465
510.243896
518.743530
540.745544
553.691772
545.852783
525.222290
513.108337
522.008057
543.367371
554.023499
543.473022
522.614868
512.464355
524.497681
546.068542
554.222839
540.871399
520.653809
513.384033
527.942688
548.072021
553.082275
537.471619
517.746765
510.865784
525.676086
552.996887
567.180054
557.893188
533.860657
512.708801
513.611145
534.460999
552.137695
550.474060
530.812805
514.289062
516.888000
537.808289
553.394409
548.339417
527.380615
512.727356
519.454346
541.857361
554.911865
545.792114
523.977234
512.004883
522.524414
544.944885
555.022278
542.645630
520.973816
511.070831
521.566711
547.168030
563.074829
556.233521
534.268982
513.555603
511.352295
530.484436
549.773193
552.448792
535.105835
516.598999
514.715027
533.485596
551.714111
551.236450
531.977905
514.861755
516.376709
536.828857
552.916321
549.084839
528.981873
514.012756
518.589539
539.465027
553.293396
546.898560
526.409973
512.449097
516.527283
539.895630
561.271301
561.845581
543.564941
520.631836
510.742493
524.450317
545.538879
553.872620
541.127380
520.685120
512.561829
526.673645
547.740967
553.794800
538.437256
518.471802
513.507935
530.455872
550.046448
552.351807
534.566467
516.074829
514.507935
533.766113
552.233398
551.575562
531.618958
513.906128
515.424438
535.634644
555.309387
553.968872
534.631409
513.644470
506.081482
520.821045
543.855591
554.486755
546.006226
524.621033
512.057678
521.575012
543.969116
554.799316
543.476318
522.164551
512.548340
525.271973
546.447754
553.488525
539.642212
520.082336
513.911133
529.202637
549.013245
552.878174
536.354980
517.353577
513.441895
528.551086
550.881165
557.810425
545.426697
525.394287
511.592682
517.017334
536.991760
551.319885
548.992065
530.332825
515.067932
518.253479
538.621582
553.138794
547.761169
527.560730
513.729004
520.071838
541.062683
553.276978
545.074402
524.926819
513.380981
522.953735
544.245667
554.101196
542.354675
521.380310
511.624481
521.878113
546.868774
562.128174
555.585083
534.664062
514.507996
511.860138
530.344421
549.682556
552.819275
535.426331
516.487732
514.542969
533.935730
552.547974
551.742493
531.746521
514.279236
515.995300
536.723572
552.795959
549.031921
529.019714
514.175903
518.966736
539.811340
553.054504
545.720398
525.078430
512.860535
521.809509
544.150146
555.898193
544.853027
522.180847
505.211975
506.156433
527.269043
548.667480
553.523376
540.775513
521.185181
513.540405
527.537537
547.793030
553.204773
537.796570
518.271118
513.237183
529.647095
549.086121
552.187378
535.438660
517.237610
515.111389
533.556641
551.329468
550.633423
531.405151
514.637878
516.528992
536.037598
554.495789
553.006836
534.732788
514.532227
506.454651
520.351562
543.379150
554.587830
546.354980
524.802185
512.067993
521.841187
544.408081
554.947144
542.967712
521.337097
511.984589
525.380676
547.328186
554.745239
540.195007
519.400513
512.741943
528.739441
549.345581
553.168457
535.986816
516.668213
513.922424
532.924072
554.219910
553.515076
531.330688
506.408813
496.341858
511.333221
539.740173
556.068359
550.323730
530.148743
514.617676
518.492920
539.329163
553.441650
547.266907
526.741638
513.237732
520.176453
541.485840
553.717712
545.281433
524.823059
513.233643
523.043884
544.217468
553.612244
541.713806
521.444702
513.156555
527.028320
549.739136
555.620850
538.282166
512.996765
498.063965
506.217682
533.230286
553.973755
553.659851
535.870117
516.949768
514.552673
533.220947
551.503357
551.184021
531.941711
514.590393
515.724243
536.236755
552.937927
549.663330
529.136475
513.368042
518.128845
539.953674
554.143433
546.889465
525.535217
512.432312
521.034241
543.549438
555.945923
545.313538
522.007202
503.765320
504.615509
527.453247
550.411255
554.817993
540.220764
519.490784
512.650757
528.196716
548.742371
553.017212
536.591370
517.495117
513.985291
531.686462
550.822266
552.174072
533.823242
515.767822
515.206543
534.741211
551.958130
550.062073
530.669922
514.816711
517.595520
538.175293
555.143921
549.631653
526.920593
504.986725
499.774231
519.088135
545.432922
555.938904
545.589417
524.677673
513.055176
522.633057
543.764282
553.441956
542.389526
522.221802
513.013000
525.415894
546.392700
553.746948
539.924500
519.886963
513.236511
528.489319
548.486816
552.757751
536.772705
518.143127
514.711609
532.119568
550.605652
551.640320
536.253906
518.738953
511.331024
522.612793
543.594482
554.065491
547.339478
529.602234
514.156494
517.650879
538.522400
553.273499
547.755005
527.350220
513.456421
520.191528
541.638367
553.912476
544.920410
523.873596
512.386963
522.853760
544.437805
553.876038
542.017151
521.690186
512.924988
525.987854
546.823547
554.001099
541.559509
521.533264
508.671906
514.486023
536.366272
552.698608
551.393921
535.418396
516.985901
514.532349
532.784790
550.710571
550.705811
532.134338
515.190186
516.340332
536.607788
552.875488
549.324646
528.920715
513.559509
518.358948
539.689514
553.551880
546.835083
526.311523
513.065186
520.748779
542.585388
555.756775
546.766541
524.505005
506.049957
505.802582
527.269531
549.474976
554.397766
540.971619
520.357422
512.409363
526.883118
547.840515
553.713684
538.208923
518.467834
513.803101
531.094177
550.518738
552.279663
533.920471
515.723022
515.130310
534.714722
552.062561
550.469299
531.097656
514.704712
517.156006
537.807678
553.109131
548.280334
530.038086
514.572388
513.192017
530.303650
549.989929
554.869263
543.312988
524.166626
512.334778
521.854126
543.732056
554.466248
543.408569
522.391785
512.664734
525.479980
546.896545
554.089417
539.582947
519.232605
512.936523
528.891602
549.116089
553.000366
536.285278
517.236633
514.188477
532.358459
550.970032
551.235046
534.854919
517.715393
512.107117
524.733337
545.231506
554.281494
546.624146
528.812988
513.668945
517.729492
539.121277
554.107117
548.134827
527.011597
512.807739
520.024231
541.947144
554.160034
544.723145
523.671997
512.612244
523.543762
545.187134
554.255615
541.616943
520.698364
512.257996
526.368286
547.718323
554.142334
540.407654
520.481140
509.432495
516.815369
538.294617
552.976990
550.493774
534.460510
516.499817
514.811951
533.727722
551.860535
551.360291
532.026489
514.812012
516.415039
537.001587
553.021301
548.900391
528.646790
513.872681
519.088135
540.353027
553.764465
546.280823
525.151306
512.168457
520.909424
543.071106
554.352844
544.466003
525.045288
512.131775
515.465881
535.108887
551.945496
552.662903
538.689453
519.852173
512.860107
527.767639
548.545288
553.648132
537.504639
517.753052
513.635315
531.355713
550.602844
551.997742
533.754150
515.879272
515.389648
534.869019
552.291687
550.554138
530.752808
514.322266
517.381409
538.502258
553.545715
547.920349
529.680664
515.155396
514.480774
530.959045
549.315674
553.673218
542.716614
524.230896
512.824341
522.492981
544.190613
554.238708
542.671692
521.948303
512.962952
526.017639
546.820679
553.469666
539.289551
519.649597
513.503967
528.944946
548.756409
552.774963
536.283264
517.282471
514.135986
532.388916
551.215637
552.228027
535.979370
517.531799
509.471313
520.285706
541.189087
552.772156
547.628418
530.301941
514.171021
517.937317
539.229126
553.823364
547.400330
526.424255
512.955383
520.686401
542.281433
553.894714
544.345276
523.733032
512.937317
523.752075
545.060120
554.164185
541.752930
521.076782
512.681946
526.790955
547.749023
554.013672
540.665466
521.087036
509.371399
515.532776
536.372375
551.775024
550.615540
535.025085
516.566650
514.577881
533.501587
551.568359
550.865662
531.552368
514.678833
516.562988
537.010620
552.846130
548.976868
528.863220
513.643433
518.377625
539.529419
553.387634
546.319824
525.507996
512.693726
521.547241
543.297791
554.008789
543.562500
524.628418
512.692993
516.891479
536.973816
553.729126
553.771606
538.659912
519.170837
512.780090
528.014465
548.480835
553.064514
536.729187
517.619202
514.153748
531.821045
550.534363
551.920776
533.992249
516.110291
515.396545
534.770630
552.067200
550.258423
530.572632
514.352661
517.564331
538.563660
553.488342
548.315308
530.091736
514.274414
511.606110
527.347473
546.977356
553.383972
543.265015
524.315979
512.592407
522.851929
544.672180
554.313110
542.341492
521.763733
512.884583
525.955444
546.692688
553.473572
539.230896
519.388550
513.160767
528.962097
549.111633
553.005371
536.011780
516.986877
514.387756
532.963440
551.437012
551.999023
535.705933
517.175354
508.786865
519.651794
541.176453
553.276672
547.643982
529.297607
513.071533
517.778015
539.864868
554.380188
547.286560
525.961060
512.699341
521.048889
542.855652
554.121460
543.814880
522.634399
512.109253
524.123596
546.164490
554.555603
540.794434
519.990601
512.712708
527.860657
548.580811
553.527100
537.749817
518.949158
512.018433
524.421326
548.448792
561.231873
553.477417
532.542419
513.440674
514.314087
534.255310
552.000977
550.494934
530.918762
514.488037
517.041199
537.698608
553.036011
548.085632
527.438843
512.851440
519.163696
541.187622
554.287537
545.781738
524.520203
512.469666
522.256897
544.132812
554.440918
543.112183
522.076477
510.827972
520.113342
546.915833
566.366577
562.561829
540.377747
516.263428
510.307404
528.184937
548.710205
552.744934
536.388794
517.647278
514.418579
532.064880
550.589661
551.603882
533.428345
515.786926
515.766602
535.560181
552.396790
549.707214
529.685852
513.812805
517.485413
538.428833
553.088623
547.482422
526.948120
511.957245
515.652039
540.264221
563.882507
565.765930
546.501831
521.077881
509.314423
522.994873
545.033386
553.828735
541.347717
521.093445
512.927185
526.670227
547.489197
553.746521
538.846802
519.022034
513.474854
529.724731
549.208679
552.113159
535.021606
516.748840
514.745544
533.157898
551.054565
550.886047
532.013855
514.290100
512.470764
532.465393
558.225281
566.046631
551.522461
526.943787
510.516357
518.122009
539.899475
553.508545
546.469971
525.764893
512.703491
520.919922
542.678284
554.296570
544.224548
522.998352
512.232727
524.032104
545.782715
554.204834
540.802246
520.323120
512.920654
527.672607
548.171997
553.355652
537.562744
517.789612
511.206177
526.455139
553.522827
566.720337
556.642822
532.840393
512.620850
514.098328
534.737549
552.025208
550.208618
530.669617
514.331177
516.916199
537.740173
553.433960
548.740601
528.083435
513.340332
519.505554
541.197449
554.109497
545.713318
524.667053
512.490173
522.171875
544.117859
554.724487
543.371643
522.023193
510.521912
520.264282
547.363525
566.240662
561.636414
539.444885
516.227600
511.159088
529.149902
549.404297
552.938965
535.917908
516.660767
513.603943
532.150452
551.318726
552.006897
532.942505
515.008789
515.632935
535.979187
552.684021
549.487671
529.290710
513.589905
517.717529
539.074158
553.771118
547.539307
526.411621
511.774445
515.923706
539.901367
561.763306
562.292114
543.516296
519.989258
509.775604
523.763672
545.684570
554.726379
541.795105
520.564392
511.940948
526.266968
547.805786
553.929199
538.197144
517.883057
512.838562
530.064087
549.986145
552.551575
534.811340
516.141785
514.408752
533.569641
551.967834
551.325134
531.630859
513.796692
512.786255
533.538269
558.823303
565.393677
550.271118
526.018311
510.134827
518.168762
540.432068
554.320068
546.768127
525.161499
511.751495
520.722290
543.348999
554.764221
543.759277
522.287781
512.315613
525.022888
546.794250
554.581543
540.620056
519.958618
512.742554
528.036377
548.875854
553.795898
537.300781
517.468567
512.955505
528.280151
551.312317
558.599792
545.760681
524.713562
510.107819
515.930481
537.441040
553.124329
550.495972
530.180908
513.717163
517.178406
538.756409
553.962891
547.909851
526.542175
512.556396
519.986389
541.996155
554.330750
545.317993
524.234619
512.628113
523.012817
544.756348
554.233643
541.882751
520.943848
511.770905
522.488342
547.077820
561.382874
554.488159
534.257080
514.979675
512.731262
530.951111
549.745483
552.651794
535.517639
516.867188
514.673706
533.374390
551.515503
551.030945
531.849915
514.885437
516.329102
536.457275
552.428040
549.041565
529.294250
514.087097
518.400024
539.378113
553.371948
546.720886
526.055420
512.327332
517.049866
540.528809
560.995911
560.876343
542.623047
519.917603
510.167053
524.210754
545.779602
554.340698
541.020386
520.140747
512.431091
527.481567
548.495911
553.692139
537.528931
517.891907
513.720520
531.227966
550.623474
552.627075
534.610107
516.069458
514.747131
534.092896
551.901550
550.427307
530.565125
514.062561
516.844116
536.956116
554.775574
552.084106
533.111389
513.070007
505.985352
520.971619
544.032104
554.615112
545.854553
524.460449
512.135925
522.194458
544.528015
554.784729
542.845642
521.572449
512.168030
525.414612
547.111877
554.547729
540.020264
519.142639
512.448303
528.705811
549.556946
553.380615
535.788208
516.285522
513.314514
529.921631
552.356445
558.066467
544.287354
523.168823
509.113647
515.905457
537.918640
553.353699
550.039185
529.480530
513.490845
517.920105
539.635376
553.938538
546.993469
525.814148
512.604736
520.829712
542.750977
554.445435
544.567566
523.364441
512.417969
523.760376
545.536987
554.136597
540.812561
520.053162
512.511841
527.844971
550.954712
555.492004
536.511719
510.609039
496.554138
506.706207
535.048523
555.600281
554.011597
534.935608
515.825867
514.327576
533.972168
552.057373
550.793640
531.096191
514.435059
516.892700
537.790955
553.544983
548.824219
527.767090
512.636780
518.625183
540.925354
554.586365
546.418030
524.878723
512.413147
522.146912
545.081482
556.360962
544.275818
520.430786
502.671997
504.670593
528.316101
551.187927
555.263794
540.277893
519.395386
512.601807
528.518005
549.201111
553.443420
536.645996
517.333435
513.847839
531.692566
550.599915
551.748047
533.287476
515.333557
515.372498
535.613647
552.770996
550.024902
529.651184
513.606140
517.430969
539.071350
555.742798
549.168640
525.903625
504.235718
499.868958
520.179565
546.637451
556.819519
545.623596
523.648743
512.007080
522.943787
545.025269
554.435059
542.012207
521.272278
512.665344
526.414490
547.490295
553.821533
538.649597
518.418152
512.955261
529.828613
549.956665
552.865784
535.084778
516.204895
514.264587
533.822205
554.773621
553.319458
530.588806
505.042633
495.119354
511.786102
541.213562
557.108704
549.798584
528.197327
512.794800
518.355774
540.490356
554.358887
546.767212
525.434021
512.387085
521.112366
543.183105
554.423950
543.732788
522.335205
512.032715
524.540100
546.693359
554.803162
540.734070
519.789551
512.447754
528.148987
551.350342
555.773560
536.345642
509.586853
495.077484
506.011200
535.363098
556.044556
553.759827
534.016357
515.105103
514.590210
534.962524
552.864380
550.970825
530.770630
513.962646
516.735046
537.979187
553.619751
548.321960
527.076111
512.352600
519.021973
541.454529
554.607849
545.830994
524.235535
512.038025
522.014954
544.122559
555.339844
544.751343
522.939758
506.535522
508.664032
530.937317
551.666748
554.140686
538.850220
518.193176
512.355957
529.122131
549.782776
553.423767
536.090393
516.887756
514.258362
532.961609
551.618225
551.424866
531.808777
514.170654
515.834595
537.093689
553.765015
549.770203
528.786011
513.118408
517.771118
539.421753
553.746765
547.340393
528.524719
513.133728
512.650330
531.132202
551.073120
554.875488
541.604553
521.620972
511.457703
523.806213
546.288757
554.913330
541.490051
520.473694
512.490356
527.112061
548.270630
553.564331
537.159302
517.207458
513.438171
531.744385
551.541016
552.800903
533.724182
515.012512
514.400940
534.435486
552.323181
550.748962
533.820618
517.147461
512.522461
526.376221
546.791626
554.528015
545.501343
527.412048
513.710144
519.532593
540.607727
553.412842
545.795410
525.162964
512.702637
521.574158
543.485474
554.699585
544.107300
522.877869
512.545715
524.835266
546.521851
554.315552
540.266357
519.547974
512.307190
527.709167
548.764221
554.018433
539.768860
519.611633
508.351746
516.799683
539.591431
554.383850
550.508423
532.704407
514.797729
515.375671
536.148621
553.297852
550.014709
529.150024
513.156738
517.734375
539.857483
554.409729
547.239807
525.510376
512.261536
520.814758
542.987976
554.108032
543.813232
522.984070
512.907959
524.377014
545.834595
554.438232
542.734070
522.954529
510.250549
514.830078
535.903625
552.731689
552.348755
537.296021
518.689453
513.694702
529.880920
549.207703
552.252441
535.431458
517.017761
514.649780
533.282104
551.846436
551.846497
532.516296
514.719177
515.474304
535.868835
552.565613
549.435486
529.281921
513.763489
518.335876
540.071777
554.625183
548.040588
528.117310
511.623169
511.011139
530.284607
551.126526
555.531128
542.345154
522.056580
511.676788
524.081177
546.364624
554.621460
540.421631
519.032532
511.821960
527.947449
549.647949
554.292908
536.860718
516.577515
513.162781
531.803955
551.313049
552.195862
533.468750
515.651367
515.679443
535.496338
552.589050
550.635071
533.024597
515.378052
510.140900
524.204163
545.426453
554.249878
545.880066
527.442505
513.104309
519.464783
541.113708
554.089355
545.902649
524.800476
512.581055
522.341492
544.362000
554.487854
542.511414
521.177917
512.046875
525.697876
547.391541
554.280029
539.407471
518.764099
512.431030
528.691711
549.311340
553.282471
537.858765
517.654358
507.624420
517.629333
540.707031
554.434937
549.532288
531.554871
514.168884
515.842834
537.014221
553.649780
549.767517
528.923828
513.478821
518.485596
540.301453
554.206238
546.771484
525.520691
512.713562
521.148438
542.833191
554.041321
544.133484
523.267029
512.472717
523.604126
545.323669
554.371033
541.749146
521.886536
511.364288
519.944519
543.607239
559.300354
554.981323
535.916138
515.733704
512.266541
530.327576
550.813538
553.310059
534.777405
515.640503
514.541931
534.676086
552.683472
550.604614
530.045471
513.593140
517.196716
538.809937
553.846008
548.037659
526.987793
512.965271
519.724854
541.601746
554.210205
545.666565
526.249939
512.608215
514.906738
534.509338
552.596558
554.164917
540.344788
521.282471
512.730591
525.656921
546.703003
553.907471
539.737915
519.372742
512.908264
528.941833
549.511597
553.264526
535.853210
516.435303
513.761597
532.767761
551.922302
552.262573
532.865540
514.775024
515.326416
536.036987
553.135193
550.100525
531.459473
514.065491
510.542267
526.567810
547.588867
554.581665
544.439880
525.590942
512.560120
520.681824
542.531433
554.061646
544.151550
523.032898
512.232849
523.640015
545.590393
554.511841
541.542419
520.527893
512.180847
526.333374
547.642883
554.046936
538.813660
518.392578
512.649292
529.740173
550.477112
553.528809
535.155518
515.510315
511.321564
529.129578
555.312012
565.120544
552.650452
529.102417
511.269104
516.012390
537.864563
553.823303
548.661743
527.284546
512.508423
519.092773
541.497986
554.473511
545.634277
524.235168
512.545959
522.449158
544.109619
553.995728
542.722290
522.107971
512.845947
525.387390
546.491638
553.681519
539.908203
520.901489
512.332947
522.037537
544.665710
558.312622
553.244690
535.106384
516.200684
513.604248
531.408081
550.701538
552.270630
533.594238
514.965393
514.704651
535.371765
553.289001
550.710449
529.779358
513.254761
517.279724
539.445862
554.654053
548.202148
526.395386
512.227600
519.935608
542.538208
554.803955
544.972473
523.368896
511.202393
519.386292
545.222473
564.878174
562.388611
542.181091
518.892639
510.539948
526.062927
547.171021
553.594238
538.968262
519.127808
513.408081
529.540100
549.341370
552.596191
535.526367
516.991455
514.678040
532.994690
551.040344
551.109009
532.356995
515.125916
516.111023
536.501526
552.924561
549.225586
528.488586
512.166138
514.098816
537.033936
561.177856
565.336487
548.553101
523.911011
509.700439
520.470947
543.024414
554.553345
544.122925
522.814331
512.497009
524.609192
546.057373
553.608704
539.792542
519.731812
513.144531
528.309753
548.676880
553.378906
537.313904
517.966125
514.024780
531.672058
550.856995
552.159851
533.560120
515.062744
512.270386
530.514099
555.824890
565.065430
552.976379
529.735779
511.634796
515.997131
537.318665
553.084473
548.477112
527.783325
513.157593
519.626160
541.608337
554.363220
545.446167
523.947632
512.075867
522.562256
544.951904
555.123291
542.860291
521.154419
511.926758
525.956299
547.891052
554.168396
538.287598
517.452148
510.455750
525.136780
552.251465
566.510986
557.895325
534.989014
513.799744
512.742676
532.818481
551.478088
551.328979
532.229736
515.112000
516.449341
536.687500
552.733337
549.058533
529.071777
514.068542
518.559875
539.611206
553.698669
547.118286
526.174622
512.698120
520.685608
542.811157
554.520142
544.245300
522.718689
511.310333
519.570435
544.343628
562.405396
558.937683
538.734802
516.416077
510.254730
527.906067
549.401917
554.678467
537.725586
517.013733
512.824768
531.172485
551.185364
552.551208
533.608093
515.177063
514.864502
534.968567
552.725647
550.814087
530.663208
514.138306
517.333618
538.710449
553.789307
547.968994
526.896790
512.542419
516.367981
538.919067
560.262024
561.736877
544.570435
521.663269
510.079010
522.487244
544.499390
554.614746
543.090393
521.912903
512.314575
524.954529
546.204651
553.435059
539.514832
519.643677
513.279236
528.719177
548.973022
553.188293
536.502075
517.134827
513.885498
532.180847
551.087769
551.673706
532.871033
514.897705
512.706665
531.368896
556.576843
565.346130
552.652161
528.873657
511.096161
516.804077
538.915039
554.044067
548.065369
526.817688
512.935120
520.375000
542.270142
554.178040
544.667175
523.526123
512.308777
523.037231
544.872437
554.310852
541.980530
521.065674
512.494690
526.498169
547.767761
553.998535
538.801270
518.827759
512.726562
525.944824
549.416077
560.217712
550.715576
529.713257
511.889160
513.743042
534.369690
551.771423
551.219116
531.817383
514.591248
516.149902
536.761536
553.020142
549.302246
528.929199
513.591553
518.384338
539.909302
553.996277
546.787781
525.389832
512.204163
521.117188
543.510864
554.625671
543.649170
522.270752
511.276306
519.749695
544.431519
562.354248
558.991699
538.938782
516.739563
510.768036
528.102966
548.891541
553.962036
537.673828
517.967712
513.870300
531.385437
550.690552
552.474792
534.343689
515.828369
514.524658
533.960388
552.009949
550.921448
531.148621
514.246155
516.901978
538.060669
553.553955
548.354797
527.557922
513.178223
519.365051
540.893005
555.826599
548.672180
526.841797
507.247437
504.595734
524.650269
548.126831
555.075684
542.697998
521.525757
512.345947
525.612244
547.118286
554.101685
539.398987
518.787292
512.470886
528.843567
549.817505
553.768494
536.180725
516.483582
513.853943
532.881531
551.883118
551.870117
532.508972
514.806396
515.194519
533.768921
554.024231
555.476440
538.350647
516.862305
506.621307
519.112976
542.466919
554.381958
546.822876
525.558716
512.526489
520.836304
542.760864
554.246094
544.406067
523.336853
512.416443
523.602478
545.463928
554.389526
541.332703
520.371399
512.402527
526.929626
547.862854
553.458618
538.062134
518.531006
513.686401
530.857544
552.955872
554.608765
533.219177
506.840027
494.856445
509.113403
538.742065
556.541870
551.438293
531.133057
514.373169
516.639282
537.433472
553.221924
548.797546
528.090393
513.095947
518.813049
540.956726
554.645203
546.526550
524.942932
512.358521
521.740417
543.781860
554.444824
543.417603
522.248474
512.096558
524.531677
547.939941
556.449402
540.616394
514.479492
497.829407
504.692383
531.807922
553.498291
554.167053
537.114258
517.669861
513.813354
531.486938
550.674805
552.168213
533.726379
515.384216
514.840393
534.845398
552.432800
550.275452
529.997620
513.692322
517.186646
538.454651
553.526611
548.106689
527.561951
513.424255
519.761230
541.304382
555.641052
547.603882
525.223694
506.118927
504.818329
525.674622
548.683105
554.912720
542.374878
521.498840
512.213928
525.186279
546.482422
553.921631
539.910645
519.807495
513.461060
529.390320
549.466248
552.847778
535.359741
516.270142
513.933594
532.857605
551.808655
552.283813
533.292297
515.299438
515.460449
536.015564
555.570190
551.879150
528.102051
503.917816
497.466827
516.904297
544.700989
556.846924
547.373413
526.039490
512.641479
520.433899
542.178223
554.119263
544.624512
523.520874
512.367737
523.620544
545.434265
554.271484
541.352783
520.952820
513.271057
527.567627
547.888367
553.069824
537.434021
517.889343
513.351685
530.702454
550.421753
552.561584
536.903687
518.866638
511.615814
522.675232
543.235718
553.480530
547.124268
530.157349
514.740662
517.498352
538.178162
553.583374
548.627319
527.696106
512.858276
519.032654
540.998901
554.016052
545.411072
524.152100
512.425476
522.615356
544.537354
554.441467
542.524780
521.258423
511.985962
525.473389
547.570068
555.468262
542.181274
521.122925
508.175323
514.054138
535.927917
552.320007
551.281128
535.622070
516.953979
514.133362
532.717529
551.831482
552.260132
532.851257
514.643616
515.158020
535.920227
553.231140
550.365479
530.023987
514.129517
518.013611
539.106689
553.550537
547.264099
526.223999
512.452942
520.177429
542.914246
556.898010
547.295349
523.821838
505.033966
504.891022
526.302795
548.823669
554.446777
541.762695
521.340820
512.958130
526.776489
547.740173
553.781433
538.320801
518.149902
513.063354
530.153809
550.060242
552.675415
535.127136
516.772644
514.954773
533.470764
551.118774
550.493591
531.534424
514.773376
516.592346
537.276611
553.309143
549.076233
531.166199
515.861328
513.896240
529.537476
548.426514
553.749939
543.446045
525.179138
513.198242
522.020081
543.716919
554.235229
542.950745
521.572632
511.784363
524.513611
546.239990
553.949036
540.278748
520.211975
513.314392
528.107788
548.273865
553.103271
537.257080
518.043335
514.060852
531.471375
550.288574
551.280090
535.742310
519.030762
512.990234
524.227112
543.939148
553.543762
547.231567
530.188538
514.553650
517.331604
538.100525
553.268433
548.015991
527.378662
513.192932
519.628662
541.041016
553.653503
545.555847
525.125610
513.177612
522.251282
543.417480
553.816040
543.001099
522.461487
512.877808
525.672668
546.943787
554.276978
541.424927
521.494873
509.350830
514.871033
535.628296
551.604126
551.237061
536.419434
517.871216
514.401794
532.149353
550.690369
551.483215
532.978394
515.463745
515.965759
535.982117
552.793762
550.072021
529.912903
513.673462
517.277222
538.776062
554.053833
548.098083
526.778320
512.680664
520.746887
543.323608
555.221008
545.274048
524.952026
510.931549
513.536194
533.748108
552.439331
554.577271
540.234009
519.883545
511.788300
526.974915
548.762024
554.258057
537.552185
517.258301
513.318420
531.592651
551.305359
552.643005
533.803406
515.169312
514.412537
534.503723
552.760132
551.371521
531.253296
514.261841
516.983826
538.200806
553.576904
548.569275
530.011475
513.994019
511.239044
526.966125
547.108093
554.059448
544.241211
525.055176
512.271545
521.682922
543.882324
554.343872
542.669556
521.490173
512.316467
525.634766
547.351501
554.742859
540.436646
519.640808
512.477478
527.884705
548.621582
553.306458
536.883667
517.580688
514.242981
532.339172
551.073547
551.976929
535.731384
517.180420
508.758911
519.158508
540.633667
553.220581
548.307678
530.328552
513.437134
516.963440
538.854980
554.144958
547.973267
526.533569
512.468262
519.986633
542.102173
554.334900
544.927429
523.598328
512.231140
523.240540
545.470520
554.842285
541.989014
520.715820
512.257080
526.373413
547.492798
553.994568
541.050232
521.848022
509.918121
515.167969
535.763428
551.732727
551.181030
535.820007
517.146973
514.591858
533.260254
551.602661
551.209717
531.867493
514.664124
516.071899
536.669739
553.206909
549.698364
529.171265
513.417664
517.934570
539.529724
553.758423
546.816223
525.691223
512.680359
521.259277
543.162048
554.249390
544.133728
524.977295
512.383362
515.871216
536.181580
553.937622
554.659180
539.494873
519.565063
512.465149
527.406494
548.296021
553.341736
537.183777
517.615173
513.513306
531.070923
550.544250
552.453247
534.197327
515.609863
514.712097
534.647949
552.729614
551.093567
530.845642
513.951538
516.734497
537.936462
553.503784
549.050842
530.930786
514.287170
510.424988
525.768799
546.378967
553.864319
543.997498
524.683960
512.363037
522.468567
544.944763
555.063965
542.807556
521.203003
511.825439
525.259338
547.199097
554.679504
540.005310
519.050537
512.352234
528.532959
549.310608
553.240540
535.988037
516.542053
513.588135
532.208130
551.343750
552.225952
533.582703
515.391724
512.253540
530.382690
555.820251
564.941895
551.965454
528.029053
510.887939
517.355835
539.345154
554.034424
547.656860
526.421021
512.490295
519.971558
542.096008
554.553406
545.170715
523.694214
512.247498
523.351257
545.440063
554.533630
541.547852
520.490906
512.305847
526.602295
547.753479
553.704285
538.429626
518.991577
511.018707
522.948730
547.728027
561.590576
554.229797
533.016479
513.512512
513.660889
533.508423
552.014343
551.331665
531.782715
514.632812
516.469482
537.439697
553.893860
549.674927
528.362183
512.585571
518.082764
540.520935
554.549011
546.507507
524.658203
511.827942
521.330933
544.015259
555.232910
544.354675
524.116089
511.159119
515.947266
538.058960
556.182983
555.489746
538.678833
518.342773
512.185364
528.067871
549.010620
553.513733
536.833679
517.050171
513.210571
531.437500
551.399963
552.985840
533.904053
515.010925
514.560242
535.016052
552.865784
550.573669
530.150146
513.690063
517.156494
538.591614
553.817993
548.176880
526.850403
511.227814
514.825684
539.846313
564.322205
566.591248
547.114502
521.295776
508.952911
522.394104
545.128479
554.733154
542.352600
521.279663
512.516968
526.372864
548.023315
554.580017
539.072083
518.218750
512.425232
529.559937
550.437256
553.810852
535.947998
516.410583
513.868958
532.848083
551.761475
551.762512
532.138367
513.882263
512.401733
533.033447
559.191711
566.627625
551.423950
526.478882
510.029602
517.867065
540.289612
554.281616
546.944275
525.450256
512.193542
520.961548
543.654053
555.286926
544.432068
522.443054
511.728302
524.074585
546.407593
554.788452
540.989746
519.919250
512.300781
527.362305
548.543091
553.836609
537.487427
517.043152
510.510406
526.395630
554.167847
567.492859
557.006836
532.843689
512.501709
513.982300
535.062134
552.614746
550.416138
530.189514
513.653503
516.887207
538.477234
553.995483
548.304077
526.811829
512.528198
519.647583
541.909180
554.585083
545.637146
524.197937
512.175659
522.237915
544.603210
555.051880
543.223511
521.343018
509.931915
520.390991
548.363953
567.539856
562.509399
539.479065
515.535034
510.217102
528.729797
549.829041
553.596680
536.077087
516.342468
513.505859
532.705811
552.159485
552.327087
532.457825
514.270996
515.394043
536.511353
553.580078
550.114563
529.266113
513.365723
517.944336
539.879822
554.516846
547.585693
525.844543
511.549652
516.522644
540.661621
561.679443
561.281799
542.228271
519.182312
509.795258
524.517517
546.650635
555.264282
541.549316
519.934509
511.880707
527.079651
548.791931
554.235596
537.675415
517.361938
513.103333
531.028687
550.926819
552.821289
534.303650
515.452393
514.438232
534.509888
552.918152
551.408691
530.902832
513.156860
513.036255
534.489441
559.414307
564.908630
548.918335
524.677002
509.609100
518.699463
541.369690
554.616028
545.872253
523.828796
511.292816
521.628479
544.696838
555.457458
543.462463
521.664917
512.158997
525.540039
547.427185
554.531616
539.643311
518.785156
512.414795
528.963135
550.251465
554.237854
536.348145
516.136230
512.715027
529.368103
552.605225
559.005676
545.018677
523.346436
508.982788
515.697083
538.023010
553.700928
550.194397
528.935120
512.534912
517.247742
539.977356
555.181335
548.035400
525.735718
511.764160
520.113159
542.936829
555.016541
544.819763
522.902527
511.770874
523.680054
546.486633
555.453369
541.496704
519.665039
511.152557
523.134399
548.087646
561.658325
553.691956
532.825317
513.831421
512.723145
532.010559
550.942444
552.864746
534.528931
515.621094
514.413208
534.264160
552.496948
551.103516
531.104126
514.214233
516.651794
537.741760
553.749512
549.246033
528.276062
513.136414
518.877930
541.033264
554.618774
546.331909
524.533752
511.982361
521.818787
545.006470
556.568848
544.313232
520.049011
502.232025
504.394043
528.096741
551.132568
555.220825
540.052002
519.064331
512.560242
528.847717
549.797241
553.723999
536.381348
516.662292
513.459106
531.981812
551.347351
552.295288
533.273743
515.004272
515.135742
535.649902
553.151245
550.438660
529.716187
513.518738
517.344910
538.118347
555.560059
551.947571
532.295471
512.122070
505.770477
522.038452
545.602112
555.356995
545.228088
523.360535
511.876495
523.168701
545.602173
554.721130
541.564575
520.316467
512.089355
526.435303
547.871216
554.109436
538.600037
518.226257
512.898865
530.046204
550.266113
552.848145
534.753174
515.837280
514.131287
533.889282
554.848389
553.252075
530.373474
505.001282
495.311066
511.828979
541.153259
557.104004
549.969421
528.533569
513.166199
518.686890
540.804138
554.600952
546.878296
525.361450
512.382080
521.299561
543.702576
555.027649
544.031433
522.194336
511.798645
524.591187
547.075684
554.990906
540.308044
519.000427
512.057861
528.381287
551.820374
556.012268
536.250244
509.647644
495.701874
506.834808
535.717468
555.623230
552.822021
533.306885
515.206604
515.402344
535.764221
553.168457
550.757019
530.435181
513.918884
517.090576
538.580322
554.228516
548.722839
527.221863
512.458435
519.328613
541.826904
554.711548
545.481506
523.769287
512.050049
522.948853
546.427979
557.242249
543.893433
518.677795
500.785950
504.421906
529.696472
552.653931
555.262207
538.934753
518.260315
512.880005
529.847534
550.093506
553.004639
535.270752
516.129272
513.918457
533.008118
552.004639
551.979065
532.466675
514.718994
515.832947
536.479858
552.849548
548.935852
528.309570
513.113403
518.304688
540.561646
556.862244
549.270996
524.805481
502.728699
499.426971
521.145325
547.744690
556.592468
544.139709
522.359009
512.142761
524.409546
546.402954
554.573120
540.842712
519.782227
512.153809
527.367371
548.955017
554.446411
538.033447
517.648193
513.231995
531.007263
550.685120
552.292480
533.949036
515.786255
515.056213
535.089294
555.467651
552.692139
528.708618
503.131744
494.694000
513.167114
543.011108
557.794495
549.385803
527.701660
513.079834
519.169678
540.775513
553.757446
545.689575
524.671631
512.547485
522.206848
544.390991
554.734985
542.908630
521.309082
511.808228
525.065979
546.845520
554.111572
539.783936
519.417175
513.027344
528.913513
549.403687
553.557251
538.655823
518.925293
508.953766
518.380432
540.930542
554.545471
549.818604
532.104797
514.634399
515.334839
535.678711
552.442566
549.496887
529.298645
513.673096
518.025024
539.657227
553.977539
546.942261
525.463562
512.188049
520.627319
542.984802
554.656494
544.586609
523.319641
512.446655
523.648071
545.673950
555.685608
543.794312
521.559692
505.925507
509.680298
532.500427
552.151550
553.296753
537.578308
517.480042
512.667236
530.100159
550.357788
553.170166
535.290039
516.203796
514.319885
533.622437
551.865906
550.817871
530.911011
514.008667
516.539185
537.803345
553.824219
549.219421
528.180847
512.887085
518.365662
540.422668
554.400085
547.270569
528.004883
513.168701
513.814148
532.461609
551.119019
553.910278
540.940430
521.766846
512.051453
524.142212
545.870789
554.408936
541.139465
520.486816
512.899109
527.793579
548.323303
552.808655
536.244202
517.077271
514.089233
532.307312
551.294556
552.149231
533.421570
515.347412
515.101990
534.869934
551.968018
549.524414
532.091431
515.952759
513.031616
528.273682
548.173767
554.437195
544.251709
525.785583
512.785889
520.182007
542.179016
554.693298
545.597595
523.964600
511.867889
522.238159
544.511536
554.345459
542.055237
521.023193
512.432800
526.346924
547.885315
554.456787
539.090332
518.219788
512.212097
529.143188
550.234863
554.054565
538.367615
518.578857
509.504089
519.859497
542.015869
554.545959
549.206238
531.608521
514.649231
516.117065
537.068359
553.792603
549.785828
528.577698
512.823486
517.914307
540.036743
554.242920
546.894104
525.569763
512.733337
521.430542
543.367188
554.607300
544.143677
522.670105
512.042542
524.027954
546.287537
555.066284
542.627930
522.155212
509.739807
515.323669
536.554688
552.635437
551.567078
536.106628
517.514404
513.582825
531.284668
550.954529
552.701721
534.156006
515.549194
514.876404
534.835815
552.507019
550.564941
530.672974
514.422424
517.309753
538.023193
553.018982
547.700684
526.907227
512.841858
519.797974
542.147644
554.937012
546.100281
526.280151
512.475159
514.551758
533.632263
551.432617
553.356201
540.127502
521.426819
512.948486
526.124390
547.345703
554.073730
539.090576
518.462769
512.519226
529.061646
549.696777
553.432617
536.264648
516.998291
513.973206
532.200195
551.010559
551.637512
532.802673
515.122986
515.875610
536.446960
553.292603
550.286743
532.003113
514.707458
510.293762
524.766541
545.236145
553.470642
545.077454
526.681519
512.970886
520.620178
542.655823
554.576599
544.703064
523.370117
512.440857
523.746399
545.397217
553.997437
541.163879
520.686401
512.709045
526.792419
547.731750
553.661499
538.174072
518.151611
513.110474
530.193604
550.073914
552.981689
537.483276
518.429016
509.278137
518.576599
539.536743
552.393555
548.517151
531.802124
514.796326
516.447327
537.167786
553.375732
549.225342
528.494690
513.435730
518.995178
540.497192
553.746338
545.995789
525.207947
512.855164
521.756775
543.351196
553.965759
543.077881
522.119324
512.509277
525.333984
546.899963
554.259277
540.188110
520.877808
512.168030
521.594543
543.883484
557.629333
552.733459
534.468872
515.562683
513.574341
531.905701
550.966736
551.965942
533.451599
515.803284
515.938110
535.547424
552.208618
549.662109
529.924805
514.024109
517.414246
538.514282
553.582031
547.823792
526.671509
512.640564
520.195007
542.462280
554.605347
545.153809
525.662292
512.563293
515.330811
534.829651
552.629456
554.168823
540.082947
520.544495
512.572083
526.759338
548.070984
553.942688
538.228516
518.326233
513.559082
530.520874
550.124939
552.567932
534.977051
516.252625
514.219666
533.051392
551.457397
551.208130
531.823242
514.557800
516.226318
537.135498
553.507812
549.452576
528.771667
512.774109
514.557739
536.912415
560.973267
565.477356
548.659546
523.709229
509.594391
520.893005
543.648438
554.750916
543.776367
522.377075
512.230286
524.457336
546.146362
554.281677
540.666199
519.983398
512.579224
527.612610
548.551636
553.538940
537.127563
517.351685
513.529907
531.445862
550.675781
552.102417
534.067322
516.207458
512.657715
529.173828
553.571167
563.181091
551.881348
529.306458
511.854706
516.863770
538.321472
553.545044
548.069519
527.193298
513.024170
519.609863
541.310791
554.062256
545.543213
524.256165
511.988922
521.841675
544.220337
554.763184
543.048523
521.684387
512.402405
525.739807
547.275818
554.182556
539.481384
518.853333
510.545074
523.465210
550.788635
567.200012
560.166260
536.714172
513.972168
511.913147
532.068237
551.303955
551.747559
532.829163
515.273499
515.749329
535.665710
552.382690
549.665649
529.604553
513.596130
517.462769
539.124084
554.152527
547.901855
526.529236
512.589233
520.144287
542.273254
554.471130
545.022339
523.723755
511.053467
518.387085
544.516113
565.781677
564.357971
543.216675
518.246216
509.668701
526.054382
547.577087
553.441589
538.095825
518.427612
513.415344
529.995972
549.622498
552.424866
535.019043
516.449707
514.651184
533.710876
551.968140
551.347900
531.898193
514.957275
516.771851
537.223083
553.029358
549.097412
528.855408
512.964539
514.591858
537.051514
561.291748
565.761719
548.619873
523.508728
509.574036
520.870972
543.289917
554.374390
543.932617
523.001526
512.637756
524.350098
545.869141
554.359131
541.100037
520.285156
512.334167
527.054749
548.072571
553.532349
537.649170
518.121460
513.893677
531.163940
550.299622
552.174805
534.172729
515.438171
511.695435
529.876709
556.666504
567.252625
554.590332
529.776550
511.107788
516.107605
537.800903
553.007874
547.766296
527.236267
513.067383
519.512451
541.237061
554.212646
545.670044
524.230835
512.019165
522.265198
544.739197
554.952576
542.851318
521.530884
512.343323
525.630310
547.000732
554.015625
539.379028
518.696716
510.384033
523.827820
551.722229
568.007324
560.150330
536.190796
513.799683
512.410278
532.617065
551.584045
551.726318
532.664734
515.073181
515.768799
536.138489
553.139160
550.059143
529.460815
513.395508
517.744263
539.494019
554.018494
547.280518
526.129456
512.825073
520.711731
542.446289
554.133728
544.411011
523.241638
511.432556
518.959595
543.882202
562.845093
559.859924
539.532288
517.136841
510.702118
527.359497
547.991272
553.628540
538.114258
518.153198
513.107117
530.228149
550.409119
552.984741
534.809387
515.858093
514.656128
534.390930
552.518188
551.079285
531.275757
514.690063
517.228760
537.948486
553.425598
548.615967
527.861694
512.587158
515.235474
537.899109
560.680603
562.957336
545.323425
521.830994
510.007690
522.000977
543.662231
554.069580
543.498230
522.912109
512.933289
524.770569
546.124084
554.199707
540.621338
519.971008
512.566833
527.725220
548.778381
553.953979
537.807129
517.898804
513.214600
530.531250
550.284973
552.619446
534.457153
515.474365
512.010559
530.778992
557.409729
566.797424
553.103699
528.358337
510.575165
516.420654
538.513550
553.907654
548.544067
527.703369
513.434998
520.055054
541.725342
554.096985
545.061646
524.004883
512.784790
523.421753
545.011536
554.274719
542.386108
521.992615
513.099182
525.756165
546.391663
553.361145
539.401306
519.724976
512.816162
525.226929
548.775696
559.927246
550.554626
529.867493
512.511353
513.933105
533.707947
551.270630
551.964111
533.409363
515.429749
515.507019
535.924072
553.341309
550.504333
529.670837
513.264221
517.435242
539.179504
554.015808
547.623108
526.454163
512.749268
520.587036
542.686707
554.576965
544.510498
523.002747
511.411194
519.774780
544.790833
562.426331
558.037415
537.739990
516.638855
511.439819
528.309937
548.356689
553.404114
537.711487
518.204346
513.705872
530.815125
550.170837
552.217529
534.411133
516.315979
515.265381
534.195984
551.593506
550.452209
531.375366
514.733521
516.504578
536.945068
553.144348
549.280151
528.744080
513.364990
518.574036
540.095276
555.661926
548.933228
527.579651
508.591705
505.635498
524.362732
547.177307
554.826782
543.387817
522.166748
512.046936
524.804749
546.988098
554.774048
540.090271
519.037781
512.499268
528.772827
549.798950
553.993347
536.771851
516.803345
513.333496
531.890503
551.526855
552.418884
533.019043
514.596313
514.556824
533.324768
553.899231
555.198792
538.299988
517.740662
507.645691
518.840454
541.238281
553.913269
547.922607
527.267517
513.252014
519.996399
541.668091
554.173157
545.368164
524.466797
512.868347
522.867676
544.452759
554.431152
542.931335
521.881531
512.204529
525.195190
546.946289
554.428894
539.748169
518.934387
512.540466
529.389526
552.522217
555.306213
534.632446
508.417969
495.647491
508.056305
536.960571
556.192993
552.854492
532.835266
514.725830
515.585632
536.544861
553.399292
549.485474
528.415222
512.918823
518.260864
540.404053
554.686340
547.331665
525.661011
512.354858
521.009033
543.410156
554.647400
543.691711
522.092285
512.034912
524.839355
548.287170
556.400818
540.563049
515.383545
499.481018
505.324097
531.221436
553.220337
555.002808
538.335449
518.145935
513.301453
530.496155
550.007019
552.062866
534.166199
516.049377
514.951965
534.091614
551.860168
550.974487
531.518799
514.256348
515.968811
536.885132
553.392029
549.368652
528.585938
513.308289
518.776794
540.765930
556.041260
548.468079
525.747803
505.389862
502.486511
523.180359
548.172546
556.394897
543.832458
521.711243
511.522766
524.820129
547.162598
554.767761
540.095947
519.439453
513.035889
528.997009
549.550659
553.542786
536.353699
516.650513
513.600708
532.362488
551.549622
552.027222
532.952393
515.383118
516.091431
536.516418
555.400452
551.503723
528.709961
505.443939
498.263489
516.086487
543.682190
556.926941
548.107239
526.566223
512.633728
520.062256
541.963867
554.157837
545.041260
524.021423
512.499451
522.993164
544.756348
554.398682
542.144226
520.960327
512.019409
526.114319
547.952881
554.416748
538.732361
518.084656
512.544128
529.527588
549.907776
553.094299
538.021179
519.047180
509.682678
519.466370
541.696716
554.868774
549.547119
531.052307
513.726013
515.996948
537.763123
554.166199
549.217346
527.687256
512.492554
518.604919
541.165283
555.127197
546.921326
524.817383
511.766235
521.195190
543.799072
554.731201
543.598145
522.393799
512.586304
524.909485
546.387939
554.823914
542.686890
521.772339
507.381989
511.399628
533.539917
552.344299
553.172607
537.361206
517.465027
513.241577
531.123535
550.742920
552.432861
533.932129
515.295654
514.435425
534.419983
552.762451
551.390930
530.947876
513.513794
516.392212
538.231934
554.149658
548.580505
526.909790
511.992798
518.941711
541.929993
556.934570
548.091553
523.887268
503.183380
501.895233
524.728882
549.990112
556.505127
542.238281
520.121948
511.655243
526.506287
548.391357
554.384521
538.553894
518.165405
513.032227
530.184570
550.458313
553.097595
534.910950
515.702393
514.066711
533.636963
552.165771
551.417969
531.869385
514.818420
516.402405
536.856812
552.991150
549.269409
531.467041
515.185181
511.990845
527.789734
548.458557
555.211365
544.708069
525.528320
512.710571
521.070557
543.112305
554.595032
544.376770
523.044922
512.127502
523.851257
546.162659
555.044678
541.262329
519.581970
511.607025
527.033325
548.848022
554.479187
538.156067
517.843140
513.261292
531.018738
550.955139
552.901001
536.718506
517.715942
509.710327
521.335693
543.694397
555.261047
548.548279
530.054871
513.632935
516.620056
538.036438
553.679260
548.528259
527.531494
512.991882
519.539856
541.690857
554.558228
545.600159
523.956909
512.109741
522.463684
544.525574
554.281189
542.430542
521.525208
512.358826
525.279541
546.617798
554.162781
541.649536
521.654724
509.255524
515.196106
537.059387
553.253479
551.655029
535.437744
516.672241
513.688660
532.070435
551.194458
552.273376
533.559509
515.254333
515.043579
535.348389
552.993652
550.514587
529.809326
513.250549
517.132202
539.121338
554.328125
548.094971
526.499451
512.191162
519.855835
542.584290
555.313354
546.197754
525.432312
510.248566
512.472778
533.539124
552.896606
554.629211
539.747253
519.579285
511.676636
526.697754
548.523193
554.525330
538.446106
517.789429
512.743164
530.475830
550.833801
552.926514
534.053833
515.009644
514.143677
534.402710
552.950500
551.756531
531.542542
514.104187
516.055298
537.071045
553.115234
548.721924
530.497314
515.020020
513.649292
530.469238
549.843689
554.552368
543.060669
524.178711
512.364624
521.652039
543.720764
554.709839
543.867126
522.503052
512.102173
524.379456
546.191833
554.261292
540.346619
519.662537
512.663452
528.174255
549.057800
553.914673
537.379578
517.385376
513.337830
531.667358
551.616028
553.337097
536.409790
516.711121
508.649139
520.785339
543.321045
554.969177
548.328735
529.705444
513.149536
516.957825
539.165894
554.780273
548.412964
526.082764
511.422119
519.365662
542.720398
555.563782
545.401245
522.888916
511.292816
522.941223
545.862488
555.298096
541.997864
519.935242
511.225708
526.211731
548.776550
555.014343
538.687744
518.242371
510.845276
523.783081
548.571899
561.539612
553.598511
532.832153
513.790771
513.691284
533.504761
552.318359
551.725037
531.703003
513.942627
515.642639
536.714233
553.228210
549.244934
528.641357
513.405701
518.456970
540.058289
554.071716
546.905762
525.503052
512.069702
520.608948
543.293701
555.233154
545.009460
524.881836
511.859283
515.939270
536.702576
554.265503
554.446960
539.025330
518.963623
511.698273
527.055481
549.000305
554.634155
537.773193
516.983398
512.898499
531.542175
551.716003
552.796875
533.230347
514.353210
514.291687
535.026855
553.047729
550.661072
529.733826
512.907227
516.689270
538.932373
554.466614
548.708557
529.306824
513.363464
511.919952
528.826172
548.547852
554.018921
543.113342
524.097107
512.371826
522.680420
544.853027
554.567383
542.227783
521.010559
512.326477
526.156799
547.675110
554.236572
539.258606
518.894592
512.874695
529.069885
549.606262
553.444458
536.100464
516.426086
513.499390
532.546570
551.844849
552.044861
532.418457
514.111206
512.174683
531.412415
556.747986
565.107117
551.730225
527.611694
510.161438
516.709167
539.355835
554.353394
547.513916
525.715088
512.129333
520.678467
543.277710
554.877747
544.281799
522.575684
511.854309
523.709961
546.061951
554.891602
541.220032
519.748169
511.932617
527.160339
548.618652
553.829102
537.530090
518.167603
511.581940
524.452637
548.479919
561.061035
553.374878
532.590759
513.397217
513.959595
534.284668
552.762512
551.379761
531.033813
513.866028
516.381104
537.676514
553.579529
548.724365
527.729553
512.811157
518.782837
540.993469
554.743958
546.604614
524.733948
511.857269
521.372803
543.769165
554.504639
543.168640
521.666626
510.313568
519.697388
546.381470
566.075623
562.996155
541.261780
516.729919
509.814301
527.691162
549.203735
553.754944
536.864929
517.046692
513.431763
531.696106
551.171265
552.372009
533.501648
515.037415
514.792419
535.306335
553.432068
551.153015
530.113220
513.037964
516.731628
538.909668
554.426697
548.261536
526.448059
511.018311
515.045044
539.777100
563.770264
566.165527
546.944214
520.927185
508.336548
522.028687
545.218201
554.771423
541.890320
520.601929
512.268616
526.557129
547.954102
553.998962
538.391541
517.890625
512.406677
529.446106
550.124939
553.179810
535.082397
515.757080
513.882751
533.388367
552.157959
551.704163
532.051880
514.077026
512.324646
531.850159
557.605774
566.106750
551.989441
526.876465
509.432281
516.846252
539.858337
554.505859
547.036194
525.089905
511.783386
520.769653
543.549500
555.296753
544.613464
522.603577
511.568512
523.669922
546.283569
555.028076
541.183167
519.794556
512.275330
527.594116
548.705811
553.585938
537.052734
516.842041
510.520355
525.931091
553.579651
567.712891
557.984619
533.326599
511.809814
512.727051
534.251831
552.478516
550.692261
530.497925
513.947937
517.047546
538.462891
553.976013
548.506958
527.097351
512.351562
519.144897
541.729492
554.747498
545.513916
523.591492
511.774780
522.362122
544.836853
554.941528
542.926880
521.564392
511.437927
521.049194
546.129761
562.755737
557.166870
535.649231
514.281921
510.952087
529.804260
549.687561
553.053894
535.935608
517.010254
514.352417
532.645935
551.117493
551.354431
532.318909
514.684082
515.586670
536.296448
553.335571
549.916687
529.128601
513.325623
517.830444
539.447327
553.840637
547.135315
525.805359
511.544891
516.089783
540.185913
562.227051
562.746277
543.499268
519.604858
509.671356
524.304932
546.193848
554.522034
541.096558
520.118652
512.163025
526.727234
548.039246
553.919434
538.050842
517.841858
513.094543
530.716980
550.814453
552.943787
534.515381
515.789429
514.639343
534.186462
552.312195
551.291504
531.493286
513.760132
512.752991
533.520203
559.183105
566.003540
550.435608
525.531006
509.780273
518.491699
540.877075
554.163025
546.139954
524.967529
512.501587
521.683777
543.771057
554.649292
543.521729
522.109863
512.263062
525.184692
546.945679
554.291992
539.817810
519.276672
512.843689
528.715515
549.402222
553.665344
536.810547
517.135620
512.923889
528.434631
551.703064
559.278564
546.197510
524.540833
509.856445
515.885193
537.195679
552.333252
549.508118
529.706482
513.888855
517.561829
538.874207
553.810974
547.847656
526.678955
512.754700
520.319519
542.475647
554.489624
544.711121
523.327637
512.183044
523.128784
545.154907
554.643066
542.121033
520.864563
511.454224
522.126709
547.194153
562.208557
555.048584
533.618408
513.717468
511.970154
531.055725
550.293335
553.092468
535.508545
516.479919
514.288330
533.430176
552.131226
551.683472
531.784485
514.129150
515.827759
536.956055
553.380005
549.334656
528.662659
513.330994
518.297119
540.043518
554.255676
547.114441
525.701660
512.457886
521.242920
544.311035
556.735535
544.890503
520.358826
502.574280
504.739777
527.974426
550.645874
555.053528
540.674988
519.663452
512.033630
527.234985
548.576538
553.847900
537.318176
517.191162
513.099731
531.135132
550.923889
552.532166
533.972412
515.538086
514.944031
534.880188
552.786682
550.887451
530.341797
513.417480
516.531799
537.404114
555.731445
552.333496
532.087891
511.784729
505.750885
521.741272
544.837646
554.641846
545.262085
523.879517
511.965271
522.262573
544.715515
554.820129
542.652771
521.218140
512.120850
525.724548
547.365845
554.331482
539.618652
519.060242
512.704102
528.751099
549.409546
553.216248
535.742798
516.138855
512.912903
529.466797
552.421875
558.532715
544.477844
523.057922
509.180054
516.063293
537.911438
553.073730
549.784424
529.571472
513.982178
518.444824
539.950378
554.094421
547.017029
525.672913
512.438599
520.553711
542.529602
554.313660
544.735291
523.764648
512.759888
523.652771
545.203247
553.971436
541.003052
520.154785
512.391785
527.659241
551.181763
556.241333
537.207153
510.906738
496.608124
506.287628
534.118958
554.542114
553.268616
534.751648
516.082947
514.741455
534.308289
552.342224
550.993408
530.994690
513.950256
516.198914
537.246887
553.429504
549.331848
528.690247
513.496277
518.839172
540.558289
553.952576
545.747437
524.175354
511.824005
521.705383
544.943970
556.740417
544.915894
521.028259
503.169495
504.704590
527.692871
550.584778
555.219727
540.817688
519.977234
512.664978
527.871216
548.460938
553.054993
536.710571
517.364624
513.498108
531.023865
550.319885
552.271912
534.212524
515.799683
514.804504
534.527283
552.409241
550.765198
530.800476
514.339478
517.478027
538.862732
555.815491
549.527771
526.143311
504.268524
499.633301
519.429993
545.931580
556.530029
545.819946
524.208252
512.462158
522.935547
544.842041
554.221619
541.891174
521.149292
512.678223
526.394531
547.645142
554.090454
538.932068
518.546509
512.784973
529.363220
549.631958
552.786438
535.236328
516.396851
514.472595
533.981934
555.061401
553.706665
530.697876
504.997833
494.926880
511.125488
540.717041
557.333984
550.692261
529.392578
513.539062
518.097717
539.659302
553.699829
546.565491
525.316895
512.143311
520.550598
542.893311
554.782715
544.633301
522.910889
511.770996
523.405457
545.676514
554.623596
541.463074
520.672180
512.884705
527.304993
548.095703
553.853394
540.203918
520.357056
508.560394
515.370300
537.501404
553.548096
551.484924
534.641418
516.034546
514.589355
533.939148
551.882141
550.640198
530.956299
514.164673
516.566711
537.749023
553.880859
549.121399
527.780579
512.517761
518.623169
540.897034
554.300720
545.903687
524.452271
512.267883
522.101257
544.512756
556.181763
545.218933
522.204590
504.572449
506.204651
529.089783
551.380981
555.141113
540.192993
519.099365
512.346313
528.287415
549.086365
553.341919
536.564575
516.891541
513.392761
531.876892
551.623901
552.831848
533.680481
515.076355
514.945984
535.291260
552.822388
550.246155
529.947388
513.851318
517.599426
539.356689
556.480774
549.983154
525.713745
502.991302
498.715973
519.764282
546.838318
556.835938
545.292480
523.502869
512.160828
523.057495
544.918030
554.253906
542.004456
521.182129
512.531677
526.406311
547.915283
554.287781
538.644958
517.960632
512.373901
529.343384
549.706482
552.740295
535.206116
516.458496
514.573486
533.601562
551.906433
551.278748
534.150452
516.334839
510.609436
524.240601
546.058533
555.578125
547.124756
528.174255
512.969177
517.970520
539.755798
553.915222
546.778931
525.454468
512.256836
520.923340
543.265381
554.643982
543.822876
522.223450
511.923401
524.329407
546.325867
554.527954
540.909058
520.189148
512.783752
527.825134
548.837158
554.205750
539.628723
519.071655
507.692535
515.793457
538.425415
553.651001
550.784302
534.025269
515.855652
514.660217
533.958130
551.800110
550.784058
531.350647
514.542419
516.834290
537.828613
553.669312
548.760010
527.724670
512.931213
519.023926
540.792542
554.016113
546.124878
525.283447
512.899170
521.953796
543.572571
554.060913
543.828125
524.150879
510.928711
514.669189
535.323425
552.858215
553.348511
538.566589
519.287598
512.585815
527.825317
548.320129
553.054077
536.730164
517.285156
513.729004
531.836365
550.889526
551.600281
532.698914
514.913452
515.313477
535.484741
552.766907
550.578308
530.674927
514.371704
517.638367
538.701660
553.496948
547.620789
528.705627
513.374573
513.083374
531.192078
550.796204
554.942627
542.709412
523.266907
512.071045
522.703125
544.903137
554.772339
542.554016
521.344604
512.456360
526.285889
547.631836
553.921692
538.625610
518.338318
512.764404
529.346985
549.614746
553.158813
536.010559
516.811462
514.048523
532.699524
551.497681
552.005371
535.161926
516.528870
509.375580
521.559143
542.806396
553.402893
546.967773
529.242737
513.698242
518.156372
539.571960
553.844666
546.946777
525.607544
512.179016
520.689819
543.047668
554.636353
544.123230
522.740112
512.101440
523.789246
545.531860
554.210815
541.084412
520.354675
512.715332
527.557800
548.339661
553.520752
539.060974
519.459045
509.333069
517.676270
539.354492
553.672302
550.646118
533.850830
515.434143
514.367615
534.233887
552.583130
551.233826
530.978455
513.850342
516.650452
538.116394
553.730408
548.325195
527.167175
512.553772
519.073181
541.263184
554.612549
546.146790
524.526550
512.039551
521.989075
544.518250
554.952393
543.189148
523.140686
511.677155
517.916504
539.633484
556.150085
554.479309
537.682800
517.551819
511.770599
528.246582
549.618347
554.014587
536.627197
516.627014
513.548706
532.440552
551.730042
552.098816
532.736267
514.608398
515.056946
535.557312
553.040161
550.399658
529.841675
513.463562
517.480591
539.156982
553.892273
547.765076
528.850769
513.549072
512.556396
529.642273
549.073120
554.093262
542.662170
523.068665
511.647552
522.895447
545.525208
555.041382
541.906616
520.351990
511.972534
526.538086
548.071228
554.005249
538.278809
517.989502
512.807434
529.942749
550.350342
553.222900
535.163696
515.933716
514.107300
533.513794
551.940552
551.540894
534.508606
516.583496
509.988800
522.110352
543.076538
553.518921
546.681580
528.254578
512.742249
518.307861
540.667908
554.638611
546.636963
524.822449
511.949097
521.148254
543.385193
554.320007
543.547607
522.483337
512.538513
524.836365
546.635864
554.492981
540.316833
519.275696
512.256714
527.963196
549.037109
553.701660
537.296814
518.186707
511.780243
524.900940
548.972534
561.258057
553.062805
531.908264
513.033997
514.491455
535.041565
552.791687
550.587524
530.144836
513.513733
516.727173
538.004028
553.388794
548.197205
527.408081
512.984497
519.413757
541.327209
554.197388
545.307861
523.859619
512.159790
522.723999
544.988953
554.862061
543.102661
523.567322
512.139648
517.723694
538.796936
555.239990
553.872681
537.336426
517.669556
512.681458
529.311340
549.796143
553.112183
535.568970
516.355591
513.776978
532.351746
551.152954
551.557861
532.686035
515.049438
515.739746
536.094849
552.993591
549.847961
529.320190
513.451721
517.744507
539.132568
553.518982
547.071533
526.089783
511.450684
515.707581
540.244202
563.639282
565.521729
546.194519
520.734253
509.153992
523.231628
545.776367
554.466125
541.181091
520.329895
512.550598
527.093628
548.165527
553.867188
538.075256
517.855652
512.932434
530.282104
550.403381
552.768066
534.650269
515.983459
514.704773
533.798035
551.528687
550.537842
531.414429
514.403809
513.343811
533.050415
558.047180
565.484314
550.979553
526.465088
510.228516
518.151367
540.214111
553.755127
546.165833
525.151611
512.366028
521.059875
543.035645
554.546570
544.154419
522.695435
511.887146
523.961792
546.199524
554.808594
540.978577
519.807312
512.307312
527.668274
548.823914
553.849060
537.180603
516.477478
509.852997
526.063477
554.602539
568.902710
558.356140
532.909424
511.567474
513.475891
535.435974
553.213257
550.329529
529.562317
513.154480
517.057068
538.922302
554.263672
548.200500
526.732910
512.589844
520.029602
542.181274
554.287659
544.661621
523.491577
512.462341
523.034973
544.577271
554.053406
542.316162
521.509888
510.680084
520.360718
547.059448
566.184937
562.190186
540.148132
516.391663
510.619415
528.536255
549.370483
553.425842
536.420532
516.633545
513.156067
531.885864
551.802246
552.838135
533.193420
514.352966
514.966248
536.306458
553.870605
550.055664
528.416016
512.345886
517.663696
540.370300
554.949829
547.374756
525.251221
510.690552
516.504089
542.504333
565.480225
565.358826
544.705261
519.833191
509.581024
524.153137
546.088562
553.895813
540.556763
520.312622
513.010864
527.411194
547.950684
553.299194
537.758667
518.258606
513.664551
530.501465
549.893982
552.280518
534.811157
516.371704
514.600342
533.478210
551.791870
551.423279
531.794128
513.632568
512.288757
533.159912
559.275635
566.327271
550.614197
525.367126
509.284729
518.094482
541.172668
555.130920
546.908936
524.721863
511.644318
521.334351
544.356201
555.347595
543.306946
521.147949
511.472260
525.106812
547.357727
554.580505
539.787720
519.159180
512.796570
528.453125
548.796997
552.947815
536.490784
517.160950
511.697479
527.572021
553.966736
566.015076
555.509155
532.333801
513.020813
514.694275
535.028809
552.079285
550.197632
530.708252
514.264587
516.907043
537.833618
553.537231
548.513245
527.357239
512.415466
518.909546
541.163086
554.524231
545.951965
524.306091
511.836121
522.140198
544.973694
555.496460
542.885071
520.548340
510.396393
521.398621
547.203613
562.578552
555.212463
533.426270
513.298706
511.424225
530.717163
550.310364
553.025757
535.171143
516.102661
514.283936
533.633850
552.138367
551.358948
531.801819
514.809875
516.450928
536.586914
552.301086
548.456055
528.541382
513.720764
518.531555
539.695129
553.792664
547.117676
526.292297
512.469177
517.090515
540.269287
560.791382
561.065063
543.325745
520.872192
510.639832
523.609619
544.887756
554.198669
541.932922
521.028442
512.273254
526.381165
547.964111
554.331604
538.650574
518.068604
512.606323
529.717896
550.102905
553.136230
535.190247
515.849487
513.928162
533.535461
552.438354
551.617554
531.261475
513.226135
512.904602
534.278687
559.383667
565.273193
549.445007
524.928528
509.532715
518.390320
541.080261
554.579895
546.160278
524.594360
512.330750
522.285645
544.474915
554.568115
542.750366
521.736328
512.562683
525.367920
546.443726
553.594910
539.622742
519.596313
513.103088
528.552979
548.841858
552.972656
536.407166
517.426453
513.868958
529.147888
551.253235
558.312378
546.105103
525.584900
510.702637
515.619690
536.589294
552.557922
550.461792
530.531128
513.962280
517.234497
538.604309
553.896301
548.082825
526.895752
512.519043
519.608826
541.870972
554.723328
545.428284
523.555542
511.721771
523.002991
545.893433
555.448547
541.806885
519.682495
511.343994
526.882812
550.946106
556.629517
537.636597
510.891907
496.248901
506.283081
534.915344
555.632996
553.631714
534.218201
515.374573
514.615051
534.444031
552.301331
550.654785
531.086609
514.630920
516.794617
537.033325
552.668762
548.664551
528.495972
513.601013
518.771790
540.181763
553.959167
546.700256
525.760742
512.881409
521.397705
543.574951
555.849426
545.616089
522.735840
504.541077
504.933014
527.189819
550.315186
555.463196
541.248352
519.991577
512.232971
527.406128
548.398010
553.536987
537.349182
517.588257
513.358459
531.143372
550.933777
552.599426
533.798340
514.967163
514.393433
535.022888
553.360474
551.143616
530.182800
513.329285
516.487366
537.000122
555.226868
552.612854
533.057251
512.461670
505.735107
521.806519
545.520569
555.298035
545.177856
523.438965
512.110840
523.086731
545.088989
554.244507
541.759460
520.971191
512.513489
526.151794
547.436707
554.021057
539.095398
518.720581
512.735535
528.875244
549.008606
552.559448
535.794800
517.099854
514.214600
532.477234
553.421692
553.294495
531.837830
506.829285
496.395874
511.497345
540.148987
556.404175
550.159912
529.463562
513.703735
517.799866
539.117981
553.855896
547.734497
526.461121
512.164917
519.511658
541.880676
554.405762
544.788208
523.113037
511.816833
523.569946
546.221680
555.295593
541.826416
520.283447
511.883301
526.687500
550.298645
556.233215
