530.774475
530.774475
530.767395
530.739075
530.775635
530.545898
529.960938
529.808044
531.106201
533.758789
536.276672
537.664551
538.653992
540.685181
543.898132
546.549500
547.131592
545.585266
543.192444
541.175232
539.861755
538.869690
537.613647
535.793457
533.513611
531.329407
529.543396
527.618774
525.419800
523.628235
523.261108
524.423096
526.525208
528.811768
531.096069
532.982910
533.784729
533.485168
533.452454
534.924438
537.768677
540.862793
543.364868
544.757324
545.283875
545.168762
544.529541
543.334778
541.748779
539.817566
537.861450
536.297119
535.119324
533.517883
530.968262
528.147888
525.893677
524.355774
523.709595
524.135559
525.734924
527.760437
529.414612
530.681274
532.183289
534.234863
535.960266
536.541931
536.894104
538.433228
541.300415
544.210510
545.967957
546.234863
545.275391
543.499023
541.634277
540.199524
539.159607
537.796021
535.717529
533.399902
531.260193
529.248779
527.199219
525.355103
524.389526
524.390686
524.959290
526.137451
528.145813
530.547791
532.331726
533.337097
534.261597
535.806030
537.720581
539.471619
541.070923
542.858826
544.551147
545.181580
544.821777
544.209290
543.447083
542.012390
539.748962
537.437439
535.790466
534.544495
533.123962
531.089233
528.810303
526.546936
524.700745
523.829773
524.386780
526.002319
527.499817
528.655701
530.157959
532.227173
534.219543
535.689026
537.071106
538.944519
541.036621
542.723083
543.837463
544.795227
545.622009
545.476562
544.113159
542.364807
540.818176
539.217224
537.364197
535.501099
533.935913
532.218079
529.826172
527.125000
525.273315
524.550598
524.536621
524.933350
525.983887
527.805664
530.006653
531.872620
533.059692
533.983032
535.378174
537.456665
540.143494
543.071045
545.100220
545.480347
544.988892
544.708435
544.640747
543.770142
541.923889
539.849670
538.166138
536.707520
534.880859
532.706482
530.765930
529.047913
527.138428
525.135986
524.034241
524.441162
525.957825
527.653809
529.062256
530.432373
531.788025
533.194580
534.946838
537.124146
539.271851
541.171570
543.020569
544.728333
545.854370
545.692810
544.334351
542.681702
541.499939
540.674316
539.694519
538.431946
536.591187
533.959534
531.153992
529.000793
527.796570
526.617249
524.907715
523.434448
523.664551
525.877075
528.525513
530.356201
531.341431
532.281860
533.727905
535.586914
537.964355
540.692993
543.020874
544.419006
544.896729
544.896545
544.730103
544.006531
542.661560
541.154968
539.882996
538.535645
536.715576
534.813293
533.045044
530.841064
528.250000
525.980347
524.843689
524.758057
524.974060
525.328979
526.535217
528.825073
531.214233
532.573364
533.217041
534.477600
536.797913
539.481995
541.682678
543.304871
544.533325
545.294434
545.272461
544.245056
542.440247
540.490662
539.109131
538.602844
538.236572
536.778320
534.048645
531.406921
529.761292
528.294312
526.065918
523.745544
523.136719
524.919495
527.535461
528.998047
529.386658
530.260559
532.175720
534.267639
535.759705
537.099609
539.175842
542.192871
545.013306
546.232788
545.601013
544.216675
543.176147
542.494263
541.178528
538.438477
535.210449
533.554016
533.998718
534.521729
532.805542
529.009644
525.513794
524.124512
524.556885
525.412781
526.024719
526.896423
528.475098
530.470642
532.172668
533.295166
534.468384
536.297058
538.985840
542.027832
544.231140
545.120850
545.197876
545.149231
544.537903
542.861084
540.535645
538.548157
537.404175
536.688721
535.224121
533.025940
530.911316
529.247375
527.652893
526.128723
525.025208
524.512085
524.693420
525.968994
527.955322
529.876404
531.216553
532.135071
533.502441
535.660950
537.910339
539.761047
541.699402
544.212402
546.219116
546.339294
544.653992
542.568848
541.355469
540.703613
539.491089
537.449036
535.146423
533.031006
531.009827
529.305420
527.944763
526.529541
524.833130
523.691956
524.088806
525.806702
527.607239
528.651489
529.682068
531.608337
533.843079
535.333252
536.138367
537.733826
540.697876
544.052307
546.053040
545.840759
544.368347
543.085327
542.565613
542.211243
540.702942
537.802734
534.891174
533.438965
532.934570
531.570923
528.306274
524.469666
522.601196
523.588379
525.355469
526.143372
526.361633
527.188354
529.004822
531.334778
533.126404
534.059021
535.035095
537.117737
539.903992
542.617920
544.384766
544.917175
544.824646
544.568604
543.732605
541.988647
539.995300
538.739563
537.856812
536.160217
533.296814
530.422791
528.595337
527.578064
526.508301
525.194214
524.449646
524.747498
525.743713
527.008484
528.630676
530.447693
531.771790
532.592712
533.825378
535.908875
538.468018
540.881042
542.915710
544.697876
545.855469
545.626526
544.113525
542.436035
541.164001
539.811707
538.091492
536.367310
534.718323
532.755005
530.206482
527.521484
525.638794
524.893005
524.841370
524.872986
525.443115
527.073120
529.251221
530.849121
531.477356
531.692017
532.499207
534.639893
537.939026
540.853577
542.287109
542.888672
544.090759
545.884155
546.584595
544.664978
541.086182
538.589966
538.366943
538.686401
537.145630
533.799927
530.455200
528.404602
527.364868
526.353088
525.213318
524.405701
524.746582
526.518555
529.329224
531.970276
533.018860
532.553711
532.160645
533.286926
535.699341
538.287048
540.604126
542.799500
544.811523
545.824951
545.406921
544.096497
542.688843
541.296265
539.619324
537.905640
536.436035
535.048035
533.277039
531.177063
528.978516
526.692566
524.613647
523.316162
523.467896
525.180420
527.812317
530.352783
532.227539
533.293823
533.158569
532.353638
532.890076
536.246033
540.787476
543.637817
543.912598
543.447327
544.394165
546.343079
546.551208
543.509399
539.119080
536.644043
536.753845
537.280396
535.647461
531.703796
527.724365
525.945923
526.195312
526.126343
524.795410
523.936768
525.346619
528.464050
531.308167
532.524048
532.930847
534.067993
536.180969
537.683838
538.288086
539.504639
541.783569
544.117371
545.665344
545.732727
544.738586
543.500610
542.416626
540.219055
536.267029
531.661377
528.412659
528.044739
529.338623
529.127014
526.087341
522.369019
521.824646
525.509644
530.689148
533.698181
533.494751
532.575317
533.584534
536.707642
539.725952
541.232544
542.174927
543.916931
545.806458
545.946655
543.645447
540.747620
539.802063
541.022522
541.601807
539.617126
535.934082
532.646179
530.909302
530.218811
529.418152
527.170654
524.103210
522.245483
522.973328
526.129456
530.223206
532.990662
533.217651
531.851807
531.241394
532.987427
537.065369
541.558167
544.116577
544.196350
543.767639
544.383667
545.314209
544.692505
542.028992
538.923950
537.369263
537.484131
537.459839
535.900208
533.397827
530.948975
528.872009
527.186584
526.002136
525.282166
525.234314
525.864319
526.704773
527.559021
528.520630
530.391663
533.768677
537.720764
539.812134
539.083374
537.722290
539.030029
543.265137
547.169617
547.499817
544.733093
541.896790
540.697937
540.107483
538.489014
535.950989
533.903015
532.886047
532.120667
530.741516
528.373047
525.729919
524.191833
524.592407
526.067932
527.360046
528.100281
529.030884
530.797241
532.688904
533.907532
535.018555
536.862976
539.376465
541.145142
542.054626
543.711487
546.798279
548.850952
546.826660
541.248352
536.490967
535.681946
537.628357
538.169373
535.208374
530.558289
527.800964
527.974548
529.028381
528.219666
525.234924
522.662537
523.358765
527.077820
530.660828
531.597046
530.986267
531.539612
534.078430
537.210327
538.920349
539.397888
540.329956
542.526917
545.428345
547.772156
548.148865
546.008240
541.924377
537.594360
534.710205
534.143494
535.054260
535.365112
533.653625
529.810974
525.162048
522.298950
522.608337
524.864258
526.494385
526.503540
526.510742
528.128906
531.019104
533.358521
534.060486
534.299011
535.746277
538.747070
541.945068
544.089661
544.994385
545.084412
544.834045
544.094482
542.553467
540.338135
538.224304
536.918823
536.259827
535.095459
532.786072
529.891418
527.656982
526.417358
525.518921
524.636047
524.315613
525.131348
526.799194
528.218262
529.426392
530.900818
532.698303
534.595337
536.218506
537.875488
539.860046
542.238708
544.660522
546.068359
545.833496
544.029907
541.726074
540.477295
540.354919
539.830688
537.866028
535.248657
533.202576
531.668213
529.619934
526.763123
524.429138
524.107544
525.448303
526.963562
527.950562
528.518799
528.898987
529.518799
530.705811
532.549988
534.707703
536.829285
538.981567
541.493469
543.239929
543.640991
543.583679
544.251282
545.454102
545.412354
542.805847
538.903687
536.346497
535.923157
535.259949
532.955566
529.770264
527.252441
526.356873
526.284119
525.778503
524.985229
525.226440
527.099060
529.979919
532.583435
533.543701
533.096863
533.172852
534.977051
537.719116
540.091736
541.822815
543.325989
544.707397
545.364990
544.740845
543.330322
542.064148
540.883972
539.310242
537.192139
535.046753
533.288879
531.800537
530.109009
528.270691
526.237305
524.076965
522.572998
523.466858
527.047363
531.537415
534.518005
534.821350
533.005188
531.049927
531.093018
534.067383
538.560608
541.975647
543.020569
543.013000
543.985779
546.042053
546.789246
544.651001
541.034790
538.529724
537.550415
536.594971
534.874268
532.638245
530.319275
528.278320
526.553284
525.474487
525.155396
525.450745
526.268860
527.563232
529.382996
531.268127
532.833801
534.159180
535.488770
536.659546
537.511475
538.813660
541.049255
543.447205
545.001404
545.154785
544.390381
543.522156
542.565002
541.187866
539.415588
537.430969
535.148254
532.995911
531.676819
530.478455
528.391113
525.763062
523.873962
523.996338
526.050415
528.183044
529.162415
529.907227
531.311401
532.959717
534.352051
535.614929
537.219604
539.206482
541.359802
543.316833
544.844604
545.809448
545.577759
544.106873
542.284241
540.664978
539.239929
538.195862
537.496826
536.234863
533.721863
530.543884
528.118042
527.115417
526.643921
525.537537
524.241882
524.723389
527.398376
530.451477
532.134888
532.557129
532.980408
534.274109
536.435364
539.002441
541.626465
543.835999
545.021179
545.258240
544.967773
544.423706
543.407104
542.064331
540.805359
539.476379
537.659180
535.527771
533.873901
532.854431
531.343750
528.558167
525.290466
523.576782
524.225830
526.147339
527.876709
528.843445
529.491211
530.463257
532.070984
534.235352
536.341187
538.117432
539.690735
541.443542
543.679626
545.640503
546.289917
545.699341
544.514526
543.018494
541.043457
539.218750
538.305115
537.826111
536.486267
533.646484
530.311890
528.146423
527.280212
526.636536
525.441772
524.408630
524.790955
526.776306
529.234375
531.002869
531.710815
532.232300
533.858521
536.932495
540.257202
542.289490
542.929871
543.481323
544.525696
545.495544
545.070984
543.181458
541.226257
540.075256
539.291382
538.294373
536.803650
534.828979
532.234985
529.458557
527.406250
526.256226
525.664612
525.211853
525.081909
526.083862
528.049744
530.028198
531.400269
532.458008
533.773804
535.343811
537.199646
539.533447
542.099792
544.244751
545.253113
545.149231
544.350220
543.350037
542.006592
540.581482
539.475525
538.598145
537.454834
535.811584
533.919739
531.885010
529.419067
527.035645
525.471863
525.211426
525.579529
525.706787
526.092773
527.691284
530.397888
532.827820
533.866028
534.179382
535.056519
537.386658
540.678894
543.615845
545.143005
545.081543
544.252258
543.546509
543.096313
542.142883
539.910339
537.346863
536.012756
535.965820
535.512085
533.371826
530.382324
527.905090
526.096863
524.858887
524.589966
525.773438
528.054321
529.880127
530.056763
529.251892
529.571960
531.989563
535.425354
538.583862
540.841980
542.041016
542.940674
544.208069
545.354309
545.220947
543.712830
541.738098
540.128174
538.937622
537.612549
536.172852
535.221069
534.440186
532.642212
529.447144
526.426758
525.228088
525.516907
525.977539
526.022034
526.333801
527.615234
529.638428
531.727295
533.255371
534.238159
535.285217
537.170288
540.176147
543.412415
545.206421
545.172852
544.161072
543.101807
542.452454
541.976379
541.085388
539.384399
536.766174
533.736267
531.420288
531.056641
531.660522
530.781799
527.961121
525.075500
524.043030
525.067871
526.760498
528.052673
529.025574
530.337341
531.904297
533.258850
534.665649
536.598145
539.098267
541.612183
543.538452
544.712769
545.048279
544.847290
544.096436
542.729919
540.818481
538.854675
537.572754
536.609558
534.934631
532.121521
528.950806
527.214844
527.009094
526.917847
525.984253
524.822144
524.912781
526.484802
528.539307
530.218262
531.352173
532.379211
533.654541
535.498901
538.214783
541.101318
543.308960
544.477356
544.960144
545.058777
544.587097
543.330383
541.633545
540.049500
538.640442
536.948792
534.936218
532.666687
530.377258
528.083862
526.086304
525.032715
525.009460
525.331665
525.366882
525.652954
526.979736
528.865662
530.592529
532.018799
533.592957
535.385742
537.228394
539.192932
541.309998
543.365967
544.452515
543.774048
541.903076
540.725769
541.686768
543.859253
544.687378
542.496033
537.615234
532.263672
528.949585
527.881348
527.025757
525.341980
523.786743
523.937073
525.634949
527.387024
528.120972
528.328247
529.549988
531.829041
533.939880
535.284424
536.263000
537.537720
539.516174
542.008789
544.378479
545.673767
545.340820
543.908691
542.426575
541.338379
540.093140
538.340942
536.679932
535.384216
533.906616
531.595215
528.712952
526.440063
525.185547
524.757202
524.745483
525.553223
527.432068
529.569153
530.969482
531.554626
532.089844
533.188110
534.783386
536.838806
539.275696
541.525757
543.218262
544.485718
545.538757
545.842163
544.556580
542.084717
539.670166
538.127869
537.256042
536.313782
535.018494
533.162964
530.669678
527.652466
525.008911
524.200134
525.003967
526.047058
526.737183
527.841187
529.980713
532.131348
533.270081
533.525696
533.978821
535.324402
537.266235
539.529968
542.024170
544.076294
545.020935
544.694702
543.958740
543.148071
542.037720
540.291565
538.385986
537.003540
535.748779
533.953857
531.685486
529.477356
527.731750
526.226562
525.109558
524.833496
525.678955
527.153503
528.468506
529.920410
531.872437
533.697693
534.698914
535.132751
535.906311
537.556335
540.137329
542.951233
544.981018
545.631958
544.797485
543.242554
542.097534
541.358215
539.920410
537.425781
535.106689
533.850586
533.003784
531.282837
528.554565
526.147339
525.192261
525.447571
525.976318
526.557556
527.604309
529.143311
531.062073
533.028748
534.871826
535.997559
536.335693
536.775574
538.519714
541.471985
544.301636
545.680054
545.468018
544.232178
542.824585
541.674011
540.697083
539.449036
537.637390
535.439575
533.517395
531.883240
530.023743
527.713562
525.645081
524.944153
525.527283
526.300415
526.907715
527.865723
529.645142
531.659607
533.321838
534.525085
535.606384
537.304688
539.739075
542.528320
545.162354
546.520264
545.931030
544.227356
542.881042
542.424255
541.868591
540.453979
538.444153
536.549561
534.908081
532.864014
530.463257
528.323730
526.535278
525.157959
524.434631
524.722717
526.278137
528.276001
529.658264
530.455688
531.510010
533.334595
535.620850
537.761169
539.258179
540.452393
542.201538
544.751343
547.082825
547.764404
545.807617
542.439758
540.143372
539.739380
539.539795
538.114868
535.702087
533.342041
531.529419
529.956543
528.088989
526.092224
524.558716
524.173157
525.262207
527.433960
529.639709
530.892090
531.312500
531.971069
533.490234
535.631592
537.918579
540.461304
542.945374
544.413940
544.336548
543.597168
543.701477
544.628296
544.568054
542.508484
539.434143
537.327148
536.616577
536.158020
534.664368
531.659241
528.285828
526.000000
525.132141
525.225525
525.504333
525.955627
527.231506
529.351868
531.435120
532.442017
532.802979
534.037781
536.481018
539.246460
541.485107
543.305115
544.916443
545.647522
544.826416
542.988464
541.530640
541.220886
541.213440
540.359253
538.413574
535.896667
533.385620
531.312744
529.829346
528.676697
527.138123
525.258118
524.247375
524.992676
526.915466
528.681274
529.912354
531.294617
532.907532
534.351990
535.411133
536.931702
539.547424
542.559021
544.624573
545.142639
544.682312
544.043823
543.096558
541.549377
539.835999
538.494202
537.506165
536.722473
535.895081
534.325684
531.711609
528.739014
526.630798
525.703857
525.266907
524.691040
524.843811
526.705261
529.598511
531.594238
531.957153
532.027649
533.606812
536.768616
539.880310
541.653076
542.597290
543.624634
544.827942
545.340027
544.433350
542.314575
540.186340
538.716614
537.909790
536.916931
535.092102
532.845764
531.317200
530.403870
529.011597
526.706665
524.763000
524.222534
525.188477
526.736755
528.162964
529.671997
531.664734
533.483276
534.445923
535.089172
536.625488
539.320862
542.273926
544.404358
545.226440
544.981567
544.311829
543.495056
542.247375
540.109070
537.553345
535.793823
535.023499
534.387756
532.668762
529.706665
526.938843
525.723816
525.700256
525.612976
525.315369
525.562317
526.665161
528.633789
530.865723
532.560608
533.341797
533.907471
535.399719
538.141479
541.147034
543.015564
543.738953
544.377869
545.279663
545.145203
542.993103
540.131836
538.603882
538.375488
537.669861
535.362061
532.110840
529.443604
528.236145
527.717285
526.863037
525.503113
524.245483
523.934387
525.559692
528.738647
531.372559
532.095215
531.900757
532.750916
535.171509
537.856018
539.614197
540.848022
542.711609
544.926880
546.130310
545.474365
543.431458
541.220093
539.670776
538.740601
537.749878
536.124084
533.809998
531.353394
529.485474
528.182190
526.599426
524.708191
523.601135
524.012085
525.495300
527.094238
528.708252
530.710510
532.580261
533.470703
533.574829
534.405029
536.918762
540.251587
542.769775
543.957153
544.601807
545.032471
544.679260
543.100769
541.044006
539.390442
538.325562
537.361145
535.573181
533.008972
530.741211
529.158569
527.831848
526.341064
524.611694
523.395935
523.977539
526.555481
529.294434
530.572632
530.904663
531.602173
533.045410
534.849731
536.390503
538.086243
540.451843
543.096313
544.903931
545.320984
544.849121
543.872803
542.372620
540.450500
538.487549
536.976501
535.918762
534.877686
533.160645
530.575012
527.855225
525.876709
524.995239
525.023560
525.527344
526.141968
527.342407
529.440735
531.411377
532.236389
532.356140
533.182861
535.125000
537.558044
539.755981
541.453186
543.116760
544.746155
545.477844
544.723572
542.841431
540.923645
539.685425
538.893372
537.682007
535.548218
533.016663
531.039551
529.871521
528.647339
526.624390
524.481445
523.845703
525.352234
527.977417
529.942993
530.732666
531.218567
532.073059
533.080444
534.243469
535.933655
538.220032
540.685974
542.909790
544.358337
544.899231
544.696106
544.001587
542.939453
541.403259
539.212646
536.886902
535.447144
534.800842
533.590881
530.945435
527.631897
525.432617
524.968384
525.296997
525.551880
526.167297
527.856201
530.034851
531.759583
532.758362
533.615662
534.771362
535.982178
537.187256
538.891296
541.198853
543.287598
544.594238
545.144043
544.856812
543.557617
541.498535
539.536438
538.242676
537.399414
536.119263
534.057312
531.926575
529.979431
527.920959
525.845093
524.574768
524.702148
525.791321
527.276062
528.887634
530.623657
532.212402
533.362854
534.129089
535.263428
536.957092
538.806274
540.524719
542.396118
544.278687
545.205383
544.710510
543.552368
542.276978
541.070190
539.548645
537.872925
536.407227
535.054688
533.407959
531.169678
528.891052
527.028259
525.611389
524.873962
525.006104
526.085938
527.711548
529.443237
531.168030
532.636719
533.710510
534.583496
536.093994
538.904785
542.126038
544.095459
544.345947
543.984131
544.170776
544.409485
543.786804
542.268066
540.529358
539.003418
537.545532
535.936157
534.133240
532.056335
529.828186
527.627625
525.992676
525.218079
525.236328
525.840637
527.142395
528.948730
530.575745
531.712891
532.769165
534.175354
535.800903
537.400940
539.210632
541.680603
544.416626
546.048706
546.034241
545.061096
543.968384
542.747864
541.115417
539.414734
538.072449
537.013550
535.649353
533.649353
531.399963
529.066284
526.858948
525.275452
524.772888
525.322937
526.553955
527.974854
529.368164
530.812317
532.104858
533.127441
534.498108
536.688171
539.110962
541.184326
543.028442
544.561218
545.332031
544.882507
543.411072
541.936890
541.155457
540.598572
539.343811
537.729126
536.350281
534.808350
532.612854
529.920471
527.532532
526.018372
525.214844
524.967346
525.290222
526.542053
528.497375
530.523193
532.117859
533.022400
533.518311
534.400085
536.513855
539.722290
542.654175
544.288757
544.768677
544.811462
544.464172
543.068176
540.637817
538.603516
538.111145
538.491943
538.018982
536.149475
533.729309
531.529724
529.644165
527.791626
525.790649
524.274719
523.978271
525.419128
527.983948
530.190918
531.080383
531.301941
532.317017
534.488403
536.745789
538.257996
539.643188
542.047852
544.853638
546.175720
545.290588
543.318420
541.589294
540.361694
539.154236
537.859924
536.781860
536.114990
535.216492
533.560608
531.140747
528.257507
525.724670
524.549561
524.797485
525.627625
526.325745
527.480042
529.658020
532.181641
533.665649
533.794312
534.126404
536.216492
539.517883
542.265137
543.502991
544.077637
544.729065
544.963257
543.974548
541.781067
539.198547
537.127869
535.997314
535.973022
536.040649
535.017517
532.533569
529.521423
527.273743
526.078552
525.262268
524.694092
525.123962
527.012390
529.267273
530.874939
531.830811
532.719727
533.997681
535.702576
537.770996
540.106445
542.421570
544.250305
545.202148
545.189819
544.061646
542.083984
540.147766
538.828735
537.858337
536.356445
534.053589
532.068481
531.289856
531.057373
529.958496
527.822693
525.709778
524.659058
524.890320
526.201660
528.119995
530.027588
531.365723
532.054810
532.909485
534.688477
536.930237
539.052429
540.910034
542.837036
544.716797
545.703613
545.263489
543.484192
541.303040
539.533997
538.380493
537.547485
536.384338
534.336304
531.688904
529.463745
528.247375
527.358398
526.178406
525.200378
525.194092
526.117859
527.344543
528.704651
530.444336
532.337891
533.589600
533.976562
534.744385
537.011963
540.114563
542.469666
543.518738
544.047913
544.671997
544.817444
543.544556
541.033020
538.590759
536.908264
535.978394
535.001953
533.501282
531.514526
529.356995
527.527588
526.246826
525.255737
524.486328
524.601257
526.224121
528.527100
530.211182
531.188904
532.127625
533.510437
535.045837
536.275940
537.797607
540.406616
543.398071
545.155273
545.052612
544.096741
543.173889
542.226624
540.652832
538.451233
536.535645
535.432983
534.649048
533.268188
530.811829
527.890747
525.659546
525.155151
525.997925
526.688354
526.375854
526.147766
527.517700
530.252197
532.486816
533.218079
533.335571
534.446411
536.891602
539.750305
542.064453
543.628113
544.315552
544.130371
543.418701
542.522095
541.505005
540.057068
538.270752
536.538513
535.130188
533.599731
531.488586
529.124512
527.135071
525.809753
525.353455
525.819275
527.089355
528.396301
529.082581
529.510742
530.691406
532.426941
533.716492
534.344727
535.303467
537.388733
540.278015
542.977905
544.538391
544.990051
544.636292
543.484314
541.963013
540.500793
539.038147
537.322266
535.662537
534.264587
532.821533
530.984924
528.661804
526.583252
525.534729
525.365601
525.659668
526.526917
528.317017
530.302551
531.420410
531.845886
532.415222
533.674438
535.275085
536.899475
538.869812
541.260132
543.398865
544.491089
544.391968
543.703369
542.686768
541.350647
539.774658
538.358521
537.329834
536.042664
534.177795
531.900574
529.479187
527.242188
525.673950
525.253906
525.779358
526.583191
527.578247
529.028564
531.113098
532.895630
533.181580
532.480408
532.739502
534.895569
538.027100
540.757202
542.632568
543.829346
544.387390
544.229553
543.418396
542.233887
540.859009
539.147827
537.459717
536.234192
535.176941
533.635559
531.372803
528.965332
526.898071
525.307861
524.604248
525.133057
526.896179
528.901245
530.206665
531.165161
532.530212
534.147522
535.133789
535.376648
536.125610
538.210510
541.016785
543.484131
544.905334
545.356750
544.789368
543.153870
541.090393
539.343933
538.143799
537.093567
535.813232
534.284241
532.270142
529.920837
527.575562
525.862976
525.217346
525.331421
526.093811
527.576477
529.489319
531.107422
532.140625
533.007263
534.182495
535.900879
537.622437
538.998474
540.610107
542.797058
544.619263
545.110168
544.502930
543.329895
541.880493
540.459961
539.002563
537.462646
536.105530
534.950806
533.717468
531.929932
529.525146
526.887634
525.002380
524.708191
525.568359
526.748169
528.100891
529.852478
531.833435
533.199524
533.677979
534.196960
535.871887
538.722473
541.212708
542.517761
543.135986
543.845032
544.517883
544.376343
543.258423
541.683533
539.956604
538.290588
537.039917
536.025024
534.620483
532.571411
530.286560
528.264587
526.631409
525.379456
524.760498
525.298157
527.298767
529.655212
531.207947
532.058594
532.933105
534.184875
535.620789
537.349854
539.443970
541.564392
543.182373
544.152771
544.786499
545.108093
544.458496
542.744141
540.723022
539.216370
538.073669
536.586548
534.785583
533.233032
531.789917
529.863342
527.375916
525.423096
524.923645
525.576416
526.793640
528.127869
529.509216
531.103577
532.637329
533.879639
534.921997
536.210083
538.198120
540.906677
543.608215
544.952820
544.413452
543.280823
543.108582
543.881226
543.792114
541.590393
538.378540
536.214355
535.474731
534.709839
532.879395
530.214600
527.694092
526.051270
525.336670
525.303467
525.775391
526.848572
528.523804
530.561401
532.461304
533.501709
533.976685
534.987732
537.082642
539.619507
541.662537
543.182373
544.364380
544.827209
543.932007
541.754700
539.878967
539.516296
539.856201
539.308960
537.606506
535.397400
533.228577
531.224670
529.346985
527.468384
525.832825
524.841431
524.933472
526.333557
528.453796
530.113342
531.116455
532.230835
533.647278
534.956665
536.086243
537.609497
540.047058
542.803040
544.672363
545.041016
544.484680
543.490662
541.789124
539.571167
537.958069
537.436157
537.399780
536.614136
534.964844
533.018066
530.941895
528.599609
526.382568
525.037048
525.020386
525.816101
527.088257
528.624817
530.350647
531.870117
532.788025
533.537476
534.834717
536.919739
539.374268
541.720825
543.692017
544.734558
544.600159
543.652832
542.583191
541.454285
539.590088
537.505493
535.916260
535.348450
535.061401
533.861511
531.524231
528.818054
526.742554
525.609680
525.255005
525.925232
526.958374
528.062134
529.383057
531.086365
532.648621
533.426880
533.864441
535.126465
537.784119
541.156555
543.585754
544.593506
544.705444
544.353455
543.235413
541.495605
539.740295
538.360901
537.245850
536.257751
534.854797
533.087952
531.053040
529.082825
527.601624
526.842163
526.304504
525.583679
525.400940
526.688416
528.897766
530.810791
531.836914
532.495361
533.567688
535.163025
536.956238
538.822388
541.046570
543.428284
545.195312
545.516052
544.257202
542.142395
540.142578
539.014954
538.459778
537.569946
535.870117
533.768127
531.928162
530.268860
528.075684
525.497009
523.730652
523.957275
525.507629
527.062134
528.199890
529.466187
531.081848
532.531738
533.477722
534.352722
535.636108
537.580811
539.957214
542.411072
544.416260
545.211365
544.482910
542.755737
541.183228
540.102112
538.950623
537.731812
536.580750
535.252930
533.308777
530.837646
528.639160
527.219971
526.189575
524.987793
524.072510
524.650635
526.763000
529.296265
531.150024
532.069153
532.478882
532.997375
534.247681
536.480408
539.150757
541.373352
542.876709
544.056641
544.901367
544.759521
543.184753
540.848816
538.992981
537.907593
536.986267
535.803162
534.338684
532.495911
530.012573
527.386841
525.466736
524.898499
525.527710
526.410522
527.312012
528.659973
530.221436
531.424194
532.177612
532.963562
533.984985
535.237671
537.009460
539.422302
542.192627
544.343689
545.083557
544.563110
543.403076
541.851807
540.248474
538.919006
537.949707
536.959351
535.333130
533.006653
530.748230
528.845581
527.049011
525.392883
524.664062
525.375549
527.219604
529.164001
530.555847
531.461731
532.111084
532.452515
532.864075
534.104431
536.062195
538.239563
540.400024
542.580994
544.502808
545.257202
544.383423
542.463074
540.655212
539.378662
538.167664
537.060913
535.890747
534.529114
532.723816
530.441284
528.125244
526.222473
525.098328
524.790100
525.564453
527.523560
529.682495
531.262146
532.243347
533.130310
533.932373
534.404541
534.989136
536.646851
539.454163
542.278931
544.114441
544.914124
544.845520
543.926514
542.258911
540.360107
538.761841
537.658325
536.521912
535.062439
533.448792
531.668152
529.617249
527.441101
525.802063
525.208435
525.479797
526.540161
528.343445
530.473694
532.085754
532.797424
533.186646
534.138428
535.544922
536.792603
537.908691
539.727844
542.334534
544.449707
545.097229
544.430725
543.005432
541.293640
539.524658
537.999756
536.892944
535.999512
534.699890
532.806885
530.773071
528.748901
526.747437
525.122681
524.657776
525.614319
527.361267
529.295288
530.976440
532.147827
532.723450
533.257385
534.703979
537.400391
540.204224
541.760742
542.102600
542.549377
543.848267
544.892395
544.489258
542.658203
540.437805
538.651550
537.400452
536.537720
535.417542
533.601562
531.252075
529.004578
527.394592
526.257263
525.308777
524.915649
525.814819
527.931702
530.181213
531.806885
532.826477
533.658813
534.593445
535.994995
537.980103
540.426697
542.636353
543.789185
544.054810
544.182556
544.299194
543.722839
542.239258
540.468323
538.832947
537.340698
535.746887
534.269470
532.886536
531.119873
528.782288
526.546509
525.241577
525.094360
525.677917
526.871521
528.617188
530.728027
532.516541
533.464966
534.065674
535.058044
536.702515
538.826538
541.078125
543.278198
544.794067
545.026672
544.310669
543.398560
542.605347
541.390747
539.495850
537.682129
536.496216
535.633484
534.243835
532.104492
529.747986
527.574768
525.877319
525.068298
525.186951
526.222107
527.870728
529.704285
531.322021
532.428833
533.015869
533.653320
535.292297
538.095032
540.998779
542.980713
543.911804
544.246399
544.304504
543.765076
542.547302
541.241089
540.144165
538.794250
537.216919
535.932495
534.809448
533.153625
530.811646
528.181580
526.148010
525.216431
525.161865
525.728088
527.051880
528.969971
530.746277
532.109741
533.147949
533.976379
534.918640
536.325867
538.520020
541.207764
543.400513
544.426086
544.449524
543.937866
542.853577
540.938110
538.930176
537.815979
537.689392
537.438171
536.022888
533.975342
531.973389
529.953979
527.929321
526.124084
525.161865
525.202820
526.109741
527.669312
529.573303
531.501770
532.736145
533.201599
533.880066
535.385193
537.598572
540.070251
542.439331
544.098755
544.677612
544.309509
543.370300
542.149170
540.660217
538.710205
536.809814
535.925415
535.870728
535.300354
533.466187
531.009338
528.795044
526.939697
525.460083
524.757690
525.357422
527.118042
529.039429
530.470398
531.515259
532.455444
533.439087
534.612793
536.401489
538.842102
541.338745
543.142456
544.091614
544.386108
544.020325
542.842285
541.292603
539.803894
538.393677
536.722717
535.132751
534.301758
534.055420
533.119141
530.804138
527.972595
526.093506
525.469177
525.612915
526.219116
527.512634
529.369446
531.206116
532.455566
533.280945
534.056274
535.156555
536.834717
539.295776
542.020874
543.918457
544.470947
544.243347
543.644348
542.443115
540.589783
538.723450
537.476440
536.770325
535.590332
533.510315
531.469116
530.141113
528.882568
527.153931
525.543884
524.924255
525.453491
526.820862
528.677673
530.666382
532.334106
533.066040
533.161682
533.946777
536.018982
538.733765
541.024780
542.646912
543.767944
544.467529
544.472595
543.415344
541.532654
539.384583
537.611877
536.700989
536.142456
535.072327
532.781067
529.853149
527.726868
526.941223
526.594238
525.888794
525.331482
525.868713
527.447144
529.524963
531.465576
532.818481
533.407959
533.476746
533.928894
535.889648
539.190063
542.361938
544.102966
544.528931
544.286987
543.603149
542.378418
540.740295
539.186584
537.869934
536.587097
535.250977
533.810486
532.076782
529.865662
527.502380
525.916809
525.440002
525.521851
525.554810
526.117615
527.779846
530.045227
531.931824
533.005005
533.502563
534.076782
535.337402
537.570129
540.429260
543.087585
544.559631
544.778442
544.416809
543.632507
542.073547
539.887634
537.830505
536.580688
535.960388
535.026550
533.353821
531.325378
529.094910
526.681458
524.788574
524.446106
525.633240
527.236694
528.415344
529.277832
530.396484
531.815002
533.000244
533.958923
535.139526
536.765503
538.794617
541.108276
543.466248
545.031494
545.014709
543.819946
542.409546
541.186340
539.717285
537.720154
535.906921
534.827393
534.126038
532.551208
529.857666
527.366638
525.976868
525.556763
525.617065
526.214905
527.635498
529.465637
531.093018
532.137512
532.628906
532.920471
533.543396
535.222961
537.965759
540.941040
542.263977
542.753479
543.690918
544.901917
545.265381
543.862793
540.866272
537.721985
536.043335
535.822815
534.906067
533.034241
530.579712
528.386292
527.315308
527.008850
526.209900
525.010193
525.370544
528.242126
532.006958
534.002380
533.031982
531.119751
531.106873
533.701660
537.261292
540.007202
541.367676
542.140320
543.362610
544.754883
545.253357
543.971313
541.441284
538.995667
537.519531
536.957275
535.973877
533.792542
531.458069
529.694702
528.245728
526.561890
525.202515
524.945740
525.729614
527.242493
529.097351
531.124023
533.227600
534.320007
533.791443
532.864258
533.586853
536.502686
540.232361
543.315247
544.947266
544.934937
543.858154
542.643799
541.859497
541.015991
539.369873
537.280334
535.742737
534.942627
534.000061
531.906677
528.837952
526.158264
524.914307
524.992310
525.712341
526.803955
528.242493
529.790344
531.527527
533.313843
534.848022
535.457336
535.368347
536.000916
538.243225
541.242798
543.447083
544.159729
544.065186
543.731934
543.137695
541.919922
540.109924
538.336365
536.805115
535.370361
533.996948
532.418823
530.259644
527.711792
525.719788
525.181091
525.740540
526.678040
527.661865
528.997131
530.779785
532.489929
533.465210
533.920654
534.690491
536.462341
539.063477
542.104126
544.723816
545.735962
545.003296
543.788330
543.110535
542.468811
541.048157
539.214233
537.746521
536.864563
535.695251
533.465515
530.825623
528.801636
527.357605
525.736389
524.463562
524.763733
526.709473
529.139160
530.640808
531.204041
531.690613
532.880188
534.612122
536.380981
538.209229
540.316162
542.695190
545.228516
546.834351
546.413940
544.155518
541.907227
540.889954
540.365906
539.093140
537.016663
535.131104
534.044434
532.903748
530.646912
527.777161
525.799011
525.170898
525.396729
526.161011
527.596741
529.422607
531.044556
532.240723
533.033020
533.641357
534.690857
536.599670
539.498291
542.465332
544.346375
544.480103
543.733643
543.370239
543.350891
542.678345
541.146790
539.152527
537.417358
536.128235
535.242126
534.374939
532.753723
529.975281
526.848022
524.614990
524.074341
524.718750
526.162720
528.187927
530.264099
531.755676
532.257019
532.447021
533.593079
535.799988
538.185669
540.180725
542.199707
544.178345
545.235779
544.699219
543.176941
541.976807
541.341919
540.447449
538.985657
537.452454
536.156067
534.645691
532.652344
530.415405
528.196289
526.254822
524.800720
524.342896
525.333130
527.275269
529.227112
530.654480
531.888977
532.961548
533.654236
534.328674
535.855164
538.640564
542.019714
544.761169
545.861450
545.073181
543.411926
541.837463
540.666687
539.658752
538.129150
536.039001
534.545898
534.435425
534.679565
533.448608
530.594727
527.422058
525.274353
524.595398
524.918823
525.938721
527.656006
529.731323
531.533752
532.654846
533.463806
534.306396
535.690735
537.765198
540.347473
542.768433
544.297974
544.801514
544.639465
543.885925
542.449890
540.468323
538.452698
536.966064
536.089722
535.324524
534.452820
533.310791
531.378052
528.519165
525.858826
524.720581
524.946777
525.546814
526.206177
527.568726
529.951294
532.349304
533.527405
533.679932
534.259216
536.082825
538.772644
541.430176
543.548218
544.981201
545.497437
544.744507
542.937866
540.767029
538.775818
537.418762
536.738647
535.968933
534.193909
531.375427
528.986877
528.163147
528.062805
527.104980
525.216614
524.117920
525.243591
527.857178
530.246460
531.466370
532.117126
533.019409
534.195557
535.535889
537.332703
539.481201
541.646301
543.420776
544.659241
544.963623
544.091064
542.349670
540.439331
538.817139
537.478210
536.334534
535.203918
533.755249
531.678467
528.806946
526.126770
524.970154
525.362366
525.897095
525.865845
526.184509
527.679382
529.930908
532.045776
533.289429
533.788818
534.319763
535.763000
538.347961
541.397583
543.613892
544.435242
544.351257
544.151611
543.664978
542.174500
539.956848
537.990967
536.822693
535.774353
534.049805
531.965332
530.039612
528.289978
526.249146
524.407104
523.866333
524.789062
526.256042
527.668152
529.063110
530.642822
532.103333
533.296631
534.400391
535.695312
537.247986
539.197388
541.487122
543.950562
545.370789
545.119263
543.606506
541.872620
540.460510
538.926697
537.334473
536.135559
535.151611
533.881958
531.668030
529.104858
526.984741
525.800598
525.135864
524.852173
525.443176
526.979004
528.817078
530.598389
531.991272
532.902832
533.326904
533.832092
535.197388
537.994141
541.346008
543.921143
544.828918
544.386841
543.390564
542.671509
542.210144
541.151611
539.088074
536.689941
534.976196
534.273010
533.304138
530.785034
527.318909
524.999878
524.708923
525.388611
526.143799
527.159485
528.982361
531.557861
533.149109
533.073486
532.543823
533.086914
534.926758
537.379944
539.982300
542.320862
543.848389
544.589478
544.393738
543.603271
542.327393
540.559326
538.773315
537.493225
536.603027
535.413025
533.716003
531.679565
529.460327
527.244751
525.621704
524.938782
525.370422
526.572388
528.131409
529.906067
531.941650
533.628113
533.940613
533.269653
533.585144
535.668884
538.564575
541.122498
542.800110
543.803955
544.304932
544.290649
543.418518
541.796875
539.994446
538.308838
537.041687
536.025452
534.834778
532.945496
530.443665
528.092468
526.350769
525.172363
524.724243
525.317505
527.074951
529.030273
530.837585
532.408875
533.979370
535.123840
535.286194
534.958923
535.865356
538.675476
542.110168
544.374023
545.140503
544.966492
544.221802
542.814148
540.914062
538.822571
537.318970
536.241211
535.141296
533.645020
531.663513
529.458740
527.325562
525.725403
524.998901
525.032898
526.117188
528.196350
530.590759
532.123108
532.584290
532.973022
534.247314
536.180603
537.538147
538.259827
539.778137
542.134827
544.355530
545.056274
544.350098
543.212158
541.857300
540.184082
538.160217
536.700745
536.274902
535.483093
533.552490
530.705811
527.903809
526.008728
525.146301
525.161560
525.834167
527.171875
528.965088
530.862427
532.145691
532.587769
532.759399
533.903137
536.839050
540.352539
542.450195
542.706177
542.616516
543.655029
545.120178
545.322327
543.595703
540.956482
538.791321
537.550476
536.843140
535.831421
534.086182
531.856079
529.603821
527.542603
525.639160
524.361450
524.500366
526.344299
528.911255
530.626465
531.132385
531.678711
533.264587
535.262695
536.537598
537.475647
539.267517
542.185547
544.620422
545.351807
544.701050
543.825867
543.143433
542.286011
540.740417
538.614685
536.595459
535.384155
534.848389
533.958435
531.679199
528.451965
525.792480
525.113098
525.832764
526.288147
526.543762
527.742004
530.387329
532.926575
533.804382
533.543030
533.828369
535.772949
538.767090
541.467041
543.234253
543.977051
543.961975
543.644409
543.512085
543.132629
541.679382
539.316895
537.400879
536.802063
536.510437
534.981934
532.077087
529.199280
527.394592
526.287720
525.189575
524.330994
524.784546
526.826477
529.519104
531.723145
532.777466
533.043030
533.704346
535.542908
538.125671
540.568054
542.501343
544.011597
545.082642
545.178833
543.610046
540.962402
539.116089
538.868652
538.948547
537.961792
536.200012
534.544922
533.129822
531.491455
529.318970
527.059326
525.505005
524.935852
525.265686
526.421997
528.380005
530.451782
532.007874
533.030212
533.754517
534.643250
536.034790
538.214478
540.875122
543.011902
544.175598
544.408325
544.241760
543.307129
541.267517
538.933533
537.532532
537.396729
537.515747
536.462402
534.533997
532.428589
530.450195
528.270508
526.101074
524.753540
524.544861
525.391785
527.128479
529.216187
531.127136
532.279053
532.869568
533.752747
535.371277
537.584900
539.770203
541.872437
543.817078
545.064026
545.101318
543.989746
542.335754
540.511719
538.500427
536.635559
535.715332
535.825317
535.767395
534.301331
531.672180
528.958435
526.803589
525.369141
524.773499
525.039917
526.177002
527.927002
530.032715
532.110352
533.488892
533.742371
533.754761
535.100891
538.195740
541.565796
543.537720
544.075256
544.207947
544.349915
543.712524
541.896423
539.602234
537.731995
536.371216
535.237244
534.408752
533.777710
532.700439
530.719055
528.168152
526.125549
525.317261
525.560486
526.527771
527.833862
529.224915
530.455566
531.713928
533.125061
534.329041
535.257812
536.553223
538.769836
541.768555
544.160889
544.940186
544.351929
543.434326
542.368042
540.772888
539.038391
537.670410
536.720093
535.341003
533.020325
530.774841
529.438171
528.645203
527.458191
525.910034
525.022339
525.187134
526.338745
528.139099
530.041931
531.656799
532.552246
533.079041
534.094299
536.110291
538.609741
540.754944
542.552917
544.210144
545.200562
544.910095
543.301147
541.277771
539.471497
538.021606
536.975525
536.027527
534.813049
532.870239
530.322937
528.224731
527.133972
526.514893
525.663208
524.980286
525.659302
527.627930
529.871887
531.497009
532.263733
532.630981
533.155029
534.297485
536.399292
539.218567
541.954834
543.808472
544.723938
544.901489
544.141174
542.400146
540.421997
538.957275
538.005127
536.963196
535.525696
533.828003
531.918457
529.681458
527.316162
525.549194
524.913940
525.081482
525.427368
526.225037
527.994385
530.206360
531.852905
532.649780
533.145020
533.982056
535.408020
537.463928
540.030212
542.767761
544.737000
545.277222
544.665833
543.501587
541.894287
539.863586
537.994141
536.783752
535.987000
534.833557
532.949585
530.779358
528.741455
526.895569
525.385193
524.788269
525.487000
526.912476
528.262634
529.496826
530.944275
532.310242
532.905701
533.099426
534.155762
536.453430
539.216797
541.550293
543.249451
544.416443
544.754517
544.086731
542.621338
541.083191
539.737915
538.197449
536.572937
535.092529
533.745361
532.006165
529.802063
527.642578
525.845520
524.824646
524.814819
525.991760
528.236755
530.360229
531.448914
531.697632
532.114685
533.068176
534.033569
535.028503
536.740417
539.450928
542.432129
544.477295
545.008362
544.306885
542.960449
541.555481
540.294678
538.869873
537.211060
535.532532
534.224915
533.122131
531.538452
529.026123
526.358459
524.899658
525.090820
525.973022
527.089783
528.600037
530.701965
532.551086
533.222534
532.871399
532.861511
534.066223
536.286377
538.838806
541.388733
543.517639
544.653931
544.637329
543.880554
542.709106
541.115967
539.125000
537.339294
536.190979
535.404663
534.237549
532.363770
530.172668
528.093811
526.389160
525.273071
525.117432
526.132812
527.800110
529.652161
531.379211
532.799927
533.849670
534.243469
534.586609
535.770264
537.893433
540.119995
541.829041
543.230469
544.371704
544.695068
544.015137
542.341309
540.363281
538.828918
537.836670
536.906738
535.540161
533.568420
531.143738
528.773193
527.086914
525.979736
525.097168
525.011597
526.378845
528.857910
531.100342
532.253601
532.617920
533.144775
534.654175
536.715759
538.547119
540.384216
542.246826
543.578857
544.219116
544.577576
544.504333
543.339539
541.261536
539.121094
537.627930
536.936279
536.072388
534.353882
532.218506
530.124695
528.131714
526.292786
525.078979
524.995789
525.994873
527.844849
529.798706
531.337097
532.261658
532.814575
533.709900
535.285767
537.306396
539.374268
541.379395
543.487366
545.172913
545.592651
544.508057
542.880066
541.608032
540.478210
539.112610
537.723389
536.531982
535.301575
533.612549
531.397217
529.067261
527.172485
525.958313
525.371765
525.390503
526.169067
527.700928
529.753845
531.846558
533.203064
533.637085
533.940491
535.428772
538.416138
541.614502
543.535400
543.999146
544.184937
544.800415
544.968994
543.848694
541.711914
539.552917
537.933777
536.765686
535.785767
534.492249
532.555542
530.104065
527.695190
526.027039
525.326660
525.234192
525.661011
526.853760
528.770996
530.773621
532.297119
533.363892
534.275635
535.299194
536.789795
539.035217
541.686340
543.787537
544.613342
544.180664
543.495239
542.912537
541.836670
540.068115
538.327026
537.306335
536.558838
535.316284
533.555054
531.558105
529.594116
527.728638
526.086304
525.073181
524.835205
525.517212
527.201538
529.567627
531.815369
533.142761
533.487366
534.028625
535.705811
538.213562
540.449463
542.138794
543.533447
544.431335
544.434448
543.268311
541.580872
540.257385
539.197083
537.923645
536.724182
535.913086
535.134583
533.641235
531.272522
528.476929
526.074707
524.817261
524.844116
525.934753
527.630432
529.082886
530.287903
531.617188
532.969788
533.993835
534.849365
536.400757
539.019165
541.947876
543.945312
544.630798
544.610718
544.034668
542.740051
540.913696
539.105408
537.831177
536.832092
535.623047
534.308472
533.211914
531.951904
530.003784
527.882507
526.336670
525.424072
525.170654
525.881409
527.830627
530.268372
532.087402
532.792664
533.044006
533.944580
535.795227
538.136841
540.496460
542.508545
543.769165
544.059631
543.742981
543.162231
542.071167
540.223145
538.128906
536.522644
535.862183
535.537354
534.433472
532.611572
530.629578
528.681824
526.815063
525.551636
525.334106
525.807617
526.754944
528.181458
529.887146
531.577148
532.771912
533.505005
534.485352
536.408875
538.927307
541.254700
543.104980
544.471924
544.944519
544.250854
542.650879
540.964600
539.491455
538.106750
536.781494
535.451965
533.889404
531.756714
529.280457
527.322754
526.542542
526.356689
525.734863
524.979126
525.459534
527.525696
529.976868
531.651123
532.410278
532.816467
533.774109
535.469849
537.856689
540.451538
542.444946
543.590210
544.120178
544.307373
543.743225
542.132446
540.027893
538.168884
537.087891
536.333435
535.143005
533.409302
531.394165
529.187439
526.896179
525.341553
525.149292
525.752197
526.322510
526.877075
528.093506
529.960999
531.694336
532.817444
533.528992
534.455444
536.023071
538.209595
540.713684
543.025085
544.489380
544.616089
543.841187
542.740295
541.451294
539.795776
538.041321
536.794373
535.970886
534.687317
532.449219
529.822205
527.703857
526.345276
525.454346
525.071899
525.351013
526.284058
527.568176
529.167236
530.954956
532.382874
532.974243
533.419678
534.787476
537.387329
540.203430
542.251831
543.339478
544.068787
544.407227
543.819702
542.309753
540.448853
538.687561
537.157349
536.053040
535.199524
533.961609
531.914490
529.173401
526.741882
525.344482
525.080811
525.254578
525.832275
527.373352
529.323242
530.779175
531.669189
532.362671
533.364136
534.536438
535.961365
537.885864
540.419922
543.072388
544.754333
544.948792
544.039307
542.487061
540.977661
539.786438
538.568787
537.163940
535.495544
534.024292
532.807007
531.173767
528.676514
526.013794
524.699646
525.061401
526.179260
527.420349
528.842773
530.972656
533.127197
533.890503
533.188171
532.839172
534.323608
537.027527
539.673584
541.669128
543.070740
544.210388
544.875000
544.377319
542.535950
540.233154
538.536133
537.755737
537.292114
536.045593
533.658813
531.045044
529.122864
527.725159
526.099792
524.640930
524.417114
525.890137
528.313782
530.399475
531.632996
532.747803
533.778320
534.145264
533.965637
534.695068
537.204895
540.759888
543.733765
545.024231
544.628601
543.634521
542.747131
541.938293
540.654785
538.725220
536.310059
534.632935
534.119141
533.783325
532.406494
529.452454
526.019226
524.115417
524.281006
525.782898
527.286560
528.569458
529.808777
531.318726
533.327637
535.256958
536.117798
536.062134
536.167847
537.945251
541.198730
543.989868
544.901245
544.481201
543.742615
542.836365
541.218933
539.047241
537.170898
536.369141
535.823303
534.236633
531.718079
529.155884
527.204163
525.906189
525.213013
525.081116
525.785828
527.567688
529.926025
531.764832
532.559875
532.721680
533.535095
535.712646
538.432678
540.137329
540.707153
541.504089
543.132568
544.604675
544.746704
543.440125
541.612915
539.954956
538.572815
537.454529
536.406677
535.216675
533.362793
530.886658
528.474060
526.482483
525.214233
524.881897
525.633972
527.277649
529.107483
530.620728
531.790100
532.820190
533.688721
534.459167
535.822388
538.374939
541.490234
543.729370
544.512817
544.609497
544.607422
544.110779
542.680359
540.758606
539.080139
537.806396
536.676941
535.541870
534.286072
532.599915
530.155823
527.390869
525.396912
524.720886
524.992249
525.769958
527.173096
529.232239
531.326721
532.604370
533.124512
533.680542
535.044800
537.310486
539.982971
542.435974
544.134705
544.567505
544.151489
543.703125
543.307556
542.199097
540.247925
538.412415
537.339844
536.702759
535.554260
533.462891
531.100830
528.990784
527.003479
525.246338
524.407959
524.987000
526.597412
528.734619
530.752441
532.206970
532.897095
533.108704
533.846008
535.769226
538.521545
541.179626
543.162109
544.564392
545.135132
544.412292
542.738281
541.122681
540.258667
539.516663
538.276672
536.975281
535.924683
534.780457
532.843872
530.163940
527.792603
526.200684
525.366943
525.157471
525.749817
527.255554
529.190186
530.993896
532.372375
533.367920
534.215454
535.125671
536.832153
539.446228
542.123047
543.892700
544.690186
544.820435
544.166199
542.396423
539.984985
538.023804
537.338928
537.277466
536.685059
535.394470
533.829712
531.850891
529.362915
526.790039
525.113220
524.656860
525.045349
526.126160
527.960449
530.245361
532.260620
533.313049
533.774414
534.403076
535.674438
537.627808
540.101685
542.727173
544.612976
544.985168
544.108215
542.768921
541.396179
539.822083
538.031738
536.812256
536.535095
536.362610
535.195984
532.997437
530.494019
528.157654
526.179688
524.894592
524.690430
525.655701
527.371643
529.431458
531.427490
532.720459
533.196594
533.427795
534.608337
537.123779
539.997559
541.965088
543.046387
543.926025
544.660645
544.497803
543.103760
540.908936
538.816528
537.186035
536.055115
535.385986
535.004150
534.130066
532.158875
529.531128
527.144958
525.383423
524.487549
524.795532
526.406738
528.501038
530.101196
531.161865
532.172180
533.364380
534.623474
535.854370
537.678894
540.566650
543.488403
544.914307
544.590881
543.672424
542.804932
541.727905
540.212219
538.495117
537.109375
535.941040
534.471680
532.760010
531.199829
529.869141
528.434937
526.944580
525.821045
525.209534
525.331604
526.484619
528.631165
530.972168
532.473816
532.975586
533.417725
534.668701
536.811707
539.157593
541.332825
543.211487
544.456360
544.730347
544.072083
542.829529
541.122559
539.058655
537.309998
536.202087
535.296082
533.677612
531.168579
528.927368
527.931030
527.646484
526.886780
525.616394
525.096802
525.960388
527.783203
529.839355
531.496277
532.658081
533.386719
533.977234
535.226135
537.499512
540.254456
542.579285
544.120605
544.911804
544.759033
543.623596
541.733032
539.723511
538.090576
536.918945
536.018738
534.990723
533.403198
531.159668
528.580383
526.500000
525.518372
525.203918
524.981689
525.297363
526.827271
528.965942
530.685913
531.753845
532.589478
533.602783
534.944031
536.448914
538.438049
541.040710
543.518494
544.878967
544.931152
544.041138
542.595337
540.839905
539.157288
537.838501
536.899109
535.893250
534.495361
532.647827
530.224854
527.418152
525.149353
524.438904
525.366272
526.774536
527.472290
527.795837
528.901489
530.808777
532.323853
532.931885
533.644409
535.371582
537.993103
540.628357
542.456238
543.564453
544.344116
544.625183
543.847168
541.955566
539.761414
538.124817
537.482300
537.134338
535.851562
533.248169
530.313965
528.271545
527.024719
525.955627
525.006409
525.004395
526.568237
528.981384
530.887817
531.763062
532.114380
532.514404
532.915405
533.657349
535.549805
538.602844
541.500793
543.193176
543.836365
543.851685
543.479614
542.615906
541.365112
539.970398
538.580566
537.302917
535.930115
534.384033
532.515564
530.026001
527.439636
525.662415
525.218323
525.533997
526.039978
527.122070
528.979431
530.836304
531.717529
531.857666
532.319824
533.519104
535.248535
537.325439
539.920105
542.678284
544.512634
544.789307
544.223511
543.558960
542.632568
540.930176
538.829163
537.325745
536.632446
535.786316
533.893921
531.349609
528.871277
527.012268
525.830811
525.341675
525.625488
526.707764
528.481384
530.462585
532.187561
533.183594
533.085449
532.926025
534.002991
536.287170
538.756775
540.824463
542.661194
544.183105
544.893738
544.339294
542.618958
540.721558
539.506104
538.650269
537.795959
536.633179
534.956421
532.675476
530.045959
527.857239
526.124146
525.108337
525.023254
525.982239
527.844666
529.532043
530.682678
531.584839
532.667419
534.238708
535.498352
