504.726837
504.222443
500.811523
498.267059
505.060486
517.447693
532.138916
540.910645
539.060669
535.466492
532.411011
532.308777
533.924133
532.698364
535.289124
535.602417
534.694946
531.181152
529.779480
532.268250
534.663391
536.394653
536.036133
534.896790
534.765503
532.860962
532.477417
529.924377
532.657166
535.395935
535.024963
536.516724
533.954041
532.272400
532.739746
531.186096
534.388733
535.710449
534.308105
534.910583
532.267822
532.446594
533.969666
533.090576
535.950867
535.447205
532.403748
529.069336
531.504578
539.339050
545.017273
545.175232
539.260986
533.189941
531.596130
531.321594
532.076538
530.834290
534.604065
536.777771
535.400574
535.509399
531.981934
531.022522
532.585327
532.289429
535.965027
536.331360
533.978088
533.526855
530.883911
532.638794
535.128845
534.198914
535.851318
534.044983
531.409485
529.288513
532.348755
539.414490
544.217407
544.186523
538.519287
532.870422
531.488525
531.409546
532.492065
531.469666
534.999451
536.106018
534.319519
534.474060
531.677734
531.924438
533.412903
532.554993
535.825806
536.021057
534.231628
533.803101
530.878174
533.001648
535.587891
534.660217
535.679749
533.016296
530.802002
529.470459
532.492126
538.375305
542.371094
542.695923
537.709778
532.526123
531.058838
530.914429
532.499207
532.395935
536.419983
536.769958
534.320740
533.695129
530.796570
532.299316
534.557861
533.612976
535.642944
534.345825
532.723877
532.975708
530.768433
533.576050
536.008423
535.040894
535.604614
532.178101
530.733154
532.898926
535.689331
535.068787
530.298767
526.188843
524.352539
527.309937
532.852234
534.825684
534.263245
533.021179
535.763489
535.493469
533.987244
533.781433
530.615906
532.333801
534.872925
534.592224
536.279053
533.640503
531.602112
532.320862
531.264832
534.834290
536.351013
534.651794
534.843933
531.851685
531.732849
533.907043
535.800476
534.534363
530.532288
527.750366
525.863342
527.455017
531.638489
534.100830
535.248047
534.640198
536.293579
534.301819
532.589050
533.047546
530.796082
533.240051
535.338196
534.732605
536.014648
533.113831
531.727844
532.649780
531.743164
535.324829
536.238525
534.376709
534.123108
530.966125
531.864807
534.656677
536.484558
534.099121
529.427612
527.135620
526.486877
528.884216
532.523865
534.226440
535.066162
534.414062
536.134705
533.812378
532.179138
532.602478
531.039978
534.454224
536.263367
535.004395
535.114441
531.779175
531.757263
533.661133
532.960693
535.915344
535.814514
533.750305
533.256653
530.315308
532.371704
535.106201
533.615234
531.293701
533.542542
541.357239
546.069275
544.394104
537.840698
531.831177
531.886536
534.215149
535.812317
533.023438
532.315857
533.494324
532.217957
535.226868
535.731628
533.902710
533.882751
530.956543
532.071411
534.332825
533.654663
536.033325
535.135132
533.544922
533.445679
530.516235
532.647461
535.084045
533.884644
531.613037
533.630249
540.836426
545.078247
543.651978
537.895325
532.944885
533.252258
534.453613
534.609009
531.149048
531.590454
533.891174
533.113525
535.596008
535.083008
533.332153
533.491272
530.989868
533.000000
535.298767
534.371765
535.764404
533.570923
532.007874
532.683777
531.207703
534.602234
536.572571
534.994324
535.716614
536.100525
534.097595
526.585266
519.585938
518.902771
526.065613
536.279175
539.063354
535.204407
531.148193
532.071655
534.261353
533.572083
535.694275
534.344849
532.736084
533.172913
531.043457
533.601929
535.666077
534.422058
535.334045
532.956909
532.278748
533.340149
531.641602
534.580566
535.822754
534.371399
535.132202
535.392029
533.351562
526.418762
520.305115
519.977173
526.764648
536.177429
538.249390
534.165100
530.455688
532.763184
535.631958
535.020508
536.329041
533.989929
532.266602
532.608765
530.921753
534.536316
536.797546
535.438477
535.098267
531.414307
531.231445
533.425598
532.730225
535.548767
535.534241
533.736633
533.811035
530.841675
530.547974
533.116394
538.693542
542.839539
543.390625
540.864075
534.274048
529.571167
530.062378
533.462280
535.902954
534.932556
535.544312
532.638306
531.862915
533.262268
532.135315
535.351746
536.299133
534.371887
534.009033
530.784180
531.846008
534.373840
533.672302
536.119446
535.464844
533.612610
533.259460
529.937744
529.829468
533.500793
540.414856
544.643860
544.305420
540.585632
533.465149
529.071533
530.122742
534.201172
536.347168
534.971191
534.889832
531.881958
532.362610
534.327881
532.859558
535.077698
535.120178
533.638367
533.649048
530.748169
532.472900
535.113281
534.511047
536.325684
534.479004
532.501526
532.621155
530.126465
530.467834
534.602234
541.653809
545.124695
543.591919
539.042542
532.428772
529.407471
531.219543
535.094116
535.891724
533.777588
533.420410
530.767761
532.323181
534.563477
533.320496
535.522522
535.064026
533.487427
532.941345
529.816467
532.516968
535.873718
535.557922
536.252441
532.984009
531.346924
532.585999
531.795288
535.468079
538.149170
537.093018
529.841064
523.280151
523.456360
527.501953
532.699585
535.343079
535.680786
535.695007
534.002197
533.348999
530.174561
532.360107
535.405273
534.571594
535.788269
533.885376
532.528320
533.026978
530.980347
533.904358
535.991394
534.812866
535.428467
532.430847
531.427917
532.615417
531.825684
535.793762
537.632629
536.942810
531.675842
527.920654
529.945007
533.640930
536.485596
536.124084
534.709106
534.764343
533.131042
532.845154
530.329590
533.175293
535.979553
534.950500
535.679382
532.971375
531.680115
532.740479
531.684570
535.340332
536.863037
534.945557
534.601440
531.437134
531.690613
533.379517
532.272522
535.531921
536.448914
535.612000
530.746460
527.803284
530.419617
534.785156
537.764221
536.508911
534.166687
533.926880
532.683533
532.894531
530.746948
533.861389
535.971619
534.516052
534.817444
532.004944
531.584656
532.871094
531.849304
535.625427
536.831543
534.833862
533.884583
530.422424
531.833374
535.233276
538.230408
536.305298
525.728455
520.164246
519.547058
525.189575
536.296448
540.715027
534.634094
529.401733
527.887695
527.810181
530.006409
532.748352
534.452332
535.974609
534.916443
535.232971
532.032227
532.004944
533.357971
531.657654
534.223022
534.675659
533.799744
533.863098
530.031067
530.983765
533.799438
534.424316
537.133545
534.550049
531.374878
530.958557
529.456909
533.857544
537.715271
537.910583
531.737061
525.301331
524.589661
527.297546
531.749817
534.235107
534.395264
534.862183
534.131653
534.500305
530.771362
531.265381
533.675415
533.433899
536.017639
534.491821
532.219727
532.433289
530.591125
533.579285
535.556458
534.019348
535.094116
532.908752
532.039490
532.526611
530.054932
533.038940
535.779785
537.139893
533.294922
528.534485
527.769531
529.569946
533.400879
535.719971
535.959351
535.755310
533.160095
532.586609
530.031006
532.561584
535.098633
533.845886
535.270935
533.525269
532.356873
532.526978
529.690918
532.507996
535.317566
535.302856
536.120667
532.069641
530.614502
532.332397
532.273926
536.024597
536.213013
534.537354
530.218567
528.517090
531.739014
535.373718
537.357239
535.616455
533.235718
533.540466
532.911438
533.067505
529.753662
531.772278
534.573669
534.806396
536.440369
533.116760
531.151672
532.094299
531.323059
535.192322
536.222168
533.928406
533.623657
530.806641
531.934143
534.090942
532.696167
535.015137
535.045959
534.609070
531.101196
528.746521
530.406189
533.880798
537.416138
537.084595
534.557739
533.255310
531.569946
532.267883
530.899658
534.198730
535.600281
533.911194
534.512024
532.088440
532.037415
533.008667
531.049561
534.056335
535.302368
534.451355
534.323303
530.296570
530.889099
533.508545
533.632446
536.356018
534.765808
531.907166
529.153870
531.431702
538.189392
543.432129
543.950195
537.955139
531.631042
530.401489
531.160706
532.690674
531.269226
534.429993
535.666870
534.342529
534.321411
530.716736
530.847534
533.092651
532.956177
536.270813
535.702820
533.316467
532.765259
529.850891
532.242554
534.844238
534.070068
535.759583
533.800354
531.912476
529.896973
531.463196
536.367004
540.771973
542.373596
537.883545
532.476990
530.931885
531.118713
532.785522
532.199036
535.629883
535.595825
533.253601
532.964355
530.224060
532.167908
534.584167
533.396118
535.152710
533.831360
532.680054
532.922485
530.071045
532.593689
535.165222
534.696167
535.673950
532.353943
530.979126
532.851318
535.087097
533.904114
529.276245
525.872192
524.452209
527.336060
532.656128
534.586609
534.004761
532.632385
535.552185
535.318176
533.623535
532.952332
529.404541
531.707764
534.942078
534.804260
536.111938
533.084473
531.357483
532.407715
531.310852
534.716553
535.849121
534.062378
534.491089
531.771912
531.833862
533.717529
534.906189
532.873718
529.003113
527.331970
526.453674
528.253540
531.961365
533.952515
534.876221
534.234680
535.974792
533.644287
531.757751
532.533569
530.820190
533.594360
535.039856
533.595337
534.854553
532.658081
531.856750
532.399780
530.690369
534.566284
536.609985
535.314209
534.315247
529.974976
530.748657
534.353821
536.716797
533.845215
528.293701
525.778076
525.623230
528.769348
532.937927
534.739258
535.137085
533.872498
535.475830
533.257751
531.832153
532.227173
530.512390
534.254272
536.215393
534.675659
534.310059
530.787842
531.202576
533.364746
532.272095
535.013245
535.165649
533.841553
533.831177
530.409180
531.622620
534.085205
533.210388
531.812317
534.567139
541.983582
545.456543
542.791504
536.479492
531.599792
532.325256
534.286682
535.125671
531.995728
531.694214
533.234253
531.754822
534.584290
535.334473
534.002686
534.079468
530.646545
531.455505
533.973877
533.631836
536.207031
534.840332
532.665161
532.679260
530.357483
533.099854
535.263000
533.016785
530.068604
532.848633
542.007690
547.320374
544.937805
537.083740
530.841492
531.628723
534.204224
535.199158
531.325378
530.958069
532.989868
532.403198
535.266846
534.709717
532.759827
533.016052
530.683472
532.823120
534.846680
533.517761
535.332947
533.884888
532.666931
532.755554
530.104309
533.093384
535.497986
534.498901
535.300903
535.260315
533.104736
525.796570
519.263367
518.928711
526.042542
535.964355
538.516846
534.693298
530.737366
531.726868
533.871399
533.231201
535.857910
534.745605
532.630920
532.292725
529.739014
532.799255
535.378296
534.107971
534.856262
532.517151
532.101013
533.125977
530.871460
533.592712
535.112671
534.278076
535.374268
535.347351
532.730103
525.357910
519.408691
519.396851
526.358215
535.705444
537.523743
533.665039
530.438416
532.759521
534.934692
533.561646
535.237061
533.618774
532.319458
532.378418
529.815674
533.093628
535.715942
534.854370
535.028503
531.413574
531.138550
533.170593
532.312866
535.182312
535.288452
533.561707
533.664856
530.401855
529.800354
532.075623
537.903381
542.773926
543.980530
541.328247
533.896362
528.510193
529.080505
533.136108
535.991028
534.658020
534.808777
531.890442
531.615601
533.212769
531.408936
534.020447
535.128418
534.133179
534.666016
531.367920
531.603516
533.600281
532.871521
535.619385
534.839355
532.687744
532.538391
529.838501
530.335815
533.951660
540.037354
543.366882
542.658813
539.404236
533.048157
529.016235
529.764038
533.462891
535.820862
535.036194
535.221619
531.462708
530.982544
532.978516
532.404175
535.619934
535.749390
533.760315
533.521790
530.544739
532.240601
534.576660
533.534973
535.336731
533.799011
532.180054
532.490356
530.426331
533.769897
537.269165
537.842163
532.355957
526.281006
525.392639
527.470520
531.332764
534.093872
535.096863
535.740356
534.020813
533.882324
530.888489
531.942261
534.024170
532.632141
534.872437
534.511108
533.224792
533.091614
529.716370
531.870911
534.949951
534.743530
536.176025
533.346741
531.632385
532.389404
530.865845
534.378784
537.356384
536.718933
529.567139
522.661926
522.585449
526.874939
532.794312
535.635864
535.426025
535.062378
533.541931
533.362732
530.334961
532.299255
534.960938
533.878357
535.286438
533.346741
531.905090
532.542053
530.635559
533.979431
536.414978
535.068787
535.141418
531.703735
530.949219
532.570007
531.588013
534.970825
536.340393
536.052002
531.646606
528.419739
530.043457
533.026306
535.482605
535.018738
533.823181
534.321533
533.017517
532.814270
529.974426
532.648560
535.292786
534.217163
535.169128
532.828369
532.053528
533.032166
531.078857
534.097229
535.843933
534.582703
534.559937
531.012451
531.048096
533.214905
532.531860
535.559631
535.706543
534.585815
530.379028
528.194641
530.924194
534.836060
537.490540
536.102661
533.647827
533.369141
532.117798
532.340088
530.255615
533.637634
535.798096
534.153442
534.317749
531.561340
531.607727
533.335938
531.898987
534.922119
535.733887
534.000244
533.531494
530.023743
531.149231
533.807922
533.325134
535.916443
535.046509
533.611328
530.078857
529.143677
532.799683
537.177917
539.415894
536.491516
532.650696
532.031677
531.582214
532.563538
531.030945
534.623718
536.236572
534.389038
533.986816
530.767273
531.517456
533.918823
533.010254
535.575073
535.124573
533.163574
532.958984
530.039612
532.123474
534.763000
533.918274
535.647156
533.755554
531.415955
528.984863
531.126831
538.001587
543.963623
544.906067
538.375305
531.412170
530.009949
531.100952
533.015808
531.857239
534.976685
535.567566
533.642944
533.253052
530.102905
531.622986
534.196411
533.415405
535.562012
534.247559
532.361816
532.314331
530.011902
533.226562
535.944763
534.587891
535.034912
532.313354
531.052185
530.251221
532.757385
537.706604
541.761963
542.394653
536.695007
530.829895
529.925720
531.261353
533.344727
532.455688
535.492065
535.399658
533.485413
532.986572
529.957092
532.400330
535.357910
534.528015
535.850098
533.646362
532.065918
532.410034
530.453125
533.869751
536.023804
534.458130
534.353333
531.079529
530.952087
533.533752
535.551636
534.202271
530.297180
527.499939
525.261780
526.635315
531.343628
534.294128
535.084412
534.001587
535.852966
534.280823
532.350708
532.396851
530.067749
532.986816
535.335693
534.030823
534.873291
532.542786
531.963562
532.977112
531.252869
534.650818
536.110596
534.338989
533.803284
530.417603
531.253906
534.338928
536.233643
533.981567
529.699768
527.604980
526.136108
527.618408
531.546692
534.331238
535.605286
534.570129
535.889832
533.381592
531.551270
531.971497
530.423645
534.441223
536.761658
535.070312
534.645508
531.201416
531.202881
533.151184
532.157593
535.222839
535.445984
533.485779
533.069824
529.921082
531.724792
534.512817
532.874451
530.836243
533.711365
541.739197
545.609680
543.234497
537.305115
532.328918
532.411743
533.767151
534.664612
531.919678
531.375610
532.616394
531.224243
534.862915
536.395020
534.668945
533.989929
530.249268
531.038635
533.597107
533.033569
535.740906
535.093750
533.159424
532.857666
530.144165
532.713623
535.172974
533.051025
530.179932
532.878357
541.230896
545.508301
543.135315
536.816711
532.280029
533.119873
534.269897
534.152527
530.392212
530.664551
533.112854
532.610474
535.798279
535.574036
533.207520
532.807739
529.936279
531.838440
534.172913
533.324524
535.751038
534.658691
532.758179
532.170105
529.560120
533.187012
536.031982
533.905151
530.071838
532.020630
540.699463
546.159424
544.377014
537.443115
532.059265
532.592896
533.729492
533.750183
530.166199
531.026611
533.438171
532.963806
535.920105
535.130554
532.817993
532.141174
529.512756
532.745422
535.619934
534.318848
535.088074
532.640808
531.632141
532.329712
530.408447
533.850952
535.815002
534.476074
534.962280
534.993164
532.796875
525.264465
518.679504
518.838562
526.614014
536.266235
537.506897
532.901245
529.679810
532.339600
534.995667
533.840271
535.669739
534.225830
532.525208
532.233154
529.670654
533.161316
535.919922
534.723877
534.916321
531.739685
531.350891
532.970398
531.860901
535.289795
536.131226
534.115662
534.164856
534.378662
532.751404
526.052612
519.849487
519.359314
526.501160
536.011780
537.326599
532.706726
529.425110
532.806030
535.726196
534.517822
535.343384
532.900757
531.921265
532.527527
530.388855
533.677429
535.648254
534.493774
534.564636
531.069580
531.062439
533.025208
532.579041
536.133240
536.012390
533.339539
532.856873
533.292847
532.755310
527.790283
522.471436
521.027710
526.381470
534.677429
536.192993
532.658020
530.058838
533.818726
536.208069
534.561218
534.507935
531.382935
531.137756
532.763550
531.707214
535.190186
535.971375
533.995483
533.362122
530.049438
531.732971
534.553589
533.779663
535.956726
534.524353
532.424377
532.366150
529.597168
529.953735
533.951416
540.932251
545.031555
544.430786
540.080444
531.982422
527.436646
529.396667
534.580261
536.730591
534.887634
534.287048
530.888794
531.377686
533.268799
532.193604
535.270203
535.475464
533.540161
532.690063
529.666931
532.549561
535.830017
534.877747
535.897705
533.313599
531.473999
532.018311
530.331787
533.990112
537.491699
537.463562
531.328247
525.457764
525.187744
527.385254
530.977356
533.726807
535.249451
536.311096
534.554138
533.461487
529.740112
531.476929
534.569641
533.985291
536.031738
534.435364
532.412720
532.282104
529.637573
532.397827
535.044739
534.804138
536.741150
533.995972
531.557434
531.047241
529.638916
534.768799
539.109985
537.818237
528.491272
520.473389
521.256897
527.086548
533.726685
536.381653
535.639221
534.679932
532.980652
532.701904
529.674622
531.976746
534.912964
534.515259
536.467590
534.326294
532.059875
531.470337
529.047791
532.831482
535.887939
535.345703
535.843140
532.357727
531.331482
532.299622
531.202515
535.435303
538.813293
536.963257
527.098633
518.258423
518.388672
525.314148
534.282776
538.300781
537.101318
534.484802
531.737549
531.174805
529.209290
533.151611
536.221619
535.281006
536.354614
533.840454
532.228516
531.854919
529.587952
533.441040
535.737976
534.445068
534.035461
530.514526
531.312134
534.001526
533.345032
535.906067
535.273193
533.557617
529.484680
528.450928
532.403076
536.602844
538.743042
537.055908
534.704773
534.091125
531.920959
531.400879
529.704468
533.921448
536.302307
534.638855
534.859375
532.389648
532.520752
533.503479
531.408203
534.220215
534.952820
533.471375
533.308960
530.094238
531.641296
534.427612
534.183594
536.779785
535.183411
532.547180
528.395264
528.589966
534.098511
539.265320
540.623779
536.414246
532.376709
532.278381
532.186890
532.931946
530.990601
534.257080
535.624634
534.116272
534.115417
531.092224
532.025452
534.222351
533.254761
535.828125
534.921204
532.654053
532.527283
530.166382
532.604309
534.617615
533.519043
535.784241
534.596680
532.499146
529.329407
530.718506
537.263306
543.253662
544.113647
537.502197
530.997986
530.161560
531.554810
533.692200
532.740723
535.753601
535.605774
533.345459
533.093140
530.294861
532.002502
534.124878
533.081238
535.462219
534.465637
532.943176
532.875732
530.382263
533.190735
535.071106
533.712769
534.933044
532.830627
531.691467
530.434753
532.731323
537.771179
541.473511
541.293823
535.373718
530.355652
530.184143
531.437073
533.194275
532.378418
535.882935
535.933350
533.880249
533.072327
529.910522
532.207947
534.545532
533.758179
535.611938
533.610352
532.255554
532.761780
531.022217
534.463257
535.820618
533.834106
533.994873
531.390381
531.337219
531.367310
533.732178
537.354126
539.834534
539.889099
534.927490
530.613464
530.363525
531.610657
533.545715
532.932861
535.892090
535.071411
533.346680
533.006836
530.365295
533.162720
535.092407
533.812073
534.837830
532.450867
531.816284
532.722595
531.445618
535.227783
536.298340
534.137512
533.539978
530.329407
531.661316
534.972107
536.944641
534.489990
529.590942
526.704529
525.434937
528.162537
532.843506
534.771729
534.727112
533.390564
535.549377
533.983521
532.675110
532.813232
530.784180
534.054138
535.524902
534.037170
534.637939
531.922974
531.851013
532.989258
531.832397
535.570618
536.284729
534.201172
533.048462
529.446960
531.447144
535.026978
537.005554
534.331726
529.647339
527.359314
526.453186
529.000671
533.127075
535.267700
535.637756
533.631775
534.451599
532.257080
532.097778
533.419556
531.985107
535.026672
535.494934
533.689819
533.987366
531.248047
532.095276
533.704163
532.869141
536.204041
535.751770
533.332642
532.321655
529.437866
532.376953
535.071838
533.457153
531.141479
533.804138
541.416931
545.045837
542.996216
537.433838
532.891602
533.151550
534.065125
534.384827
531.054810
531.300171
533.439453
532.939880
536.115479
535.571899
533.065613
532.898865
530.677856
533.116272
535.195129
533.674133
535.268616
533.698364
532.569885
533.227173
531.048645
533.672485
535.270264
533.416626
530.987854
533.506531
540.698914
544.275208
542.691467
537.521729
533.229553
533.483154
533.866394
533.726440
530.453186
531.559937
533.802185
533.230835
535.982788
534.775696
532.511658
532.603760
530.649963
533.783691
535.906799
534.263062
535.073059
532.662720
531.793030
532.849915
531.477661
534.872070
535.948120
533.256897
529.707764
531.848816
539.614990
544.497253
543.756897
538.182495
533.138977
532.854858
533.025513
532.907166
529.875977
532.068115
534.865784
534.502258
536.437195
533.990845
531.652344
532.015930
530.800232
534.658875
536.393860
534.371216
534.392151
531.454590
531.433960
533.271912
532.244629
535.128113
535.102966
533.099426
534.052307
535.124878
532.967834
525.181641
518.980713
519.544739
527.426086
536.655518
537.597107
533.094055
529.812744
533.105408
535.875732
534.795837
535.411682
532.244812
531.004028
532.433960
531.587769
535.169678
536.013062
533.916382
533.844116
530.878235
531.629822
534.027283
533.544434
536.317627
535.369812
532.887146
533.314026
534.395081
532.896851
526.456238
521.244507
521.410828
527.928955
535.598083
535.904846
531.898438
529.459045
533.665833
536.463684
535.239868
535.162048
531.491638
531.042664
533.162170
532.740356
536.029907
535.702209
533.144409
533.125244
530.707092
532.379517
534.403870
533.239258
535.559753
534.379761
532.531311
532.527649
529.555664
529.503601
533.588562
541.675598
546.870605
546.004517
540.242126
531.564026
527.721619
530.193787
534.850464
536.349365
534.833191
534.772583
531.163391
531.133911
533.174988
532.980591
536.348267
535.719299
533.020569
532.421204
529.886169
532.610840
535.440674
534.582886
535.823792
532.962036
530.911438
531.802979
530.131470
530.698853
534.778442
542.255676
546.401184
545.072693
539.546814
531.715515
528.532043
530.749146
534.930237
535.814758
534.373779
534.106262
530.368652
531.178406
533.723694
533.904419
536.880066
535.142273
532.222656
531.595154
529.466248
533.191162
536.196594
535.235291
535.679993
532.078064
530.459473
531.716492
530.573547
531.338684
535.731628
543.279602
546.305542
543.574707
537.710876
531.337524
530.079712
532.679749
535.794739
534.909607
533.133911
533.351196
530.317688
531.862549
533.868225
533.346313
535.749939
533.980042
532.215088
532.271362
530.317322
534.047974
536.349060
535.088135
534.961060
531.031006
530.447327
532.678406
532.546204
536.382019
538.409851
536.372559
527.621643
519.630371
519.140137
524.854492
533.357849
537.633850
536.694275
534.404236
532.334656
532.363770
530.032410
532.924194
535.291748
534.531982
535.743286
532.996338
531.692200
532.311157
530.712402
534.305786
535.988586
534.743774
534.475281
530.463928
530.623230
533.230713
533.306213
536.887207
538.513916
535.866394
526.617615
518.512085
518.240601
524.893433
534.215637
538.174316
536.568604
533.938354
532.338745
532.369873
530.251099
533.821838
536.175598
535.194092
535.271118
531.405457
530.849060
532.805847
532.245728
535.609314
535.839783
533.948853
533.601562
530.196655
531.435547
533.876160
533.558044
536.129761
534.727905
533.005188
530.328430
530.804565
534.672485
538.079407
539.281067
536.020508
532.556274
532.259583
531.944153
532.573730
530.830688
534.448975
536.144348
534.738220
534.104614
530.131042
530.913940
533.831665
533.558838
535.904785
534.554382
532.660950
533.023621
530.385864
532.292480
534.443787
533.996826
536.178650
534.217102
532.268982
529.976501
531.266113
535.733276
539.608398
540.882874
536.825256
532.267639
531.325073
531.624084
533.139465
531.987366
535.032288
535.333801
533.700745
533.258606
529.562195
530.883789
533.718750
533.708984
536.251343
534.575378
532.531860
532.560059
530.311462
533.249939
535.437683
534.456909
535.455383
532.796936
531.638977
530.827942
532.761475
536.405396
539.402649
540.384827
536.110535
531.247681
530.095276
531.157043
533.777527
533.441711
535.968872
534.630554
532.480957
532.540527
530.158386
532.799316
535.353027
534.568542
536.077393
533.638428
531.990601
532.120911
529.972961
533.485046
535.810242
534.855042
534.996887
531.444641
530.957886
531.646179
534.235901
536.390198
537.258240
537.549255
534.314880
531.165771
530.952637
532.269897
534.791687
534.331299
536.213379
533.957703
531.889526
532.169495
530.183472
533.204041
535.270264
534.335388
535.600342
533.006165
532.045532
532.642761
530.830811
534.293579
535.822754
534.666504
534.569885
531.047119
531.713745
533.449829
535.523071
535.354065
534.030090
533.888916
531.881287
530.564514
531.316406
532.835693
535.173340
534.504089
535.713806
532.842712
531.332825
532.100464
530.591125
534.305969
536.349792
535.144592
535.219421
531.521667
531.304016
533.088318
532.265747
535.310486
535.251709
533.583740
533.574951
530.670105
532.510498
535.129639
536.124451
532.762695
528.589417
528.080994
528.571350
530.631104
533.155090
534.753052
536.070251
534.706177
534.933228
531.677673
531.411072
533.252747
532.089783
535.094727
535.679504
534.183899
534.234436
530.912781
531.727783
533.752991
532.903503
535.424011
534.712219
533.343445
533.401001
530.711426
533.284363
536.158630
536.949707
532.615967
527.703735
527.276245
528.841675
531.955200
534.363586
535.424927
536.163818
534.058289
533.575195
530.087280
530.750000
533.377319
532.935974
535.941467
535.576721
533.660522
533.453003
530.510071
532.520813
534.644104
533.416626
535.249329
533.936523
532.957520
533.245239
530.602051
533.433411
535.388672
533.177551
529.536743
531.740356
540.926514
547.371277
546.397949
538.966980
532.420959
532.340881
533.364807
533.342163
529.740967
531.250488
534.333618
534.205383
536.651428
534.990234
532.782715
532.692383
530.166138
532.850342
534.915710
533.666626
534.770813
532.610107
532.109924
533.155579
531.404236
534.605774
535.832275
533.192017
529.122253
530.949890
539.786804
546.474304
546.282104
539.432495
532.978943
532.214844
532.507263
532.491821
529.704163
532.338806
535.250488
534.425354
535.949585
533.997070
532.546753
532.546509
530.048340
533.253418
535.596558
534.450928
534.583984
531.290833
531.238892
533.335571
532.544800
535.550964
535.425354
532.481384
528.878540
530.989441
539.312866
545.888550
546.076477
539.371399
532.960693
532.042419
531.883240
531.889160
529.756775
533.271606
535.959961
534.862427
535.436584
532.516724
531.734070
532.779236
530.952515
534.346985
536.113464
534.723633
534.454224
530.838562
531.240479
533.518311
533.114929
536.231628
535.733398
533.381042
533.108643
533.310425
532.663879
528.535278
524.174683
522.481628
526.778137
534.257935
535.983093
533.003662
530.375916
533.860718
536.177002
535.084778
535.110229
531.544983
531.374939
533.218872
532.150452
535.176941
535.390930
533.456482
533.126770
530.024109
531.700439
534.161804
533.439514
535.956909
534.676880
532.634277
533.007507
533.981018
533.588135
529.597717
525.443604
523.290039
526.761658
533.582458
535.098694
532.552124
530.605835
534.756775
536.604919
534.735657
533.870178
530.236816
531.336121
533.935425
533.047119
535.566284
534.953613
533.121887
532.708069
529.700317
532.343872
535.343384
534.724976
536.023438
533.306580
531.441650
531.811035
529.513489
530.078430
535.114136
543.135681
546.485291
544.081116
538.493530
531.415833
528.858154
531.375061
535.746277
536.218201
534.016235
533.193970
530.106567
532.235901
534.802185
533.493530
535.138428
533.755310
532.386597
532.601074
530.152466
533.326172
535.987488
535.014404
535.527832
532.166931
531.087219
532.480896
530.989746
531.382935
535.895996
543.395203
545.866638
542.855042
537.485718
531.540222
530.001160
532.268738
535.724792
535.205627
533.213867
532.569031
529.589722
532.498169
535.538330
534.529236
535.422607
532.743469
531.436951
532.210388
530.532837
534.104004
535.901245
534.271240
534.221069
530.964172
531.234314
533.382324
532.058960
531.737549
535.709778
543.270081
545.807861
542.540955
536.863831
531.626526
531.144836
533.396851
535.950012
534.315613
532.437195
532.239075
529.875793
533.258057
535.667969
534.288574
534.776306
531.946350
531.511475
532.895203
531.679565
535.322693
536.296265
534.075867
533.150818
529.664001
531.161865
534.023926
533.567993
536.759338
538.687073
535.897827
525.229309
515.892761
516.375305
525.296509
535.991882
539.302734
536.274231
532.741882
531.416199
532.112305
530.756348
534.732666
536.398438
534.261658
533.668457
530.429016
531.117065
533.404480
532.633789
535.714111
535.721436
533.611755
532.781677
529.465393
531.720642
534.859253
534.484436
536.513123
534.591858
532.444885
529.246887
529.652039
534.581787
539.585327
541.082458
536.556091
531.882812
531.398682
531.502502
532.622986
531.282898
534.925720
536.131653
534.410156
533.741455
530.273865
531.760437
534.415100
533.597961
535.870056
534.593506
532.542725
532.518860
530.285889
533.387878
535.815186
534.682800
535.818970
533.256042
531.414246
529.426147
531.496277
537.352356
542.368591
542.959412
536.628479
530.619812
529.978149
531.319763
533.474976
532.562561
535.591614
535.394409
533.227356
532.607666
529.765381
532.459839
535.345703
534.411194
536.011475
533.908630
531.941711
531.968811
529.938354
533.616577
536.050354
534.849792
535.258240
532.120911
530.774719
530.175659
533.215027
538.760864
542.942139
542.954773
536.255127
530.099915
529.481079
531.520508
534.030640
533.354614
535.928040
534.776184
532.669800
532.323486
529.921021
533.111267
535.549622
534.336060
535.426025
532.988281
531.718201
532.021851
530.307251
534.310669
536.409729
534.897339
534.188782
530.350647
530.401489
531.562195
534.367859
537.004578
538.381409
537.985657
533.341492
529.846313
530.378113
532.435181
534.574707
533.447083
535.322021
533.774292
532.377563
532.373413
530.172852
533.822815
536.112122
534.715637
534.817566
531.602356
531.249329
532.679016
531.612549
535.293579
536.162720
534.328674
533.681519
530.124878
531.137878
533.053406
535.263306
535.677734
535.095276
534.630188
531.489319
529.640930
531.016785
533.354919
535.454163
534.099243
534.958679
532.451843
531.702026
532.670959
531.122742
534.575073
535.839233
534.170959
534.124146
530.953491
531.427551
533.171448
532.394836
535.892395
535.794922
533.488220
532.448303
529.469543
532.375732
535.834290
536.922424
533.505127
529.521179
528.776245
528.532593
530.156616
532.763855
534.511719
535.544922
533.898682
534.487305
532.029175
532.109375
533.144470
531.418823
534.670044
535.438904
533.873413
533.583008
530.320496
531.891541
534.323547
533.722900
536.141296
534.486389
532.130920
531.656555
529.440735
533.058167
536.201965
536.789551
532.827271
529.299683
529.698486
530.378174
531.794189
533.126038
534.037537
535.391052
534.283447
534.541504
531.201843
531.520081
533.423157
533.074097
536.556641
535.767639
532.732910
531.613647
529.052551
532.441711
535.510132
534.565796
536.005371
533.803894
532.193481
532.252380
530.308044
533.992493
536.007019
533.702271
530.001709
531.907288
539.931458
544.927612
543.784668
537.820801
532.753479
532.525330
532.760254
532.936157
530.332336
532.421570
534.699890
533.759583
536.124084
534.690186
532.459290
531.779419
529.317627
532.988464
535.973328
535.187744
535.838257
532.599854
531.471313
532.574280
531.513550
534.992981
535.378052
532.143250
528.481689
531.500793
540.718506
546.319763
544.784912
537.759033
532.232178
532.467590
533.133667
533.101501
529.924622
532.136780
534.653259
534.236511
536.324890
534.177673
532.252441
532.049438
529.980896
533.452942
535.178528
533.813782
534.383423
531.688171
531.839722
533.136658
531.855408
535.179993
535.461670
532.727051
528.965759
531.233215
539.593567
545.550415
545.192078
538.761963
532.908875
531.803467
531.249329
531.284058
529.523132
533.520142
535.947449
534.375061
534.739563
532.048645
531.851929
533.110840
531.536804
534.482361
535.041443
533.662292
534.378906
531.861084
532.538757
533.552673
532.168152
535.501526
535.682251
533.982117
533.716858
533.827454
532.456909
527.512329
523.271912
522.552368
527.470337
534.288452
534.887817
531.996338
530.560608
534.949707
536.495300
534.266785
533.954895
530.979858
531.587585
533.543945
532.580200
535.532104
535.190186
533.118469
533.027954
530.761658
533.221924
535.228699
533.487183
534.975037
533.556213
532.608704
533.902161
535.045898
533.354736
527.840576
523.242981
522.038452
526.882629
534.084778
535.534973
533.222595
531.284851
534.911743
535.882751
534.137878
533.797974
530.357178
531.251465
533.312927
532.842346
536.093689
535.179688
532.694885
532.078979
529.953552
533.703918
536.407349
534.764648
535.114380
532.243591
531.490417
532.917175
530.985352
530.760742
534.345642
541.618408
545.396484
544.171753
539.349365
532.353394
529.545227
531.405212
534.856079
534.743408
533.222412
533.537781
530.968567
532.819580
534.543579
533.399170
535.707947
534.206665
532.385437
532.043701
529.774414
533.409119
535.793213
534.711853
535.183044
531.748962
531.038635
532.441467
531.046265
531.298950
535.610779
543.154541
546.232056
543.938904
538.548340
532.199951
530.621094
532.898315
535.717163
534.033752
531.914673
532.206421
530.765320
534.346863
536.286255
534.256775
534.930420
532.611572
531.903076
532.510925
530.421387
533.582275
535.087158
534.190369
534.805725
531.782104
532.035522
533.371094
531.576599
530.989136
534.639587
541.863159
544.635376
542.263062
537.026245
531.848022
531.408813
533.703003
536.164551
533.790283
531.480713
531.284363
529.842468
534.332275
536.872314
535.365784
535.279724
531.879578
531.561707
532.890381
531.698181
534.952881
535.335815
533.508545
533.295532
530.407349
532.286682
534.920288
534.352173
536.922119
537.769958
534.111938
523.873352
516.049622
517.587585
526.555908
536.774902
539.594727
536.373413
532.653015
531.585938
532.364441
530.905884
534.466614
535.821960
534.400757
534.519775
531.416992
532.020386
533.846863
532.950806
535.508362
534.443115
532.193420
532.219360
530.249756
533.309265
535.876099
534.689514
536.509949
537.382812
533.958008
523.635864
515.365173
516.353271
525.563782
536.456726
539.394531
535.968933
532.184875
532.060364
533.354614
531.859009
534.719238
534.759460
533.017639
533.289551
530.941895
533.116638
535.385803
534.240112
536.021729
533.880005
531.586914
531.640686
530.009827
533.661987
535.985291
534.744568
535.576416
532.619751
530.813843
529.869019
533.217102
538.879456
542.342041
541.503540
535.338623
530.739014
531.295044
532.945007
534.174133
532.409607
534.850403
534.223450
532.553162
532.489075
529.838501
532.389893
534.983398
534.439819
536.140869
533.518616
531.422241
531.535461
530.226013
534.449768
536.460571
534.827820
534.912292
531.587341
530.383972
530.986755
535.625427
541.467773
544.348694
542.504028
534.993835
529.234802
529.286316
531.915588
534.582825
534.253418
536.417236
534.109436
531.512207
531.507996
530.322632
534.534851
536.795044
534.904907
534.958252
531.777527
531.182434
532.611023
531.582153
535.101318
535.791321
533.845825
533.819336
530.906494
531.924316
533.285400
535.261902
535.857056
535.039978
534.028870
530.768860
529.392822
531.138428
533.290588
535.510376
534.744690
536.255249
533.512695
531.590942
531.819885
530.474731
534.565430
536.289124
534.319397
534.117310
531.125793
531.838562
533.838379
532.774170
535.329651
534.579102
532.455933
532.476990
530.063843
532.379700
534.889709
536.621887
535.253174
532.524475
531.027893
529.046936
529.642273
532.405884
534.753662
536.138000
534.052185
534.244507
531.582275
531.682495
533.395142
532.108459
534.963806
534.958069
532.977844
533.341187
530.970642
532.735962
534.965515
533.771423
535.646179
533.869263
531.853088
532.155518
530.045471
532.775024
535.290466
536.389038
533.972595
530.985352
530.106628
529.007446
529.894348
532.261475
534.538757
536.519165
535.179504
534.676575
531.031616
531.614136
534.043945
533.475647
536.054565
534.747681
532.094360
531.945801
529.726135
532.611206
535.576416
535.065979
536.601746
533.613037
531.133606
531.460266
530.338257
534.295959
536.431946
536.195007
532.270203
529.522095
530.719299
532.064148
533.676880
534.292542
534.204163
534.758118
533.236694
533.374512
530.473694
531.893372
534.211853
533.721191
536.231873
534.623840
532.291443
532.093201
529.905273
533.145996
535.711792
534.949768
536.136108
533.125488
531.396790
531.893921
530.815369
534.905579
536.521912
535.551147
530.886169
528.136169
530.063232
532.737305
535.308838
535.765259
534.945862
534.546936
532.216675
532.153259
530.252258
533.271179
535.450928
534.055298
535.552002
533.616150
532.282104
532.643066
530.605469
533.798706
535.492676
533.976318
534.189331
531.371887
531.943604
534.164368
533.135315
535.598450
534.817932
531.730835
528.688232
531.475891
539.271912
544.441162
544.347351
538.967224
533.646240
532.329712
531.579834
531.646729
529.867737
533.438171
535.516846
533.943481
534.780762
532.612427
532.351013
533.372009
531.687256
534.899963
535.766357
533.809387
533.558472
530.400146
531.734558
534.623352
534.235779
536.216614
534.096313
531.044678
528.762695
531.966248
539.198120
543.558716
543.002136
537.422424
532.780212
532.326904
532.013428
532.131226
530.295410
534.002747
535.854797
534.511902
534.738159
531.507507
531.571289
533.575623
532.964478
536.036316
535.334595
532.477905
532.015808
529.835571
532.738037
535.538879
534.340515
535.653259
533.289734
531.492920
533.000305
534.985779
533.803589
527.857727
522.731995
521.436646
526.444397
533.974121
535.813660
533.729004
531.664551
534.888550
535.817566
534.364319
534.456787
530.853943
531.089600
533.268982
533.596375
537.074768
535.441956
532.045715
531.508789
530.033020
533.972412
536.134033
533.665161
533.985352
532.252625
532.601868
534.777405
535.707397
532.885376
527.128906
523.843506
523.781860
528.112000
533.430786
534.029480
532.839966
532.513184
536.554199
536.002258
532.921448
532.224121
530.009216
532.889404
535.282104
533.695801
535.229309
533.779419
532.640381
532.942322
530.403809
533.134766
535.376587
534.994751
536.117249
532.494751
530.928833
532.130737
531.137878
531.718689
535.557190
542.301514
544.991089
542.925598
537.904297
532.036255
530.908386
533.318115
536.064575
534.447693
532.252197
532.211365
529.936157
533.097717
535.875427
535.125732
536.041565
532.791809
531.248352
532.423523
531.473938
534.785583
535.402527
533.390381
533.988220
531.666016
532.164612
533.528076
531.487732
530.815796
534.802490
542.693848
546.005737
543.269531
537.074951
531.269287
531.113831
533.962585
536.255188
533.562927
531.467529
532.063538
530.669006
534.077759
535.620789
534.033325
534.818237
532.016785
531.382080
532.511475
531.557617
535.385925
536.169189
534.147278
533.557312
530.138000
531.519409
534.138733
533.032410
531.819519
534.575256
541.665649
545.102539
543.182617
537.683716
532.222961
531.725525
533.554749
535.240295
532.587708
531.391541
532.410400
531.521362
535.406921
536.563660
534.393982
533.897156
530.477234
531.102844
533.383057
532.827148
535.780090
535.020691
532.660706
532.357849
529.919800
532.713623
535.494690
534.688049
536.598999
537.227905
534.309753
525.260071
517.898254
518.457397
526.254822
536.054871
538.854675
535.538208
531.619446
531.205017
532.926941
532.380066
535.729187
535.512329
533.053467
532.879639
530.412903
532.347900
534.612610
533.600647
535.755249
534.168701
532.171997
532.405518
530.378235
533.478577
535.686401
534.503784
536.021362
536.636719
533.662476
524.441528
517.143555
518.139587
526.758057
536.853088
538.805969
534.659424
530.884827
531.912415
534.093079
533.051331
535.398438
534.394409
532.632751
532.982483
530.645630
532.944153
534.910400
533.793701
535.501953
533.364441
531.803467
532.290344
530.680603
534.193481
536.024719
534.596375
534.752502
531.293457
529.893860
530.464966
535.292847
541.258850
544.037842
542.435669
535.437317
529.885864
529.456482
531.482849
534.096008
533.936157
536.315796
534.265503
531.925781
532.186768
530.658569
534.260315
536.207458
534.410217
534.853577
531.920532
531.123535
532.469177
531.649658
535.377625
536.195068
534.078674
533.712219
530.125183
529.250916
531.263916
537.651855
543.841614
545.697815
542.597595
534.384766
528.912048
529.740723
533.262207
535.731689
534.716980
535.947937
533.154541
531.488403
532.308777
531.009338
534.554260
536.080688
534.476318
534.691162
531.451233
531.244629
532.928223
532.329041
535.875122
535.903198
533.585571
533.141907
529.810059
529.498901
532.544617
539.561707
545.247803
545.939026
541.665222
533.056519
528.051270
529.551392
533.857849
536.203918
534.850647
535.216309
531.954651
531.290649
533.158264
532.568359
535.876160
535.762878
533.186829
533.227905
530.825256
532.341797
534.468018
533.361084
535.855164
534.929504
533.030701
532.800110
529.893616
532.249084
535.194641
536.897278
534.339478
530.406799
528.905701
528.235657
530.200623
533.171753
535.064819
536.424622
534.937927
534.887878
531.183350
530.887207
532.842102
532.665955
536.399597
536.100464
533.334595
532.519836
529.659363
532.144958
535.177979
534.631897
536.158447
533.544922
531.362061
531.931885
530.645813
534.508911
537.613403
537.482971
531.890808
526.116394
525.003967
526.830933
531.313721
534.906250
535.886353
535.860718
533.871033
533.611450
530.518433
531.726990
534.040771
533.470276
536.108093
534.758240
532.503357
532.442749
530.351868
533.497253
536.036255
534.783203
535.359619
532.211060
530.918579
532.298706
531.499207
535.066833
536.425232
535.854309
531.865906
528.971863
529.881104
531.534180
533.810913
534.831238
534.918091
535.352356
533.408691
532.955261
530.064453
532.345337
535.046509
534.342102
535.887939
533.521301
531.889160
532.687805
531.063538
534.217590
535.791382
534.475525
535.232788
531.964417
530.938049
532.412720
532.146484
536.293762
537.080811
535.511963
530.626770
528.159546
530.717896
534.041321
536.608826
536.157104
534.334595
533.853394
532.299438
532.804871
530.827698
533.671570
535.760803
534.455994
535.331726
532.356445
531.145996
532.601135
531.839783
535.452698
536.297974
534.173706
534.028992
530.971252
531.705383
533.781250
533.068787
536.154236
535.601501
532.623535
529.168274
531.054382
538.149902
543.712708
544.433105
539.060913
533.189331
531.584839
531.221436
532.015503
530.757263
534.401855
536.052795
534.354126
534.616272
531.558655
531.320801
533.009888
532.238708
535.671997
535.999817
533.950745
533.467346
530.120850
531.523621
534.192932
533.875488
536.370117
534.670227
531.812256
529.174561
531.887329
538.791138
543.560791
543.618896
537.870239
532.135742
530.854004
530.905212
532.225769
531.351929
535.105347
536.084595
533.992554
533.932678
531.071655
531.893677
533.879639
532.909729
535.691650
535.114685
533.305908
533.344116
530.427551
532.333862
534.605713
534.056641
536.162537
534.065369
532.255310
533.227295
534.851868
533.699585
528.576172
524.464294
523.155640
526.944336
533.056519
534.703003
533.732971
532.879700
536.233643
535.734253
533.132019
533.160767
530.818115
532.804565
535.000427
533.675171
535.534119
534.105164
532.478210
532.450317
529.772339
532.628906
535.419739
535.117004
536.221497
532.758911
531.021301
532.779358
535.338257
534.280334
528.871582
524.394470
522.885620
526.770508
532.922424
534.899719
534.268921
533.231506
536.298218
535.411560
532.831421
532.331909
530.050171
533.307739
536.088745
534.659668
535.255493
532.446716
531.301697
532.644348
531.229431
534.354126
535.830627
534.696716
535.407288
532.100403
531.299316
533.278687
535.592346
534.355042
529.534424
525.842773
524.132385
527.201965
532.674072
534.976990
534.895203
533.615051
535.874451
534.414185
532.631470
532.652832
530.310608
533.426880
535.817078
534.693787
535.040649
531.652527
530.803284
532.583374
532.013977
535.429565
535.900208
533.997864
534.230652
531.364380
532.004395
533.700378
531.920776
530.948914
534.624695
542.553955
546.154846
543.612305
537.339905
531.547180
531.299500
533.665222
535.598511
532.983948
531.637390
532.635986
531.201416
534.581970
536.043884
534.474915
534.525940
530.928101
530.589355
532.523865
532.310486
536.085022
536.068298
533.630371
532.796814
529.513184
531.401062
534.120544
532.916687
531.335876
534.098022
541.753845
545.888245
544.158508
538.090393
532.275940
531.928406
533.685852
534.944153
531.735413
530.892822
532.600281
532.157654
535.967651
536.357605
533.636658
532.748779
529.569458
531.208679
534.199463
534.120178
536.981750
535.724670
533.283630
532.717651
529.797913
532.256348
534.849243
534.319702
536.498657
537.266907
534.060791
524.684875
517.222351
517.893372
526.287903
536.470398
538.682251
534.462158
530.447449
531.199158
533.896362
533.692566
536.853027
535.956726
533.079224
532.258728
529.371948
531.791748
534.841125
534.378479
536.063660
533.693665
531.886047
532.307190
530.155701
533.027893
534.960205
534.015320
535.828369
536.643799
533.788940
525.109009
518.239929
518.752319
526.583618
536.392029
538.282715
533.927734
529.880920
531.231812
534.072266
534.096069
536.879639
535.070923
532.046143
531.307251
528.985901
532.550659
535.687988
534.969971
535.999939
533.169067
531.951111
532.932922
531.298828
534.116882
535.111145
533.890442
535.250977
535.826599
533.142273
525.047852
518.796021
519.601624
527.550232
536.920837
538.025269
533.036011
528.744751
531.167236
534.906494
535.539551
537.875305
535.071350
531.860901
531.096680
529.265808
533.576660
536.592651
535.575623
535.323425
531.306885
530.927795
533.492981
533.022827
535.596191
534.814819
532.574890
533.183350
530.531189
529.770508
531.567078
537.825256
544.185974
546.353699
543.252319
534.343018
527.695435
527.907532
532.318176
536.236938
535.906372
536.043030
532.004333
530.612732
532.432861
531.706665
534.832275
535.404175
533.656494
534.187988
531.272766
531.649963
533.594849
532.860657
535.928406
535.554321
533.608215
533.114319
529.330750
528.632263
532.270630
540.585266
546.914124
547.029602
541.412109
531.939880
527.084412
529.247864
534.509705
537.158203
535.449158
534.803467
531.077209
531.136475
533.488098
532.876404
535.755432
535.379761
533.414856
533.805603
531.001221
531.977051
533.665039
532.775208
535.611023
535.048828
533.390564
532.647766
529.510376
532.657532
536.749817
538.391357
533.681763
527.071472
524.776917
526.045044
530.657104
534.621094
536.020447
536.388855
534.406738
534.135193
530.524170
530.862488
533.301819
533.122864
536.196960
535.285400
533.028320
532.837769
530.242188
532.619324
534.775024
533.750549
535.690186
533.826477
532.296936
532.442322
530.208618
533.630615
537.371704
538.355835
532.538452
524.981812
522.407410
524.540527
530.932983
536.241699
537.614746
536.628479
533.422974
532.668579
530.121155
532.370056
534.789124
533.661072
535.770569
534.464600
532.823853
532.715271
530.047607
533.016174
535.560669
534.598267
535.090149
531.946533
531.167725
532.786316
531.887329
535.259338
536.521851
536.184509
531.993958
528.319336
528.823303
531.369873
534.910889
536.269714
535.776428
535.401428
532.991943
532.365295
529.728638
532.376221
534.807617
533.934570
535.448547
533.227112
532.204224
533.081665
530.990784
533.651978
535.156799
534.353271
535.275757
531.972900
531.148743
532.464233
532.163696
536.406128
537.111206
535.441528
530.136597
527.130981
529.699402
534.234863
538.072815
537.449341
534.403137
533.011169
531.590393
532.557922
530.823853
533.431702
535.028809
534.190002
535.642883
532.944763
531.791199
532.586304
531.231934
534.613342
535.471375
533.742249
533.873718
531.048706
532.085510
534.123169
533.128662
535.651611
534.999023
533.652527
529.990723
528.753296
532.069458
536.373047
539.179626
537.122131
533.459534
532.588135
532.232727
533.497437
531.510132
533.927307
535.236633
534.490356
535.419617
531.969177
531.004700
532.281616
531.868286
535.747314
535.887146
533.546875
532.838989
529.781128
532.018860
534.981689
534.481140
536.181580
533.827026
531.265442
529.163147
531.673279
537.735718
542.358643
543.094238
537.804321
532.099976
530.672241
531.061951
532.835693
532.149597
535.589417
536.005798
534.122498
534.156738
531.088318
531.881897
533.876770
533.220886
535.870544
534.601501
532.328003
532.138794
529.955933
533.213013
535.946472
534.723938
535.429626
532.572327
530.990845
530.031677
532.713318
537.684021
541.173523
541.517212
536.562500
531.724365
530.931274
531.504761
533.028625
532.035400
535.277771
535.441711
533.641418
532.925293
529.438599
531.564880
534.976440
535.019836
536.678528
533.730347
531.389343
531.874573
530.541931
534.195435
536.136047
534.649231
535.042603
531.818665
531.230225
533.273560
535.129700
533.467224
529.136047
526.737183
525.728149
527.846985
531.794189
533.436401
534.003906
533.652893
536.364868
534.856445
532.772156
532.854370
530.342102
532.654541
534.663269
533.854492
535.438416
532.953796
531.648071
532.311768
530.866943
534.646057
536.384094
534.782959
534.184204
530.226318
530.684082
534.128418
536.855896
534.792603
529.384888
526.083679
524.944336
527.754761
532.416992
534.563232
535.003357
533.802490
535.703308
534.010132
532.588745
532.706848
530.273193
533.290161
535.492432
534.662048
535.240906
531.879822
531.373047
533.090149
532.108704
535.141785
535.439575
533.887268
533.935669
530.783691
531.903992
534.605103
536.352783
533.994812
529.708008
527.819519
526.963135
528.707031
531.804321
534.000671
535.727661
534.928833
535.599915
532.410583
531.519226
532.865845
531.385437
534.281738
535.211304
534.101990
534.713623
531.410828
531.471313
533.368835
532.948181
536.063049
535.367554
533.098145
532.598877
529.841675
532.435730
535.156006
533.533203
531.046936
533.354553
541.319885
546.115784
544.399414
537.684875
531.807434
532.053711
534.274536
535.468994
531.913696
531.074524
532.634155
532.170837
535.735718
535.900146
533.819946
533.457642
530.480713
532.232544
534.553833
533.527588
535.694641
534.387024
532.650757
532.466919
530.007080
533.234558
536.024231
534.456055
531.084167
532.319336
539.982117
545.409180
544.595093
538.189392
532.369324
532.444336
533.833618
534.330383
530.824524
531.225525
533.367432
532.846863
535.759766
535.043884
533.077881
532.737793
529.753357
532.298767
535.262207
534.699158
535.800903
532.839844
531.409424
532.514038
531.054016
534.269226
535.886536
534.625305
535.480896
535.326294
532.436157
524.804749
519.107849
519.865662
527.094421
536.134399
537.877808
534.124207
530.860229
532.600403
534.419556
533.158386
535.413147
534.383606
533.123657
533.106628
530.383301
533.260742
535.671692
534.750610
535.434021
532.356506
531.530151
532.578613
531.180176
534.684143
535.982544
534.579163
534.871338
534.646912
532.483398
526.074829
520.652039
520.284241
526.643433
535.921082
538.195862
534.321350
530.282104
532.165710
534.675232
534.421204
536.112305
533.531006
531.953552
532.568359
530.980896
534.341736
535.769653
534.074219
534.024902
530.838196
531.405273
533.844238
533.091125
535.721863
535.259827
533.534912
533.580688
530.144104
529.358582
532.294922
539.395752
544.866089
545.379578
541.546814
533.648804
528.552368
529.204407
533.021362
535.610535
534.922668
535.618896
532.432495
531.737122
533.033447
531.711548
534.767395
535.589844
534.194031
534.165588
530.768555
531.648621
534.019348
533.465881
535.941406
534.657104
532.668945
532.582581
529.429993
529.242798
533.486267
541.494568
546.154724
544.895447
539.785278
532.228394
528.757446
530.551758
534.480286
535.818176
534.337402
534.387512
531.036011
531.432312
533.488770
532.626282
535.498901
535.269043
533.587708
533.393616
530.269775
532.191650
534.837585
534.408569
536.038696
533.832886
532.367615
532.715515
530.375305
533.370789
536.787476
537.546570
531.809265
524.882324
523.144287
525.789062
531.613770
535.703125
536.512512
536.014587
533.659302
533.172546
530.278442
532.267090
535.010315
534.043518
535.899414
534.365112
532.743042
532.796143
530.132324
532.729248
535.065063
534.190674
535.133179
532.390381
531.649475
532.911316
531.467529
534.711243
537.488708
537.041138
529.918152
522.521973
521.541260
525.745789
532.408997
535.988342
536.002136
535.221436
533.419861
532.864685
529.875122
532.606323
535.552551
534.594788
535.479309
532.894165
531.851990
532.868042
531.035400
533.926697
535.723450
534.795166
535.194092
531.512878
530.789429
532.458618
531.975525
535.962708
538.675110
536.942810
527.718384
518.950134
518.444397
525.060730
534.092896
537.880920
536.243652
533.802673
532.393188
533.082031
531.065125
533.876038
535.658203
534.021240
534.579773
532.261414
532.182495
533.367249
531.518738
534.379456
535.574768
534.385132
534.184814
530.284424
530.846252
533.650635
533.626831
536.419189
535.617920
534.098877
530.614319
529.417114
532.264893
535.957214
538.402405
536.411804
533.289368
532.628601
531.901611
532.704651
530.991333
534.157654
535.775818
534.404236
534.578857
531.383789
531.651184
533.667419
532.884277
535.974792
535.943420
534.026794
533.645142
530.369873
531.937134
534.290588
533.605591
535.664612
534.261169
533.017151
530.577087
530.897949
534.846863
538.988403
540.559998
536.265808
531.325500
530.626526
531.615295
533.878540
532.538391
534.911804
535.353394
534.237305
534.568542
531.037964
531.412415
533.427673
532.952820
535.910095
535.051270
533.143188
532.970215
530.231628
532.585693
534.738647
533.662903
535.047241
532.956177
531.825256
530.737244
532.863037
537.383911
540.879578
541.378296
536.154175
530.801270
530.042419
531.455261
533.853394
533.228210
536.114319
535.620483
533.412109
532.867249
529.876343
532.180847
534.974731
534.259521
535.843018
533.824158
532.474304
532.971863
530.802795
533.840088
535.934509
534.671631
534.757690
531.399536
530.867371
531.426086
534.157288
537.159668
538.730957
538.772705
534.603943
530.622498
530.252747
531.732605
534.134460
533.538330
536.041748
534.992004
533.374207
533.207336
530.189270
532.408569
534.556580
533.904663
535.411133
533.096130
532.224426
532.936279
531.348999
534.939819
536.473328
534.515137
533.559937
529.794250
530.923035
534.740967
537.149780
534.366394
528.932800
526.281799
525.607666
528.153870
532.369507
534.565857
535.343933
534.291199
535.920959
533.723816
532.057190
532.250122
530.296814
533.764771
535.915649
534.447449
534.461853
531.503418
531.999268
533.912354
532.259583
534.496216
534.644958
533.477417
533.819275
530.521423
531.613037
534.627258
536.747070
534.230042
529.553162
527.453003
526.615662
528.577393
532.255859
534.862854
536.200378
534.575378
534.923218
532.127380
531.772766
533.150818
531.430542
534.167664
535.252869
534.122498
534.241577
530.916443
531.755981
534.109863
533.203125
535.409790
534.408936
532.678284
533.000671
530.758240
533.231812
535.403503
533.284180
530.543396
533.185242
541.565857
546.224426
544.034668
537.351135
532.094238
532.693054
534.197083
534.486877
531.007507
531.239990
533.314819
532.498657
535.580872
535.762695
533.748962
533.113159
529.709900
531.618164
534.647949
534.202026
535.872437
533.600891
531.694580
532.293701
530.725708
534.093445
536.085022
533.686951
530.178833
532.282410
540.473450
545.307434
543.631287
537.274353
532.318970
532.902466
533.676208
533.446716
530.196533
531.763245
534.341614
533.131104
535.168518
534.496826
533.277893
533.432739
530.299988
532.520874
535.251892
534.758301
535.950317
533.010620
531.510803
532.446045
531.176086
534.584717
535.892395
533.993713
534.638672
535.269531
533.511108
525.831848
518.552185
517.909729
525.905029
536.817932
539.272034
534.377197
529.710388
531.740540
535.277771
535.111816
536.439148
533.538879
531.475952
532.322510
531.137390
534.619202
535.992371
533.679871
533.961243
531.754272
532.291077
533.967651
532.117310
534.481628
535.072998
533.940491
534.804382
534.845154
532.487366
525.546143
519.716797
519.597900
526.902283
536.588135
538.292114
533.804382
529.902649
532.599365
535.589294
535.055603
535.880249
532.638611
531.204651
532.266052
531.092712
534.783569
536.182373
534.005615
533.401611
530.347351
531.617737
534.369995
533.403076
535.539368
534.757629
532.978027
533.943726
534.886047
533.453613
527.431885
521.953613
520.911194
526.586609
534.977478
536.568176
532.865784
529.935730
533.568237
536.236877
534.879822
534.644043
531.289368
531.321655
533.229858
532.033203
534.852844
535.305847
533.665466
533.658875
530.668579
532.014526
534.342896
533.463135
535.586487
534.327698
532.474915
532.434631
529.472290
529.739441
534.272522
541.717163
545.334961
543.713684
539.010315
532.100342
528.818481
530.573059
534.621826
536.014160
534.449341
534.343567
531.075745
531.529663
533.391602
532.430542
535.215393
534.944092
533.132141
532.928223
530.177612
532.559814
535.152466
533.981812
535.256104
533.295471
532.021179
532.509888
529.870544
530.087585
534.980225
543.018616
546.302551
543.591492
537.954529
531.206604
528.942566
531.302673
535.262878
535.695557
533.671143
533.299133
530.241943
531.893494
534.357910
533.347290
535.495239
534.472351
532.946838
532.799072
530.031128
533.164246
536.208862
535.273743
535.545166
531.936279
530.655518
532.206482
531.675659
535.796509
538.662781
537.057983
528.221802
520.092651
520.219543
526.007385
533.360291
536.624512
535.952087
534.888062
533.276184
533.172119
530.214294
532.466003
535.146423
534.346069
535.891541
533.758179
532.213623
532.592346
530.628418
533.946167
535.951599
534.531433
534.642334
531.511047
531.557251
533.304382
532.104004
535.463928
538.139587
536.561584
527.219666
518.461426
518.485107
525.598022
534.659912
538.287048
536.856384
534.831604
533.056641
532.672363
529.598877
532.322327
535.166443
534.583923
535.487976
532.492371
531.388000
532.620239
531.635986
535.380676
536.471741
534.188660
533.595764
530.579590
531.903381
534.362854
533.316650
536.255371
538.385803
536.227173
525.990051
516.412537
516.437012
525.089355
535.798462
539.367249
536.552246
533.279846
531.970581
532.615723
530.629272
533.858765
535.924011
534.751465
535.005981
531.658264
531.341187
533.095337
532.352966
535.690125
535.784790
533.358765
532.753723
529.950867
532.271851
534.982788
533.833252
535.786621
534.731506
533.427246
529.838684
528.736938
532.489746
537.760254
541.069763
538.162354
533.303406
531.453247
530.679688
532.097595
531.334290
535.035889
536.133850
534.203674
533.968201
530.856445
531.638367
533.548462
532.716553
535.795593
535.492737
533.291931
532.516357
529.702087
532.908813
536.151794
535.025696
535.628540
533.043335
531.822205
530.094238
531.051208
535.220337
539.538330
541.350403
537.136719
532.101440
530.776611
530.909729
532.656982
532.189453
535.827698
535.978699
533.431274
532.544861
529.861328
532.540588
535.304688
533.897583
535.218689
533.703552
532.308960
532.355957
529.730591
532.808350
535.649902
534.961548
535.506836
532.092651
530.601196
530.191406
533.082947
537.819031
541.095215
541.114197
535.489563
530.521606
530.446960
531.943542
533.676208
532.592102
535.719238
535.679871
533.737488
532.638611
529.213989
532.137939
535.611206
535.091003
536.028931
533.094299
531.635803
532.473083
531.054016
534.652039
536.255554
534.671692
534.778198
531.493652
531.054871
531.221436
533.633606
537.135498
539.754639
539.848328
534.073975
528.760498
528.822754
531.938538
535.627991
535.011353
536.295959
534.113892
532.499390
532.916626
530.546631
533.302063
535.305908
534.213440
535.034363
532.100525
531.395935
532.651428
531.728333
535.624023
536.419739
533.839539
532.841919
529.756104
531.391235
533.495361
535.423889
535.770996
535.702148
535.979858
532.735229
529.720398
530.096985
532.594727
535.689087
535.067627
535.824402
532.812073
531.593689
532.724609
531.241638
534.299133
535.233521
533.375854
533.858582
531.639099
532.444153
533.870422
532.454224
535.699951
536.025818
533.720093
532.332520
528.723267
531.332275
535.612610
537.690430
534.353516
529.607666
528.062012
527.385986
528.783447
531.611267
533.884277
535.637756
534.727173
535.579041
532.714233
531.932129
532.876526
531.636841
535.330811
536.111206
533.726440
532.824097
529.733215
531.850098
534.870850
533.986145
536.030090
534.829102
532.826965
532.162354
529.049377
531.914001
535.483459
537.096252
533.969116
530.202026
529.517456
529.161621
530.315002
532.645325
534.981628
536.587402
534.282715
533.284851
530.331726
531.996033
534.672791
533.389282
535.547058
535.062317
533.163635
532.695190
529.600891
531.924377
535.173279
535.179321
537.167175
534.476685
531.588745
531.248962
529.815857
534.274658
536.655151
533.595459
529.211914
531.719177
541.392883
547.279297
545.249878
537.605713
531.818787
532.518616
534.061340
534.309448
530.554749
531.511353
534.103516
534.007507
536.878540
535.333191
532.469727
531.925781
530.157959
533.972229
536.275940
534.277527
534.789307
532.682983
532.309204
532.848206
530.351990
533.590881
535.910339
534.485962
530.724976
531.641357
538.863220
544.200989
544.129028
538.901550
534.121704
533.613159
532.830933
531.946350
529.341858
532.507446
535.438538
534.220337
535.604980
533.800903
532.546570
532.571045
529.979431
533.287598
535.991028
535.313599
535.646851
531.716370
530.513000
531.807495
531.597473
535.936340
536.491516
533.729919
533.475220
534.396912
533.785706
527.258240
520.179199
518.510376
525.391968
535.502869
537.746765
533.687805
530.039124
532.892334
535.658081
534.960754
535.981140
532.968445
531.521851
532.199158
531.136780
535.311890
536.666016
534.382629
533.832397
530.873230
532.033386
533.931213
532.403198
534.993591
535.063049
533.787231
534.306519
534.554321
532.688538
526.671265
521.629639
521.256775
527.470764
535.605591
536.210999
532.034546
529.578369
533.986938
536.554321
534.818115
534.474854
531.294922
531.502197
533.259399
531.957581
534.982056
535.492310
533.908569
533.743347
530.355286
531.514343
533.873840
533.757202
536.868896
535.428955
532.416504
531.230347
528.554199
530.097290
535.117981
541.692322
544.292603
542.839966
539.157166
532.853821
529.444397
530.476990
533.787476
534.983948
534.176758
534.875366
531.590454
531.471863
532.932800
532.631958
536.629333
536.188538
532.870239
531.307495
528.884827
532.919006
536.394165
535.081421
535.679626
533.155334
532.017639
532.635193
529.897339
529.853699
534.506165
542.658752
546.690735
545.058105
539.519653
531.743713
528.440308
530.830444
535.443298
536.003113
533.724854
533.104736
530.419861
532.744873
534.994141
533.548157
535.601257
534.835876
533.574768
533.002869
529.604065
532.390930
535.412659
535.214233
536.103638
532.598572
531.197205
532.384216
531.026672
531.492554
535.615173
542.674194
545.474976
543.471008
538.598572
532.224854
529.712585
531.419250
535.106934
535.279236
533.733765
532.975403
529.583374
532.149902
535.294922
534.974487
536.245422
533.284546
531.508972
532.347595
531.389160
535.131165
536.146729
533.664429
533.808105
531.608154
532.325256
533.560669
531.923157
535.702820
539.267883
537.935242
527.883118
518.223633
517.564331
524.578735
534.126221
538.530212
537.537109
534.883179
532.579834
532.551819
530.665344
533.971130
535.532776
533.600708
534.305542
532.265076
532.127808
532.777527
530.950989
534.616394
536.275513
534.848755
534.222595
530.316467
530.999390
533.541992
533.505249
537.148743
539.127014
536.027893
525.569153
517.232605
518.362000
526.538635
535.639954
538.041199
535.522949
533.117249
532.589661
533.108337
530.842468
534.059448
535.888672
534.770020
534.907776
531.289978
531.011353
532.723877
532.424255
536.333862
536.315613
533.696167
533.039978
530.569275
533.065186
535.072266
533.370850
535.086121
533.971313
532.913696
530.191101
530.545166
535.040039
539.547852
541.210205
537.257751
532.839966
531.737915
531.103577
532.317505
532.007141
536.287476
536.840454
533.997742
533.094910
530.219177
532.172607
534.631042
533.487976
535.778503
534.949707
533.390198
533.289001
530.422974
532.800842
535.125427
534.628052
536.324585
533.697021
531.407593
529.504517
532.392761
538.896240
543.350769
542.734070
535.893433
530.415771
530.643188
532.485107
534.261047
532.569885
535.057800
535.266968
534.033508
533.820129
530.230103
531.640015
534.201721
534.387390
537.074402
534.880188
532.129639
531.815247
530.390686
534.568604
536.553162
534.519531
534.713745
532.219482
531.910278
531.435730
533.347351
537.093262
539.995422
540.328064
535.349243
530.793701
530.530273
532.122131
534.623779
534.176392
536.587830
534.846130
532.331787
532.443176
530.916077
534.355713
536.107727
534.227905
535.361694
533.521118
532.884399
533.157043
530.688660
533.843567
535.752625
534.973755
535.146912
531.332458
530.916626
531.816528
535.098694
538.175720
538.815735
537.006653
531.819702
529.229370
531.317322
534.082153
535.788879
533.715393
535.091614
533.905518
533.306702
533.538513
530.741089
533.378418
535.434570
535.037415
536.194275
532.824158
531.473755
532.350830
531.765747
535.650208
535.955505
533.367188
533.049988
531.162964
533.572815
535.138916
535.607422
534.405640
533.560547
534.186707
532.674683
531.362854
531.621948
532.743408
535.081055
535.232605
536.993835
533.541199
531.127014
531.577942
531.246338
535.946289
537.093689
534.412964
533.859253
531.160339
532.466919
534.240051
532.647583
535.222595
535.285889
533.987122
533.667114
530.227600
532.089966
535.190735
537.028564
534.263550
529.730713
527.641418
527.183044
530.174377
534.323853
536.243896
536.383911
534.071533
534.668274
532.363464
532.434021
533.282532
531.633850
535.102722
536.189331
534.620178
534.001709
530.373718
531.788330
534.383789
534.002625
536.142578
533.979797
531.878967
532.846619
531.863159
534.974487
536.514709
535.981567
532.208252
529.277588
529.811584
530.233459
531.695007
533.665405
535.342224
536.759827
535.036377
534.133850
530.021790
530.702148
533.774414
534.007019
536.735168
535.269226
533.055237
533.744141
531.782776
533.373047
534.020691
532.407532
534.960571
534.197510
533.259277
533.330933
531.164307
534.693726
536.551086
533.802063
529.675415
531.367188
539.719360
545.635071
545.526672
539.726257
533.593567
532.392700
532.850220
533.790894
531.249451
532.294800
533.759277
532.988342
536.224670
535.507507
533.318176
532.457886
529.945496
533.662964
536.330383
534.754211
534.717102
531.509644
531.367554
533.699097
533.186890
536.214966
536.081665
532.931274
529.551575
531.872131
539.262268
543.556641
542.785706
538.043396
534.272400
534.321594
533.464355
532.120117
529.010681
532.417847
535.843079
535.008667
535.728149
532.853943
531.885559
533.496765
532.248657
535.049500
535.779785
533.993164
534.514832
531.562439
531.363770
532.959106
532.573181
536.517456
536.735596
533.390259
529.042053
530.503418
538.171387
544.442810
545.385315
539.781372
533.292603
531.211670
531.040771
532.493408
531.491882
534.413086
535.373596
533.688538
535.220276
533.194702
532.222961
532.488708
530.992126
535.085999
536.622559
534.600769
533.651978
530.156616
531.835205
534.971069
534.244995
535.923401
534.045898
532.271729
534.037842
535.818420
533.715088
526.354858
520.806458
521.091675
527.883423
535.760986
536.040283
532.144958
530.113708
535.000305
537.654846
535.818726
534.787415
530.795349
531.267822
534.024292
533.434387
535.846313
535.094543
533.312134
533.734314
531.028687
532.453674
534.578979
534.327820
536.817871
534.518005
531.544678
532.040222
534.251709
534.400635
529.981018
525.298157
523.127502
526.544189
532.909912
534.950378
533.981934
532.677002
535.545837
535.519836
533.629089
534.052856
531.266541
531.948059
533.521729
532.810608
536.187744
535.652222
533.299744
532.522095
529.769592
532.920227
536.078003
535.381958
536.064331
532.706787
531.201477
532.422729
530.741638
530.811584
534.667297
542.592468
547.068054
545.424683
539.023743
530.739319
528.135559
531.470337
536.493103
536.911316
534.201294
532.672668
529.107056
531.681824
535.301086
534.986145
536.127502
533.279236
531.677429
533.088562
531.605896
533.975220
534.999756
533.837524
535.365845
532.683228
531.286621
532.060242
530.892395
531.962891
536.547668
543.641235
545.880249
542.778015
537.161011
531.557617
530.916504
533.531921
536.185364
534.765381
533.165527
533.535828
530.486023
532.146179
534.212769
534.137878
536.563293
534.228699
531.869629
531.580139
530.338928
535.100220
537.347412
535.099487
533.773254
529.909668
531.090210
534.615845
533.361816
531.371094
533.722473
541.907166
547.214294
545.827454
538.824341
530.816284
529.229675
532.556885
536.480225
535.076782
532.588867
531.911865
529.776062
533.737610
536.406067
535.041077
535.015869
531.661255
531.556030
533.629395
532.414246
535.008362
535.339844
534.054443
534.407227
530.935242
531.253418
533.220825
533.174927
537.047241
538.878967
535.997375
526.016113
517.247986
517.170898
525.176697
535.795593
539.528687
536.548706
532.629150
531.513306
533.034180
531.855835
534.723755
535.481140
534.069580
534.963074
532.181030
532.074646
533.105957
532.033997
535.885498
536.734314
534.911987
533.495239
529.183594
531.142761
534.824219
535.115662
537.215881
537.182617
533.832520
525.120361
518.163208
518.732056
526.338928
536.261719
539.233459
535.812683
531.784546
531.097351
532.416870
531.643921
535.435181
536.273376
534.253906
533.638855
530.268921
531.755554
534.459717
533.756042
535.723755
534.188232
532.630127
533.089844
530.424622
532.560242
534.686951
534.306946
536.287109
533.844727
531.624207
529.571899
531.656128
537.106018
541.618835
542.523438
536.784058
530.693481
529.783142
531.791138
534.774292
533.556396
535.040710
534.089478
533.220093
534.402832
531.375488
532.041199
533.426697
533.083618
536.115723
534.818665
532.931396
532.386169
529.956726
533.682007
536.449524
535.370422
535.140625
531.189453
529.926025
531.162170
536.111023
541.072571
542.729492
541.052917
534.910095
530.207642
530.405518
532.461304
534.423157
533.452209
536.117310
535.174866
533.126282
532.425659
529.649963
533.095398
536.363831
535.490845
535.687012
532.386108
531.918396
533.577454
531.875061
534.320679
535.167725
534.236633
535.092163
531.491760
529.599976
530.650391
536.514221
542.753052
545.274048
543.055725
534.907471
528.389038
528.527649
532.482422
535.890564
534.831970
535.275635
532.613892
532.130310
533.832703
531.779785
533.750000
534.808411
533.938416
535.285400
532.452881
531.752136
533.028320
532.334290
536.067932
536.437439
533.820740
532.667969
529.546631
532.000977
535.151062
536.776489
534.333435
530.819092
530.453430
530.679932
531.938599
533.328674
533.715881
534.596008
533.845093
535.914429
533.718201
532.132202
532.086121
530.624878
535.186279
537.348450
535.295105
533.821960
529.887146
531.395081
534.669617
534.031494
535.888367
534.454163
532.807312
533.436401
531.019897
532.992554
535.265015
536.173523
533.317261
530.353638
530.427429
530.134827
530.607666
532.126770
534.351685
536.984558
535.756348
534.646362
530.322449
530.936523
534.166138
533.720459
535.887390
534.970459
532.983398
533.389343
530.883606
532.539734
534.610352
533.731506
536.094238
534.972778
533.208557
532.737976
529.925232
533.233643
536.867737
537.976318
533.047546
527.443420
526.949280
529.393127
533.266174
535.219055
535.076233
535.403687
534.180481
534.832886
531.599426
531.675842
533.183228
532.816284
536.556946
536.137207
533.180359
531.759705
529.055542
532.801758
536.289185
535.093750
535.282715
532.276245
531.509277
533.219116
531.905701
534.872803
536.370972
536.195374
532.124939
528.997986
530.285645
532.223206
534.025696
534.476074
534.906738
536.199463
534.225464
532.879272
529.414551
532.057068
535.617554
534.798706
535.611145
533.051453
531.849243
533.216064
531.653503
534.428406
535.831665
534.259460
535.137512
532.587341
531.911377
532.784546
531.506165
535.497681
536.982605
533.844299
528.507507
529.424622
538.629272
546.839111
547.730774
540.290222
532.519165
531.314636
532.485596
533.542480
530.816711
532.618835
534.559082
534.053772
536.202637
534.216553
532.548645
532.453125
530.581848
534.660095
536.940674
535.190369
534.330688
530.642090
531.376770
533.944885
533.100159
535.617920
535.191284
532.741638
529.559082
531.458679
538.821960
544.364929
544.451599
538.660645
533.466248
532.987183
532.472046
531.748047
529.323364
533.421997
536.378601
534.826111
534.580078
531.684875
532.124268
534.066284
532.420288
535.032043
535.644348
534.175537
534.108154
530.668396
531.603027
533.927551
533.550842
536.546875
535.565247
532.350220
528.384033
530.145813
538.361206
545.676575
546.680786
539.379883
531.793274
530.465942
531.552612
533.055725
531.373474
534.431335
535.886536
534.646912
534.949158
531.579346
531.500366
533.167053
532.652344
536.400879
536.561340
533.929688
532.433228
529.077087
532.128174
535.816284
535.051880
535.820312
533.048706
531.553406
533.315613
535.055908
533.720886
528.481079
524.052490
522.594971
526.991760
534.115662
535.767151
533.393250
531.632751
535.801453
537.009949
534.550720
533.021729
529.488464
531.983582
535.632507
534.850891
536.042419
533.941589
532.143738
532.767151
530.887268
533.795593
535.665588
534.277222
535.534180
533.301208
532.011230
532.825378
534.017151
533.756042
531.238831
528.706360
525.723083
526.404053
531.007568
533.776733
534.390320
533.733521
536.160889
535.037109
532.886963
533.083862
530.617004
532.641724
534.531616
533.522034
535.874878
534.653442
532.805420
531.986023
529.428162
533.661316
537.150024
536.233765
535.463379
530.835144
530.204712
532.865601
532.407227
532.422424
535.827759
542.536072
545.039429
542.659363
537.860168
532.285706
530.588074
532.373108
535.636414
535.174500
533.464417
532.593323
529.329651
532.520203
535.792480
535.138550
535.511902
532.077698
531.117065
532.809692
532.150513
535.864258
536.666016
534.202271
533.700500
530.757324
531.745789
533.624084
531.791931
531.161621
535.661560
543.824402
546.223694
542.125671
535.818665
531.346130
532.130615
534.613525
536.225403
533.331238
531.643250
532.404114
530.954041
534.464233
536.174133
534.637146
535.044312
532.186646
531.748230
532.621155
531.412537
535.513489
536.843018
534.688843
533.113647
529.323486
531.737671
535.456482
535.043152
537.096558
537.933472
535.032043
525.125488
516.491638
516.791016
525.104248
535.518188
539.040527
536.687378
533.513794
532.039917
531.932190
530.331543
535.005066
537.351013
535.312805
533.756958
529.837219
531.368286
534.538452
533.835022
535.935364
534.696350
532.832458
533.185669
530.797424
532.925232
534.693726
533.757751
536.738586
538.705933
535.558472
523.949280
513.790100
514.333374
525.051086
537.563843
540.312622
535.468018
530.933655
531.262268
533.445190
532.416931
535.212585
535.117004
533.376343
533.559509
530.860718
532.435242
534.361145
533.458008
536.213745
535.280518
533.263977
532.264404
529.379456
533.094299
536.429382
535.551270
535.599731
531.952271
530.461304
530.247925
533.695557
539.049133
542.436035
541.911194
535.731079
530.700684
530.731812
532.230774
533.821045
532.833862
536.116699
535.889038
533.511108
532.257202
529.261841
532.796631
536.280273
535.375488
535.964905
532.994934
531.803162
532.859131
531.372498
534.519897
535.687927
534.023193
534.554932
531.966431
531.257202
531.348022
534.629089
539.563782
543.124268
542.863586
536.089355
529.714600
528.770874
531.281189
534.515320
534.476685
536.536499
534.231079
532.042236
532.320801
530.778198
534.384338
536.155212
534.422058
535.269897
532.930664
532.309875
532.785278
531.183716
535.110962
536.653198
534.697205
533.462280
529.272400
528.969910
531.891052
538.153137
543.609314
545.169922
542.194946
534.093933
528.665344
529.614197
533.242432
535.356323
534.143921
535.805359
533.878662
532.377686
532.159485
530.209412
534.495361
536.899658
535.183960
534.327515
530.691772
531.530090
534.133484
533.455200
536.053711
535.393188
533.446899
533.660950
531.078857
532.471924
533.795593
534.792419
534.086487
533.536133
533.764282
531.269104
529.590759
530.859558
533.745972
536.711548
535.645142
535.416687
531.854126
531.641785
533.500244
532.544434
535.601929
535.871643
534.071228
534.324585
531.473633
532.132141
533.358948
532.351562
535.838928
535.911072
533.794250
532.423584
529.142883
532.552124
536.773071
537.984375
533.337097
527.963623
526.968750
528.071777
531.371887
534.746887
536.066528
536.196533
533.998962
534.349304
531.906311
532.122742
532.889343
531.443176
535.291870
536.359375
534.453064
532.963806
529.105225
531.653931
535.346985
535.052795
536.205566
533.295654
531.524048
532.619751
531.504395
534.727051
536.043213
535.356506
531.844177
530.080078
531.808960
532.307434
532.375488
532.722961
534.167847
536.548889
535.282532
534.052795
529.883240
531.357483
534.650330
534.659058
537.014648
535.016541
532.368164
532.311340
530.477722
533.705627
535.672424
534.276672
535.687073
533.642517
532.513367
532.453186
530.446960
534.521179
537.150513
536.987061
531.923584
528.235046
529.873657
532.869141
535.774292
536.216858
535.298523
534.981018
532.791687
532.816895
530.685913
533.089172
534.833008
533.444641
535.570496
534.188110
532.588135
532.274719
530.020630
533.789246
536.291687
534.962769
534.926941
531.697327
531.770264
533.679688
532.752014
535.748840
535.929138
534.607300
530.661499
529.445374
532.655212
535.389160
536.593201
535.519714
534.784424
535.504150
533.469849
532.137573
529.211243
532.907043
536.240723
535.385864
535.707031
532.624023
532.051086
533.484131
531.965759
534.725708
535.291870
533.801575
534.574341
531.858215
531.899109
533.157349
532.679199
536.564697
536.415649
532.893250
528.346313
530.351440
539.129456
546.071167
546.332031
539.415466
532.804993
531.563965
531.713928
532.475891
530.576965
533.520142
534.966064
533.980774
535.274658
532.772583
532.161926
532.837341
531.774414
535.799927
536.491455
533.879150
532.729675
529.897888
532.522522
535.518066
534.550171
536.311462
534.671631
532.238098
529.428894
531.302673
537.711060
542.766174
543.370117
538.157898
533.170715
532.259399
531.777588
532.079346
530.980652
535.338074
536.715027
534.446228
533.846924
530.961853
532.338989
534.466431
533.202026
535.627930
535.153870
533.574829
533.304199
530.171753
532.187012
534.640442
534.416199
536.651855
534.423584
532.274475
532.879700
534.588867
534.237793
529.735840
524.852722
522.271545
526.039734
533.319946
536.026978
534.722473
532.562073
535.127747
535.319641
533.921997
533.992310
530.869263
532.107666
534.126221
533.644958
536.246521
534.524109
532.291565
532.539978
531.091980
534.470032
535.657898
533.329895
534.309387
532.958313
533.377991
534.742859
535.188110
533.218323
529.137268
526.573181
525.288025
528.033569
532.982971
534.377991
533.765686
533.050659
536.384338
535.521973
532.979675
532.711426
530.747620
533.836731
535.734497
533.739807
534.787537
533.153259
532.686523
533.216553
530.903931
533.981384
535.688416
534.457275
534.669556
531.308228
531.511169
533.830017
532.873047
532.313354
535.046265
541.244141
544.035767
542.764343
538.762756
533.344666
531.324219
532.320312
534.906067
534.282349
533.447449
533.477356
530.711731
533.559387
535.832031
534.942322
535.472046
531.926147
530.994690
532.647400
532.405945
536.235779
536.218201
533.252747
532.958923
530.966003
533.128296
534.967285
532.429199
530.743042
534.594604
543.022339
546.584534
543.657593
537.299561
531.840210
532.003357
534.496826
536.409912
533.382935
531.599487
532.414612
531.587158
535.366943
536.103455
533.659546
533.839783
531.687805
532.749756
534.222778
532.599243
535.369324
535.437500
533.747375
533.247009
529.971863
532.128906
535.107666
534.853821
537.170837
537.803162
534.328674
524.576599
517.078979
518.223022
526.407959
536.072144
538.921326
536.354797
533.254761
532.624512
533.145874
531.663513
535.312866
536.105042
533.865234
533.072693
530.163086
532.430969
535.364807
534.328064
535.761841
533.821167
532.135193
533.113708
531.448486
533.990173
535.381165
534.096802
536.534851
538.055847
534.709290
523.867004
515.112610
516.358521
526.374084
537.749207
539.974976
535.354492
531.094910
531.878418
534.216064
533.540527
536.171387
535.378906
533.231812
533.191589
530.590881
532.754822
535.140442
534.761414
537.058777
534.653687
531.627991
530.983765
529.810791
534.767212
537.381775
535.216248
535.089417
535.424805
533.760376
526.039307
518.782898
518.354248
525.948242
536.253296
538.958496
535.236206
531.046631
531.703003
533.799622
533.780151
536.823242
535.065491
532.066772
531.789551
530.464355
534.405518
536.491577
534.540222
535.050293
532.934204
532.792480
533.859070
531.863464
534.725159
536.055725
534.890259
534.974182
531.075073
529.280151
530.406677
536.563171
543.484192
545.985840
542.677307
534.009033
528.597229
529.972961
533.805603
535.894775
533.968323
535.102173
533.571106
532.827576
533.331482
530.965515
533.816467
535.702026
534.890015
535.583984
532.083618
531.176331
532.695007
532.523621
536.287476
536.223022
533.606079
533.425293
530.909302
530.917725
532.688049
537.608032
542.432495
544.430420
542.357422
535.005310
529.518616
529.681335
533.054749
535.693542
535.100159
535.817139
532.397339
531.252563
532.979431
532.643188
536.019470
535.901672
533.185486
533.512024
531.635071
533.026794
534.658691
533.313599
536.122925
535.874512
533.805542
533.047546
529.379822
529.248047
533.232117
541.031677
546.320557
545.960876
540.649597
532.058960
528.116821
530.764282
535.246643
536.331299
534.164795
534.556335
532.238708
532.551392
533.722107
532.141541
535.132324
535.732971
534.257324
533.964355
530.469299
531.731384
534.486938
534.615112
537.114075
534.728088
531.743103
531.890015
530.921570
534.906616
537.507507
536.792664
531.636536
527.276733
527.513733
529.180115
532.254028
534.802612
535.755615
536.233215
534.556152
534.230408
530.718445
531.445007
533.923035
533.957214
536.959412
535.457825
532.588013
532.555176
531.050049
534.261108
536.036194
533.951294
534.962524
533.391479
532.969910
533.603516
531.097961
534.006042
537.279175
537.823730
531.986694
525.155090
523.193665
525.329712
531.244324
536.247742
537.666077
536.721008
533.579163
532.963928
531.050171
533.857971
535.822083
533.668457
534.817688
533.551392
532.935425
533.704285
531.015198
533.324585
535.461182
535.006042
536.034363
532.330994
530.496582
531.777527
532.091675
536.667114
537.281921
535.228638
530.676208
529.407654
533.032104
536.126465
537.486450
534.943237
532.677185
533.733643
534.160950
535.015625
530.843689
531.152893
534.014282
535.911438
538.756592
533.563232
529.242004
530.182678
531.873779
537.843323
538.114014
533.380188
532.790771
531.569092
533.258911
534.157471
531.656433
534.237732
535.560181
535.824463
532.063721
529.093201
530.693726
534.360962
538.241394
538.172241
535.493774
533.414185
531.165649
532.546448
532.527954
536.076050
536.160461
532.858337
533.531311
532.277405
532.957947
533.958191
532.234375
535.825439
536.925537
535.043213
533.926270
529.708740
531.119629
534.838013
535.228394
537.251709
534.762207
531.410461
528.809204
532.138184
539.487793
543.796814
542.981201
537.320312
532.687256
532.384644
532.485107
533.034302
531.506958
535.354675
536.821411
534.788086
533.858948
530.121338
531.135620
534.281921
534.327881
537.188660
536.003662
533.432434
533.327637
530.777527
532.617310
534.311584
533.333557
535.617004
534.126221
532.022644
529.760681
532.112610
538.448425
543.191284
543.515930
537.606689
531.563416
529.992615
530.660461
533.294189
533.717285
537.421997
536.954468
533.783997
532.901489
530.104980
532.169983
534.822449
534.105652
536.198486
534.652649
532.785156
533.032288
530.817383
533.439819
535.335876
534.264160
535.326721
532.393433
531.226990
533.546387
536.602539
536.010986
530.565369
525.245972
522.526001
525.893005
532.543518
535.258423
534.611816
532.963806
535.540894
535.371704
534.190308
534.166077
530.688232
532.078308
534.525452
534.695801
536.899841
534.159668
531.814941
532.692017
532.156921
535.779968
536.247253
533.267578
533.386475
531.605957
532.736755
535.008362
536.069946
533.871704
529.565674
527.347595
526.408447
528.453491
531.872498
533.020874
533.780945
534.472595
537.877563
535.724426
532.263367
531.773132
530.401978
534.336853
536.256531
533.964722
534.039734
531.717834
532.126831
533.991943
532.592102
535.564270
536.482971
534.936890
534.619507
530.595032
530.763184
533.432739
533.369751
533.150879
535.806213
541.819031
544.371155
542.412964
537.408020
532.301147
531.816711
533.678711
535.477356
533.217102
532.050720
532.801941
531.205200
534.717590
536.532593
535.222473
535.123718
531.250671
530.852112
533.082520
533.277588
536.851379
536.217285
533.342163
532.958984
530.506958
532.692017
534.994690
533.157104
531.232605
534.094421
541.669556
545.329895
543.183105
537.342346
532.179199
532.602905
534.884277
535.933594
532.127869
530.573120
532.012146
531.959229
536.126465
536.648193
533.946045
533.377869
530.592346
531.973572
534.258484
533.299255
535.780334
534.992859
533.194397
533.058044
530.249451
532.838562
535.727600
534.662354
532.222046
533.373047
539.365723
543.108154
542.629028
538.351196
533.773010
533.228394
533.621277
534.019897
531.220764
531.600952
533.299011
532.351562
535.565063
535.747375
534.072449
533.724121
530.317932
531.925842
534.758057
534.806946
536.973450
534.316345
531.377136
531.401550
530.304199
534.556580
536.751892
534.861389
535.568176
536.125061
533.772400
525.259399
517.842407
517.998047
526.279663
537.130920
539.927856
535.557617
530.687988
531.190552
533.952393
534.174072
536.637207
534.394409
531.529663
531.978638
530.790405
533.992676
535.704834
534.106018
535.615112
533.660950
532.232971
532.253357
530.343750
534.577576
537.295776
536.095581
535.745667
534.628784
531.789001
525.105164
520.528076
521.720337
528.265564
535.988220
536.794189
533.137329
530.654480
533.250305
535.166321
533.628723
535.373596
534.057312
532.754150
532.855835
530.330505
533.337585
535.872070
535.218689
535.445435
531.353271
530.323425
532.729309
533.123901
536.592896
535.750244
532.623108
533.465576
535.438599
534.454712
527.007568
519.765503
518.798035
526.095642
536.323425
538.722534
534.405151
529.732117
531.683655
535.108582
535.878540
537.133240
532.844482
530.278992
531.857849
532.304504
536.576416
536.680481
533.334839
533.154480
531.192261
532.583984
534.362732
532.840759
535.444153
535.405823
533.951477
533.733398
529.889771
529.028625
532.557739
540.687988
546.527100
546.211548
540.776794
532.049011
527.994629
530.330872
534.424255
535.672424
533.925171
534.914917
532.703796
532.495117
533.512817
531.873352
535.259460
536.496155
535.003845
534.179626
529.834961
530.540466
533.716492
534.512512
537.288452
534.891418
531.770813
531.817932
530.028198
530.924377
534.751038
541.606445
545.721558
544.792664
539.760193
532.024109
528.773560
531.226807
535.705627
536.829834
534.509583
533.541260
529.777100
530.702209
533.883301
533.963501
536.475464
534.814575
532.254395
532.601135
530.671875
533.048950
535.019226
533.967346
535.951965
534.311951
532.631592
532.466736
530.094177
533.783875
537.817627
538.769409
532.581787
524.733521
522.250000
525.018372
532.005859
537.350220
537.801086
535.803406
532.559509
532.885620
531.313232
533.232300
534.652039
533.083496
535.681152
535.292847
533.536560
532.611023
529.378296
532.616089
536.364807
536.261414
536.421875
532.005371
530.078491
531.855896
531.902832
536.172485
538.592896
537.069092
529.598083
522.798157
522.375732
526.536621
533.010803
536.661316
536.755371
535.942261
533.913269
533.085449
529.717468
532.147949
535.664551
535.858154
537.126038
533.407227
530.727722
531.567261
530.959778
535.012634
536.576416
534.517700
534.719971
531.934570
531.816040
533.128967
531.763428
535.099670
536.327881
536.025146
531.859680
528.635132
529.782715
532.916443
536.672424
537.364990
535.521423
534.096619
531.666382
532.034607
530.788757
534.257324
536.107910
534.529602
535.633057
533.404602
532.337158
532.506592
530.361389
534.063293
536.423584
535.744751
535.230286
530.439575
530.309875
533.313660
534.107849
537.280151
535.755005
533.164917
529.473450
529.472656
533.874268
537.811462
539.394714
536.659241
533.418030
532.998230
532.311890
532.780701
530.446716
533.520630
536.054871
535.711243
535.864441
531.297058
530.188232
532.518494
533.045471
536.763550
536.095947
533.270508
533.147461
530.726562
532.348999
534.179260
533.494629
536.625610
535.890015
532.968262
528.960388
530.053833
536.896667
543.513428
545.590210
540.078674
532.843079
530.045593
530.228882
532.818604
532.944275
536.259766
536.092834
533.687195
534.150391
531.860596
532.475830
533.458069
531.981445
535.230774
535.661255
534.266235
533.460449
529.487732
531.397766
534.635620
535.040527
536.731079
533.669128
530.914612
529.299011
532.538025
538.600647
542.455200
542.534485
537.202332
532.303833
531.473206
531.791321
532.962646
531.931213
535.608215
536.246582
534.198364
533.105347
529.234863
531.199036
534.936401
535.198120
536.978699
534.392273
532.218811
532.751038
530.690613
533.122437
534.813171
534.266174
536.255798
533.767273
531.531555
529.751038
532.342102
537.834351
541.739319
541.866211
535.996155
530.261597
529.598633
531.620483
534.796753
534.174622
535.811768
534.341248
532.944336
533.803589
531.317261
532.708374
534.231079
533.759521
536.483887
534.653015
532.191162
531.516052
529.647583
534.158875
537.131897
536.010803
535.242798
530.819397
530.804749
534.409729
537.469238
535.362183
529.195984
525.080994
523.841797
527.455933
532.930481
534.902832
534.729919
533.610779
536.226929
534.998413
533.071838
532.596436
529.944153
533.299500
536.465942
535.966797
536.125610
532.192261
531.325989
533.414185
532.769897
535.551270
535.366699
533.523132
534.378296
531.896484
532.353455
534.143738
535.668213
534.103271
530.511536
528.496277
526.932434
528.130005
531.543640
534.179016
536.100708
535.312927
535.847839
532.504150
531.349426
533.235718
532.326721
534.897156
535.238525
533.726379
534.922607
532.253662
531.688965
532.469971
531.610840
536.171265
537.378601
534.792847
532.478699
528.519775
531.776184
536.415466
535.181335
531.285645
531.958130
539.949890
546.554810
547.049011
540.476868
532.362000
530.540771
532.930237
535.994263
533.885132
531.956055
531.167236
529.746765
535.395325
538.042236
535.799805
533.675720
529.425720
531.586975
535.594971
534.890503
535.808594
533.910889
533.161377
534.583374
531.793091
532.659546
534.165649
533.612854
532.760315
535.032715
540.817749
543.323181
541.627686
537.135132
533.686584
534.509033
535.085083
534.262085
530.331116
531.296265
534.392517
533.857849
535.940979
534.740234
532.955627
533.620972
530.932556
532.038147
533.797485
533.679443
536.961365
535.982361
533.652954
532.409180
529.358704
532.739807
535.673889
534.266724
531.130859
532.803345
540.497925
545.775391
544.829407
538.317383
532.266113
532.293457
533.873657
534.580017
531.015930
531.334106
533.515137
533.695679
536.975891
535.804077
532.938843
532.012146
529.355530
532.571228
535.726318
535.110596
536.209717
533.429749
532.017029
532.771851
530.925171
533.818726
535.390808
534.853760
536.647156
537.006775
533.625549
524.720154
517.876587
518.791260
527.510498
537.581909
538.652649
533.161011
528.860413
531.849426
536.022583
535.824402
536.616028
533.703308
532.208984
533.262817
531.065430
533.149292
534.823059
534.916626
537.197815
534.123779
531.585205
531.417175
530.798889
535.933105
537.438171
534.630188
533.554138
533.596497
533.117004
528.276733
523.035706
521.311646
525.951904
534.335815
537.083923
534.477417
531.210754
532.956665
535.028748
534.862976
536.791382
533.743713
531.259460
531.477539
530.382141
534.604980
536.563477
535.030334
534.868225
531.537415
531.881592
533.709167
532.339905
534.698730
534.657898
533.978943
534.720276
531.110413
529.489075
531.861084
539.332825
545.672119
546.397095
541.489258
532.405884
527.647461
529.761353
534.828979
537.179382
535.158325
534.854797
531.878601
531.916687
533.297485
531.338135
534.307129
535.883423
535.530579
535.417603
530.783752
530.705872
533.303955
533.870483
536.800537
534.935486
532.495972
533.013977
531.117737
531.309387
534.444641
540.933899
544.899292
544.277100
540.168823
533.112061
529.227234
530.057678
533.522583
535.666382
535.595093
536.088013
531.507935
530.281372
532.240295
532.821899
536.892090
536.191345
533.181091
532.642700
530.447021
533.237549
535.554932
534.077698
535.389709
533.572815
532.494873
533.068420
530.230042
529.910461
534.205444
542.445007
546.787720
544.974304
539.267883
531.958801
529.369324
531.554810
535.311096
535.845276
534.363892
534.388367
531.011963
531.847534
533.971130
533.241150
535.621826
534.522156
533.086426
533.370239
530.619385
532.842407
535.111938
534.730042
536.200012
532.979797
530.863770
531.742615
531.475891
536.298645
539.342041
537.556030
528.922241
521.293335
521.395752
526.736816
533.553101
536.362854
535.483948
534.864136
534.121948
534.154358
530.263855
531.280640
533.986450
534.491272
536.726135
533.845581
531.304382
532.111267
531.554565
535.378357
536.537292
534.092834
534.302246
531.927856
532.156433
533.482971
531.692444
535.093994
538.429932
537.963867
529.473877
520.191223
518.328064
524.016724
533.674744
538.958496
538.039185
534.963562
531.980042
531.820129
530.195251
533.809265
536.179810
534.723206
535.360413
532.704895
532.001038
533.033325
531.019226
533.786987
535.323059
534.677673
534.921326
530.776855
530.456116
532.993408
533.669006
537.270752
536.118469
533.381042
529.284546
528.943176
533.223999
537.316345
539.108765
536.307739
532.968323
532.803284
532.472351
533.063110
530.317932
532.555237
534.748413
535.113647
536.737610
532.929749
530.870789
531.724121
531.799377
536.605591
537.191162
533.933228
532.078308
529.009888
532.122009
535.815491
534.537537
535.316345
533.675781
533.296936
531.648682
531.138855
532.603271
534.932495
538.009155
537.812622
535.277832
533.013062
530.228455
530.737854
531.133179
536.358704
537.401489
534.193237
533.012939
530.345703
532.026184
534.273987
532.681580
534.842896
534.772278
533.898132
533.908569
530.371338
531.967834
534.931824
535.181152
536.979065
533.849365
531.030090
529.302979
532.046875
537.361633
540.888184
541.117615
536.411438
532.014465
531.422668
531.552002
532.576233
531.384888
535.086182
536.097656
534.673218
534.065735
530.182190
531.362549
534.304138
534.376709
536.684631
534.639343
532.362976
532.428589
530.533508
533.823608
536.061951
534.666504
535.072510
531.926208
530.622375
530.271790
533.134094
537.491272
540.483337
541.197021
536.831848
531.998108
530.553406
530.870972
533.038635
533.178406
536.672852
535.828491
533.166626
532.444214
529.772034
532.680725
535.518677
534.508972
535.556824
533.373413
532.689697
533.556946
531.052490
533.374695
535.263123
535.238281
536.151489
531.936035
529.958313
530.194702
534.435059
538.994995
540.305420
538.425232
532.752075
529.322510
530.742493
533.342163
535.347656
533.174255
534.488464
533.781067
533.521423
533.913574
530.431274
532.290710
534.926208
535.225220
536.460144
532.469849
530.688721
532.304810
532.132935
535.874451
536.163208
533.757446
533.615173
530.755005
531.613342
533.913269
535.571289
533.875366
530.319885
528.783325
527.630005
528.686829
531.513123
533.618530
535.709595
535.764282
536.884460
533.127808
530.831482
531.862732
531.142639
534.894165
536.052673
533.934387
534.186523
531.747009
532.143677
533.410828
531.674866
534.666992
535.522339
534.625122
534.245117
530.133545
531.373291
535.159424
537.776855
534.667297
528.670959
525.878967
525.905701
529.445862
533.383728
534.920532
535.597412
534.462524
535.550232
532.640015
531.598511
532.549561
531.419434
535.189026
536.519470
534.969543
534.416565
530.364563
530.834229
533.622864
534.032898
537.006409
535.276794
532.316284
531.939758
530.007385
533.371033
535.823914
533.539185
530.646423
533.503235
542.426208
547.492065
545.146545
537.379700
531.097961
532.007874
534.934082
536.104980
531.814026
530.657227
532.542053
532.798340
536.695068
536.183838
533.012756
531.863159
529.077942
532.030701
535.569580
535.215271
536.716919
533.948242
531.662415
531.891846
530.095764
533.668945
536.284302
534.593384
531.153992
532.266357
539.394287
544.488098
544.349182
538.903931
533.135071
532.321838
532.894714
533.550354
531.178528
532.759399
534.692444
532.988098
535.020020
534.701050
534.121704
534.352478
530.419250
531.346069
533.646912
534.522522
537.387634
534.539307
531.718567
531.509949
530.412354
534.867737
536.844788
534.281311
530.174561
531.517456
539.042664
544.397339
544.082336
538.492981
533.513184
533.559692
533.813965
533.033264
529.442444
531.883179
535.488220
535.177124
536.100769
533.176208
531.809021
533.337830
531.937927
534.224365
534.994934
533.666565
535.329956
533.147583
532.159668
532.457764
530.976013
535.135132
536.872437
535.222290
534.698303
533.969177
532.123901
526.652588
522.052979
521.473755
526.801575
535.213135
537.684692
534.653442
530.800415
532.097290
533.840332
533.789917
536.328491
533.944641
531.863220
532.250610
531.658508
536.268494
537.562866
534.395203
532.721008
529.572144
531.768860
535.188171
533.953369
535.271240
534.455200
533.822876
535.457520
535.424438
531.718262
524.583374
520.446960
521.824524
528.769165
536.285217
536.479431
532.454407
530.020691
534.124268
536.391113
534.508606
534.120972
531.102173
531.818909
534.136536
532.718567
535.233398
535.846619
534.783325
534.536804
530.158630
530.181702
532.647217
533.462158
537.120605
535.666077
533.065613
532.989929
530.750793
531.100403
534.349670
540.218384
543.291687
542.623596
539.658630
533.950012
530.664490
531.201721
534.058899
535.554810
534.933716
534.884583
530.451538
530.080566
532.639099
533.069641
536.480591
535.676270
533.583252
533.792603
531.209167
532.690369
533.823242
532.423645
535.013794
534.552856
533.912476
533.667114
529.652710
528.797485
533.972290
543.725952
548.486328
545.530212
538.192017
530.220215
528.477661
532.188293
536.561646
536.372009
533.792603
533.233582
530.325378
532.020264
534.343689
533.364380
535.674927
534.883667
533.680847
533.604492
530.292114
532.306335
534.893433
534.703918
535.990906
532.851257
531.508057
532.694458
531.755981
535.447693
538.133362
537.079407
529.405029
521.826721
521.172668
525.819458
532.746094
536.380371
536.370728
535.777771
534.120483
533.185486
529.330444
531.439880
534.965332
535.239197
536.679077
533.484131
531.527649
532.537109
531.434937
534.680969
535.839417
534.007629
534.698730
532.507507
532.919678
534.049744
531.814392
534.450378
537.313965
537.148376
529.505432
520.901489
519.303894
524.823303
533.910156
538.509521
537.317139
534.344788
531.874268
532.134949
530.615234
534.042603
536.117310
534.559753
535.262695
532.745728
532.096069
532.576660
530.393555
533.738647
535.839905
535.184814
535.035034
531.083313
531.558594
534.066956
533.458862
535.957031
537.250977
535.607300
527.612732
519.872009
519.174133
525.243774
534.226807
538.193237
536.832153
534.260681
532.486938
532.073608
529.731201
533.742371
536.830078
535.778381
534.942749
530.599243
530.668945
533.442078
533.132507
535.639343
534.851013
533.065552
533.768188
531.350159
532.761108
534.365906
533.070679
535.300293
534.409180
533.433472
531.036682
531.036194
534.405090
538.144775
539.982910
536.746460
532.715210
531.889893
531.657471
532.693726
531.299988
534.646179
536.055115
535.055664
534.880554
530.776245
530.954346
533.312744
