516.883118
516.883118
516.913940
516.963806
516.174316
514.710815
516.597107
525.141907
539.084900
549.643799
543.283569
525.236450
517.554016
526.513489
542.071167
550.175842
539.888306
522.390015
518.357361
528.499451
543.307312
555.588745
555.285217
538.683716
520.997925
518.779175
530.548279
545.618713
549.370667
534.650940
518.893555
520.026733
533.631042
547.047119
547.106750
531.535522
518.790771
521.846130
535.242981
548.166016
546.474792
529.153076
517.287109
523.004761
538.390442
549.709290
543.775146
525.796204
517.575867
525.481995
539.906555
552.466675
554.637878
541.396301
523.300781
517.467773
526.860901
542.594910
550.521912
539.276184
521.387024
518.319336
530.003906
544.524597
548.798462
535.703735
520.069214
519.493042
531.787537
546.402832
549.220764
533.918884
518.528992
520.160217
534.132507
547.616028
546.630127
530.202454
518.367432
522.756775
536.120300
550.356750
556.844360
547.202576
527.952576
517.514465
523.498657
538.783203
549.881653
542.902405
524.702942
517.765930
526.841858
541.502136
549.312561
539.839966
522.877747
518.438477
528.428406
543.326843
549.977295
538.097961
520.961975
518.979675
531.333435
545.822205
548.490784
534.035034
519.633606
521.057800
533.527283
546.280457
549.419312
539.524963
524.863953
517.194031
521.983826
535.877930
548.752869
546.028198
528.437744
517.598694
523.771484
538.289734
548.918213
543.523804
526.451660
518.097229
525.324158
540.225342
550.223633
542.001465
523.488098
517.269531
527.288452
542.445923
549.277222
538.342468
521.884949
519.316162
530.049744
543.644470
551.585205
547.386963
532.354248
519.042358
519.378418
531.945923
546.591309
548.532410
532.980469
518.850464
521.531738
535.000000
547.376038
546.148804
530.163940
518.263611
522.490601
536.839600
549.272766
545.464844
527.399048
517.070801
523.972412
539.146179
549.404602
542.593689
525.402893
518.521851
526.638672
541.182129
550.092407
539.830505
517.696350
507.569885
514.787048
529.187927
544.498474
550.161682
537.176636
520.402832
519.343262
531.480408
545.126404
548.032715
534.402893
519.686401
520.319458
533.348511
547.520752
548.301514
531.799561
517.794434
521.392029
536.136353
548.797668
545.951416
528.866211
518.002197
523.407043
537.702393
549.209961
544.867432
526.785767
513.595825
514.430115
525.371887
541.009949
550.593384
541.670654
523.508301
517.953430
527.617676
542.014404
549.133484
539.003174
522.277039
518.705872
529.602234
544.761658
549.910217
536.184570
519.421265
519.107300
532.290588
546.483398
548.235229
533.349548
519.454895
521.322021
534.242920
547.640747
547.714050
528.940369
509.257568
507.841766
521.208618
537.858337
549.606812
545.129150
527.397827
517.876099
524.632019
538.830322
548.966614
542.886719
525.514587
517.687622
525.904175
541.466431
550.495667
540.358215
521.719910
517.267944
528.719116
543.987671
549.699158
537.480408
520.843079
518.891663
530.759399
545.650574
549.715149
532.994568
509.968262
504.806854
517.420593
534.362854
548.153564
547.840332
531.068176
517.944641
521.763245
535.502869
547.844727
545.912292
529.258667
517.841858
523.085999
538.018616
549.547913
543.714417
525.354370
517.003113
525.415894
540.410217
549.408997
541.345886
524.201721
518.351807
527.290222
541.934143
549.651428
539.201538
521.739258
516.624084
522.155701
531.856812
544.777527
549.259583
535.930664
520.201172
519.780701
531.739197
545.667419
548.662415
534.469238
519.558960
520.386902
533.680847
547.542297
546.924438
530.128113
518.063782
523.079529
537.273499
548.662964
544.992676
528.245483
518.204895
523.743042
537.953796
549.184814
543.658386
524.814575
512.925171
515.673584
526.907043
541.343689
549.384644
539.880005
522.667542
518.122070
528.139343
542.965271
549.846436
538.475891
521.128418
518.226257
530.140198
545.191895
548.693970
534.212097
519.119080
520.516174
533.715820
546.983337
547.582703
532.070251
518.273193
520.550720
534.498291
548.404724
547.110657
529.818909
518.427673
522.589233
530.815857
540.111267
549.068542
543.705261
525.957886
517.308472
524.936584
540.173889
550.556091
542.915405
524.084229
516.666077
526.370667
542.695496
550.563904
539.000122
521.039001
518.103943
530.013489
544.861938
549.326050
535.823914
519.442444
518.936401
532.173889
547.160889
549.225098
533.163635
518.721924
520.737793
528.699768
537.187805
547.276123
545.977356
529.673828
518.016479
522.635437
536.790894
548.997009
545.495544
527.609436
516.988403
523.856750
539.521667
550.114319
542.870361
524.899536
518.054260
526.816406
541.083252
549.057678
540.149902
523.184082
518.250488
528.168762
543.426941
550.161743
537.909180
520.820435
518.013794
524.538879
533.269653
544.805908
548.263855
535.013184
520.340027
520.465332
532.319214
545.899719
547.733032
532.584717
518.536682
521.037354
535.013000
548.132446
546.360107
529.627380
518.418396
523.294739
536.854919
548.294128
544.767334
527.861023
517.913574
524.339355
539.725098
550.362732
542.522705
524.068787
516.980225
522.801758
531.756897
543.033875
549.526245
539.179443
522.196106
518.495361
529.141113
544.280029
550.133606
536.963562
519.668884
518.633545
531.960999
546.748108
548.541748
532.880127
518.435486
520.861755
534.476318
547.577332
547.062805
530.657043
517.747314
521.823303
536.548035
548.959106
545.064270
527.531006
518.648682
524.667908
532.638428
540.679443
548.460815
542.888000
526.077942
518.151794
525.444153
540.038818
549.594604
541.353516
523.590698
518.008606
527.986877
542.934509
549.449585
538.195679
521.776001
519.134094
529.855591
544.232239
549.231384
536.196716
519.948181
519.274719
532.314209
546.886292
548.119385
532.367798
519.009644
519.823914
525.728821
534.955688
546.983948
546.270752
530.012207
518.482544
523.049316
537.458130
549.678894
545.044922
526.463867
516.826233
524.787170
540.361633
549.987610
541.915649
524.155945
518.015686
527.265381
542.068298
549.936523
539.799744
522.318481
517.636108
523.560303
530.912903
541.546021
552.893677
553.638855
539.070435
521.408386
517.616394
528.546387
543.563843
549.601135
537.844116
520.950012
518.406067
530.290039
545.594238
549.631836
534.687500
518.212585
519.425842
533.932739
547.931091
547.855774
531.506836
518.150208
521.500000
535.048096
547.539490
546.038940
529.405518
517.729858
523.174072
538.144531
549.411377
544.585144
526.799438
514.215759
515.575317
526.078064
539.834717
548.692200
541.627686
524.882263
518.452087
527.055969
541.799744
549.382996
538.610352
522.124023
520.259216
530.533691
542.933533
547.747925
536.336975
521.398315
520.433594
530.832214
543.694946
547.838501
535.314148
520.506592
520.658569
533.275085
546.783447
549.307312
537.974548
523.090698
516.477295
521.888245
535.426086
548.152344
546.111145
528.952332
517.337402
522.733276
538.179443
550.209229
544.120605
525.184326
516.892273
525.952087
541.467957
550.159180
541.154968
523.396423
517.612427
527.166260
542.421204
549.330566
537.059692
520.121765
519.702209
532.509644
545.704590
550.895569
543.591919
528.296082
517.858643
520.574524
532.673645
545.837097
547.729614
533.157715
519.311707
521.504089
535.049744
548.009216
546.417175
529.428650
517.525879
522.648132
537.365967
549.250549
545.025818
527.323914
517.162598
523.609009
539.071350
550.330078
543.134399
524.193542
517.013428
527.174133
543.042664
550.352661
537.757751
515.348816
506.945007
515.832214
530.046509
544.074219
549.386597
537.079834
520.706604
519.431335
531.662109
545.798279
548.153748
533.330383
519.173706
521.620422
534.758850
547.022156
546.639893
531.272339
518.665771
521.837952
535.594727
548.222595
545.354736
527.937256
517.742126
524.471375
538.764648
548.641113
542.890137
525.155029
513.988770
516.635437
526.834106
540.152588
549.109375
541.452393
523.923462
517.659363
526.989014
541.991882
549.162903
538.330933
521.759766
519.280518
530.223694
544.004395
548.656311
536.143494
520.260010
519.596741
532.474365
546.706360
547.985229
532.266113
518.380371
521.595642
535.499695
547.763184
546.283020
528.192566
510.513031
509.717957
521.904236
537.351868
549.098999
545.032776
527.035156
517.161743
524.655579
540.015747
549.625732
541.550354
523.784668
517.885498
527.171326
541.387634
549.257324
540.212219
523.029663
518.030151
528.155579
543.495789
549.770142
537.132874
520.113586
518.781555
531.149048
545.526672
549.096130
532.981018
511.000153
505.957947
517.514771
533.482117
547.701050
548.399719
531.347961
517.375000
521.802979
536.703857
548.425476
544.719238
527.932373
518.390808
524.601379
538.326355
549.042114
544.192505
526.474548
517.238831
525.044861
540.746948
550.310181
541.568298
523.508789
517.951965
527.922241
542.702698
549.853027
537.860291
516.019104
507.684753
515.872253
529.651917
544.362122
549.823364
536.413513
519.547302
519.091064
532.349304
546.708435
548.428101
533.101379
518.781555
520.842590
534.237671
547.536621
546.915894
530.075562
517.316589
522.115845
537.244873
549.390564
544.871216
526.872925
517.544373
525.025696
539.550171
549.217712
542.578857
524.103760
512.933899
515.743958
526.729919
541.496216
550.209839
540.477356
522.377502
517.933167
528.863098
543.545776
549.150146
537.332642
521.067627
519.085999
530.569824
545.130188
549.288513
535.320923
519.341675
519.735901
533.299988
547.482971
547.993042
531.846863
518.587158
522.003174
535.451355
547.826599
546.457336
527.957520
510.056427
509.327911
522.033020
538.349548
549.816833
544.365295
526.165833
517.437195
525.359741
540.084595
549.193665
541.424194
524.196228
517.949097
526.799500
541.765625
549.920715
539.585144
521.778870
518.102356
529.556274
544.303772
548.945679
536.067383
520.440369
519.900757
531.740479
545.392761
548.249512
534.113220
520.024719
520.830078
527.854980
536.439453
547.493042
546.995422
530.205017
517.815552
522.643066
536.742432
548.338867
545.291809
528.636902
518.108398
523.698059
538.459656
549.850586
543.803101
525.379761
517.310974
526.099182
541.226135
549.560486
540.513855
523.486572
518.634033
528.180969
542.750549
549.937439
539.052063
521.866211
517.238403
522.587646
531.950012
544.880615
548.878540
534.799622
519.337097
519.967163
532.614014
546.139282
547.894775
533.176147
519.064697
520.808105
534.426636
548.117920
546.941223
529.647644
517.561829
523.031189
537.804626
549.016235
544.261963
527.070251
517.940063
524.531372
539.028137
549.573730
542.849609
524.902832
517.408691
523.107483
532.096680
543.183105
549.708252
539.322571
521.922607
518.179016
528.816345
543.177063
548.975159
537.371765
521.072693
519.079285
531.048584
545.874939
548.898499
533.796692
518.570312
520.242737
533.690857
546.946594
547.281433
531.830566
518.637512
521.440918
535.418701
548.754578
546.556824
528.854309
517.710449
522.191833
530.829163
540.619080
549.393677
543.334473
525.707886
517.989990
525.953552
540.575806
550.084595
541.956421
523.526062
517.082153
527.231384
543.035095
550.159119
538.501831
521.058716
518.506897
530.193787
544.562683
549.059875
536.302185
520.453491
519.420593
531.754822
546.505981
548.915283
533.334290
518.693542
519.072021
525.804871
535.428650
547.277344
546.446655
529.843201
518.036987
522.778320
536.951904
549.031555
545.546326
527.724915
517.075623
523.980103
539.757751
550.290466
542.723145
524.493103
517.757263
526.754578
541.111145
549.189880
540.335327
523.138672
518.101196
528.278687
543.534912
549.956848
537.765991
520.922852
517.942688
524.253479
533.263367
545.139832
548.261047
534.211731
519.319824
520.206665
533.039001
546.826721
547.919434
531.940125
517.998901
521.473572
536.101501
548.701477
545.765808
528.444580
517.747620
523.693176
537.861694
548.775574
544.028381
526.623291
517.506958
524.807495
539.972046
549.820557
541.520142
523.394958
517.940308
526.416565
536.391418
545.575562
549.774963
538.969971
522.156616
518.529236
529.200378
544.100586
549.729675
536.872375
520.162476
519.295898
532.180298
546.327820
548.030273
532.970886
518.945374
521.020264
534.095581
547.313354
547.397461
531.195557
517.915283
521.645447
536.404297
549.060364
545.278809
527.489258
517.817627
522.633057
530.258057
539.598877
548.560181
542.738342
525.414490
517.766357
525.740356
540.684814
549.924561
540.884277
522.708435
517.716614
528.508240
543.554932
549.710327
538.181519
521.752441
519.401306
530.309204
544.375916
548.900940
535.715454
519.782410
519.608337
532.762146
547.041748
548.058777
532.266113
518.991882
519.977234
525.787537
534.611633
546.517639
546.171753
530.059326
518.148743
522.512817
537.175537
549.707397
545.305115
526.875610
517.247925
524.919067
539.787964
549.090332
541.756104
524.722229
518.269104
526.842590
541.545471
549.882812
540.097168
522.202820
517.766296
528.964478
544.323303
549.524597
536.527466
520.489868
519.703979
530.374756
542.486206
551.434937
549.938416
534.433472
519.232239
519.776733
533.282532
547.746033
548.022583
531.134827
517.705627
521.911377
536.422241
548.625549
545.740540
528.842285
518.042664
523.483521
537.994690
549.397644
543.920776
525.728210
517.077026
525.298279
540.542114
549.581055
541.133789
524.058655
518.935242
526.465149
535.945984
545.472595
549.948914
539.003601
521.797668
518.124634
529.506775
544.870300
549.571533
535.798096
519.853516
520.063416
532.793884
546.340576
547.957581
533.088135
518.825439
520.527771
534.167908
548.035522
547.203430
529.871338
517.316711
522.558167
537.527832
549.094543
544.555115
527.126526
517.707886
524.290955
538.604492
552.893677
557.450989
544.566345
524.457581
516.774048
525.954346
542.160828
550.901978
540.658386
522.651062
518.356201
528.901428
543.419556
549.529785
537.997192
521.070007
518.322815
530.144836
545.509460
549.440491
534.591431
518.539673
519.547485
533.215515
547.002380
547.603333
532.028503
518.832947
521.702332
534.795105
549.519104
557.112915
548.534973
528.765991
517.166016
523.112488
538.413757
549.572388
543.790466
526.144836
518.013428
525.681152
539.962769
549.233887
541.803528
524.504395
518.124146
527.305115
542.562927
550.146362
538.967957
521.234924
518.231323
529.918274
544.450623
549.052979
536.475403
520.834961
519.645508
531.017761
546.268311
556.904663
552.461365
533.436768
518.284546
520.770325
534.968750
548.102112
546.822449
530.234253
518.077454
522.404419
536.312256
548.362915
545.359009
528.074768
517.362671
523.895203
539.527527
550.252869
542.858093
524.350098
517.276611
526.556152
541.503113
549.697144
540.510437
523.098022
517.939392
527.658875
543.471130
557.043945
556.730286
538.579895
519.809753
518.659180
531.825378
546.262695
548.669067
534.039307
519.249268
520.509583
533.396057
546.894592
547.955933
532.324463
518.495667
521.647949
535.891479
548.363464
545.652649
528.668274
518.057373
523.760315
537.518127
548.291992
544.149231
527.591553
518.449280
524.692322
538.777893
552.361328
555.514709
542.248962
523.683960
517.954895
527.422058
542.256836
549.812866
539.854858
522.765442
518.415466
528.582825
543.662292
550.180176
538.023438
520.664185
518.655518
531.563660
546.661194
548.968872
533.585266
518.729187
520.502869
534.182129
547.904907
547.626953
530.907471
517.739685
521.661682
535.945496
551.053833
557.506165
547.132568
527.087952
517.011230
524.008057
538.851440
549.336304
543.667908
526.359131
517.843750
524.975098
539.778564
549.698730
541.750122
523.833618
517.867310
528.044800
543.718872
550.405273
538.341003
520.979980
518.431580
530.206238
545.137756
549.579346
535.950134
519.716492
519.113953
531.954346
546.429993
550.711487
540.666565
524.784912
516.321777
521.401123
534.962585
547.100464
545.500305
529.548462
518.241516
523.402832
538.797791
551.279541
546.075989
526.883179
516.828857
524.545471
540.107971
549.953125
542.099060
524.261414
517.719849
526.399963
541.108093
549.956909
540.908386
523.048218
518.064026
528.793823
543.879700
552.716675
548.516113
532.890747
519.105591
519.553040
531.658264
545.455261
548.470886
534.709900
519.868286
520.433167
533.439087
547.406372
547.626343
531.076416
518.067688
522.241821
536.100830
547.770508
545.103516
528.964111
518.718323
523.889343
537.736206
549.068787
544.168579
526.294067
517.257629
524.941467
539.975586
552.689514
554.222412
540.512024
522.917236
518.122253
527.562500
542.223511
549.947449
539.971802
522.632141
518.410400
529.463013
545.052917
550.153809
536.285706
519.478882
518.867859
531.828857
546.227295
548.209900
533.243958
519.083679
521.022583
534.628174
548.243774
547.091309
529.516541
516.998535
522.343811
537.348389
549.185181
545.765320
528.849426
515.581726
515.575623
525.325378
539.324036
549.252930
542.880676
525.186279
517.477051
526.204590
541.746948
550.174011
540.098267
522.394409
518.341003
528.963135
543.326538
549.330750
538.135376
521.744385
518.986084
530.213989
545.311035
549.742493
535.322632
518.879517
519.424683
533.308716
547.274292
550.137390
539.546997
524.575989
516.889038
521.589966
535.259277
548.473206
546.647339
529.010864
517.208557
523.406067
538.977539
549.940063
543.517883
525.410339
517.611023
525.969727
540.385681
549.275391
541.559326
524.203247
517.900269
527.153015
542.326355
549.888000
539.015991
521.638977
518.588013
530.042236
544.656799
549.593811
535.003723
513.150330
507.098999
517.361206
531.790710
545.726501
548.726868
533.195190
517.913696
521.443298
536.511353
548.220825
545.723083
530.309692
518.844177
521.418396
534.862732
549.065002
546.751160
527.872131
516.497070
523.782898
539.717102
550.239014
543.019836
524.633911
517.182190
526.459961
542.124451
550.630920
539.580872
517.460144
507.960907
515.570801
529.246887
543.602051
549.919922
538.065857
520.749329
518.719971
531.355591
545.918823
548.660400
534.336609
519.602722
520.619995
533.122192
546.462219
547.993774
532.891296
518.569885
520.606934
534.710083
548.237793
546.357239
529.095032
517.713989
523.301270
537.776611
549.168213
544.866699
526.190063
512.135071
513.288147
524.401001
539.491394
549.932495
542.586792
524.196350
517.424072
527.031799
542.189819
549.701416
539.451294
522.360962
518.362854
528.695862
543.763733
550.225281
537.751770
520.067932
518.022095
531.167542
546.692505
549.186646
533.379883
518.114319
520.262634
534.347351
547.878357
547.756287
529.159363
509.172089
507.117340
520.192444
537.054443
549.715210
546.096130
527.889771
517.409912
524.402832
539.348267
549.365784
542.711609
525.334351
518.032776
526.125061
540.681213
549.810364
541.346924
523.373535
517.695374
527.988159
543.354187
549.826660
537.965576
521.218079
519.257080
530.716736
544.685913
548.792786
535.710022
520.796753
519.990723
526.186401
534.689880
546.839661
548.612427
532.557678
518.265076
521.408997
535.529846
548.111084
546.433167
530.049316
518.134338
522.273376
536.597412
549.332275
545.691040
527.434631
516.931519
524.060852
539.811340
550.248047
542.695190
524.485901
517.373779
526.281067
541.567505
550.120056
540.364563
522.074280
514.966553
519.747070
530.460449
544.899475
550.463135
536.740723
519.483459
518.854431
532.237366
546.755249
548.871216
533.701111
518.580750
520.030151
534.088928
548.415039
548.052917
530.625305
517.253601
522.111755
537.364502
549.375244
545.226257
527.601257
517.605896
524.131409
538.732971
549.796570
544.447693
525.040344
511.497681
513.569885
525.690613
541.297546
550.216675
540.821777
522.910828
518.129333
528.451172
542.921326
549.236389
538.103882
521.288574
518.304443
529.644714
544.891968
549.817871
535.976440
519.591614
519.734558
532.958618
546.729553
547.849121
532.700745
519.054016
521.287720
534.525940
547.829346
547.200989
530.406494
518.309265
521.919434
530.112122
539.602539
549.498474
545.154053
527.164246
517.609253
524.741699
539.504883
549.703552
542.910156
524.826843
516.922607
525.721558
542.008911
551.091003
540.587463
521.847412
517.288391
528.634705
544.178650
549.999573
537.426453
520.559448
518.674744
530.837708
546.078247
549.809143
534.761597
518.714722
517.638611
524.319763
534.753540
547.806702
547.858154
530.630188
517.381775
521.680176
536.354675
549.148010
546.389771
528.430969
516.755554
523.123474
539.327820
550.960876
544.066406
524.719482
516.519775
525.916138
541.625061
550.295410
541.109009
523.200928
517.658447
527.646240
543.076050
550.342773
538.697876
521.030090
517.237793
524.009888
533.518616
545.369568
548.815735
534.998535
519.684692
520.230103
532.842346
546.445374
548.174683
532.874817
518.278992
520.725220
535.302063
548.689087
546.547668
529.116089
517.681213
523.443665
537.845703
548.812378
544.292297
527.187622
517.830994
524.458191
539.163147
549.644836
542.725708
524.809570
517.793945
524.057983
532.727783
542.816101
549.168640
539.744141
523.007324
518.643860
528.396179
543.055786
549.825806
538.210266
520.894409
518.373169
530.658875
545.843384
549.221375
534.626587
519.434326
520.497925
533.478394
546.970398
547.839722
532.326477
518.469177
520.962341
535.286011
548.988159
546.665710
528.609680
517.249573
521.158447
528.999329
539.054688
549.168213
544.192871
526.408325
517.668945
525.197327
540.321228
550.161926
541.671143
522.912170
516.807312
527.580627
543.527954
550.234741
538.239868
520.883240
518.532166
530.293518
544.621948
548.911072
535.786743
519.797424
519.248169
532.266541
547.012390
548.663147
532.592041
518.426941
519.596741
526.509033
535.569702
546.809204
546.182678
530.127136
518.154663
522.562622
537.107422
549.496155
545.507507
527.288696
517.124756
524.492065
539.802917
549.616394
542.155518
524.510803
517.826538
526.549805
540.995361
549.284912
540.273132
522.733215
517.735901
528.381958
543.846313
549.897461
537.338074
520.493103
519.087280
529.960327
541.937439
550.649292
549.610718
534.708618
519.636658
519.835510
532.816650
547.296082
548.422974
531.934326
517.667847
521.221497
536.044373
548.738647
546.087463
528.957886
517.641113
522.831421
537.414734
549.449219
544.873230
526.431885
516.551270
524.488037
540.831604
550.925354
542.032532
523.294922
517.561279
526.148865
536.382507
545.886292
550.381409
539.255005
521.455017
517.413818
529.061218
545.073975
550.353638
536.203674
519.033813
518.973694
532.630066
546.669739
547.964600
532.610657
518.293457
520.553467
534.483643
548.178955
547.617371
530.385376
517.046997
521.863464
537.286438
549.335571
544.826050
526.995911
517.443359
524.444946
538.930847
552.966797
557.266541
544.471985
524.809570
517.364990
526.102600
541.465332
550.002197
540.241821
522.464905
518.331848
529.144409
543.405212
549.131531
537.852966
521.569824
519.059631
530.271667
545.058411
549.532043
535.482727
519.220459
519.567200
533.095642
547.224426
548.090027
532.271057
518.653137
521.382507
534.150696
548.259399
556.056274
548.777100
529.727966
517.258179
522.055481
537.482971
549.985779
545.018921
526.451904
517.171204
525.065918
540.091309
549.641724
542.023682
524.030579
517.065002
526.395020
542.313171
550.894836
540.112549
521.279053
517.237488
529.507690
545.099854
549.638550
535.996033
519.710999
519.144897
530.596863
543.567810
552.634338
550.159180
533.301147
517.992920
520.006226
534.631042
548.402344
547.237366
530.067017
517.636292
522.567078
536.785889
548.420654
545.226013
528.218079
517.695435
523.923706
539.039368
550.024719
543.459351
524.888367
517.168884
526.420959
541.451233
549.464417
540.413513
523.442688
518.609009
527.932861
542.565369
555.547791
556.199158
539.581787
521.068787
518.620483
530.547668
545.092285
548.832764
535.214722
520.006836
520.398132
532.689514
545.964294
547.974915
533.582153
519.188354
520.612427
534.374146
548.349609
547.384338
530.057007
517.548828
522.432922
536.930176
548.784241
545.125000
527.828918
517.579285
523.747131
538.557739
552.933350
556.791687
543.666199
523.802124
516.404663
525.984131
542.099426
550.398376
540.298950
522.608032
518.093933
528.488403
543.466309
549.953247
537.897461
520.236267
517.924561
530.866638
546.311462
549.410767
534.357788
518.912231
520.388916
533.922913
547.211548
547.480347
531.685669
518.107849
521.093506
535.108521
550.444397
557.557312
548.132568
528.109619
516.974792
523.509521
538.648987
549.162109
543.424438
526.271973
518.094666
525.420349
539.801086
549.601746
542.250916
524.175964
517.309021
526.937012
542.582642
550.214905
539.476318
522.241211
518.877563
529.589111
543.751221
549.090271
537.052551
520.712280
518.725586
530.340149
546.442017
557.884583
553.764771
534.278931
518.306152
520.234192
534.171570
547.554382
547.183228
531.074646
518.238464
521.730103
535.735962
548.692139
546.213623
528.278625
516.773865
523.372620
539.306641
550.393738
543.659973
525.107849
517.066406
525.848572
541.303650
550.382812
541.417542
522.953064
516.982544
527.564270
543.433533
553.865051
551.117065
534.942444
518.929688
518.185303
530.856934
545.270386
548.554871
534.790527
519.577209
520.052734
532.932556
546.905945
548.336304
532.369995
517.901367
521.185852
535.843018
548.411438
546.086304
529.336121
518.151306
523.275391
537.083679
548.505493
544.835815
527.527344
517.454712
524.042542
538.767090
552.326721
555.411499
542.326782
523.795471
518.009277
527.324585
541.747864
549.406555
540.023682
522.798767
517.960693
528.163025
543.519653
550.173279
537.838989
520.398560
518.695679
531.345886
545.787842
548.605286
534.251099
519.254761
520.076721
533.017395
547.156067
548.540771
532.271362
517.363647
520.356384
535.796387
549.330688
548.082825
532.879883
518.411621
515.434326
523.878479
538.256165
549.203369
543.984314
526.051819
516.862549
524.718872
540.634338
550.654541
541.931274
523.305237
517.537659
527.924561
542.843933
549.394226
538.531555
522.067322
519.354553
530.200500
544.370789
549.333618
536.319397
519.720215
519.086182
532.002808
545.794922
550.438232
542.313110
527.567688
518.494934
522.108459
534.341797
546.516052
546.288269
530.977295
518.812317
522.507507
536.425781
548.884399
545.607483
527.967529
517.781982
524.344360
538.596130
548.751404
543.059998
526.175598
518.315186
525.770935
540.485046
550.041138
541.448120
522.985535
517.231262
527.898193
543.331299
553.219055
550.445007
535.092346
519.992310
518.833191
530.360168
544.895325
549.248474
535.555847
519.287231
519.422302
533.446838
548.132507
548.549622
531.668335
517.647095
521.339905
535.624268
548.032166
546.106689
529.613464
518.179871
523.124023
537.330627
548.767578
544.014160
526.114929
517.132935
525.289429
540.490967
549.793274
541.757751
522.352783
511.967133
516.362793
527.471252
540.884399
548.928833
540.049744
522.918396
518.371948
528.943848
543.875366
549.464417
536.942871
520.440063
518.956482
530.587280
544.596130
548.488220
535.302612
520.093201
520.029846
532.821350
547.063538
547.928406
531.572449
517.859070
521.654419
536.111633
548.389526
547.294373
533.107910
519.245667
515.812256
523.294861
537.644836
549.524536
544.647156
526.030762
516.469177
524.971375
541.346680
550.707825
541.247986
522.799438
517.463074
527.956299
543.136108
550.234070
539.352600
521.716248
517.960999
529.623291
545.229370
549.795349
535.444580
518.965759
519.473511
532.835327
546.545776
548.355042
531.313477
510.242584
506.640137
518.965698
534.751648
547.722961
547.189209
530.607666
518.000061
522.827271
537.537109
549.019470
544.685059
527.446716
517.935120
524.339050
538.463196
549.140747
543.611755
525.997864
517.766663
525.885620
540.973633
549.723450
540.479309
522.869019
518.294189
528.773071
543.441895
549.876221
536.996277
514.926208
507.134521
516.158447
530.561951
545.155334
549.664001
535.606323
519.272888
519.697876
533.241455
547.030273
547.701477
532.056885
518.316467
520.902893
534.682495
548.155884
547.083923
529.801270
517.182861
522.358643
537.810425
549.765442
544.541931
526.265869
517.139404
524.823853
539.763245
549.653748
542.185852
522.384583
510.975342
514.903198
527.174438
542.439514
550.408203
539.337158
521.030579
517.832214
529.966309
544.608521
548.950500
536.026062
520.197571
519.535278
531.751526
545.966980
548.931885
534.049194
518.525391
520.168579
534.291077
547.628784
546.897278
530.724304
518.452820
522.536804
535.987854
547.845703
545.735107
527.246887
510.289093
510.249481
522.885864
538.791443
549.567017
543.426758
525.421936
517.672607
526.130981
540.510376
549.007874
540.921875
523.937134
518.271362
527.434998
542.267151
549.979187
539.210388
521.536011
518.364929
529.998657
544.549072
548.928772
536.059204
520.725403
520.238342
532.015381
545.929138
548.728638
533.971069
519.640320
520.719849
527.876038
536.453857
547.573853
547.061096
530.199463
517.743347
522.522949
536.794128
548.497742
545.163147
528.302429
517.951111
523.796326
538.640259
549.770752
543.303589
524.841553
517.079346
526.079529
541.246887
549.522278
540.388184
523.325745
518.422546
527.944092
542.547974
549.701904
538.789673
521.607544
516.933838
522.419617
532.240906
545.481934
549.288513
534.960449
519.523926
520.176208
532.698242
546.019348
547.495789
532.589905
518.650940
520.932861
535.032715
548.580811
546.745361
529.186462
517.431580
523.013489
537.607544
548.908081
544.387756
527.193481
517.913025
524.458862
539.039429
549.853882
543.463501
524.254395
512.771545
515.842041
527.244385
542.081055
549.997070
539.640747
522.073914
518.053650
528.666138
543.521423
549.724121
537.786682
520.836731
518.779663
531.323608
546.438477
549.042053
533.584778
518.544861
520.567932
534.227966
547.338806
547.173462
531.448853
518.582458
521.820862
535.748352
548.689697
546.114868
528.295349
517.652466
523.032166
531.975525
541.204651
549.514709
543.553162
525.756714
517.437744
525.313171
540.295654
549.959961
542.074951
524.022156
517.539307
527.469666
543.261658
550.296204
538.466125
521.037842
518.562866
530.239746
544.619751
549.108093
536.069092
519.971619
519.323059
532.173401
546.675110
548.416260
532.626892
518.889343
521.415710
529.510376
537.796143
547.607544
546.298584
529.891418
517.876221
522.419495
536.792603
549.227112
545.926819
527.940491
517.002686
523.774475
539.403015
549.927246
542.749329
524.702271
517.663818
526.605347
541.396790
549.778015
540.592285
522.677185
517.396606
528.067627
543.751953
550.077881
537.622559
520.613159
517.719971
524.461182
533.755249
545.445312
548.481140
534.648560
519.656921
520.185486
533.015137
547.119080
548.438354
532.335999
518.000732
521.201416
535.821533
548.625610
546.102295
529.000244
518.000977
523.581665
537.740173
548.930420
544.368347
526.510925
516.755859
524.243469
540.021057
550.184021
542.036377
523.826477
517.711975
524.739197
533.434631
543.174744
549.103943
539.300049
522.347351
518.244080
528.908447
544.202332
550.107727
537.050720
519.866272
518.896179
531.948608
546.277527
548.433167
533.556335
519.014648
520.759949
534.004211
547.400757
547.658691
531.432800
517.887695
521.707764
536.752869
549.414551
545.544312
527.647156
518.312927
524.359009
532.413513
540.422729
548.592468
543.347107
526.029724
517.618713
525.422241
540.715637
550.246155
541.421387
523.169312
517.870605
528.413147
543.170837
549.286682
538.148987
521.866272
519.156921
529.791504
544.170166
549.344177
536.246338
519.712769
519.186646
532.454895
546.959473
548.436340
532.920532
519.180786
519.634460
525.414978
534.444153
546.810547
546.959778
530.574097
517.979919
522.215942
536.981567
549.515320
545.313049
526.987671
517.170593
524.722168
539.661865
549.289062
542.361023
525.177307
518.096313
526.357971
541.268433
550.087585
540.721436
522.725952
517.785278
528.546021
543.907043
549.825623
537.479431
521.104309
518.014771
523.362793
531.905396
544.477417
548.762939
535.134399
519.402893
519.533203
532.937683
547.358154
547.898315
531.447510
518.003113
521.716553
535.712891
548.039490
546.016357
529.522339
518.009705
522.547180
536.933777
549.140137
544.559082
526.288513
516.989014
525.012695
540.417786
549.704102
541.406738
523.937622
518.305786
525.667969
534.945862
544.628235
549.980469
539.567200
521.939636
517.853271
529.314697
544.647339
549.410522
536.002441
519.967651
519.680786
532.170288
545.944702
548.294678
533.976807
519.424011
520.483398
533.631470
547.605286
547.698486
530.869629
517.681274
522.212830
536.974060
548.884338
545.155029
528.015869
518.111877
521.866821
528.865601
538.667358
548.787048
543.557678
525.504211
517.144348
525.757141
541.444031
550.240967
540.720947
523.002502
518.331543
528.356384
542.545837
549.196350
538.638306
521.750488
518.338562
529.663574
544.988953
549.635437
535.590454
519.361572
519.696533
533.031311
546.901184
548.008850
532.756287
519.161987
519.151245
524.603271
534.165710
547.329529
547.238403
529.666931
516.688477
522.088501
537.948364
549.929688
544.670654
526.597412
517.513184
524.893677
539.586426
549.547424
542.410583
524.281067
517.048401
526.509766
542.458862
550.596191
539.675964
521.543823
518.064392
529.731262
544.390564
549.329773
536.911987
520.770508
519.307739
530.021240
542.751892
552.144531
550.399597
533.913513
518.311218
519.775452
533.877625
547.577087
547.249634
530.980774
518.214233
521.998962
535.800293
548.226196
545.835693
528.408936
516.973206
523.094971
538.616333
549.947083
543.750366
525.352478
517.291992
525.885254
540.749390
549.742981
541.666199
523.982056
517.713318
526.985840
542.714539
556.445312
557.021545
539.745422
520.489014
517.791687
529.921875
544.769287
548.865051
535.566528
520.307800
520.082214
531.924194
545.791687
548.512024
533.726196
518.759583
520.490234
534.565063
548.142151
546.831604
529.784424
517.688965
522.445679
536.472656
548.302795
545.105286
528.065491
517.626282
523.535400
538.714722
554.424011
558.945435
544.586243
523.859985
517.095764
526.611145
541.598938
549.487610
539.959656
522.872437
518.429993
528.426453
543.139832
549.872925
538.315735
521.030396
518.546997
530.605469
545.255371
548.564636
534.466309
519.530823
520.269775
532.744324
546.264038
547.732605
532.453735
518.283447
520.503174
534.382507
550.172180
557.790222
548.625671
528.702148
517.346863
523.186096
537.840637
548.841003
544.017151
526.878235
517.684570
524.345886
539.270752
550.014282
542.849304
524.245850
516.997925
526.683228
542.429749
550.069214
539.378235
522.095947
518.496094
529.216125
543.843079
549.476807
537.180664
520.558594
518.852417
530.993408
546.961182
557.526611
552.719116
533.424438
518.286194
520.730652
534.315430
547.184692
546.944641
531.227600
518.307373
521.562317
535.759521
548.931213
546.403015
528.624939
517.354248
523.602905
538.804077
549.657776
543.534485
525.732910
517.600525
525.515808
540.509644
550.207642
542.112671
523.779663
517.263306
527.045776
543.232849
556.525513
556.210571
538.820068
520.568115
518.727905
530.586548
544.845703
548.955872
535.708130
519.724609
518.978394
531.784424
546.800781
548.973267
532.900024
517.921448
520.687073
535.171387
548.127319
546.366150
529.673706
517.857788
522.424316
536.622131
548.963379
545.503479
527.428589
516.695984
523.598633
538.998352
552.647644
555.458069
542.243042
523.514587
517.338135
526.628052
541.738159
550.136536
540.627625
522.569214
517.283203
527.894714
543.738098
550.216187
537.435364
519.888062
518.322937
531.040283
545.573914
548.699768
534.515930
519.267578
519.844055
532.874878
547.146423
548.398926
532.049255
517.558228
520.813843
535.486206
550.608887
557.060059
547.515747
528.153687
517.414185
523.099304
537.676270
549.433105
544.771545
526.432678
516.466553
524.069702
540.257324
550.647400
542.112061
523.390625
517.434143
527.785095
542.969421
550.083374
539.445435
522.186035
518.329651
529.151184
544.466858
550.209839
536.891113
519.697510
518.804382
531.843323
546.059387
550.984924
542.596985
527.140869
517.453308
521.271484
534.552185
547.775513
547.598572
530.991699
517.467102
521.522095
536.866089
549.637695
545.460083
527.114807
516.976501
524.230042
539.307251
549.569336
543.190430
525.643372
517.720154
525.716736
541.031555
550.342590
540.871277
522.345764
517.496399
528.548035
543.349243
552.555237
549.703857
534.791992
520.362488
519.539551
530.767944
544.903748
549.159668
535.586243
519.537781
519.600586
533.060852
547.286621
547.899109
531.729675
518.210266
521.580750
535.257751
547.651794
546.164856
529.929016
518.204712
522.628662
536.914307
549.072815
544.835022
526.771362
517.211609
524.679077
539.300049
551.935486
554.402222
541.570068
523.564941
517.649597
526.640015
541.700256
550.124329
540.208801
522.026245
517.475342
528.975403
544.674561
549.893188
536.598145
520.189636
519.466064
531.740540
545.818970
548.917786
534.674927
519.220703
519.753662
533.261902
547.599548
547.694031
530.754700
517.436768
521.893555
536.621887
548.585571
546.586182
531.700500
518.159729
515.552551
523.521301
538.050110
549.670715
544.128723
525.546997
516.738586
525.403076
541.316162
550.430115
541.179993
523.080627
517.687134
527.789856
542.907349
550.191162
539.238647
521.469910
517.736328
529.502625
545.374329
550.021118
535.342834
518.640503
519.316711
533.043640
546.665710
550.426208
541.291992
526.117065
516.985840
520.877441
534.514404
548.256836
547.461731
530.028870
517.113403
522.299194
537.727661
549.523071
544.513489
526.586365
517.392700
524.741760
539.542114
549.753479
542.940796
524.875305
517.281677
526.248718
541.965332
550.264038
539.675598
521.631653
517.875549
529.285522
544.197144
549.801758
535.580566
513.029236
506.148773
516.507874
531.697632
546.331116
549.969849
534.865234
518.465393
519.555786
533.774292
547.664856
547.481140
531.179260
518.188293
521.915405
535.911438
548.594666
546.371765
528.786316
516.849976
522.652771
538.446899
550.266907
544.229004
525.628906
517.231873
525.677124
540.775146
550.088623
541.463318
520.998535
510.263092
515.211304
527.704651
542.861572
550.735107
539.468811
521.107178
517.849670
530.045532
545.126526
549.406799
535.910278
520.022278
519.512634
531.715332
545.895142
548.521851
533.537659
518.466797
520.212646
534.485901
548.407837
547.203735
529.757996
517.340210
522.386353
536.765076
548.515564
545.145020
526.123108
510.141449
510.722382
523.230103
539.496216
550.531982
543.589905
524.691040
516.876465
526.131531
541.708252
550.070984
540.436890
522.936462
518.210693
528.263489
543.147705
549.909973
538.202393
520.648254
518.089966
530.574402
545.847107
549.242920
534.529968
519.020874
519.910645
532.994995
546.920776
548.468872
530.551880
509.286652
506.001587
518.768982
535.582642
548.972046
546.772278
528.640442
516.699219
522.903992
538.331299
549.579895
544.230286
526.503540
517.407166
524.598511
539.719360
550.100647
542.454468
523.759216
516.912354
527.096802
543.031372
550.518860
539.413513
521.681458
518.115601
529.294128
544.277649
550.086609
535.494324
512.247070
505.011536
515.685120
531.833374
546.981018
549.711792
533.748779
517.988953
520.036926
534.452393
548.110413
547.553955
531.028564
517.979858
521.615234
535.894653
548.894714
546.124084
527.932312
516.456055
523.140442
539.000305
550.013306
543.514343
525.297913
517.131042
525.357910
540.489868
549.845520
541.487549
522.927063
514.046326
518.142090
529.137512
543.811646
550.619751
538.183472
520.167480
517.970764
530.551025
545.312988
549.262024
535.768616
519.867798
519.461914
532.457642
547.087280
548.538757
532.105042
517.385437
520.804749
535.926514
549.010559
546.649109
529.208130
517.381470
522.581482
537.061401
548.911499
544.925049
527.098389
517.244629
522.538574
531.559998
542.012207
550.328308
542.104431
523.222351
516.806946
526.938599
542.315002
550.280029
540.289185
522.417847
517.831787
528.659912
543.975586
549.919067
536.979248
519.515442
518.482117
532.237732
547.094604
548.964783
533.452332
518.403198
520.076904
533.687317
547.526062
547.991028
531.687073
518.845459
522.153992
530.189514
538.700500
548.532349
545.693970
528.271362
517.744507
524.068115
538.182922
548.582825
543.647705
526.643982
517.673828
524.657532
539.982727
550.606323
542.689636
523.954407
517.463135
527.488098
542.826782
550.027222
539.104614
521.666077
518.020569
529.021362
544.223083
550.003235
537.023010
520.108032
517.471558
523.985596
533.990845
547.090637
549.139038
532.840759
517.882446
520.737000
535.179565
548.348389
547.025879
529.970764
517.224548
522.059448
537.497559
549.928406
545.151184
526.309875
516.509277
524.798523
540.271667
549.538757
541.879150
524.445007
518.057373
527.112366
541.753479
549.923767
540.455261
522.628784
517.083069
523.593445
533.009766
544.519653
549.559021
537.354065
520.900146
519.360107
530.846191
544.624268
548.569092
535.430359
519.963745
519.775879
532.674683
547.268921
548.787781
532.514160
517.875122
520.726074
534.964355
547.936829
546.439026
529.874512
517.965759
522.637939
537.381653
549.823914
545.461731
526.664185
516.171570
521.304138
530.887207
542.188538
550.724487
542.444336
523.617493
517.009155
526.937988
542.379700
550.154724
539.608521
521.377136
517.096375
529.074402
545.365417
550.601074
536.258789
518.848145
518.734314
532.492981
546.685120
548.413513
533.447144
518.955444
520.830322
534.420593
547.832031
547.446838
530.802551
517.971008
520.307373
527.761780
537.666687
548.646118
545.506775
527.927856
517.592407
523.860962
538.308228
549.293884
544.043823
526.197205
517.231750
525.184814
541.023438
550.510742
541.093994
522.552246
517.367981
528.090881
543.280151
549.909363
538.472778
521.109314
517.956055
529.484619
544.788025
549.500488
535.229248
518.603577
517.126648
524.307190
534.605530
547.295288
548.270325
531.729004
517.658813
521.178955
535.625916
548.641113
546.981445
529.698853
517.405884
522.770386
538.025330
549.750854
544.589294
526.320557
517.189514
525.115662
539.934265
549.295166
542.191528
524.928711
517.784058
526.091919
541.334167
550.406128
540.645325
522.141296
517.576782
527.649536
539.876648
549.675598
551.060486
536.911133
519.846008
518.335327
530.928223
546.043640
549.646851
534.828796
518.606079
519.465027
533.935608
548.396118
547.726807
530.208557
517.127808
522.206726
537.116272
548.913574
545.353088
528.007812
517.408325
523.688904
538.705627
549.712524
543.591370
525.265747
517.235107
524.253235
533.973694
543.606445
549.769287
540.771851
523.454041
518.237976
527.872803
542.507202
549.794434
539.109253
521.581482
518.053223
529.769836
545.315125
549.839294
535.409302
518.903870
519.389160
532.916870
546.999390
548.579712
533.135437
518.343628
520.285828
534.574951
548.607361
547.256287
529.289307
516.943298
520.854004
529.361267
539.249573
549.031921
544.354614
526.555054
517.319519
524.597900
539.321960
549.424500
542.643555
524.597839
517.057800
526.278687
542.031860
550.325256
540.113831
522.166199
517.787476
528.461182
543.308777
549.729980
538.236633
520.980530
518.031067
530.133301
545.989929
550.208557
534.954590
518.123901
519.210693
533.272461
548.033508
555.874695
549.564453
530.935242
517.612122
521.465820
536.031006
548.951416
546.332764
528.234863
516.508057
523.167542
539.082214
550.026062
543.474854
525.169739
517.330750
526.078125
540.743591
549.349548
541.280884
523.919556
517.925232
527.436951
542.558350
549.950989
538.860046
521.381104
518.729309
529.130493
540.422668
549.104126
549.760071
536.170349
520.485229
519.372192
531.316589
545.943054
549.121826
533.894714
518.034302
519.637207
534.453247
548.823914
547.724121
529.993225
517.139282
522.271912
537.339172
549.597229
545.800537
527.561279
516.665894
523.717773
539.736816
550.532471
543.125183
524.507385
517.483276
526.918701
542.079407
555.023560
556.458496
541.176025
522.637390
518.396790
528.299988
542.801819
549.680603
538.524109
521.189697
518.412048
530.480286
545.355713
548.969055
534.955750
519.667358
520.181641
532.769897
546.328125
547.866394
532.744385
518.558289
520.797546
534.949951
548.527832
546.710144
528.959412
516.910583
522.508423
537.344421
552.060974
557.567261
546.310547
526.592346
517.274841
524.377747
539.752686
550.329285
542.687195
523.987549
517.190430
527.233093
542.626953
549.597534
538.612793
521.608948
518.699707
529.813171
544.104919
549.389221
537.123352
520.554260
519.040161
531.741333
546.583679
548.915833
533.358826
518.322815
520.403564
533.816711
548.303589
556.227173
549.658936
531.323608
518.268555
521.389160
535.456482
548.638489
546.238586
528.484314
517.110046
523.523132
539.117615
549.972595
543.333008
525.131409
517.236206
525.799011
541.162842
550.525146
541.699951
523.029541
516.921631
527.740540
544.029968
550.485779
537.428406
519.659851
518.242920
530.885620
546.034973
556.520630
553.589355
535.598389
519.175110
519.552063
532.677979
546.863342
548.311279
532.429810
518.132324
521.341736
535.682983
548.179626
546.127563
529.536072
518.186096
523.171997
537.155762
548.832153
545.131897
527.428162
517.018494
524.090881
539.900208
550.312195
542.474854
523.905273
517.158752
526.691467
541.478210
552.903809
553.178162
538.743713
521.252991
517.462524
528.767639
544.839294
550.893799
537.257751
519.227417
518.173950
531.961914
546.748413
548.742371
533.452942
518.490784
520.281555
534.091858
547.837585
547.876709
531.219177
517.639465
521.868286
536.970215
549.333130
545.504395
527.565796
517.296143
524.205933
538.536743
551.244263
554.728149
543.245850
525.057739
517.477234
525.440186
540.737610
550.422974
541.738953
523.165527
517.333313
527.627319
542.550415
549.238586
538.468018
521.786377
518.732056
529.713745
544.416931
549.582214
536.387756
519.603638
518.926941
532.321167
546.873657
548.296082
532.626343
518.498657
521.009216
534.131531
548.634766
556.729126
549.690857
530.655029
517.759705
521.918762
536.836487
549.628235
545.809387
527.466614
517.089539
524.391541
539.644653
549.607422
542.601929
524.931458
517.544739
525.941711
541.038086
550.121643
540.968628
522.684814
517.498474
528.470825
543.953491
549.967407
537.752625
520.981262
519.044556
530.515381
544.447388
551.918579
546.811462
531.361328
518.413513
519.500427
532.637695
547.187195
548.262329
531.837585
517.748535
521.297852
535.680664
548.204651
546.233459
529.647583
517.927673
522.601440
537.260986
549.540833
544.955444
526.349365
516.563782
524.687317
540.571960
550.174927
541.798340
523.646484
517.397034
526.789917
541.360535
552.891541
553.363892
538.935913
521.378601
517.718079
529.119873
544.784668
550.200500
536.896484
520.148438
519.410217
532.032959
546.020996
548.644653
534.334290
519.188477
519.788452
533.065491
547.476135
548.140137
531.408447
517.564514
521.601868
536.582214
549.051514
545.627808
528.117310
517.609436
523.776062
538.298462
549.353333
544.631226
526.616699
513.567139
514.547729
525.656372
541.147705
550.359070
541.135437
522.857727
517.646057
528.082581
542.949219
549.729858
538.715393
521.246826
517.842346
529.673706
545.395996
550.228027
535.859436
518.892456
519.154907
533.124695
547.311035
548.228699
532.505554
518.379517
520.874939
534.586609
547.740051
549.112488
536.531006
521.114258
515.171204
522.515198
537.834412
549.580811
544.400574
526.281677
517.195374
524.896423
539.620544
549.433472
542.703796
524.965393
517.390442
526.142212
541.725403
550.408569
540.267944
521.881592
517.585449
528.987549
543.929321
549.329346
537.178406
520.936829
519.270874
530.841736
545.300842
549.545837
533.200623
510.154938
504.913635
517.627075
534.406799
547.816589
547.613953
531.193359
518.008484
521.772949
535.769348
548.312073
546.243896
529.055481
517.283630
522.862488
538.314331
550.218140
544.552917
525.757812
516.896240
525.494507
540.755554
549.700073
541.560364
524.026001
517.588074
526.565796
541.971375
550.624390
538.973022
515.952271
506.429016
514.985413
530.090820
544.903687
549.525208
536.275452
520.164368
519.478882
531.697815
545.848145
548.747559
534.011658
518.498169
519.732666
533.960571
548.107849
547.374939
530.152588
517.350098
522.154175
536.762390
548.718506
545.410339
528.346741
517.866211
523.733826
538.347534
549.494812
544.019897
525.117432
512.494751
514.824951
526.559265
541.513367
549.901550
540.690857
523.129578
517.857849
527.468811
542.314331
549.864258
539.263184
521.784424
518.392517
530.193665
545.427856
549.405090
534.955383
518.926086
519.576355
532.941528
546.925476
548.529602
533.396973
518.872681
520.461487
534.222900
548.303894
547.724976
528.202148
508.797760
508.164948
522.100952
538.544983
549.334412
544.345459
527.023743
517.665100
524.181274
538.868896
549.723938
543.171631
524.788330
517.084412
526.321472
542.103455
550.272095
539.933472
522.397400
518.637085
529.359619
543.614197
549.091553
537.098450
520.539978
518.656982
530.938782
546.077698
549.458130
534.432678
519.476807
520.605957
528.369080
536.624329
546.678284
546.520569
531.038269
518.581970
522.224060
536.059448
548.699890
546.374268
528.664368
516.839600
522.978333
538.663269
549.752625
543.325256
525.119385
517.289307
526.000671
540.962708
549.798584
541.265015
523.258850
517.227783
527.460938
543.466858
550.889832
539.147278
521.086426
516.371277
522.482300
532.237122
544.705872
548.866699
535.557983
519.848816
519.628784
532.335266
546.880005
549.158691
533.214111
517.708313
520.189819
535.175903
548.743774
547.133850
530.124207
518.118164
522.864075
536.869812
548.678833
545.218689
527.509888
516.841003
523.777100
539.727051
550.705811
543.591125
523.686646
511.818420
515.218201
526.957031
541.385010
549.525146
540.433105
523.184204
518.226685
528.315552
543.501038
550.093018
537.838806
520.252930
518.291016
531.057922
545.898315
548.947266
534.548035
519.540833
520.479309
533.074097
546.344727
547.497192
532.149170
518.247742
521.141602
535.711609
549.024353
546.625732
529.020813
518.445923
523.722168
531.824524
539.831909
548.359192
543.967590
526.831177
517.774719
525.073669
540.232300
550.120789
541.744324
522.956848
516.753845
527.269348
542.678955
549.647095
538.908997
522.103760
518.905212
529.498596
543.768921
549.352417
537.081055
520.429382
519.013611
531.712097
546.328003
548.454956
533.229553
519.745544
522.120117
529.491577
536.790833
546.739868
546.885742
531.268311
518.372925
521.805054
536.039612
548.913879
545.854858
527.872192
517.154297
523.946899
538.786621
549.019348
543.177063
526.264526
518.280762
525.388977
539.811218
549.685547
541.948181
523.884766
517.630005
527.708374
543.274658
550.070557
538.356323
521.294312
517.489624
523.216919
531.866638
544.032532
548.925049
536.389343
520.536255
519.526978
531.891174
546.453796
548.532898
532.911621
518.438416
521.092468
535.070129
548.035706
546.877563
530.445557
518.013977
521.877014
536.364380
549.506165
546.135010
527.607544
516.803040
524.295044
540.508423
550.757202
542.490601
523.851196
516.927490
523.410706
532.389099
543.266846
550.531921
540.803772
522.268738
517.012451
528.421021
544.803162
550.602234
536.831177
519.391724
518.821045
532.290161
546.607483
548.729370
533.804810
518.663635
519.868774
533.570984
547.924316
548.471619
531.588623
517.543335
521.654114
536.752075
549.060791
545.413208
527.855591
517.682861
521.791504
528.901428
538.495361
549.036560
544.508972
526.158264
516.784058
524.881348
540.751465
550.249939
541.204651
522.869385
517.563477
528.168152
543.281799
550.165100
539.286804
521.959167
518.121826
528.964233
544.319946
549.956604
536.499207
519.623840
519.370178
532.705994
546.654724
547.974731
532.812012
519.010315
519.005371
524.537354
533.826660
546.943665
547.649170
530.682495
517.035767
521.383606
537.004150
549.755432
545.405884
527.050903
517.021729
524.217285
539.193359
549.574707
543.142700
525.141602
517.178406
525.920776
541.780518
550.766418
540.740295
522.145508
517.515869
528.692017
543.648193
549.446472
537.856262
521.876709
518.353271
523.165710
531.461243
544.366760
549.429199
535.881531
519.560791
519.598328
533.072266
547.259766
548.019043
531.904480
518.099182
521.325928
535.333313
548.223999
546.831238
529.933777
517.478027
522.179626
537.267090
549.500488
544.712280
526.391052
517.105652
525.034302
540.142212
549.656494
542.037842
524.346924
517.847046
524.971619
534.496826
544.654541
550.673340
540.307678
522.044495
517.611511
529.090881
544.421143
549.489868
536.409302
520.039673
519.179321
531.495544
545.731018
548.870056
534.414917
518.790955
519.681335
533.786377
548.295410
548.115845
530.878113
517.478699
521.853271
536.420837
548.634033
545.730286
528.717468
517.971619
520.974915
527.760193
538.029663
549.162231
544.348999
525.601135
516.711304
525.701660
541.725342
550.568054
541.110229
522.901123
517.437744
527.629089
542.935852
550.325623
539.247009
521.254517
517.587891
529.560120
545.245117
549.671387
535.337341
519.018250
519.365601
532.493286
546.440552
548.506104
533.665588
518.889282
520.236023
533.297607
548.251404
556.410645
549.175659
529.890198
517.270752
522.325867
537.509216
549.405151
545.005981
527.290527
517.322571
523.944275
538.958069
549.954895
543.573547
525.047485
516.906677
526.088562
542.113159
550.427246
540.028320
522.090942
517.886292
528.629517
543.374756
549.515564
537.735229
520.595581
518.109924
529.098267
542.414307
552.162842
550.853516
534.363159
518.199402
519.383423
533.532532
547.382568
547.756714
531.988708
518.466431
521.414062
535.558472
549.001221
547.206787
529.172302
516.559814
522.365845
538.309875
550.040710
544.197998
525.639404
516.771240
525.059937
540.549377
550.366333
542.433838
523.899719
516.939514
524.838257
535.936340
546.714844
551.420959
539.324890
521.078979
517.884705
529.795105
544.644409
549.407288
536.360718
519.907776
518.816589
531.450745
546.541138
549.628784
534.039368
517.952820
519.639038
534.424500
548.426880
547.368652
530.261047
517.621399
522.173645
536.557983
548.851746
545.783508
528.041565
516.830811
523.000122
538.756775
554.590637
559.315491
545.247070
524.135498
516.750061
526.309509
541.683594
550.071960
540.910034
523.231018
517.920105
528.120300
543.656738
550.698303
538.526367
520.322021
517.842102
530.717590
546.036499
549.785400
535.432922
519.322205
519.472229
532.606445
546.959534
548.582764
532.588684
517.745483
520.473267
535.185791
550.889709
558.013550
548.614990
528.526855
517.065674
523.024414
537.984314
549.418823
544.624084
526.756470
517.077942
524.368103
540.198364
550.936829
542.927307
523.678101
516.716919
527.013000
542.801697
550.299194
539.599854
521.976624
517.971985
528.836792
544.037170
550.040649
537.216248
519.741760
518.242737
531.250977
547.499756
557.906006
552.985840
533.563416
518.270142
520.681274
534.443115
547.596680
547.342224
530.969299
517.526672
521.386536
536.489014
549.496887
545.935303
527.503540
516.706848
523.906067
539.383179
549.791870
543.340271
525.581360
517.450989
525.411255
540.752075
550.640442
542.099426
523.175537
516.809082
527.346985
544.019226
557.345520
556.838867
538.974915
520.134033
518.064697
530.246338
545.119385
549.577515
535.960632
519.346558
518.738586
532.360840
547.640198
549.158752
532.426941
517.470886
520.698914
535.566467
548.703308
546.939270
529.891602
517.633667
522.430969
537.398071
549.834595
545.496338
526.825562
516.518616
524.139099
539.620422
552.536804
554.520630
541.288635
523.143616
517.364319
526.924500
542.388306
550.747192
540.593323
522.003601
517.108459
528.683472
544.755737
550.366333
536.903076
519.664673
518.705139
531.732361
546.228455
548.962158
534.309082
518.835205
519.697327
533.549438
548.171936
548.533386
531.224609
517.037537
521.231262
536.183899
550.815552
556.632812
546.637878
527.154053
516.866089
523.378967
538.365845
549.650146
544.116577
525.411804
516.053955
524.775085
541.450623
551.146301
541.682434
522.949585
517.557007
528.145142
543.221924
550.098145
538.973755
521.254395
517.798767
529.850830
545.719482
550.534363
536.023071
518.708923
518.707092
532.689087
546.997620
551.135315
541.910522
526.226929
516.747925
520.912476
534.717102
548.252136
547.526123
529.969421
516.395996
521.550903
537.951599
550.590332
545.379883
526.433716
516.586914
524.364075
539.799011
550.112854
543.117065
524.634399
516.797546
526.220276
542.613647
551.299866
540.402405
521.316711
517.127136
529.124512
544.107605
552.592896
548.956177
533.876953
519.698120
519.302856
531.297485
545.945251
549.487488
534.676880
518.464722
519.522095
533.879395
548.002625
547.844238
531.204895
517.890137
521.829041
536.110596
548.704529
546.565735
529.285034
517.320740
522.846680
538.432556
550.267273
544.335022
525.437134
516.668457
525.405762
540.887146
550.076599
541.327454
520.851379
509.867798
514.786682
527.672180
542.859558
550.474304
539.323914
521.054688
517.674316
530.145508
545.624573
549.764771
535.702087
519.413269
519.254150
532.106689
546.389221
548.842468
533.647400
518.229126
520.004822
534.665649
548.707275
547.472290
529.988098
517.356934
522.451294
537.273987
549.136902
546.674500
531.119324
517.504456
515.507385
524.181946
539.161011
550.492493
543.770630
524.474609
516.475586
526.344299
542.266663
550.217163
540.037781
522.233826
517.717896
528.338806
543.462952
550.029602
538.114136
520.525574
518.084290
530.711365
546.004883
549.318298
534.328735
518.567566
519.776855
533.243408
546.934631
548.230347
530.455627
509.328186
506.069122
518.870728
535.605408
548.904053
546.924866
529.043884
517.017334
523.100525
538.576416
549.890137
544.436401
526.458618
517.373108
524.893677
540.155273
550.453613
542.761902
523.832031
516.652954
526.996765
543.377930
550.829773
539.099304
520.900452
517.741638
529.707458
544.754639
550.063049
535.394348
512.483276
505.433105
516.187805
532.231506
546.773193
548.964050
533.211182
518.133850
520.699097
535.051575
548.244995
547.439209
530.962585
518.004761
521.878479
536.432068
549.407532
546.450562
528.119568
516.589111
523.368652
539.329346
550.216125
543.381897
524.964600
517.148926
526.080139
541.562012
550.771973
541.276306
519.772949
508.828613
514.747864
528.723633
544.275391
550.675415
538.061951
520.286255
518.359009
531.024719
545.586487
549.007202
535.055298
519.284668
519.368530
532.574707
547.195923
548.858887
532.673767
517.766296
520.728149
535.495544
548.344849
546.030762
528.905823
517.353455
522.835999
537.582520
549.455566
545.335144
525.295654
509.060822
510.256897
523.804077
540.514221
550.513184
542.207886
523.521912
517.223389
527.398254
542.488037
549.928772
539.807190
522.121521
517.628784
528.702332
544.536438
550.716309
537.479370
519.718445
518.547485
531.849731
546.317688
548.574768
533.722046
518.912476
520.465698
533.730713
547.334839
548.090088
529.312256
507.863525
505.472839
519.762512
537.235840
549.549866
546.045532
528.198669
517.369812
523.632996
538.236938
549.045044
543.707520
526.083862
517.304504
525.178955
540.822876
550.551331
541.595337
522.751831
516.901367
527.651672
543.137878
549.803101
538.569214
521.636353
518.652100
529.810181
544.726868
549.859009
536.248779
519.567383
517.948059
525.234924
535.076233
547.180298
548.435669
532.375427
517.982422
520.740234
534.645386
547.626526
546.635254
530.051697
517.570312
522.246643
537.289490
549.546814
544.924500
526.329041
516.558167
524.645264
540.137085
549.865295
542.575012
524.817566
517.646790
526.399597
541.577148
550.317017
540.809021
521.858093
513.747498
518.762695
530.236206
544.468079
549.841003
536.849792
519.978516
518.544312
530.824463
545.518005
549.393433
535.268860
519.095154
519.323181
533.120911
547.574402
547.852051
531.064819
517.461121
521.610962
536.325195
548.826172
546.267822
529.045959
517.368652
522.641357
537.791870
549.939026
544.879700
526.404358
517.408630
523.557617
532.608215
542.255371
549.421936
541.316467
523.698792
517.560791
526.802856
541.795532
550.079651
540.277832
522.343445
517.789307
529.067017
544.521301
549.388184
535.722046
519.384460
519.484863
532.679871
546.491882
548.326538
533.581482
518.828064
520.092163
533.744507
547.679932
547.152039
530.103516
518.030029
522.527771
531.346680
539.861694
548.453125
544.428406
527.316162
517.534241
524.138672
538.957947
549.892700
543.872375
525.361023
516.621216
525.272644
541.245789
550.259338
540.647827
522.458801
517.742126
528.633911
543.557800
549.923767
538.499451
520.957275
517.636719
529.788086
545.880005
550.448608
535.617920
519.189941
518.755920
526.489929
535.810547
547.181458
548.078796
532.216614
518.252869
521.268799
535.467651
548.733093
547.243896
529.491150
516.602783
522.264587
538.146240
549.756348
544.372742
526.416626
517.489197
525.222534
540.063965
549.821289
542.627686
524.491821
517.033264
526.405029
542.528870
550.834290
539.926697
521.657410
517.014221
524.032959
533.303223
544.381348
548.850952
536.575806
520.385681
518.997681
531.334534
546.247742
549.459290
534.214905
518.306519
519.984131
534.407471
548.003662
547.323120
530.822266
518.105957
522.241028
536.176575
548.194763
545.467590
528.171265
517.019470
523.471741
539.317200
550.517273
543.726685
524.949524
517.175415
524.258240
533.292236
542.418884
549.047607
540.860291
523.656067
518.067810
527.916016
543.148438
550.215088
538.517029
520.541382
517.809814
530.339294
545.466431
549.419250
535.599609
519.766296
519.613831
532.133911
546.230347
548.464050
533.232910
518.294678
520.526611
535.239563
548.895386
546.971497
529.418640
517.676025
520.867310
527.867676
537.234192
548.112488
545.012634
527.574646
517.397888
524.142090
539.587708
550.333130
543.033386
524.424500
517.269836
526.780273
541.918457
549.668091
539.830750
522.534668
518.196472
528.527527
543.312012
549.733154
537.857422
520.429626
518.164185
530.893982
546.001221
548.995300
534.337219
519.512634
518.906433
524.753723
533.554993
545.830322
547.453003
532.117249
518.329773
521.076294
535.470886
548.927795
546.735352
528.929688
517.265503
523.345825
538.376770
549.193542
543.668396
526.273071
517.740295
525.136108
539.860962
549.657837
541.964844
523.723755
517.216675
527.519043
543.334900
550.235474
538.638489
521.439331
518.841492
528.678040
539.614075
548.466797
549.467346
535.865295
519.776428
518.900818
531.871826
546.650330
548.756653
533.210510
518.624634
521.161621
534.836792
547.426331
546.573486
530.576172
518.077332
521.934998
536.257751
548.995117
545.788757
527.602234
516.696838
523.941833
539.856079
550.186096
542.722412
524.588257
517.736694
524.805969
533.797363
543.377808
550.005127
540.956482
522.962219
517.597595
528.440857
544.165894
550.233643
537.458252
520.260864
519.002197
531.599548
545.528687
548.540466
534.859558
519.520447
519.537964
532.404846
546.856934
548.373535
532.132812
517.638000
521.100830
536.037537
548.840393
546.394287
529.303955
517.823853
522.889343
537.046204
551.828796
557.846619
546.716797
526.409119
516.806763
524.706421
540.653931
550.494812
542.014343
523.596497
517.479187
527.352478
542.220032
549.752686
539.746155
522.174622
517.779541
528.864746
544.416077
549.935547
536.581299
519.584656
518.896423
532.026001
546.265686
548.405884
533.687073
519.209900
520.638428
532.751099
546.291687
554.607666
549.285095
531.130493
517.709900
521.710022
536.703369
549.152893
545.500793
527.747803
517.369568
523.975708
538.552551
549.159912
543.634827
525.798706
516.888245
524.867249
540.746521
550.642334
541.707397
522.939209
517.382202
528.260193
543.459656
549.784241
538.415588
521.435303
518.372314
529.260437
544.894653
557.326355
555.551392
536.895630
518.972412
518.844055
532.564880
546.994751
548.248657
532.609192
518.550476
521.112610
534.560608
547.462463
546.852722
530.416016
517.541138
521.819702
536.918518
549.689148
545.652954
527.145874
516.885437
524.348572
539.588867
549.707275
543.030884
525.313110
517.611816
525.848572
541.350281
555.799194
558.140503
542.178894
521.993042
517.220154
528.441467
543.826233
549.489563
537.113953
520.614990
519.069336
530.815369
544.891968
548.786804
535.229919
519.343994
519.509644
533.262939
547.712769
548.200500
531.826355
518.267761
521.905151
535.947937
548.216858
546.202576
529.673462
518.046387
522.672852
537.003845
552.297852
558.225891
546.522400
526.080200
516.874329
524.923218
540.458130
549.954224
541.962708
524.358337
518.039124
526.980835
541.774109
550.079102
540.299133
522.180481
517.435791
528.650452
544.257751
549.764954
536.801392
520.293274
519.379456
531.725037
545.714233
548.496521
534.255798
519.149902
519.817383
532.936646
548.998962
558.362244
551.234558
531.043823
517.393677
521.811768
536.536377
548.440857
545.011414
528.044983
517.669678
523.552246
538.191650
549.580627
544.085510
525.549133
516.582214
525.367432
541.546997
550.640808
541.170715
522.929688
517.738037
528.094177
542.899231
549.651184
538.724976
521.402161
517.947327
529.415161
545.872498
558.112427
555.453491
536.377991
518.929993
519.450562
533.098755
546.988525
548.121582
532.778748
518.662048
520.917786
534.705383
548.284912
547.479797
530.126831
517.049072
522.166931
537.656982
549.539246
544.754395
526.851501
517.433350
524.706177
539.375549
549.404968
542.782654
524.888733
517.137024
525.826050
541.224304
553.594238
554.004456
539.119324
521.422974
517.943298
528.978821
543.731323
549.446411
537.508606
520.733826
518.559570
530.640686
545.780640
549.679626
534.846985
518.483215
519.692871
534.190002
548.064758
547.731445
531.352295
518.344788
522.241272
536.213379
548.488953
546.161621
528.894775
517.220520
522.909363
537.853088
551.820862
555.782349
543.762451
524.778137
517.302490
525.731262
540.354553
549.380798
541.847534
524.595032
518.106995
526.988892
542.113586
550.306946
539.810425
521.681580
517.836548
529.456787
544.600403
549.782593
537.024841
520.476196
518.906677
530.933167
545.652344
549.230225
534.645142
518.786438
519.787415
533.853333
549.777283
557.886963
549.890625
530.035278
517.309387
522.129639
536.800049
549.002136
545.895325
528.616394
517.751526
523.787170
538.944946
549.962280
543.390503
524.995117
517.428284
526.657532
541.727478
549.807739
540.700562
523.615540
518.593506
527.906982
542.209595
549.444763
538.900696
521.670105
518.415833
529.897095
544.396484
551.806824
546.480530
531.244629
518.860474
520.096375
532.354675
546.269714
548.567383
533.682373
518.843567
520.380127
534.540344
548.838928
547.835144
529.961487
516.967896
522.212097
537.475464
549.291504
544.918152
527.439880
517.579956
524.148010
539.378418
550.316711
543.127869
524.216919
516.856201
526.670166
542.078552
553.165588
552.457947
537.728577
521.168335
518.571472
529.544556
543.829590
549.299866
537.383423
520.751465
518.815918
531.142700
545.973328
548.958923
534.061218
518.934937
520.635132
533.932495
546.817261
547.095337
531.812683
518.603821
521.316589
535.129272
548.513367
546.872986
529.325256
517.229187
522.871338
538.177551
549.619385
544.702881
526.849121
514.473877
515.770081
525.846252
539.940369
549.726074
542.325745
523.906067
516.854187
526.976624
543.289795
550.795654
539.012695
520.891357
518.043823
530.298401
545.235962
549.771606
536.435303
519.747498
518.723755
531.808899
546.909912
549.182861
533.084839
517.594482
520.098877
534.773682
547.905090
548.646179
536.218933
521.655884
516.264099
522.816345
536.581787
548.625000
545.691101
528.243042
517.359985
523.812073
539.130676
549.846924
543.313049
525.436462
517.833801
526.218262
540.890442
549.796204
541.544922
523.808533
517.498962
527.076233
542.944641
550.660767
538.908020
520.728088
517.905334
530.289307
545.466309
549.801575
533.911133
511.347656
505.787598
517.250793
532.860352
547.022034
549.103088
533.150146
517.835999
520.367004
535.424744
548.995667
546.680969
528.834412
517.049194
522.998657
538.044678
549.613892
545.043396
527.003540
516.927979
524.329285
540.299561
550.519836
542.113953
523.322021
517.080200
527.468811
542.785461
550.165710
538.623840
516.946655
507.976349
515.723328
529.569458
544.254333
550.416382
537.914551
520.268250
518.406677
531.304993
545.981873
548.445801
533.723755
519.085327
520.528748
533.429749
546.847107
547.799316
532.096741
517.963867
520.648743
535.309937
549.033325
546.734497
528.854187
517.334961
523.275696
538.181824
549.440552
544.461609
525.565369
511.884735
513.224609
524.672241
540.584106
551.067810
542.473267
522.993164
516.526611
527.493103
543.562561
550.411499
538.833191
521.511841
518.634705
530.153687
544.928284
549.713013
536.283386
519.438171
518.713257
532.337952
547.330017
548.761475
532.636597
518.390076
521.456360
535.241516
547.776184
546.987366
528.937927
510.296936
508.852173
521.413330
537.452881
549.458862
545.550659
527.407166
516.924255
524.004272
539.419922
549.686768
542.797852
525.224426
517.838501
525.912659
540.813293
550.172302
541.219055
522.666443
517.069885
528.017700
544.019775
550.405579
537.755615
520.255798
518.260986
530.554199
545.360840
549.278687
535.342041
519.914490
519.123413
525.767212
535.087402
547.699036
548.846069
531.643555
517.001343
521.057922
536.484314
549.294800
546.268311
528.496521
517.016968
522.996460
538.390625
550.240540
544.899658
526.019165
516.363281
524.737793
540.861755
550.382568
541.704529
523.654419
517.878784
527.624207
542.274902
549.678772
539.669678
522.063171
515.524963
520.153198
530.419434
544.697876
550.395142
536.866516
519.663269
518.804993
531.805176
546.150696
548.583374
533.923279
518.795105
519.714355
533.408569
548.008179
548.417969
531.315918
517.146973
521.063232
536.565002
549.617126
545.851746
527.505432
516.675659
523.279297
538.649780
550.097412
544.269470
524.132202
510.258636
512.552612
525.566162
542.285950
551.335571
540.770447
521.626587
517.020386
528.847046
544.283569
549.938232
537.714050
520.752747
518.570129
530.705139
545.765808
549.662842
534.918579
518.393311
519.285339
533.593384
547.645813
547.913330
531.852539
518.378906
521.632996
535.383606
548.068115
546.634827
529.761536
518.007324
521.896484
530.318970
539.966370
549.691345
544.858521
526.588562
517.371704
525.080322
539.954773
549.804016
542.731323
524.746460
517.268372
526.273132
542.213684
550.953064
540.297241
521.348083
516.979004
528.979431
544.768738
550.216980
537.255554
520.410278
518.920349
531.299927
546.233826
549.555054
534.358643
518.805176
519.279480
527.121948
536.676758
548.216370
547.819519
530.645386
517.375854
521.782227
536.383667
548.738342
545.907837
528.544189
517.309814
523.343140
538.860291
550.253723
543.775879
524.919739
516.800659
525.957886
541.260803
549.700928
540.784119
523.279541
517.822937
527.458679
542.406555
549.895203
539.066040
521.566833
517.100525
523.361572
533.042053
545.472778
549.378418
535.421631
519.424866
519.468567
532.203552
546.298950
548.666504
533.780762
518.700623
519.994446
534.096191
548.537476
547.803833
530.061523
516.954590
522.027405
537.277405
549.429382
545.416748
527.566223
517.014343
523.577698
539.308472
550.723938
543.640198
524.286865
515.975037
522.404480
532.361572
543.865601
550.618652
539.986206
521.722595
517.447449
528.632874
544.035095
550.293335
537.941711
520.294067
518.005432
530.897339
546.469666
549.532471
533.862305
517.882507
519.708252
534.129578
547.935059
548.064697
531.900879
518.011841
520.903687
535.377014
548.810059
546.414673
528.572021
517.865967
523.404053
532.298279
541.054443
549.146667
543.449585
525.850037
517.437317
525.184570
540.148743
550.073059
542.475708
524.096619
517.036621
526.763062
542.650024
550.267334
539.134949
521.488281
518.243958
529.700806
544.563904
549.804077
537.029968
520.217224
518.682495
531.580078
547.070984
549.766968
533.702332
518.234070
518.687012
526.296265
536.366272
548.188843
547.395569
530.281494
517.335693
521.791687
536.839478
549.738342
546.204163
527.327454
515.750549
523.198608
540.087952
550.981018
543.149597
524.143555
516.652466
526.145996
541.897034
550.633423
540.878296
522.054504
516.601685
528.010559
544.482971
551.017395
537.803284
519.531799
517.964050
530.295044
543.265320
551.759644
550.112915
534.448486
518.815491
519.414612
533.023193
547.432800
548.526367
532.074341
517.325195
520.536926
535.617065
548.736694
546.260437
528.956055
517.641113
523.157654
537.505859
549.070923
544.901672
526.914185
516.639160
524.026672
540.224976
550.853638
542.808228
523.970947
517.279968
525.195923
535.174133
544.831116
550.163940
539.891541
521.998962
517.257812
528.435852
544.575867
550.823669
537.386841
519.296326
518.053528
532.090210
547.289185
549.014465
533.031372
517.805725
519.859375
534.063477
547.963318
547.716187
530.526001
516.642700
521.208435
537.139038
549.905640
545.615723
527.237549
517.232056
522.326355
530.316650
539.790100
549.072144
543.463928
525.516785
517.221191
525.640869
541.223755
550.438354
541.080139
522.490112
517.386780
528.540039
543.730896
549.824768
538.240967
521.322083
518.543823
529.927673
544.896057
549.826416
536.050781
519.041138
518.681458
532.557434
547.374023
548.581787
532.313293
517.752380
520.492737
534.203674
548.752686
556.298157
548.870178
529.793152
517.020752
521.547974
537.033875
549.949219
545.433044
526.424866
516.399597
524.691284
540.440796
550.034607
542.324707
524.277954
517.174072
526.352173
541.987244
550.625732
540.397217
521.566772
516.946167
528.985107
544.719910
549.719055
536.497070
519.898560
518.933289
530.309692
542.847412
551.684937
550.098328
534.226624
518.561401
519.374695
533.525879
548.197449
548.356384
531.128479
517.273987
521.526550
536.330566
548.644104
545.849304
528.683167
517.320496
522.901917
538.156982
550.115173
544.687683
525.783936
516.391785
524.914246
540.819519
550.023499
541.306458
523.407959
517.464172
526.829651
542.299072
556.040771
557.174805
540.552979
521.109314
517.407776
529.221741
545.038025
550.076538
536.158997
519.389404
519.118896
532.156616
546.304565
548.648315
533.794495
518.534363
519.826294
534.127563
548.712952
548.283630
530.507385
516.725220
521.537842
537.221680
549.658142
545.497681
527.372681
516.833313
523.394958
538.688904
553.895874
558.705811
545.299377
524.194641
515.953613
525.461914
541.937195
550.573425
540.281616
522.101624
517.787292
528.728943
543.495544
549.661255
537.952148
520.484741
517.710938
530.121826
545.717712
549.655090
534.799561
518.393372
519.322510
533.393066
547.352417
548.045532
532.244568
518.114563
520.604858
534.256470
549.349548
557.260315
549.295837
529.172974
516.167725
521.668640
537.878174
550.043213
544.525208
525.928711
516.710632
524.733398
540.174561
550.333313
542.970520
524.353943
516.650024
526.185669
542.579529
550.985352
539.950256
521.385803
517.632263
529.485352
544.450439
549.391663
536.562317
519.921692
518.487000
530.780518
546.796570
557.888062
553.826172
534.205627
517.547791
519.294800
533.994446
547.983765
547.386902
530.687622
517.788940
521.992920
536.432861
548.991699
546.138794
528.186768
516.591919
523.063232
539.049194
550.321167
543.559082
524.655884
516.649841
525.947571
541.403198
550.095032
541.366760
523.500000
517.502441
527.260193
542.489502
553.525208
552.007812
536.177490
519.362427
517.781555
530.459839
545.377686
549.039062
535.309509
519.808716
519.896790
532.390930
546.253784
548.267517
532.860352
517.909119
520.351807
535.161133
548.784668
547.001099
529.457764
517.250183
522.616028
537.347351
548.925049
544.781311
527.103333
516.863892
523.656494
538.989624
552.962036
555.953552
542.423401
523.139832
516.993835
527.103394
542.488770
549.977600
539.728210
522.196350
517.837708
528.376648
543.540283
550.066528
537.783142
520.073730
518.160645
531.406006
546.587280
549.219482
534.084106
518.830811
520.247620
533.666809
547.322327
548.033020
532.053162
517.921875
520.796570
535.215210
550.799011
557.721252
547.891785
527.676819
516.760193
523.432678
538.536255
549.334473
543.843506
526.249573
517.446838
524.981995
540.243591
550.315674
542.264160
523.600586
517.085022
527.521545
543.357849
550.223938
538.587830
521.281128
518.572205
530.035156
544.659607
549.721497
536.693726
519.792664
518.687866
531.797058
546.430176
551.515686
542.927856
527.076355
517.053711
521.052551
534.675232
547.365540
546.414124
530.356628
517.984802
522.010986
536.522705
549.264893
545.794495
527.496216
516.814148
524.197266
539.864624
549.947510
542.653259
524.661621
517.405579
526.219849
541.295837
550.118591
541.077393
522.804932
517.194458
527.908569
543.482544
553.293518
550.114014
534.343811
519.253235
518.816345
531.114746
545.453125
549.102722
535.421936
519.603210
519.469788
532.778137
547.550232
548.735657
531.983459
517.323303
520.891113
535.906250
548.701111
546.241638
529.159668
517.723755
522.926514
537.378662
549.381287
545.277039
526.926086
516.646851
524.523743
540.700134
550.539856
541.717834
520.975708
509.933624
515.120361
528.019836
542.438538
549.804871
539.740479
521.982849
517.369263
528.493713
544.374268
550.215881
536.748962
519.345886
518.561340
531.904114
546.318787
548.667053
533.956848
518.893982
520.114502
533.861938
548.005981
548.042786
530.916687
517.004700
521.383667
536.924194
549.449768
546.896423
530.896729
516.941528
515.277222
524.450073
538.744019
549.251526
543.509338
525.456726
516.742249
525.209778
541.245056
550.649170
541.227966
522.592346
517.373108
528.251587
543.345154
549.846069
538.648010
521.474915
518.214172
529.566650
544.843750
549.804443
535.671387
518.575439
518.689697
532.710938
546.853210
550.733765
541.473083
526.004883
516.801575
521.136353
534.823364
547.910522
547.033630
530.292175
517.703125
522.608459
537.769409
549.674866
544.780457
526.482483
516.986267
524.676208
539.647156
549.507690
542.801086
525.292297
517.744080
526.152405
541.454834
550.138611
540.117615
521.793213
517.542358
529.181274
544.561646
550.318176
536.034241
513.264832
506.033752
516.192566
531.218750
545.438538
549.156311
534.853455
518.798279
519.642944
533.858948
547.924866
547.708740
531.081360
517.719543
521.482788
535.675354
548.439697
546.608093
529.508728
517.515442
522.808533
538.028076
549.689453
543.912292
525.197510
516.494873
525.312744
540.913452
550.240967
541.737793
521.569641
510.653534
515.170959
527.433899
542.414551
550.509155
539.934326
521.656982
517.734436
529.485474
544.555115
549.129517
535.948730
519.947937
519.234436
531.357605
545.513855
548.708496
534.411255
518.938660
519.718079
533.662170
548.116028
547.906189
530.833252
517.726868
522.284241
536.831055
548.667358
545.341125
526.343689
510.086700
510.460175
522.900085
538.930237
550.078064
543.852051
525.223083
517.015198
526.097656
541.618774
549.922546
540.418518
522.842590
518.094299
528.421082
543.250000
549.931519
538.491821
520.819397
517.886047
530.288086
545.543579
549.199829
534.803772
519.077820
519.946045
533.315186
547.117371
548.608093
530.808838
509.248962
505.708496
518.597534
535.334106
548.803955
547.487732
529.792480
517.094971
522.607483
537.812378
549.063721
544.079041
526.469666
517.092773
524.250122
539.466248
550.156006
543.131165
524.332886
516.597778
526.253662
542.292664
550.404968
540.001038
522.270569
518.307007
529.182739
543.743103
549.428711
537.503235
520.871826
517.256836
523.059509
532.730286
546.019348
549.693726
534.629211
518.636169
519.931335
533.769958
547.235474
547.293518
531.405212
518.057190
521.332275
535.792847
549.091309
546.705444
528.560791
516.528992
522.815918
538.658813
549.823242
543.617310
525.479309
517.225281
525.536682
540.654114
550.058044
541.925171
522.620667
512.210876
516.060547
528.107910
543.576660
550.930603
539.054138
520.935059
517.951965
529.890747
544.686523
549.273010
536.167725
519.843140
518.885315
531.722046
546.872070
549.580933
533.694458
517.961426
520.118469
534.742126
548.214539
547.058350
530.316650
517.810242
522.282410
536.802063
549.127991
545.873474
526.098938
509.070465
509.552460
523.051453
539.926758
550.403137
542.957886
524.489746
517.263916
526.373840
541.296570
549.697388
540.754822
523.147522
517.781006
528.033325
543.635437
550.469055
538.058472
519.972656
517.750122
530.591858
545.471802
548.837646
534.801025
519.423279
519.955933
533.015625
547.075806
548.325317
532.150146
518.106140
520.384277
528.759766
538.241028
548.927979
546.765869
529.029236
517.118286
522.731262
537.527161
549.035095
544.549561
526.766602
516.890198
524.207458
540.079956
550.456726
542.249084
523.441162
516.988220
527.229126
542.622375
550.025879
539.654053
522.291931
518.259460
529.082153
544.281799
550.088623
537.009094
519.627441
516.618408
523.388916
533.484558
546.193909
548.840271
533.877747
518.902405
520.293518
533.395020
546.911194
547.716736
531.941895
518.096497
521.284241
536.111206
549.285828
546.236877
528.169617
517.079041
523.536072
538.463379
549.237671
543.845947
526.459351
517.733093
525.093872
540.089111
549.855957
541.628906
523.332703
516.946472
523.838928
533.311462
544.114380
549.785339
538.857605
521.653015
518.196350
529.168213
543.955811
549.290649
536.486877
519.818604
518.742065
531.853394
546.651123
548.404297
532.564514
518.015198
520.741699
534.767090
547.792969
547.232971
531.257996
518.396973
521.890930
536.415405
549.303650
545.492004
526.957642
517.005859
523.122192
532.305176
541.711670
549.749451
543.052856
525.073853
517.295227
525.808716
541.185486
550.397400
541.372498
523.002625
517.431152
528.223022
543.850342
549.962158
537.592712
520.544067
518.547791
530.391785
544.939453
549.291321
535.840576
519.655701
519.208069
532.390625
547.108398
548.520874
532.396973
518.343140
519.430176
526.350403
535.850830
547.336975
546.208801
529.698425
517.894043
522.497314
537.006897
549.276428
545.053528
526.625854
516.506531
524.309753
540.242004
550.161438
542.147339
524.030273
517.408875
526.659607
541.676514
549.834778
540.147827
522.349854
517.680298
528.846008
544.445923
549.685913
536.275391
519.890381
518.105042
524.990356
534.154480
545.981934
548.768982
534.279297
518.858643
519.612793
533.340027
547.925110
548.354736
531.266418
517.228699
521.420288
536.661133
549.114990
545.534607
527.858704
517.180359
523.424255
538.342773
549.752747
544.362122
525.849182
516.639099
525.149963
541.286255
550.626892
541.331665
522.862366
517.535706
526.468445
537.120667
546.572388
550.331909
538.703735
521.125000
517.456177
529.217102
545.201782
550.394104
536.188293
518.984680
518.888245
532.777771
547.162537
548.378540
532.709473
518.242676
520.415405
534.328186
548.119446
547.618774
530.460083
517.139343
521.835083
537.334717
549.542053
544.839722
526.869141
517.642090
522.794067
530.605408
540.171509
549.304443
543.139465
524.774658
516.621582
525.646912
541.858276
550.870850
540.640503
521.865662
517.265381
528.736450
543.980652
549.695190
537.489380
520.572266
518.422424
530.492126
545.630859
549.732483
535.119995
518.567566
519.255371
533.450989
547.548218
547.752014
531.727722
518.738892
520.169434
526.515442
535.679260
547.496277
546.411865
529.077087
516.778931
522.343140
538.201721
550.224060
544.436157
525.573914
516.660095
525.106079
540.285522
549.584412
541.882812
524.231201
517.647888
527.025879
542.573608
550.535034
539.507690
521.109192
517.514343
529.648865
544.884094
549.562195
536.374939
520.107605
519.192688
530.388306
543.161865
552.101990
549.919556
533.592468
518.232239
519.703247
534.207336
548.331238
547.504333
530.273010
517.270752
521.828918
536.346130
548.467773
545.534668
528.393311
517.373047
523.233765
538.466370
549.886230
543.680908
524.946106
516.738525
526.071350
541.748352
550.179565
541.025757
523.468323
518.132141
526.062073
536.199768
546.032959
550.185242
538.431335
520.847656
517.901611
530.277893
545.584656
549.407349
535.025940
518.996094
519.448181
532.526978
546.269470
548.032593
533.110168
518.502563
520.418823
534.776245
548.605042
547.111572
529.543579
517.214661
522.564148
537.241089
548.662170
544.593445
527.330139
517.273193
523.625122
538.789368
554.022156
558.466553
544.617065
523.901367
516.645874
526.518127
542.377625
550.161255
539.757812
522.146179
518.079895
528.922852
543.715637
549.706421
537.726868
520.425476
518.068542
530.786499
546.188843
549.330261
534.196960
518.615540
520.144470
533.717896
546.794922
547.105774
531.848999
518.585632
521.285583
534.798828
549.833435
557.217102
548.424622
528.561157
516.896606
522.925659
538.181274
549.193542
543.698364
526.196228
517.440002
524.677490
539.538025
549.893494
542.795288
524.320129
516.738586
526.383179
542.714661
550.700073
539.590698
521.585571
517.895813
529.300049
544.360291
549.712769
536.860229
519.720764
517.931885
530.725342
547.724915
559.051697
554.138306
533.759399
517.428528
520.005432
535.013916
548.476318
547.043518
530.032593
517.355103
521.895996
536.722534
549.346313
545.985474
527.712830
516.625000
523.843506
539.732117
549.906433
542.542480
524.573364
517.556885
526.432373
540.913818
549.346802
541.049988
523.615723
517.612793
527.028320
542.817139
556.370728
556.693115
539.511414
520.664490
518.194641
530.174500
544.911743
549.328186
536.058289
519.725769
518.712585
531.591064
546.981873
549.676636
533.429810
517.416260
519.838013
535.366943
549.297546
547.053406
528.913574
516.576355
522.426270
537.987122
549.960327
545.194275
526.596741
516.528931
524.435181
540.682861
555.425964
558.456482
543.431763
523.040588
517.254028
527.577087
542.353333
549.372375
539.416687
522.432678
518.349426
528.895081
543.645508
549.562378
537.331299
520.388977
518.837646
531.351562
545.591370
548.472473
534.482971
519.548218
520.065186
532.781494
546.881653
548.392822
532.362610
517.578430
520.281311
535.114929
550.953979
557.786804
547.935608
527.701416
516.519592
523.060242
538.578308
550.071228
544.679443
526.154541
516.522095
524.558411
540.911133
551.052185
541.945435
522.552307
516.530151
527.784607
543.612305
550.115417
538.547607
521.306519
518.395874
529.783325
544.343567
549.204468
536.283386
519.951111
519.257019
531.930420
547.276123
556.889587
551.791992
533.090210
518.742798
521.236389
534.352783
547.063904
547.074036
531.450195
518.199219
521.302002
535.848633
549.136353
546.123901
527.928589
516.702087
523.188538
538.665344
549.781616
543.754700
525.664856
517.005615
525.096985
541.130188
551.130127
541.798096
522.223022
516.138367
527.582642
543.713867
553.357849
549.963867
534.229126
519.062073
518.346985
530.630981
545.390686
549.300354
535.179443
518.925110
519.349548
533.342102
547.661865
548.154053
531.762024
517.974792
521.613647
535.579285
547.490662
545.572876
529.447815
517.939575
522.717468
537.239990
549.262939
545.064331
527.132812
517.323303
524.615417
539.344604
551.918457
554.386230
542.036743
524.390076
518.102112
526.336243
540.923645
549.835693
541.034424
522.959351
517.273132
528.000122
544.121460
550.458923
537.636047
520.205444
518.358276
530.705750
545.420410
549.206909
535.205139
519.031250
518.982605
532.898499
547.972778
548.609741
531.455811
517.114563
521.042969
536.073669
550.906677
556.821899
546.972595
527.497192
516.832031
523.051453
538.263306
549.838806
544.351013
525.786926
516.752563
525.510864
541.440430
550.236206
541.005310
523.166931
517.918152
527.906067
542.392456
549.298645
538.927734
521.821350
518.208557
529.587097
544.713013
549.479614
535.971130
519.697083
519.697693
532.643921
545.955322
550.516357
542.868164
528.132568
518.003113
520.756470
533.818115
547.607422
547.712097
531.040649
517.549561
521.683044
536.874023
549.423828
545.467285
527.535156
517.179626
523.794067
538.846863
549.880859
543.810852
525.201477
516.454102
525.596802
542.369385
551.273743
540.467896
521.362305
516.837646
528.733154
544.442505
550.409851
536.343018
513.509094
505.789703
515.909302
531.793213
546.571960
549.587158
534.156311
518.051086
519.832397
534.332336
547.664124
547.171997
531.219299
518.366882
521.901123
535.455444
547.754333
546.127136
529.487854
517.565186
522.753052
537.927063
549.637817
544.423462
526.476624
517.564575
525.153809
539.861877
549.619507
542.398743
523.034790
511.698212
515.211853
527.069580
542.369446
550.821594
540.251343
521.641602
517.426514
529.197449
544.517883
549.464966
536.479004
520.251587
519.134338
531.211548
545.916626
549.411072
534.212341
517.840515
519.369873
534.453308
548.740051
547.838501
530.439148
517.159119
521.738770
536.612122
548.788818
546.995239
531.956299
517.823975
515.055603
524.025269
539.518311
550.472717
543.402405
524.456604
516.840454
526.480896
541.715576
549.625610
540.319885
522.923584
517.922180
528.061890
543.097168
550.016418
538.492554
520.737305
517.930359
530.137390
544.940186
548.768372
535.137329
519.717041
519.849121
532.100403
545.765503
548.442627
531.849792
510.519226
506.547089
518.920105
535.165161
548.159424
546.885803
529.877502
517.497070
522.432434
537.166077
548.995911
545.062012
527.585510
517.044617
523.150391
538.694214
550.262634
543.335938
524.161926
516.561096
526.633484
542.647644
550.644470
540.326782
522.240540
517.529968
528.253357
543.665833
550.434875
