538.514893
538.514893
538.526733
538.585999
538.432739
537.215942
534.895935
533.507141
534.546387
536.407166
536.608398
535.031616
533.758789
534.230347
535.580933
536.053406
535.131653
534.006592
534.308960
536.551514
538.619629
537.024658
532.478149
530.509338
533.912537
538.396973
538.340881
534.596130
532.563110
534.190308
536.503906
536.716553
535.160461
533.662109
533.270630
533.983521
535.225037
536.068787
535.818909
534.648132
533.894470
534.871277
536.569092
536.512878
534.643982
533.577393
534.495911
535.791565
535.923645
535.157654
534.793030
535.353027
535.669434
535.031921
534.394836
534.459106
534.843628
535.251221
535.914856
536.275574
535.337463
534.006592
534.089539
535.333557
536.061707
535.709839
534.851074
534.178955
534.398499
535.269531
535.587891
535.356445
535.497559
535.650330
535.115845
534.572510
534.730652
535.004150
534.760986
534.535950
535.279541
536.608276
536.720459
535.254578
534.134521
534.299622
534.561584
534.348083
534.719360
535.931274
536.589661
535.830811
534.568848
534.343567
535.329895
536.184570
535.969604
535.254761
535.017090
535.067993
534.822327
534.783020
535.323975
535.540833
534.964294
534.574707
535.128967
535.867065
535.533081
534.486755
534.547180
535.813599
536.212097
535.145691
534.343567
534.677795
535.139893
535.090393
535.040649
535.316345
535.615601
535.478210
535.002930
534.905884
535.112488
534.760620
534.060852
534.235779
535.407410
536.071777
535.345215
534.440735
534.666199
535.413757
535.461121
534.950562
534.958435
535.606567
535.751160
535.002258
534.595032
535.112244
535.384399
534.862366
534.609375
535.125122
535.336853
534.789612
535.014648
536.380920
536.589050
534.619568
532.684387
533.475769
536.115540
536.978394
535.542297
534.370239
534.553528
535.303223
535.519470
534.989502
534.667664
535.003296
535.253479
535.011841
534.873962
535.126648
535.199402
534.997986
535.121094
535.449585
535.296082
534.794373
534.813660
535.511292
535.832520
535.062012
534.198853
534.627380
535.826111
536.000732
535.008118
534.545227
535.085571
535.337891
534.974731
534.888489
535.225647
535.399902
535.122314
534.810059
535.054016
535.456421
535.154602
534.556152
534.848633
535.743958
535.733093
534.756165
534.350525
535.114319
535.817993
535.402527
534.682678
534.828003
535.387146
535.371521
534.972656
534.935242
535.156738
535.078186
534.884399
535.053528
535.274658
534.983582
534.431702
534.342041
535.012268
535.828857
535.701843
534.830322
534.666870
535.430237
535.767212
535.119019
534.640564
535.112488
535.483582
534.901001
534.466736
535.113525
535.742126
535.319458
534.658081
534.733215
535.251404
535.481934
535.267334
535.145691
535.284973
535.019287
534.580505
535.079651
535.968506
535.631897
534.413147
534.041138
534.822632
535.802917
536.166443
535.490784
534.492493
534.495300
535.261780
535.551880
535.284363
535.098633
534.956543
534.649963
534.647888
535.236877
535.651489
535.185730
534.564087
534.893677
535.623596
535.381531
534.466187
534.461548
535.463867
535.805908
535.046265
534.576721
534.988159
535.415771
535.234558
534.787659
534.563049
534.708679
535.108032
535.298462
535.256470
535.478821
535.535217
534.862000
534.419678
535.076843
535.745911
535.265503
534.502563
534.635925
535.242188
535.464905
535.361755
535.364868
535.469543
535.252136
534.673950
534.637634
535.472656
535.775635
534.902405
534.333923
534.841003
535.412354
535.314514
534.874207
534.760559
535.169800
535.507629
535.328735
535.122559
535.378784
535.482422
534.877747
534.506653
535.212585
535.947876
535.465088
534.501953
534.522400
535.323486
535.560974
535.044495
534.884155
535.377258
535.294250
534.347290
534.305176
535.470154
535.914368
535.365906
535.106689
535.316772
535.347107
535.017029
534.796265
535.153931
535.776550
535.744202
534.950623
534.566406
535.243347
535.816895
535.191772
534.410400
534.812195
535.655396
535.545654
534.795898
534.791077
535.536560
535.587097
534.679504
534.435059
535.348511
535.647217
534.821472
534.422852
534.910339
535.390259
535.367798
535.076843
535.002136
535.099609
534.891846
534.725525
535.302002
536.161377
536.196960
535.208313
534.416443
534.906128
535.735535
535.425354
534.525879
534.573669
535.350769
535.419495
534.931030
534.926819
535.235229
535.325928
535.060669
534.846191
535.315002
535.733582
535.086548
534.496155
535.099121
535.649719
535.164062
534.750671
535.136414
535.384766
534.972900
534.720093
535.097229
535.548462
535.535400
535.084900
534.678650
534.639221
534.752625
534.919861
535.065796
535.228088
535.717773
535.894775
535.259583
535.009338
535.675171
535.710876
534.616516
534.239624
535.194519
535.727783
535.113770
534.592285
534.838867
535.209534
535.183472
535.015503
535.270630
535.770752
535.566345
534.747131
534.542480
535.235840
535.641052
535.010620
534.305847
534.633423
535.425476
535.314697
534.654724
534.936829
535.651489
535.347351
534.548157
534.560120
535.365967
535.849792
535.321411
534.567810
534.700256
535.338623
535.371399
534.980896
535.071045
535.436646
535.285095
534.826416
535.024231
535.765808
535.682556
534.813721
534.738953
535.335144
535.042114
533.906616
533.658691
534.902466
535.944153
535.424133
534.456360
534.559326
535.332825
535.593689
535.201660
534.913086
535.169861
535.443726
535.120911
534.707825
535.026794
535.548279
535.153320
534.467407
535.027100
535.928833
535.396790
534.481140
534.730957
535.367249
535.308289
535.046875
535.192078
535.323608
535.052612
534.643738
534.543335
534.989258
535.566772
535.335205
534.434509
534.381470
535.457581
535.964233
535.135803
534.417603
535.006531
535.862610
535.471619
534.533936
534.815796
535.772278
535.591614
534.757080
534.643616
535.007629
535.232849
535.382080
535.465515
535.215149
534.693665
534.496704
535.056335
535.733704
535.400574
534.192993
533.454346
534.064697
535.397827
535.852844
535.108154
534.677856
535.239563
535.647827
535.119446
534.491882
534.802490
535.420593
534.928101
533.787415
533.963623
535.791992
537.179932
536.288452
534.191406
533.659119
535.047791
535.850159
535.111145
534.715515
535.443237
535.733276
534.932556
534.427124
535.034119
535.613708
535.168823
534.375427
534.218567
534.858276
535.734070
535.934448
535.351501
535.026855
535.385986
535.474182
534.851685
534.534912
535.024048
535.366272
535.213135
535.412720
535.839783
535.447144
534.681396
534.849915
535.523438
535.304993
534.476318
534.626160
535.855103
536.321289
535.174438
534.080261
534.627747
535.827271
535.896667
534.987061
534.361450
534.585876
535.273865
535.498962
535.055603
534.889160
535.291016
535.442688
535.194519
535.130188
535.208191
535.068909
534.952332
535.222473
535.552185
535.316650
534.924316
535.551758
536.560730
535.653748
533.045105
532.144226
534.498474
537.274780
537.409119
535.591064
534.436890
534.722778
535.225098
535.034180
534.562500
534.621094
535.104370
535.175293
534.780762
534.831421
535.585510
536.080811
535.710693
535.084778
534.743530
534.546204
534.674255
535.493225
536.202637
535.554321
534.131653
533.935547
535.353577
536.407288
535.832153
534.836365
534.868225
535.522644
535.284180
534.020752
533.711731
535.356201
537.288330
537.919128
537.485046
536.578918
535.043457
533.018921
532.077515
533.621948
536.167297
536.838013
535.488220
534.498779
535.241455
536.497314
536.290466
534.819214
534.037964
534.614441
535.352539
535.322876
534.981689
534.988342
535.143555
535.208679
535.502380
535.737732
535.202759
534.570679
534.740601
534.816101
534.278809
534.549194
536.203857
537.977356
538.546082
537.128052
534.494263
533.307556
534.588745
535.912720
535.196350
533.929565
534.621460
536.446167
536.661621
535.130310
533.963989
534.196472
535.038391
535.388550
535.084717
534.793884
534.941345
535.338928
535.711304
535.756409
535.153259
534.354126
534.565002
535.723267
536.053040
535.085876
534.487671
535.114380
535.868225
535.497070
534.426453
534.275391
535.450256
536.869629
537.326904
536.119202
533.963867
532.701172
533.479187
535.608337
537.103333
536.587830
534.732056
533.736023
534.836304
536.421082
536.106079
534.391174
533.923096
535.298706
536.265259
535.383057
534.077515
534.203735
535.375244
535.987244
535.612793
535.026062
534.797791
534.869934
535.033936
535.325623
535.472534
534.760742
533.879761
534.618408
536.945190
538.498413
536.709473
532.630615
531.168335
534.166016
537.501587
537.387207
535.056030
533.968933
535.084290
536.266296
535.766296
534.477173
534.079163
534.790161
535.594849
535.514587
534.666199
534.278748
535.122986
536.474365
537.103394
536.323303
534.502625
533.438965
534.578247
536.563110
536.441162
534.058655
533.065735
535.274414
538.100098
538.579773
535.939880
532.265076
531.091187
533.715088
537.577332
538.509460
535.543091
532.553833
533.153015
536.003357
537.166565
535.411377
533.475708
534.063965
536.063354
536.521362
535.131409
534.224121
535.026001
536.271790
536.355835
535.258362
534.477783
535.051392
535.749268
535.356079
535.051636
535.497314
535.650208
535.380920
535.076477
534.693359
534.365417
534.379578
535.109131
536.250793
536.483887
535.355225
534.030090
533.622864
534.516418
535.880554
536.210999
535.959412
536.168274
535.959534
534.815186
534.076782
534.564148
535.335388
535.328674
534.754456
534.596069
535.110168
535.423828
535.193970
535.336670
535.982056
535.717041
534.231567
533.555176
534.875427
536.585999
536.899170
535.916931
534.867249
534.307861
533.944580
534.088196
535.086243
536.059631
535.967773
535.039673
534.617188
535.395386
536.113708
535.490845
534.501038
534.517944
535.049622
535.144287
534.965027
535.167419
535.689270
535.662476
534.960449
534.629822
535.080200
535.391907
534.898987
534.390259
534.900391
535.776367
535.471802
534.409363
534.553406
535.893738
536.565613
535.636414
534.177368
534.152039
535.436340
536.107178
535.720459
534.980225
534.260437
534.125671
535.010315
536.065552
536.033691
535.052856
534.180115
534.186523
535.162109
535.967468
535.428711
534.459351
534.703674
535.624451
535.542175
534.689148
534.648254
535.541992
535.904297
535.230164
534.757812
535.096619
535.285278
534.853760
534.555298
534.751953
534.900513
535.124268
536.212952
537.116150
535.992065
533.868774
533.269836
534.520691
535.844421
535.861206
534.921448
534.264221
534.710083
535.857788
536.252930
535.449707
534.721130
534.756409
534.871338
534.714722
534.800354
535.262512
535.408203
535.072144
535.079651
535.472290
535.274719
534.637756
534.747437
535.542664
535.736572
535.018982
534.579285
535.107544
535.664490
535.292969
534.520874
534.490173
535.225464
535.553040
534.967529
534.356812
534.567017
535.298462
535.572754
535.262451
535.139587
535.243286
535.010498
534.639832
534.867249
535.636963
535.882751
535.204834
534.771118
535.225159
535.415222
534.732300
534.360840
534.990417
535.586365
535.272034
534.769165
535.021179
535.552124
535.388916
534.730652
534.523865
535.044861
535.817505
536.185120
535.852051
535.241943
534.691223
534.109009
534.110046
535.419067
536.603516
535.608765
533.591797
533.499084
535.486938
536.868347
535.988770
534.314575
534.161865
535.310486
535.748779
534.978882
534.363342
534.675293
535.205688
535.363342
535.390503
535.359375
534.994690
534.622742
534.914246
535.502441
535.381836
534.585144
534.106079
534.557495
535.425964
535.437439
534.423523
534.116333
535.262268
536.156006
535.708618
534.911926
534.890869
535.395630
535.323853
534.700256
534.674500
535.150024
535.052124
534.682068
535.035767
535.643188
535.494446
535.009460
535.071655
535.383728
535.228210
534.795776
534.903076
535.527161
535.546143
534.776306
534.575134
535.425842
536.177063
535.943237
535.040405
534.424316
534.658081
535.240540
535.306824
534.945129
534.971069
535.313782
535.096375
534.560181
534.809204
535.560242
535.538879
534.834778
534.732239
535.430664
535.706543
535.101807
534.680542
535.109558
535.534241
535.163757
534.791931
535.204895
535.544312
535.112610
534.720215
535.034607
535.596741
535.658691
535.021240
534.476624
534.912109
535.708679
535.587036
534.857666
534.789917
535.312317
535.396484
534.957031
534.817749
535.176697
535.262207
534.893494
534.919006
535.484009
535.561218
534.876404
534.586182
535.154236
535.569153
535.260437
534.924866
535.197021
535.557373
535.261719
534.722778
534.875793
535.648193
536.045166
535.553284
534.849426
534.845520
535.280579
535.293396
534.994873
535.067078
535.383179
535.231445
534.740845
534.846252
535.513489
535.601685
534.864014
534.549805
535.380249
536.023499
535.260742
534.351318
534.761963
535.557007
535.379456
534.808960
534.897278
535.312988
535.321411
535.067932
535.083984
535.377014
535.464661
535.149902
534.886841
535.177551
535.670837
535.488281
534.798584
534.755249
535.413635
535.533875
534.836853
534.629395
535.501892
536.038025
535.241943
534.406799
534.718750
535.293457
535.203064
535.028687
535.315063
535.469482
535.059326
534.780640
535.202393
535.682129
535.397705
534.749817
534.793152
535.596497
536.204346
535.879883
534.956665
534.652283
535.265076
535.518982
534.993286
534.899475
535.528870
535.513184
534.521179
534.193237
535.264526
536.261230
535.827209
534.680725
534.481628
535.338928
535.815491
535.304260
534.769409
534.873047
535.099731
535.114746
535.226562
535.340210
535.038879
534.743896
535.138245
535.809082
535.885986
535.195679
534.546326
534.963196
535.890564
535.739136
534.667175
534.432617
535.474365
536.141174
535.295044
534.213257
534.603455
535.781982
535.831665
534.779602
534.316345
534.964111
535.568298
535.403748
535.150513
535.277100
535.252075
534.978638
534.990723
535.251038
535.241150
534.985535
535.034424
535.431091
535.645020
535.349854
534.765930
534.693542
535.440796
535.807617
534.962463
534.237000
534.966248
536.050964
535.742249
534.583923
534.389954
535.219055
535.611389
535.155212
534.857849
535.154541
535.328674
535.150757
535.216431
535.518982
535.373047
534.829102
534.777405
535.305176
535.384949
534.796143
534.725525
535.524475
535.937134
535.337402
534.474915
534.281128
535.062073
535.872375
535.549377
534.704895
534.764282
535.490295
535.508301
534.847229
534.753723
535.287659
535.409180
534.981445
534.871338
535.318481
535.500977
535.043213
534.758972
535.154968
535.449219
535.101746
534.853149
535.169556
535.328857
534.933533
534.809021
535.399841
535.865295
535.589966
534.892334
534.519592
534.981018
535.590210
535.327454
534.675781
534.848389
535.618225
535.635986
534.857788
534.645142
535.275757
535.587524
535.144958
534.881287
535.315857
535.577759
535.060608
534.656677
535.099487
535.518738
535.090820
534.718079
535.257080
535.707764
535.124084
534.490051
534.951843
535.764954
535.591675
534.683350
534.248962
534.620117
535.216370
535.354980
534.940308
534.791809
535.304810
535.559998
535.064026
534.744812
535.195557
535.471313
534.863647
534.514832
535.263123
535.823547
535.238403
534.653076
535.068848
535.572693
535.238770
534.804382
535.128967
535.635376
535.357666
534.722717
534.867981
535.523743
535.540955
534.896912
534.506226
534.865723
535.496948
535.446228
534.768066
534.684082
535.446472
535.761292
535.094910
534.604126
535.044373
535.525757
535.243225
534.860046
535.101868
535.403625
535.093323
534.741821
535.085999
535.577271
535.375854
534.940308
535.135376
535.523193
535.201477
534.596130
534.740173
535.443726
535.638123
534.984253
534.251343
534.353638
535.151550
535.573242
535.227844
534.928650
535.180237
535.318909
534.905212
534.751160
535.305664
535.594238
535.063721
534.669495
535.130188
535.636536
535.305359
534.698608
534.902222
535.682739
535.755371
535.029541
534.783875
535.371338
535.679565
535.136475
534.711731
535.133667
535.600220
535.283875
534.718811
534.790100
535.187134
535.028564
534.592407
534.874634
535.747437
535.935303
535.006653
534.280212
534.826843
535.724731
535.581604
534.814819
534.831360
535.501648
535.480896
534.728516
534.577698
535.333313
535.726440
535.198975
534.856567
535.291687
535.541504
535.099243
534.849548
535.241882
535.409119
534.962646
534.760010
535.203125
535.729187
535.763367
535.151062
534.600464
534.938782
535.545105
535.360413
534.766418
534.854553
535.518555
535.588257
534.915833
534.693298
535.289429
535.636536
535.232788
534.925293
535.160217
535.301086
535.065002
535.066833
535.481812
535.425415
534.656067
534.387756
535.169617
535.774658
535.216736
534.300232
534.216736
535.004639
535.788269
535.648254
534.869568
534.738953
535.356445
535.501099
534.958130
534.808838
535.326599
535.530823
535.111877
534.981750
535.392761
535.443970
534.894043
534.678406
535.167297
535.383179
534.864136
534.690857
535.354431
535.624207
534.844238
534.293091
534.988281
535.922913
535.699585
534.712402
534.456299
535.230042
536.005493
535.914490
535.081360
534.616150
535.087891
535.503784
535.169678
534.880127
535.111023
535.194946
534.930969
535.009949
535.507996
535.480042
534.732605
534.530334
535.357971
535.853699
535.164673
534.467896
534.970154
535.835510
535.633423
534.762939
534.632935
535.265198
535.513123
535.152283
534.981018
535.221802
535.381287
535.196594
534.919495
535.066040
535.516541
535.305847
534.522400
534.604431
535.637390
535.938782
534.997314
534.384705
535.011963
535.641052
535.185059
534.534546
534.805420
535.483887
535.566650
535.138428
534.889343
535.004028
535.074219
534.929199
535.045776
535.445007
535.308350
534.710876
534.767273
535.652161
536.305847
535.886475
534.870361
534.537048
535.132263
535.588013
535.315796
534.993958
535.210144
535.376160
534.886353
534.428284
534.872559
535.626587
535.502869
534.799438
534.794128
535.439697
535.585693
535.097717
534.865906
535.127380
535.210022
534.962769
535.167175
535.805481
535.630066
534.500732
534.042419
535.093689
536.401489
536.469788
535.431763
534.617920
534.852478
535.546265
535.622070
535.144592
535.017517
535.226685
535.055542
534.723694
534.966309
535.437134
535.326477
534.943848
535.112610
535.592773
535.419434
534.676025
534.582825
535.357666
535.593994
534.825012
534.540039
535.347168
535.848816
535.235474
534.550598
534.781616
535.360474
535.406921
535.042236
534.849121
535.133972
535.509888
535.336914
534.947998
535.089661
535.377319
534.994507
534.407166
534.749756
535.655273
535.640015
534.826965
534.785767
535.574341
535.659058
534.781372
534.402649
535.126892
535.761841
535.408386
534.837646
534.928345
535.130920
534.805603
534.646545
535.182556
535.604858
535.300903
534.729187
534.583130
535.126953
535.773865
535.568359
534.671021
534.390137
535.119751
535.589783
535.152527
534.890869
535.307617
535.345398
534.808899
534.959961
535.778687
535.701111
534.559265
534.042358
534.937561
535.893433
535.623413
534.825134
534.788635
535.335632
535.436279
535.058838
535.003357
535.274719
535.083374
534.388611
534.167725
534.996033
535.932312
535.648071
534.640686
534.463379
535.100098
535.306641
534.881592
534.765137
535.252563
535.498352
535.057312
534.736084
535.106079
535.392395
534.974731
534.629395
535.019592
535.425537
535.194946
534.939697
535.238098
535.401367
534.743835
534.168274
534.828613
535.933411
535.840637
534.689331
533.940002
534.253479
535.165283
535.702271
535.373230
534.889771
534.952148
535.166809
535.114136
535.218628
535.661560
535.627502
534.888794
534.622192
535.219177
535.400513
534.671326
534.376648
535.261169
536.012268
535.430298
534.412659
534.506836
535.487610
535.749268
534.910950
534.395386
535.009460
535.745605
535.600647
534.979431
534.723877
534.854431
534.822144
534.623596
534.896790
535.577820
535.621704
534.788513
534.366211
535.079773
535.673584
535.064819
534.329773
534.753967
535.607422
535.577271
534.930420
534.853943
535.418518
535.536316
534.937988
534.650452
535.119263
535.428528
535.069580
534.859497
535.157227
535.175781
534.668396
534.377686
534.866516
535.609619
535.515015
534.696533
534.473999
535.244446
535.848450
535.393494
534.628113
534.708008
535.345886
535.435120
534.911377
534.708618
535.058289
535.157043
534.887573
535.067505
535.551941
535.357971
534.703491
534.676514
535.191162
535.252869
534.846130
534.838501
535.361633
535.522217
534.913147
534.414734
534.764404
535.551514
535.840759
535.149719
534.387878
534.671997
535.357422
535.338196
534.924988
534.911865
535.153809
535.063660
534.820923
535.072571
535.579712
535.388489
534.564026
534.389893
535.262695
535.849792
535.425537
534.995056
535.102905
535.063843
534.670471
534.661926
535.239563
535.397095
534.716736
534.284668
534.766663
535.636963
536.170898
535.815552
534.861755
534.510010
535.050659
535.321167
534.869263
534.768799
535.314636
535.366211
534.776672
534.775452
535.496643
535.630005
534.897583
534.574341
535.074829
535.286194
534.804993
534.683044
535.358704
535.704773
535.057007
534.535889
535.038391
535.621338
535.236694
534.328491
533.940369
534.570740
535.630615
535.819458
534.916626
534.272522
534.750854
535.360413
535.366150
535.681519
536.096558
535.349854
534.267883
534.400452
535.232544
535.308777
534.540039
534.236450
535.159180
536.134705
535.777039
534.878601
534.936096
535.462646
535.139709
534.400757
534.495544
535.187256
535.416565
535.143127
535.078552
535.347168
535.474060
535.255371
535.032288
535.184814
535.390442
534.976807
534.283325
534.455688
535.477966
535.888550
535.124756
534.602295
535.243408
535.743958
535.004150
534.180420
534.563538
535.416626
535.222656
534.234619
534.359680
535.636353
536.160583
535.752502
535.386108
535.102905
534.627930
534.343323
534.815979
535.600952
535.847839
535.349121
534.548828
534.423645
535.264099
535.801392
535.154907
534.446533
534.755676
535.205994
534.967957
534.954712
535.666687
535.886902
534.927795
534.009888
534.467651
535.656921
535.831177
534.893188
534.435791
535.008789
535.473145
535.161011
534.762878
534.831421
534.992310
534.991943
535.145569
535.521057
535.646729
535.129517
534.511353
534.820251
535.751404
535.796143
534.713135
534.161865
534.989746
535.762756
535.320374
534.638245
534.844849
535.413940
535.278381
534.193542
533.342285
534.470886
536.404602
536.683716
536.114502
535.637878
534.673462
533.903687
534.170776
534.847473
534.997986
534.835083
535.254944
536.287781
536.874817
536.077942
534.634155
534.441711
535.558655
535.840149
534.469238
533.438782
534.453857
536.121704
536.087952
534.811584
534.489441
535.328979
535.723633
535.109253
534.525269
534.717468
535.149597
535.238953
535.284241
535.419922
535.079468
534.426453
534.584595
535.492126
535.534729
534.314819
533.706055
534.970886
537.018188
538.047180
537.050110
534.762390
533.543945
534.445129
535.844055
536.071472
535.203369
534.163818
533.833984
534.693481
536.052917
536.328796
535.083496
533.920105
534.382385
535.648743
535.728149
534.630188
534.286438
535.200562
535.683533
534.987427
534.510315
535.113220
535.746765
535.424072
534.735901
534.695251
535.102966
535.068176
534.597412
534.486877
534.968262
535.330444
534.974915
534.555298
534.966492
535.365662
534.665833
534.058228
534.944763
536.493408
536.961975
535.758301
534.314270
534.124084
534.601196
534.863647
535.183105
535.480713
535.110046
534.481873
534.747864
535.787354
536.151855
535.245544
534.254639
534.401062
535.245789
535.467102
534.804443
534.232300
534.557312
535.365967
535.465210
534.846008
534.748779
535.293823
535.447632
535.108032
535.054138
535.389954
535.448303
534.961609
534.686157
535.146667
535.367065
534.772339
534.581604
535.350647
535.880066
535.384888
534.556091
534.256653
534.439087
534.735291
535.309998
536.596375
537.580750
536.357239
533.674927
531.985168
532.197449
533.909119
535.726013
536.065674
535.281555
534.840942
534.992432
535.217468
535.500671
535.723572
535.222656
534.181580
534.017700
535.049622
535.672791
535.145874
534.731873
535.222839
535.766296
535.428528
534.638611
534.664429
535.504395
535.648560
534.806396
534.479248
535.143555
535.381042
534.079895
532.384949
532.679077
535.145447
537.351257
537.370483
535.350037
533.171143
532.850708
534.464722
536.345093
536.791870
535.569580
534.220764
534.291199
535.466675
536.001770
535.065979
534.037292
534.453430
535.580139
535.635437
534.677551
534.366272
535.161926
535.652344
535.080750
534.663635
535.194946
535.683533
535.442932
534.975403
534.570190
534.191101
534.197021
534.960571
536.541931
537.597595
535.802917
532.392273
531.970642
535.630920
538.753296
537.282288
533.545410
532.698792
535.126221
536.814148
535.725952
533.853149
533.682556
535.008850
535.877258
535.489685
534.660217
534.301147
534.870422
536.062927
536.512817
535.377808
533.930420
533.957458
535.322693
536.388489
535.745972
533.809753
533.472534
536.414124
539.182739
537.397888
532.903137
531.390320
534.015381
536.767517
536.668701
534.797852
533.958984
535.039185
536.389648
536.342590
535.017395
533.734924
533.783936
535.283569
536.456787
535.574890
533.852539
533.955933
535.846008
536.811401
535.533447
533.604309
532.956970
534.005432
535.769409
536.540161
535.460754
533.530396
532.734558
534.234375
537.239502
538.908936
536.249329
531.308228
530.726624
536.119202
540.772949
538.700684
532.795349
530.902893
534.721008
537.863464
536.297791
533.527771
533.234863
534.574219
535.552002
535.197327
534.002869
533.692688
534.884521
536.337097
536.846924
536.440369
535.460266
533.993530
533.235352
534.826172
537.294006
537.443176
535.524292
533.999573
533.595581
533.752380
534.251160
535.308350
536.513794
536.604126
535.417542
534.588623
534.996094
535.389221
534.871338
534.489197
534.927551
535.161865
534.654785
534.498108
535.308105
535.833923
535.042786
534.224182
534.994324
536.643372
537.175293
535.765320
534.093933
534.407959
535.723694
535.667114
534.702881
534.546265
535.430786
536.275024
535.829529
534.647095
534.562012
535.380493
535.400024
534.705017
534.479126
534.547302
534.419495
534.734619
535.642090
535.949341
535.164795
534.263062
533.964661
534.450134
535.857544
537.142456
536.816467
535.292114
533.739502
532.601379
533.075806
535.845520
538.069031
536.545288
533.053101
532.206299
534.720337
536.831299
536.258911
534.774963
534.642029
535.594360
535.915161
535.079041
534.320923
534.484924
534.864807
534.950562
535.186768
535.407349
535.128479
535.123474
535.783813
535.799683
534.750977
533.978271
534.480957
535.919617
536.851624
536.079346
534.571350
534.374268
535.411072
536.000793
535.474976
534.595093
534.426147
534.733521
534.803467
534.968445
535.259094
535.457703
535.853882
536.018433
535.660522
535.258484
534.638611
534.153748
534.828308
535.723816
535.264832
534.354065
534.764709
535.855835
535.634094
534.421387
534.404785
535.685059
536.317871
535.684814
534.660583
534.122620
534.570068
535.402893
535.493896
534.998901
534.841492
534.941467
534.786133
534.771301
535.203430
535.428772
535.042480
534.652100
535.006836
535.643555
535.471436
534.904663
535.143066
535.681335
535.229614
534.369751
534.665710
535.676331
535.587402
534.467896
534.136719
535.021606
535.838989
535.874329
535.421326
535.033142
534.996216
534.933838
534.647888
534.778931
535.560913
535.915833
535.056152
534.133789
534.611816
535.788025
535.947021
535.247803
535.072510
535.236572
534.695557
534.122131
534.787170
535.868774
535.576172
534.042908
533.357422
534.900146
537.115784
537.289612
535.452881
533.957886
533.856750
534.390381
535.028503
535.763794
535.981445
535.109863
534.128784
534.508850
535.820374
536.095642
534.856689
533.980225
534.778442
535.877747
535.355225
534.014648
534.208252
535.847168
536.487244
535.292175
534.112854
534.371948
535.324158
535.763062
535.568848
535.153198
534.691101
534.495667
534.973145
535.690552
535.601074
534.522644
533.564331
533.844421
535.113831
535.874634
535.287964
534.510803
534.947510
535.906494
535.727539
534.605774
534.319031
535.245911
535.815063
535.366089
534.945496
534.847839
534.623352
534.792297
535.529480
535.758545
534.955017
534.094360
534.496460
535.903809
536.417603
535.223389
534.100159
534.660339
535.711426
535.592957
534.765930
534.439209
535.086731
535.719360
535.048462
534.365662
534.830322
535.240906
535.245667
534.969421
534.612671
534.978333
535.467285
535.304810
535.072998
535.165466
535.206970
535.006287
535.018250
535.415222
535.493164
534.842041
534.414917
535.075684
535.683167
535.079468
534.424194
534.904419
535.531555
535.148315
534.353638
534.238220
534.899170
535.585510
535.529541
535.025574
535.045349
535.264954
534.703308
534.289917
535.169556
536.010925
535.544983
534.764221
534.842285
535.405090
535.278992
534.470764
534.445496
535.307678
535.495667
534.772034
534.550964
535.351685
535.860596
535.181152
534.386902
534.643677
535.379395
535.501465
535.021729
534.631104
534.777588
535.204529
535.228760
534.983765
535.227539
535.664307
535.241150
534.239563
534.236755
535.289429
535.652893
535.030151
534.928223
535.608093
535.677612
534.928223
534.687317
535.047058
535.018982
534.756348
534.813782
535.085022
535.300537
535.118469
534.760498
534.883362
535.142090
534.990173
534.782593
534.949829
535.250244
535.621582
536.180298
535.428589
533.736084
534.372681
536.124451
535.904541
534.676147
534.644531
535.955017
535.772034
534.176941
534.397278
535.583252
535.360291
534.366882
534.449646
535.455078
535.536011
535.036133
535.478943
535.935181
535.515015
534.902039
534.659851
534.942810
534.960876
534.626892
534.430603
534.080322
534.498901
535.895386
535.983032
534.763916
534.448669
534.700439
534.468933
534.411011
535.141174
535.839966
535.429993
534.823792
535.230225
535.768005
535.331726
534.596375
534.678833
535.257996
535.330627
535.028015
535.194397
535.520813
535.178162
534.590515
534.694519
535.276611
535.258789
534.672668
534.613708
535.259399
535.914978
535.845581
534.976685
534.536682
535.107544
535.437012
534.926392
534.694641
535.288635
535.691528
535.261536
534.803650
535.086304
535.444885
535.011353
534.451721
534.687073
535.189758
535.130310
534.891418
535.211121
535.691711
535.423462
534.677551
534.635010
535.291870
535.451355
535.014465
534.992188
535.508911
535.703674
535.144104
534.502747
534.760254
535.653015
535.842407
534.968018
534.300537
534.722473
535.317383
535.088684
534.677917
534.995911
535.527954
535.413574
534.991821
535.073303
535.458008
535.286743
534.746887
534.881104
535.541260
535.495483
534.695557
534.473694
535.193420
535.638550
535.206848
534.852295
535.217285
535.600891
535.306946
534.707214
534.705139
535.343384
535.591492
535.103638
534.908142
535.529785
535.897888
535.210449
534.413757
534.573792
535.214905
535.316589
534.961243
534.988098
535.374573
535.330261
534.888977
534.917603
535.439209
535.359375
534.559204
534.580322
535.825623
536.436218
535.509949
534.526978
534.582825
535.029541
535.114990
534.891907
534.737976
534.862122
535.041687
535.045837
535.188904
535.669128
535.781555
534.990051
534.231262
534.633545
535.484680
535.356079
534.745850
535.083069
535.840637
535.631653
534.856079
534.724243
535.158630
535.229431
534.881104
534.906982
535.266357
535.126526
534.627319
534.764709
535.452576
535.480042
534.584045
533.816772
534.095032
535.300354
536.159363
535.690002
534.774902
534.761353
535.357544
535.424011
534.903137
534.678711
534.996338
535.183472
535.033630
535.137390
535.467224
535.273743
534.701477
534.795776
535.465149
535.447876
534.817078
534.937744
535.788696
535.967102
535.160950
534.550049
534.838562
535.315552
535.111145
534.505432
534.373474
534.833801
535.220886
535.108948
534.877991
535.055054
535.287903
534.970398
534.633667
535.084534
535.728821
535.550598
534.981750
535.164856
535.817139
535.567932
534.504883
534.333557
535.428711
535.928833
534.927002
534.096497
534.724976
535.652466
535.417419
534.570190
534.416138
534.910339
535.379150
535.634216
535.643860
535.381592
534.916504
534.620117
535.143494
536.257935
536.467407
535.077454
533.674255
534.031250
535.413574
535.736877
534.893982
534.684814
535.517334
535.868408
535.131653
534.447876
534.626404
535.155151
535.363770
535.357727
535.487122
535.477783
535.021179
534.780396
535.239075
535.511902
534.940979
534.432129
534.834412
535.619202
535.824158
535.199036
534.655518
535.124023
535.852478
535.486023
534.451416
534.402649
535.464050
535.910400
535.049011
534.465393
535.195435
535.917969
535.551086
534.950378
534.846619
534.789917
534.618835
534.817749
535.409058
535.696655
535.266724
534.774353
534.992493
535.444580
535.242188
534.660583
534.517212
534.959473
535.503052
535.535706
535.199463
535.223267
535.440979
535.172180
534.740540
534.917236
535.426147
535.335938
534.739807
534.695923
535.356995
535.602417
534.990784
534.544983
534.905701
535.325439
535.177063
535.056763
535.501160
535.752869
535.170837
534.652039
535.088440
535.635742
535.183350
534.500977
534.909180
535.982544
536.387817
535.713745
534.769043
534.619934
535.127625
535.281067
534.955383
534.977600
535.488770
535.453308
534.729980
534.633179
535.434143
535.898682
535.388916
534.735107
534.789429
535.108704
535.076477
535.081970
535.404175
535.417358
534.857971
534.545532
535.065979
535.641724
535.288635
534.526550
534.529236
535.249512
535.818115
535.745850
535.238525
535.022400
535.290283
535.358643
535.068054
535.082886
535.343018
535.047119
534.444641
534.650574
535.614075
535.858337
534.837158
534.118286
534.838074
535.768005
535.473755
534.721191
534.900696
535.595886
535.579834
534.996033
534.951965
535.376526
535.287842
534.818665
534.854309
535.330505
535.479919
535.123108
534.743713
534.845581
535.310608
535.403992
535.076782
535.154053
535.634216
535.541138
534.803894
534.693054
535.559692
535.922119
535.062439
534.366150
534.918091
535.707581
535.396362
534.515747
534.572083
535.438110
535.566040
534.895020
534.838989
535.553101
535.888062
535.518982
535.016968
534.540649
534.110596
534.108032
534.633606
535.401001
535.972778
535.712708
534.743652
534.406738
535.194702
535.646973
534.914185
534.376892
535.057434
535.823120
535.548401
534.896301
534.896851
535.261292
535.201172
534.915283
535.078186
535.483765
535.476135
535.178650
535.110168
535.245422
535.156555
534.896545
535.094604
535.582825
535.346436
534.411255
533.938049
534.566223
535.564880
535.657776
534.883057
534.555664
535.084229
535.431824
535.106506
534.961609
535.398987
535.544556
534.949219
534.650452
535.394775
536.080872
535.541626
534.617371
534.783325
535.619629
535.619873
534.812256
534.497986
534.953430
535.185852
534.888550
534.866760
535.307068
535.507996
535.220886
534.858643
534.958374
535.532532
535.680908
535.028809
534.668457
535.168579
535.473877
534.956543
534.586121
535.125488
535.743896
535.473450
534.861877
534.930298
535.387634
535.298767
534.913818
535.109985
535.578857
535.420105
534.916687
535.061951
535.634888
535.461060
534.627441
534.471191
535.249756
535.748108
535.339355
534.694824
534.610291
535.148926
535.499756
535.090698
534.676392
534.963257
535.306885
535.173340
535.177429
535.586487
535.635071
535.084839
534.810425
535.294617
535.664062
535.054993
534.287170
534.686584
535.747803
535.808960
534.804260
534.357361
535.001282
535.453918
535.049377
534.750000
535.153442
535.503296
535.227783
534.777832
534.773193
535.189331
535.358765
535.016174
534.898926
535.348572
535.520630
534.965698
534.602844
535.100830
535.527954
535.025208
534.463135
534.863403
535.561951
535.432922
534.865784
535.011658
535.655457
535.577332
534.805603
534.562988
535.103088
535.424072
535.113525
534.970947
535.394226
535.571716
534.969421
534.286865
534.362122
534.944214
535.128662
534.841919
534.894470
535.429993
535.570984
535.008606
534.744385
535.330994
535.719238
535.074646
534.367676
534.824219
535.818848
535.827820
534.925537
534.641968
535.302979
535.591125
535.067749
534.778320
535.126404
535.297241
534.974121
534.837646
535.211792
535.528076
535.325378
534.931152
534.875610
535.244995
535.618591
535.644775
535.700439
535.860352
535.291138
534.145935
533.945068
535.135742
536.069885
535.320618
534.035034
534.327393
535.918579
536.576416
535.624023
534.702209
534.859680
535.187500
534.935852
534.794128
535.191650
535.352051
534.929688
534.786926
535.312378
535.587219
535.154663
534.863403
535.171875
535.510925
535.404358
534.978760
534.845459
535.309326
535.664001
535.255554
534.650330
534.824402
535.461121
535.346252
534.710266
534.918518
535.687256
535.542725
534.768982
534.910767
535.791748
535.686340
534.179932
532.969177
533.687500
535.810303
537.702209
538.410706
537.195557
534.332520
532.078308
532.337952
534.783081
537.365845
538.137573
536.923523
535.258606
534.856140
535.596558
535.842651
535.184021
534.685791
534.683899
534.648865
534.618896
535.041443
535.594604
535.483032
534.898254
534.988098
535.713074
535.654175
534.854431
534.803345
535.579956
535.867065
535.116211
534.076904
533.680725
534.256653
535.330811
536.417725
537.807739
538.776123
537.256531
533.834167
532.522156
534.934509
537.531982
536.785034
533.928284
532.824158
534.559265
536.426758
536.251282
535.130066
534.909912
535.337097
535.369568
535.112488
534.932800
534.740112
534.770752
535.282471
535.663086
535.212708
534.519958
534.850159
535.996277
536.198853
534.960693
534.109680
534.859009
536.062256
536.389160
535.790161
534.941589
534.688782
534.919250
534.582397
533.898743
534.522949
536.808044
538.638794
537.781555
534.558716
531.536255
531.402344
534.494629
537.764404
537.907898
535.302063
533.398010
534.469910
536.751221
536.825439
534.555420
533.177551
534.351807
535.991638
535.726318
534.396545
534.388245
535.846680
536.949219
536.593506
535.295166
534.478577
534.808105
535.449829
535.597656
535.417847
535.213684
534.868469
534.479980
534.808411
535.891479
536.339172
535.615173
534.883667
534.819214
534.985474
535.065430
535.173584
535.346619
535.229736
534.721680
534.554199
535.085510
535.453979
535.211304
535.289062
536.005493
536.214172
535.407043
534.371155
534.112427
535.018494
535.956482
535.477234
534.289734
534.289429
535.456421
536.021240
535.453125
534.989014
535.221191
535.306274
534.883606
534.802246
535.317444
535.585632
535.395630
535.406982
535.615601
535.323364
534.631104
534.587158
535.382874
535.655518
534.784485
534.099243
534.574402
535.598267
536.420959
536.803650
536.556641
535.610352
534.297668
533.440735
533.947754
535.575256
536.626282
535.960999
534.729370
534.805603
535.881836
535.987671
534.832703
534.201843
534.821960
535.443115
535.245422
534.957458
535.236694
535.455444
535.014954
534.679321
535.129089
535.588928
535.431824
535.294800
535.550781
535.546814
534.873962
534.129395
534.195496
535.098572
535.745789
535.304932
534.552063
534.775818
535.705750
535.880676
535.051331
534.538696
534.703979
534.555664
534.251282
535.022705
536.870605
538.048279
537.066284
534.879578
533.427551
533.149170
533.764282
535.071472
536.183044
536.121094
535.260742
534.961975
535.654175
536.125610
535.395874
534.232971
533.804993
534.309326
535.134277
535.323547
534.841431
534.832092
535.498352
535.701050
535.198425
534.973816
535.313477
535.462463
535.107910
534.887085
535.146545
535.247498
534.964478
535.119080
535.536438
534.869141
533.498657
533.423096
535.592224
538.645691
539.325989
536.345398
532.595825
531.276733
532.996582
536.251465
538.667358
538.683777
536.513245
534.145508
533.944153
535.817810
536.963562
535.588623
533.560730
533.722107
535.494202
535.947754
534.590515
533.871704
535.066223
536.489868
536.368958
535.244934
534.618347
534.767090
534.788879
534.231567
533.979004
534.743347
536.071899
537.609802
538.437866
536.756287
533.241272
531.230896
532.300903
534.817688
536.702209
537.252258
536.695618
536.001099
535.962158
535.951843
535.397461
534.899048
534.717468
534.444641
534.260193
534.663025
535.318115
535.464844
535.218201
535.398010
536.005920
535.982727
534.833801
533.620605
534.042542
536.085083
537.266602
536.135986
534.291382
533.537048
534.256897
535.991577
537.487671
537.574707
535.996887
533.801270
533.383728
535.546448
537.503052
536.448608
533.629700
532.914185
535.289734
537.264954
536.254822
534.132568
533.694153
534.900146
535.984375
536.039612
535.406799
534.728027
534.588745
535.260437
536.072876
535.693420
534.059082
533.479187
535.390564
537.328308
536.570679
534.398926
533.788574
535.159607
536.506287
536.315308
535.077271
534.386963
534.830811
535.533203
535.778809
535.644836
535.393494
535.250366
535.360962
535.586975
535.535095
534.893982
534.140076
534.457825
535.781128
536.275940
535.178406
534.201477
534.774597
535.733215
535.565308
534.993896
535.266052
535.879150
535.720398
535.052795
534.821411
535.032715
535.099426
534.905945
534.923279
535.376892
535.680054
535.284790
534.700256
534.889404
535.589355
535.477051
534.532776
534.487061
535.747375
536.404114
535.665588
534.873657
534.889832
535.145142
535.049744
534.966003
535.282410
535.576172
535.424072
535.131592
535.190002
535.342834
535.022949
534.631287
534.986328
535.806152
536.057312
535.422180
534.721191
534.894409
535.638611
535.766602
535.158325
534.942566
535.425171
535.570496
534.939636
534.660889
535.360535
535.779358
535.062805
534.380615
534.911682
535.815918
535.632019
534.762573
534.631592
535.252563
535.541138
535.338074
535.374939
535.503357
535.065918
534.675537
535.251587
535.997559
535.576050
534.393921
533.878479
534.521851
535.583252
535.925049
535.181030
534.339905
534.598755
535.493347
535.629578
535.195862
535.136047
535.097717
534.884338
535.297119
535.991211
535.630493
534.499634
534.355530
535.559937
536.299011
535.489685
534.511597
534.793701
535.616638
535.567322
534.856140
534.790344
535.507080
535.811707
535.234375
534.606750
534.712830
535.431213
535.833374
535.459778
535.154175
535.387146
535.394592
535.007385
535.108093
535.659912
535.467957
534.545471
534.390564
535.369019
536.025269
535.386353
534.521362
534.810791
535.663757
535.699463
535.101257
535.023193
535.537354
535.586487
534.908936
534.651733
535.280090
535.705139
535.322021
534.894470
535.058289
535.368469
535.097778
534.658813
535.095215
535.946777
535.757446
534.686951
534.369324
535.252380
535.955566
535.552307
534.950439
535.262817
535.875977
535.583801
534.831421
534.883057
535.534363
535.568176
534.945068
534.751465
535.225464
535.517700
535.343201
535.317932
535.524597
535.282959
534.485535
533.940002
534.421265
535.590088
536.056946
535.338257
534.746216
535.164673
535.621643
535.294983
534.998596
535.346069
535.478821
534.962646
534.795532
535.391296
535.721619
535.182434
534.632629
534.984375
535.671204
535.587708
534.995972
535.053528
535.707520
535.663818
534.840820
534.730713
535.652710
536.080566
535.372620
534.811462
535.163452
535.565125
535.339417
534.987671
535.213806
535.768860
535.692078
534.857605
534.389465
534.926819
535.628723
535.578247
535.140564
535.198120
535.565857
535.425720
535.074158
535.350159
535.773010
535.360657
534.636780
534.808838
535.575928
535.653015
535.103394
535.050049
535.499695
535.481812
534.996582
534.971680
535.475830
535.787048
535.605652
535.165039
535.020447
535.418823
535.652710
535.171265
534.812195
535.393555
535.920837
535.295532
534.528687
534.982361
535.920105
535.822388
534.957092
534.660706
535.037598
535.236877
535.163513
535.350281
535.620239
535.347351
534.834778
535.020264
535.753784
535.798157
534.986145
534.636108
535.401794
536.364014
536.387146
535.506836
534.850952
535.114136
535.542236
535.200134
534.650757
534.984436
535.770630
535.779175
535.087708
534.888977
535.438477
535.716248
535.380371
535.197693
535.326538
535.091309
534.648804
534.943359
535.755310
535.833923
535.143188
534.955688
535.431519
535.375732
534.685242
534.636230
535.656799
536.655640
536.567383
535.546753
534.755127
534.973206
535.507935
535.390259
534.968750
535.003418
535.244446
535.160217
535.102417
535.545166
535.826843
535.220703
534.535583
534.932190
535.879150
535.866699
534.977234
534.785828
535.476440
535.573792
534.892578
534.806213
535.439148
535.593750
534.991882
534.599487
535.129944
536.074524
536.434387
535.804382
534.930237
534.967896
535.538391
535.456421
535.027771
535.061340
535.263550
535.218018
535.283569
535.787842
536.075317
535.412415
534.595642
534.827026
535.541931
535.531738
535.070984
535.089233
535.544617
535.494690
534.707397
534.520752
535.490540
536.006653
535.137207
534.306824
534.789368
535.766907
535.947144
535.346130
534.970886
535.576294
536.408569
536.109009
534.910156
534.162537
534.376404
534.925537
535.392883
535.935791
536.078918
535.309143
534.523987
534.826355
535.695190
535.716553
534.897583
534.718933
535.451965
535.774231
535.344055
535.071411
535.232056
535.231995
534.914856
535.099792
535.884277
535.964600
534.899048
533.833008
533.938354
535.155029
535.922668
535.180542
534.237976
534.641296
535.698181
535.913818
535.428284
535.273804
535.389587
535.184326
534.848145
535.043396
535.670288
535.589172
534.647888
534.482788
535.602722
536.202271
535.380615
534.592102
534.894592
535.480347
535.446350
535.171753
535.306702
535.548767
535.393860
535.043762
534.940186
535.209229
535.464844
535.246399
534.899292
535.109863
535.571533
535.463074
535.078979
535.194580
535.437744
535.001343
534.367493
534.854614
536.086853
536.115967
534.887756
534.491699
535.487488
536.061584
535.245178
534.433899
534.921326
535.878296
535.934204
535.246460
534.827148
535.028015
535.394165
535.530151
535.604919
535.676025
535.360657
534.672180
534.540894
535.531189
536.393921
535.716919
534.440430
534.537964
535.765869
536.125122
535.193176
534.579468
535.098206
535.545044
535.043030
534.552795
534.909302
535.445007
535.373413
535.068298
535.162903
535.290771
535.015930
534.966980
535.464233
535.548401
534.881714
534.493286
534.942444
535.821838
536.310608
535.603882
534.388977
534.401978
535.563721
536.014648
535.091370
534.290894
534.797729
535.613403
535.555237
535.096313
534.962769
535.037537
535.125610
535.277039
535.348022
535.116516
534.856628
535.146851
535.725281
535.544312
534.633179
534.417236
535.461609
536.348450
535.638977
534.219788
534.238892
535.758728
536.872742
536.577820
535.396851
534.539490
534.747375
535.356873
535.509399
535.349426
535.183289
534.990540
534.980652
535.460144
535.955994
535.513062
534.498413
534.456421
535.488831
535.981995
535.208862
534.362793
534.776611
535.860962
535.897827
534.873230
534.418823
534.973022
535.507141
535.646667
535.753662
535.768066
535.409424
534.830566
