524.411743
524.411743
524.412842
524.417358
524.393372
524.270264
524.221069
524.734070
525.799866
526.578613
526.635681
526.745667
527.625671
528.631287
528.826294
528.623535
529.063965
530.053589
530.637939
530.699280
531.018127
531.619019
531.785339
531.711243
532.214905
533.068298
533.299866
533.025269
533.385864
534.486023
535.059509
534.697815
534.621643
535.463745
536.260803
536.347290
536.338196
536.792175
537.424683
537.604553
537.162048
537.037415
537.852844
538.391052
537.600891
536.646118
537.041138
538.106873
538.269348
537.665771
537.472961
537.714050
537.491028
536.913635
536.957581
537.402527
537.162842
536.349304
535.960754
536.223145
536.305786
535.741882
535.294312
535.345642
535.067200
534.236938
533.765930
534.059631
534.518616
534.300415
533.205566
532.256348
532.300598
532.494751
531.864441
531.108032
531.201538
531.504272
530.985779
530.214478
530.166382
530.249207
529.511963
528.518860
528.256348
528.409363
528.037109
527.086609
526.438171
526.419800
526.149780
525.323792
524.832214
524.792969
524.311829
523.378235
523.028809
523.546814
524.009827
523.593018
522.477966
521.676941
521.865906
522.311523
521.954285
521.296753
521.336914
521.576233
521.271912
521.021118
521.491394
522.089966
521.874817
521.152100
521.134644
521.945862
522.382385
522.185852
522.486694
523.340637
523.529358
523.080383
523.205505
524.043579
524.580078
524.465332
524.529846
525.375183
526.387512
526.622253
526.135803
525.998108
526.895752
527.964417
528.111877
527.981384
528.660156
529.585815
529.743286
529.621765
530.284363
531.370544
531.682922
531.459106
531.906006
532.858521
533.200989
533.050110
533.495361
534.470764
534.828674
534.541382
534.817322
535.828003
536.383484
536.248535
536.613220
537.946228
539.212402
539.451172
539.084412
539.346313
540.598999
541.771606
542.037170
542.199219
543.231140
544.457275
544.823303
544.874390
545.708984
546.959229
547.586182
547.781982
548.406860
549.327454
549.733459
549.697021
550.066772
550.888672
551.295959
551.097229
551.189941
551.925842
552.421997
552.232178
552.162170
552.639954
552.902771
552.485413
551.975708
552.073669
552.838196
553.333313
552.652161
551.690613
551.835876
552.474243
552.230530
551.481384
551.442444
551.875366
551.619995
550.807922
550.562683
550.770264
550.364136
549.519836
549.278442
549.507019
549.293152
548.722839
548.546021
548.576721
548.053589
547.125061
546.815918
547.363159
547.688416
547.126953
546.125793
545.435791
545.529236
545.670959
544.866089
543.808655
543.343994
542.831787
541.785583
540.994202
540.892578
540.478210
539.022034
537.470520
536.988403
537.009888
536.088501
534.376770
533.471191
533.678528
533.468079
532.160889
530.947144
530.512390
530.044006
529.160400
528.653015
528.668762
528.127380
526.847229
525.981567
526.018677
526.269958
525.791748
524.497803
523.534851
523.681396
524.099365
523.659241
522.750000
522.501709
522.670593
522.174194
521.210632
520.887268
521.204041
521.248840
521.030823
521.243774
521.548889
521.084656
520.421021
520.698914
521.354004
521.052185
520.092224
519.856140
520.527222
520.902283
520.328430
519.569214
519.449524
519.826599
520.020752
519.752197
519.478271
519.549805
519.658508
519.573547
519.823303
520.782471
521.457764
520.928345
520.364502
521.193970
522.494507
522.706543
522.402222
522.926147
523.941528
524.454651
524.575806
524.963928
525.734924
526.338684
526.467712
526.743774
527.456116
527.867126
527.948914
528.688599
530.077515
530.979431
530.770203
530.027649
530.125183
531.437439
532.427185
532.116638
531.779297
532.675232
533.931702
534.183533
533.864868
534.118347
534.809387
535.198547
535.386047
535.733948
535.820435
535.409729
535.345398
536.255249
537.219116
536.968140
536.056458
536.216919
537.553589
538.194885
537.319641
536.410339
536.662720
537.576050
538.188110
538.085876
537.705017
537.595459
537.584839
537.445740
537.462646
537.610596
537.229736
536.317017
535.877869
536.313232
536.713684
536.144043
535.205811
535.300598
535.976746
535.425537
533.872620
533.270996
533.799866
533.866089
533.159119
532.780273
532.828430
532.376038
531.500610
531.094788
531.175415
531.064209
530.443604
529.668579
529.508362
530.035706
530.010254
528.717285
527.499268
527.638550
528.134583
527.559204
526.429138
525.979370
526.130859
526.028931
525.662781
525.508240
525.324890
524.767334
524.285278
524.417053
524.626770
523.916565
522.746582
522.627930
523.562439
523.867188
522.891907
521.891785
521.858826
522.316589
522.397034
521.964722
521.582886
521.561768
521.420715
520.943909
520.875183
521.531067
521.899963
521.350037
521.026367
521.875244
522.694092
522.176514
521.317993
521.750549
523.128601
523.912231
523.816589
523.869812
524.512207
525.206482
525.717896
526.297363
526.657227
526.322388
526.052246
527.091309
529.094177
530.397827
530.066772
529.012024
529.059753
530.460632
531.406067
531.063660
530.903198
531.825745
532.736328
532.956421
533.352051
534.381775
535.146912
535.121826
535.259216
536.328552
537.364563
537.126160
536.489624
537.225159
538.867126
539.460022
538.835999
538.630371
539.280518
539.718140
539.812439
540.290405
540.941040
541.062561
540.808228
540.950256
542.075073
543.821350
544.794128
544.416748
544.097839
545.084717
546.465332
546.957092
547.076172
547.758362
548.628113
549.114807
549.568604
550.346802
550.853088
550.608521
550.521545
551.399841
552.358521
552.357178
551.938354
552.265320
553.165527
553.320190
552.442749
551.837830
552.213806
552.584045
552.273743
552.001892
552.278198
552.578979
552.192505
551.420837
551.346619
551.885315
551.747009
550.710999
550.136719
550.662415
551.047668
550.220947
548.996582
548.611206
548.756592
548.417053
547.747253
547.491089
547.340515
546.681885
546.049194
546.087952
546.100342
545.122009
543.835938
543.708313
544.381653
544.107727
542.726929
541.847961
542.178528
542.873413
542.810181
541.721558
540.599792
540.247070
540.114746
540.184937
542.187012
546.261719
549.851807
551.557373
551.675659
550.785767
550.273560
550.998352
551.793884
551.457458
550.796936
550.976685
551.467896
551.282593
550.676575
550.269165
550.122498
549.881836
549.300598
548.981934
549.327148
549.356995
548.282043
547.144165
547.227356
547.726379
547.018188
545.403381
544.536133
544.632385
544.490906
543.572510
542.525269
542.140869
541.929199
540.969849
539.854492
539.287537
538.654968
537.686829
537.191040
537.238098
536.558289
534.900452
533.678223
533.640015
534.250671
534.317810
533.045837
531.523560
531.180908
531.472351
531.069275
529.999207
529.214966
528.821716
528.184631
527.413147
527.180481
527.228882
526.653137
525.728516
525.539612
525.878235
525.539551
524.445801
523.795227
524.071472
524.301514
523.784424
523.229492
523.265503
523.240356
522.690674
522.278809
522.392151
522.520203
522.106873
521.271851
520.770020
521.016602
521.363953
520.898926
520.034546
520.078491
520.750305
520.476440
519.464294
519.352417
520.001648
520.003479
519.564026
519.772217
520.279602
520.195801
519.896545
520.265198
521.103027
521.359192
520.952026
521.153564
522.330566
523.093262
522.675476
522.330566
523.283081
524.767212
525.411621
525.140564
524.831116
525.104187
525.638367
525.899841
526.266846
527.106689
527.793945
528.057434
528.529297
529.346741
529.785339
529.430603
529.232849
530.467834
532.279053
532.576233
531.654114
531.700073
533.030945
533.984924
533.854187
533.549622
533.809998
534.304077
534.598877
534.889587
535.336731
535.643860
535.559998
535.169312
535.187439
536.185059
537.090149
536.720581
536.007141
536.470703
537.661804
537.988098
537.306519
536.767456
537.042664
537.702026
537.874390
537.658813
537.647339
537.558594
537.152466
536.964783
537.098572
536.917114
536.368713
536.175049
536.455322
536.438721
535.866699
535.523560
535.803345
535.920471
535.274475
534.346375
533.895386
534.187500
534.486450
533.890320
533.055298
533.085022
533.300110
532.411682
531.060852
530.880066
531.596436
531.495056
530.292847
529.329224
529.256653
529.269348
528.761597
528.299683
528.264893
528.052917
527.484680
527.181885
527.156677
526.716736
525.803040
525.430176
526.111145
526.597412
525.847290
524.617554
523.984619
524.346680
525.031494
524.742615
523.604736
522.972351
523.175354
523.307739
522.944336
522.600769
522.405518
521.767090
521.044861
521.399231
522.187683
521.742126
520.666626
520.749512
521.725525
521.978577
521.248413
520.807434
521.376038
522.152710
522.364502
522.523315
523.124329
523.530396
523.333435
523.198547
523.781250
524.874573
525.417542
524.891602
524.478943
525.374146
526.848206
527.350586
527.003296
527.215332
528.093994
528.674988
528.950562
529.522217
530.258423
530.499390
530.388855
531.004883
532.363037
532.880920
532.185303
532.060181
533.322876
534.604797
534.928223
534.953369
535.304321
535.526855
535.177551
534.749146
535.074646
536.218872
537.140259
537.049927
536.840637
537.683167
538.956360
539.401733
539.296204
539.763672
540.736145
541.261536
541.447693
542.228699
543.337952
543.783386
543.983276
544.933350
546.198486
546.745850
546.738098
547.192322
548.338684
549.250732
549.419861
549.641052
550.334473
550.605225
549.914734
549.038269
549.312073
551.262512
553.389832
553.534851
551.958435
550.849731
551.121277
552.027954
552.706909
552.699707
552.174561
551.824219
552.114990
552.808472
552.989685
552.010010
550.696960
550.670715
551.858521
552.143066
550.781372
549.765686
550.281006
550.838623
550.134521
549.107239
548.848938
548.744934
548.141541
547.641052
547.647217
547.624756
547.200867
546.828064
547.101013
547.783691
547.855591
546.696533
545.293518
545.137024
545.784424
545.517334
544.243774
543.509094
543.642578
543.409363
542.552551
541.946777
541.507568
540.460205
539.131775
538.550659
538.629883
538.142761
536.600464
535.164795
534.834656
534.796265
533.968689
532.699890
531.816284
531.409546
530.984802
530.242188
529.573059
529.306213
528.824768
527.624207
526.596008
526.632141
526.784058
525.871094
524.746948
524.660645
524.951660
524.297363
522.914673
522.216797
522.566772
522.652832
521.790283
521.084229
521.262329
521.451355
521.044556
520.656677
520.643372
520.392700
519.649109
519.326172
519.959961
520.688354
520.561462
519.696350
519.237061
519.938110
520.765503
520.429688
519.599182
519.666199
520.386841
520.631409
520.367126
520.439270
521.008545
521.223328
520.865906
520.945129
521.562927
521.533386
521.010071
521.354248
522.372681
522.819336
522.640625
522.671936
523.180420
523.594727
523.564880
523.719177
524.531311
525.432251
525.847290
525.826050
525.886230
526.507690
527.158203
527.217529
527.366638
528.301270
529.431519
529.845276
529.785461
530.232117
531.076477
531.400818
531.372070
531.847778
532.684326
533.111206
533.142395
533.522522
534.408508
534.912903
534.647888
534.653748
535.526550
536.244934
536.240051
536.554443
537.729126
538.650208
538.169495
536.623474
535.779785
536.691040
537.978821
537.992432
537.272888
537.287415
538.063232
538.466553
538.213806
537.962524
537.791992
537.421692
537.270935
537.690247
537.988647
537.411804
536.616882
536.992371
538.122925
537.959473
536.415283
535.674927
536.291565
536.602051
535.922913
535.251587
535.202209
535.254395
534.877075
534.124695
533.393188
533.116089
533.034668
532.546143
532.060852
532.263977
532.431030
531.442993
529.971436
529.558899
529.919189
529.442261
528.128662
527.586548
528.022156
527.955322
527.058960
526.359985
526.050903
525.622192
525.170166
525.037720
525.031311
524.625854
523.942078
523.864441
524.364868
524.162354
522.973267
521.987061
522.030090
522.826721
523.163940
522.230896
521.228882
521.581299
522.410339
522.130432
521.259827
521.302734
521.975769
521.997559
521.446228
521.278931
521.667969
521.944214
521.838623
521.991394
522.620544
522.934509
522.731628
522.908813
523.591431
523.638123
522.902954
522.917297
524.196167
525.022705
524.330933
523.310852
523.192444
523.972168
524.848511
525.133362
525.286072
525.924927
526.549438
526.614929
526.660400
527.289246
528.053650
528.307190
528.455200
529.354248
530.674133
531.202454
531.045105
531.530762
532.805542
533.693665
533.875061
534.286255
535.298096
536.230652
536.745728
537.349426
538.365906
539.217590
539.373657
539.308960
539.800171
540.821106
541.573364
541.693237
542.036499
543.364868
544.646667
544.612122
544.161987
544.736328
545.875732
546.342285
546.193970
546.488037
547.378662
548.017456
548.301331
548.806335
549.382629
549.419067
549.096802
549.249512
549.914490
550.067627
549.566772
549.868164
551.270325
551.878662
550.834106
549.673706
549.670105
550.403564
550.959595
550.839539
550.383545
550.347656
550.722351
550.922180
550.872070
550.939941
550.990479
550.699646
550.553711
551.104919
551.592407
551.007751
550.156799
550.526062
551.627075
551.698975
550.518066
549.643066
549.851624
550.087402
549.578918
549.019958
548.939514
548.880798
548.465759
547.880554
547.416382
547.118591
546.517212
545.323547
544.473999
544.669312
544.619873
543.194763
541.663818
541.599915
542.339844
542.055542
540.589172
539.426208
538.920044
538.206909
537.367371
536.907288
536.415161
535.497253
534.645691
534.525208
534.803833
534.234863
532.649963
531.566589
531.584412
531.387634
530.302917
529.277771
529.067932
529.306763
529.100220
528.197754
527.618286
528.055847
528.345947
527.297729
525.820557
525.353760
525.642090
525.553040
524.982483
524.777100
525.031189
524.970825
524.714844
524.852844
524.690674
523.417908
522.062317
522.069885
522.749634
522.297119
520.802002
520.133423
521.122253
522.372192
522.116028
520.515686
519.232239
519.070984
519.396606
519.654358
519.966553
520.231140
519.926575
519.321655
519.516296
520.547302
521.014954
520.283386
519.769348
520.722473
521.919922
521.645874
520.668701
520.927917
522.312317
523.117188
522.991699
523.123596
523.942566
524.586853
524.612061
524.764465
525.517700
526.168762
526.233643
526.347412
526.991821
527.647461
527.821228
527.848389
528.392883
529.370605
529.772583
529.404846
529.673584
531.253662
532.553101
532.152527
531.230469
531.694458
533.172241
533.810547
533.421875
533.584778
534.671082
535.354309
535.184265
535.163086
535.542236
535.508850
535.279785
535.892700
536.989441
537.331970
536.986633
536.979065
537.381287
537.409607
536.871643
536.219055
536.209290
537.217590
538.112061
537.859009
537.380188
537.719238
538.209229
537.830750
537.083313
537.139038
537.689758
537.450623
536.599792
536.488037
537.049927
536.983459
536.149841
535.611389
535.602966
535.252441
534.443054
534.187988
534.656067
534.715088
533.925354
533.163147
532.933777
532.724731
532.168640
531.601013
531.489990
531.689392
531.415527
530.520935
530.000183
530.287109
530.283875
529.259460
528.276428
528.425354
528.921814
528.288330
526.862610
526.219788
526.439331
526.338745
525.754333
525.479126
525.531494
525.136597
524.381104
524.251282
524.649048
524.234009
522.915344
522.267822
522.789978
523.257874
522.887146
522.172729
521.970398
522.467773
522.813477
522.276855
521.603333
521.740967
522.041565
521.699524
521.423889
521.878540
522.317749
521.938049
521.350159
521.630005
522.357422
522.289062
521.754211
522.020142
522.845703
522.997070
522.451843
522.300537
522.825317
523.205078
523.242859
523.667053
524.596069
525.151917
524.790771
524.239990
524.594727
525.892517
526.989990
527.025940
526.742859
527.437378
528.931519
530.006348
530.389587
530.694214
531.084473
531.338806
531.654175
532.424133
533.361023
533.832031
534.160706
535.197754
536.555237
537.024475
536.755676
537.099426
538.197693
538.822144
538.761597
539.170959
540.395508
541.404663
541.626038
541.763489
542.584229
543.659058
543.794922
542.979187
542.780029
543.980957
545.242493
545.274170
544.964966
545.849365
547.497681
548.379211
548.304565
548.105835
548.140808
548.318909
548.701599
549.407227
549.966003
549.707703
549.313110
550.096558
551.511353
551.826233
550.948669
550.365784
550.685730
551.028076
550.861755
550.750366
550.955811
550.949280
550.420044
549.898560
550.204224
551.099182
551.278259
550.322998
549.582581
550.087585
550.838318
550.646606
550.124634
550.459473
551.318115
551.426575
550.787659
550.500000
550.652161
550.429199
549.871277
549.650513
549.553711
548.834656
547.902954
547.966003
548.663574
548.225037
546.481506
545.244629
545.376648
545.865112
545.502808
544.206421
542.988098
542.655090
542.683655
542.129700
541.342468
540.926025
540.273682
539.052124
538.084656
537.936340
537.908447
537.033203
535.847412
535.578552
535.833435
535.294861
533.969299
532.929016
532.520630
532.048828
531.193848
530.641541
530.596130
530.242920
529.492920
529.143616
529.203674
528.937073
527.924072
526.626831
526.265198
526.955994
527.068604
526.061096
525.501953
526.086548
526.403381
525.564636
524.649231
524.576172
524.610840
523.919250
523.002258
522.687683
522.845154
522.794678
522.387085
522.094177
521.863464
521.116211
520.379395
520.686890
521.361755
520.909424
519.644409
519.358948
520.568542
521.779297
521.586060
520.344177
519.497314
519.685608
520.154846
520.127625
519.904602
520.077881
520.546326
520.971191
521.511963
522.242004
522.400452
521.705200
521.422302
522.397339
523.466919
523.449463
523.256836
524.229431
525.697083
526.103394
525.579407
525.533936
526.260925
526.802856
526.883972
527.289856
528.277649
529.101196
529.282471
529.271973
529.764160
530.585388
530.769714
530.309448
530.593506
532.106812
533.189697
532.610229
531.915527
532.895142
534.496216
534.950378
534.658813
534.714722
534.987244
535.095459
535.354492
535.962524
536.317383
535.890137
535.365173
535.875427
537.118164
537.682739
537.261597
536.923828
537.209717
537.477356
537.252991
536.938232
537.183655
537.891907
537.982056
537.279175
537.237305
538.253601
538.739685
537.824280
536.692078
536.482300
536.746460
536.640503
536.163574
535.880554
535.857117
535.617065
535.373352
535.666260
535.819885
534.777100
533.259766
532.948364
533.575623
533.398926
532.288025
531.685852
531.972351
532.097656
531.585815
531.018982
530.720337
530.468018
529.989746
529.283752
528.812866
528.817566
528.654663
527.851685
527.231140
527.553345
527.923828
527.239014
526.142029
525.804749
525.884583
525.357788
524.494263
524.337402
524.705872
524.614258
524.201599
524.188538
524.163757
523.382019
522.510132
522.638000
523.276428
523.142761
522.211548
521.567017
521.896851
522.786255
523.076477
522.292847
521.443054
521.455017
521.681946
521.203186
520.661316
521.118103
521.973145
522.080322
521.859131
522.203125
522.635071
522.297668
521.807251
522.276611
523.138062
523.232483
523.103638
523.956665
525.355103
525.855652
525.426575
525.495239
526.546753
527.411621
527.334473
527.057129
527.583130
528.761719
529.439575
529.430969
530.027954
531.472778
532.275635
531.948242
531.920654
533.003418
534.012268
534.061340
534.150513
535.194031
536.433533
536.803650
536.720032
537.182861
537.927673
538.261230
538.654541
539.728149
540.742859
540.888000
540.928955
541.889221
543.275757
543.848572
543.509277
543.313904
543.875061
544.850281
545.507935
545.389709
545.208130
545.972534
547.082397
547.454163
547.523621
547.972290
548.255066
548.075012
548.289368
549.155029
549.523010
548.814819
548.287109
549.144104
550.445129
550.419434
549.326111
548.897217
549.424500
549.761108
549.547729
549.550110
550.069397
550.547363
550.739624
551.106140
551.839172
552.241821
551.623657
550.650452
550.796753
551.993530
552.423401
551.414673
550.612854
551.212524
552.116455
551.828796
550.570435
549.583252
549.266052
549.259216
549.298279
549.156311
548.515991
547.485901
547.034302
547.560669
547.678650
546.217163
544.418884
544.222778
545.037476
544.670898
542.933350
541.662415
541.718689
542.278320
542.285278
541.317932
539.934875
539.134644
539.009583
538.765625
538.121155
537.377991
536.417847
535.300659
535.106140
536.038391
536.076111
534.032959
531.909119
531.772644
532.570435
532.077515
530.374390
529.495850
530.116821
530.621399
529.925598
528.886719
528.297119
527.844604
527.477173
527.522339
527.669006
527.402771
526.531128
525.481201
525.291992
525.957031
525.979553
524.745483
523.590271
523.484375
523.454102
522.678284
522.088806
522.336426
522.419678
521.671631
520.998291
520.971802
520.794556
519.988342
519.382751
519.802002
520.551270
520.345337
519.529602
519.434509
519.949402
519.864075
519.164673
519.140137
520.194946
521.222717
521.335938
520.904297
520.794312
521.175232
521.445129
521.386658
521.588806
522.199280
522.431519
522.164612
522.469788
523.707153
524.682861
524.496399
524.118408
524.907837
526.259460
526.580078
526.110901
526.455078
527.641602
528.328979
528.364868
528.656311
529.300415
529.682617
529.979736
530.834839
531.709961
531.607605
530.837341
530.575623
531.502502
533.001648
533.664307
533.316162
533.419067
534.580261
535.415833
534.931641
534.228882
534.536316
535.146912
535.084656
535.012451
535.729370
536.733826
537.213623
537.205872
537.254456
537.321472
536.943848
536.437439
536.721313
537.554077
537.739746
537.484680
537.927551
538.668518
538.376404
537.139954
536.212158
536.167847
536.596924
536.798340
536.622253
536.560547
536.660461
536.430786
535.894775
535.810608
536.285095
535.985474
534.357910
533.186279
533.815369
534.835876
534.493164
533.226135
532.403137
532.400635
532.582275
532.417297
532.043213
531.413757
530.309937
529.514221
530.008484
530.984192
530.559021
528.518188
526.638306
526.445496
527.688416
528.683838
528.423584
527.739380
527.320923
526.731995
525.992981
525.653015
525.590881
525.187805
524.359070
524.078369
524.991760
525.863098
525.291321
524.023865
523.529846
523.588440
523.064209
522.142822
521.954956
522.410095
522.486694
522.117004
521.974609
522.051880
521.718323
521.002502
520.670044
521.016052
521.409607
521.181519
520.845398
521.432007
522.573975
522.814575
521.791565
521.033997
521.925598
523.467102
523.802917
523.335510
523.780762
524.945679
525.413452
525.166077
525.081177
525.462402
526.204163
527.217957
528.134399
528.365662
528.125488
528.498230
529.840515
530.953430
530.709106
529.725647
529.429077
530.586365
532.577026
533.671875
533.429565
533.481323
534.619141
535.485168
535.254700
535.125916
536.062561
537.331055
538.039551
538.394348
538.904358
539.408203
539.611023
539.862244
540.595154
541.313904
541.276245
541.216003
542.297485
543.758972
543.974243
543.124207
542.928772
543.884888
544.536438
544.065308
543.576599
543.941284
544.626831
545.100281
545.491760
546.068726
546.508057
546.157043
545.494873
545.892334
547.507507
548.781311
548.733337
548.538696
549.493103
550.673035
550.540588
549.667786
549.779053
550.953369
551.787231
551.876648
551.962341
552.138550
552.132812
552.294434
552.853088
553.058838
552.215454
551.234985
551.408142
552.398682
553.107788
552.842834
551.622559
550.600220
550.666931
550.963562
550.376282
549.275024
548.649292
548.540344
548.455688
548.458618
548.407715
547.494507
545.893311
545.107666
545.697266
546.305298
545.656433
544.296143
543.578369
543.526001
542.875305
541.481140
540.646118
540.577454
540.206482
539.429382
539.087891
539.327637
539.434875
538.691345
537.183594
536.011719
535.719666
535.370850
534.451477
533.763550
533.755432
533.740784
533.122192
532.292603
531.720520
530.993225
529.712646
528.762634
529.127869
529.841492
529.384644
528.356873
528.200623
528.525024
528.107361
527.230591
526.927429
527.029846
526.662048
525.990112
525.774902
525.850891
525.577820
524.742188
523.732910
523.343262
523.539368
523.204285
522.068054
521.352600
521.735840
522.165161
521.567078
520.593079
520.349060
520.495483
520.189026
519.798157
520.037537
520.428040
520.171692
519.621521
519.622437
519.996338
519.861389
519.365967
519.575439
520.458557
520.899841
520.706482
520.799805
521.688538
522.686523
522.721436
522.053711
522.122559
523.178955
523.786499
523.373901
523.376892
524.524841
525.319519
524.865967
524.537048
525.449097
526.602173
526.776978
526.623413
527.312073
528.410400
528.770752
528.530090
528.817383
529.800049
530.460327
530.686462
531.457642
532.499451
532.611877
532.196655
532.498840
533.289124
533.524475
533.165894
533.094238
533.807983
534.888000
535.512024
535.425720
535.410889
536.067017
536.679077
536.446472
536.038452
536.510925
537.249146
537.104065
536.714539
537.102234
537.530945
537.113342
536.691467
537.275818
538.100647
537.877991
537.043030
537.023987
537.757385
537.889160
537.264771
537.019287
537.356079
537.426453
536.982239
536.535767
536.455139
536.517456
536.132141
535.338684
534.939941
535.065308
534.822021
533.947510
533.504150
533.900513
533.878540
532.737976
531.711731
531.891785
532.284363
531.500244
530.245361
530.006653
530.436951
530.194092
529.355164
529.026672
529.111328
528.559204
527.568787
527.237488
527.413635
527.061401
526.109924
525.391785
525.431274
525.854492
525.667175
524.743713
524.305420
524.698792
524.656860
523.653564
522.867737
523.124512
523.452271
522.844788
522.144714
522.449768
522.975220
522.486755
521.529907
521.335754
521.673096
521.598083
521.425659
521.941284
522.570007
522.315674
521.610474
521.699524
522.490417
522.596619
521.691589
520.997314
521.502808
522.692505
523.184326
522.872620
522.992371
523.683167
523.786987
523.086365
522.725586
523.304749
524.050415
524.137390
523.932556
524.366455
525.382751
526.071411
526.291382
526.712036
527.198303
527.224060
527.504395
528.750427
530.020325
530.195801
530.025452
531.020996
532.805481
533.652344
533.331360
533.251831
533.980530
534.804199
535.391296
535.885742
536.324524
536.819336
537.449219
538.241333
539.342163
540.501160
540.845581
540.286011
540.344055
541.921021
543.417664
543.190674
542.461975
543.295532
545.091125
545.960449
545.839417
545.744263
546.008423
546.491272
547.028992
547.490540
547.786560
547.830139
547.972717
548.824951
550.162292
551.108398
550.975342
549.953430
549.546448
550.525452
551.354004
550.828491
550.054138
550.286255
551.069580
551.541748
551.746033
551.758057
551.232605
550.448608
550.285034
550.745178
550.759399
549.940491
549.367493
550.080627
551.390137
551.590576
550.539734
549.855957
550.184814
550.442017
549.936523
549.436829
549.732971
550.388306
550.357056
549.621582
549.276062
549.415405
549.032593
548.165649
547.815613
547.864136
547.247070
546.031128
545.396362
545.703003
545.821350
544.766724
543.339417
542.981262
543.320007
542.638245
540.822632
539.533081
539.300049
539.061035
538.332947
537.675354
537.197205
536.387878
535.705811
535.893616
536.135925
535.385437
533.724915
532.121216
531.870605
532.592346
532.232239
530.291077
528.682373
528.907776
529.920471
529.783630
528.345581
526.828857
525.933838
525.607849
525.640747
525.570129
524.881531
523.881287
523.624329
524.359436
524.719910
523.479004
521.618042
521.108032
521.804077
521.772095
520.664917
520.135986
521.035583
522.303467
522.634460
521.962463
521.121643
520.703308
520.569336
520.535828
520.829651
521.207336
520.920044
520.235474
520.325378
521.284058
521.691589
520.782532
519.886536
520.356445
521.349304
521.367798
520.689819
520.622498
521.354553
521.896484
521.920959
522.153625
522.539490
522.297424
521.976135
522.726074
524.020264
524.527588
524.181824
523.790955
524.073669
525.176758
526.151245
526.321106
526.489075
527.190002
527.675476
527.592712
527.921509
529.157776
530.058289
529.821533
529.684998
530.661926
531.736145
531.858704
531.738220
532.336853
533.285278
533.669678
533.599182
533.949341
534.732117
535.080078
534.858582
534.970215
535.711670
536.286194
536.275391
536.231628
536.772644
537.539185
537.470337
536.655212
536.512634
537.421753
537.976746
537.324280
536.625549
537.086365
538.007202
538.135925
537.689819
537.591736
537.795898
537.712769
537.344177
537.146667
537.194275
537.133362
537.141235
537.658508
537.964722
537.058655
535.894348
536.069214
536.819153
536.281189
534.658997
533.720703
534.329468
535.683594
536.139893
535.075195
533.769348
533.442932
533.581787
533.313782
532.794250
532.334595
531.895508
531.583069
531.592102
531.556641
530.675598
529.094727
528.130371
528.480652
529.011475
528.238647
526.823975
526.549927
527.085754
526.617615
525.177368
524.445251
524.688660
524.734009
524.278809
523.886597
523.783447
523.747070
523.418274
522.876221
522.822998
523.244324
522.878601
521.524536
521.029419
522.206848
523.140381
522.323853
521.064026
521.020691
521.734436
521.961670
521.566833
521.258118
521.365051
521.700378
522.291809
523.023254
523.107117
522.355408
522.015137
522.904358
523.968262
523.937561
523.165833
522.824097
523.491760
524.897766
525.862427
525.596985
525.227905
525.796326
526.370667
526.236511
526.269043
527.059204
528.009155
528.546875
528.856934
529.115784
529.037354
528.638733
528.744141
529.841553
530.784424
530.492981
530.080383
530.943298
532.307129
532.590088
531.984680
532.047363
533.225159
534.363708
534.767456
535.135742
536.014404
536.860657
537.161743
537.417603
538.330017
539.393066
539.667114
539.556335
540.307922
541.900879
542.929565
543.046265
543.444458
544.687988
545.683899
545.552979
545.435913
546.422852
547.494812
547.529785
547.357300
548.201294
549.400146
549.702698
549.504456
549.941101
550.860901
551.098633
550.591675
550.428894
550.911621
551.511536
551.858643
552.048828
552.470886
552.843689
552.413513
551.634460
551.702332
552.345825
552.319031
551.599731
551.325134
552.028870
552.711792
552.277649
551.375793
551.151123
551.206238
550.636902
549.808594
549.619080
549.923523
549.930237
549.621521
549.460205
549.126770
548.146118
547.181396
547.024902
547.356995
547.346985
546.453003
545.376160
545.595947
546.775024
546.854980
545.294128
543.851685
543.796387
544.251282
543.932373
543.123047
542.698425
542.586487
542.388794
542.126160
541.699707
540.644775
539.135925
538.389343
538.855835
538.955872
537.383728
535.556030
535.332458
535.837036
535.043701
533.034729
531.703125
531.802429
532.192993
531.829712
530.808655
529.843140
529.202515
528.374329
527.404602
527.066650
527.007996
526.073792
524.654907
524.321411
525.021729
524.874329
523.184570
521.734497
522.095520
523.093018
522.751343
521.539978
521.168823
521.519409
521.317017
520.554077
520.111023
520.006470
519.717041
519.599548
520.215332
520.653320
519.857910
518.632080
518.317261
519.162781
520.233215
520.242126
519.409241
519.285034
520.190369
520.829285
520.604370
520.454529
521.001099
521.502380
521.251099
520.821411
521.128723
521.858704
522.207458
522.477600
523.159973
523.628357
523.338318
523.141113
524.007141
525.233398
525.501953
525.253235
525.900146
527.114990
527.504272
526.998230
526.470398
526.603882
527.390015
528.100281
528.603638
529.360229
529.949707
529.711914
529.296997
529.875061
531.138794
531.471863
530.612061
530.525940
532.309326
534.353699
534.807495
534.017517
533.697693
534.305115
534.607056
534.347107
534.640503
535.490234
536.134399
536.797363
537.755920
538.104736
537.080688
535.650391
535.320740
536.344849
537.613525
537.668945
536.665222
536.444580
537.770508
539.156067
539.020447
537.768005
536.741821
536.364563
536.384827
536.634644
536.797058
536.394165
535.876404
536.458740
537.694519
537.455566
535.328979
533.619934
534.037476
535.286255
535.219727
533.985229
533.412598
534.021606
534.343323
533.326477
531.827087
531.089111
531.140564
531.258667
531.121765
531.018433
530.840332
530.029175
529.170288
529.392822
530.064514
529.562256
527.937195
526.972046
527.465820
527.972473
527.207703
526.095581
525.927429
526.221497
525.910950
525.119141
524.600464
524.486755
524.372803
524.215881
524.309143
524.203308
523.299866
522.585876
523.253418
524.497192
524.756226
523.718933
522.367188
521.924500
522.561035
522.975281
522.251709
521.485413
521.781250
522.346436
522.246826
521.965027
522.007996
521.867188
521.495972
521.711853
522.321106
522.231567
521.573425
521.670776
522.880249
523.951721
523.869385
523.487427
524.147339
525.078491
524.732361
523.950378
524.509399
526.108948
527.393921
527.850464
527.707458
527.690308
528.298523
528.968445
529.175720
529.490112
530.319580
531.008606
531.300293
532.101196
533.593933
534.401672
534.014771
533.927429
534.993958
535.963013
535.906311
535.952087
537.293884
538.988220
539.401917
539.004944
539.418640
540.513000
540.945435
540.678650
540.794250
541.522888
542.325745
543.102661
543.947632
544.730957
545.119507
544.793640
544.414185
545.085144
546.329407
546.719543
546.389954
546.808533
548.284058
549.536438
549.606445
549.001770
548.817749
549.166931
549.406555
549.653748
550.498901
551.445557
551.561035
551.312561
551.609924
551.905090
551.353760
550.795044
551.274109
552.028198
552.043884
551.418274
550.860596
551.256592
552.427612
552.661743
551.171326
549.752625
549.946838
550.563416
550.228699
549.572815
549.539856
549.899353
549.997742
549.895447
549.722900
548.991333
547.927734
547.747070
548.630554
549.149963
548.317627
547.127930
547.200134
548.039612
547.768127
546.469727
545.657410
545.687866
545.916992
545.692749
544.899353
544.102844
543.655396
543.138306
542.337402
541.826294
541.515198
540.315063
538.599365
538.097717
538.563477
538.043030
536.188538
534.770325
534.748657
534.818298
533.831848
532.467163
531.803467
531.734131
531.271057
530.179810
529.262878
528.791626
528.238647
527.676514
527.628723
527.543701
526.460693
524.917969
524.207336
524.561829
524.939087
524.278992
523.236084
523.279968
523.970825
523.567200
522.020447
521.058533
521.390686
521.735535
521.042908
520.015747
519.737671
520.035034
520.200623
520.354309
520.657349
520.409058
519.415894
518.842285
519.350098
519.907349
519.684998
519.430908
520.065308
521.054077
521.096008
520.134705
519.315552
519.462708
520.259888
520.548523
520.161194
520.336670
521.412537
522.326050
522.606323
522.761780
522.953003
522.851013
522.669495
523.177368
524.373718
525.033264
524.674988
524.767578
526.165100
527.283447
526.618958
525.284546
525.294128
526.523071
527.428162
527.665039
528.071045
528.954102
529.767944
530.127014
530.183838
530.236023
530.250305
529.997009
530.025085
531.149353
532.642029
533.066650
532.782104
533.303406
534.521606
534.887146
534.164551
533.918335
534.978699
536.104675
536.121155
535.791870
536.314819
537.250488
537.455505
537.086548
536.908752
536.860229
536.713562
536.924744
537.668884
537.999634
537.331665
536.587402
536.743652
537.726868
538.617432
538.157043
536.596252
535.903748
536.591125
537.033386
536.534424
536.071472
536.149475
536.223755
535.935608
535.647705
535.571106
535.217957
534.409668
533.974304
534.270691
534.146301
533.054504
532.402100
533.070435
533.668213
532.759705
531.264221
530.903687
531.445679
531.356018
530.275818
529.259277
528.995789
529.027466
528.805237
528.609680
528.814331
528.850830
527.918518
526.628113
526.439392
527.129028
526.901306
525.449768
524.611633
525.254822
525.963440
525.584778
524.711609
524.264343
524.161743
523.904114
523.661133
523.650146
523.399597
522.837402
522.875244
523.763428
524.115112
522.913757
521.369263
521.245544
522.364746
523.168335
522.721069
521.500671
520.900085
521.382019
521.807190
521.572632
521.434753
521.777527
522.044250
522.047119
522.384155
523.036194
523.098328
522.693542
523.037354
524.111938
524.569641
524.125183
524.191040
525.570679
526.954590
527.058105
526.788574
527.462769
528.528259
528.858521
528.755859
529.118347
529.875061
530.445557
530.734314
531.108765
531.820374
532.428345
532.519592
532.763184
533.822815
534.954224
535.093140
534.778625
535.455322
537.042114
537.979431
537.737610
537.517334
538.246521
539.199219
539.407410
539.593628
540.706604
541.844238
542.067688
542.143372
542.854919
543.585571
543.655396
543.663696
544.458069
545.674744
546.274780
546.056580
545.910095
546.564148
547.435364
547.424255
546.859375
547.189636
548.360168
548.802551
548.397095
548.594177
549.616577
550.162537
549.791687
549.539124
549.937195
550.147217
549.639404
549.351379
550.050232
550.701416
550.337097
549.938782
550.322876
550.598877
550.147949
549.701782
550.000977
550.767944
551.230469
550.990356
550.566650
550.837036
551.492554
551.378967
550.596008
550.303589
550.528992
550.292847
549.664246
549.732483
550.395203
550.342651
549.346497
548.509521
548.440613
548.398376
547.638123
546.762451
546.578796
546.655212
546.165039
545.403076
544.941101
544.195374
542.851318
541.921814
541.924622
541.847656
540.740479
539.248169
538.646301
539.107361
539.582703
538.932800
537.407959
536.390747
536.114075
535.537537
534.609619
534.244690
534.306702
533.710815
532.424683
531.601990
531.450684
530.898743
529.731506
529.055359
529.133972
528.735840
527.505859
526.694336
526.872314
526.989197
526.105408
524.919678
524.583435
524.777771
524.218872
522.812317
522.006897
522.507507
523.269531
523.137573
522.380310
522.008789
521.909973
521.278442
520.513794
520.565308
521.102905
521.019287
520.280823
520.079529
520.740662
520.910034
519.978149
519.372742
520.077087
520.861816
520.508728
519.987610
520.604309
521.662231
521.786011
521.130920
520.810425
521.059082
521.273132
521.285095
521.469727
521.978088
522.364380
522.206238
522.017151
522.536377
523.225220
523.068481
522.601929
523.182129
524.491089
524.860779
524.232422
524.378845
525.741211
526.694946
526.460022
526.291260
527.146362
528.138550
528.294312
528.219299
528.703491
529.346802
529.746216
530.377869
531.436523
532.171021
532.095032
531.724365
531.823486
532.712097
533.696655
533.727661
533.417358
534.152344
535.429626
535.767517
535.283081
535.324707
536.168152
536.605835
536.129333
535.960754
536.812256
537.537231
537.331665
537.128845
537.624023
537.948730
537.485657
537.079346
537.371765
537.674438
537.348572
537.016235
537.433105
537.964050
537.591125
536.672607
536.273193
536.690002
537.201721
536.884094
536.024902
535.752258
535.997009
535.798889
535.214539
534.984985
535.077881
534.847595
534.248535
534.043579
534.387146
534.228210
533.188171
532.518921
532.877502
533.000916
531.998108
531.118347
531.503784
532.051392
531.435730
530.359192
529.994019
530.088440
529.851746
529.229126
528.739563
528.649475
528.509949
527.915222
527.411072
527.611145
527.816406
526.874146
525.364563
524.998657
525.597107
525.239380
523.681519
522.881531
523.527161
523.901428
523.197021
522.590881
522.547546
522.306580
521.685364
521.360291
521.576172
521.714355
521.428528
521.288086
521.700562
521.988647
521.476990
520.873474
521.295349
522.407776
522.874146
522.349670
521.813477
522.200134
523.179382
523.494446
522.967896
522.905457
523.792847
524.511230
524.525330
524.797974
525.776306
526.531921
526.536560
526.525391
527.030884
527.514526
527.702942
528.264709
529.368896
530.038452
529.782349
529.763550
530.962280
532.271667
532.344482
531.945801
532.516113
533.836853
534.741150
534.875427
534.782532
535.197510
536.076294
536.421326
536.115417
536.402649
537.563843
538.402588
538.696045
539.415710
540.284485
540.194397
539.700500
540.216248
541.446838
542.007385
541.764587
541.884033
542.922913
543.770142
543.431641
542.883423
543.333435
544.284851
544.736023
544.809509
545.237610
545.909058
546.142883
545.948975
546.013977
546.759827
547.605469
547.717651
547.537170
548.161865
549.395996
549.985962
549.761169
549.908142
550.711182
551.037292
550.565063
550.433228
551.246704
552.054565
551.954163
551.585083
551.848877
552.227051
551.957764
551.523010
551.613098
551.754456
551.193726
550.569458
550.867004
551.556641
551.603760
550.768433
549.691040
549.300720
549.414490
549.047852
548.238770
547.920349
548.136475
547.893188
546.952271
546.174744
545.849426
545.362732
544.541565
543.951965
543.819946
543.622131
542.920654
542.138123
541.821045
541.391113
540.115601
538.780701
538.552124
538.902649
538.462280
537.334106
536.786438
536.829956
536.097900
534.518005
533.522034
533.601379
533.807373
533.218323
532.172363
531.726013
531.834106
531.386414
530.217529
529.312439
528.962524
528.381348
527.339417
526.743835
526.932739
526.868408
526.011230
525.273193
525.168152
524.867981
523.896484
523.188538
523.460999
523.868103
523.550537
522.987976
522.882812
522.942810
522.507385
521.808105
521.612061
522.114990
522.640686
522.316711
521.555603
521.648254
522.343262
522.195190
521.238586
520.865906
521.355835
521.571106
521.055908
520.703491
521.074341
521.416870
521.057739
520.626648
520.793457
521.069763
520.849915
520.543152
520.935547
521.709106
521.894470
521.749329
522.181152
522.862549
522.862000
522.369629
522.380432
523.312500
524.481812
524.875488
524.695557
525.082764
526.016602
526.328064
526.012329
526.356201
527.475647
528.109802
528.034119
528.311829
529.300293
530.126587
530.168030
530.163269
530.893250
531.668823
531.730530
531.821228
532.807617
533.949951
534.090515
533.708801
534.020203
534.740112
534.810913
534.421692
534.472229
535.207703
536.050049
536.276184
536.150757
536.502747
537.114624
537.065186
536.431824
536.344849
537.169922
537.785278
537.523254
537.347107
537.875793
538.107544
537.367737
536.783142
537.308716
537.891052
537.436646
536.767517
536.928284
537.381409
537.185181
536.591003
536.341980
536.321838
535.943726
535.417847
535.498413
536.122437
536.431091
535.904114
534.992432
534.671509
534.945312
534.614197
533.454590
532.875061
533.404785
533.656372
532.861877
532.255066
532.571289
532.667969
531.779785
530.829956
530.630066
530.536438
529.934692
529.457703
529.550537
529.438049
528.517944
527.541138
527.316406
527.279175
526.554626
525.551819
525.359863
525.965088
526.207642
525.432434
524.263855
523.713318
523.759766
523.498474
522.830750
522.570435
522.811157
522.687439
522.013184
521.755859
522.168640
522.161255
521.411316
521.077393
521.571289
521.807312
521.314636
521.113525
521.858154
522.565857
522.269104
521.727783
521.999207
522.630127
522.696594
522.528381
523.060364
524.152222
524.777710
524.420776
523.758179
523.979492
525.001648
525.502014
525.263306
525.480774
526.517334
527.250854
527.187683
527.332947
528.124695
528.768127
528.994934
529.459839
530.318665
530.820740
530.720703
530.950745
531.977600
532.820374
532.668884
532.336060
533.169861
534.718750
535.221069
534.781128
535.077881
536.197815
536.891907
536.803040
536.558289
536.930359
537.874146
538.433044
538.449646
538.779785
539.442505
539.530396
539.121521
539.430481
540.681274
541.457764
541.010071
540.688599
541.767578
543.348206
543.890625
543.598938
543.775146
544.621155
545.270264
545.560425
546.099365
546.779175
547.119812
547.615723
548.722778
549.608154
549.453125
548.643311
548.372620
549.429260
550.946045
551.382874
550.798035
550.796265
552.015198
553.005859
552.525208
551.527466
551.532959
552.214844
552.453918
552.366272
552.315674
551.902832
551.246521
551.252563
551.959290
552.138489
551.088440
549.892944
549.966858
550.708435
550.287842
548.803345
548.212830
548.929688
549.305298
548.585999
547.570923
546.941772
546.724487
546.439392
546.030762
545.979431
545.676086
544.331970
543.003784
543.032898
543.657654
543.095215
541.295166
540.129272
540.535522
540.916748
539.640076
537.700928
537.230042
538.167114
538.310974
536.856873
535.322449
534.637390
534.199890
533.700500
533.320557
532.706604
531.644348
530.754578
530.643433
531.177917
531.392456
530.332581
528.566895
527.765076
528.291809
528.435486
527.076843
525.740906
526.045898
526.856812
526.426880
525.362915
524.992859
525.056152
524.864075
524.631287
524.597351
524.287048
523.459290
522.925598
523.345459
523.927185
523.551208
522.550720
522.125549
522.334167
522.112671
521.231750
520.590881
520.764404
521.364807
521.475159
520.896057
520.587891
520.941650
521.026855
520.372742
519.866394
520.106506
520.348267
520.172974
520.428711
521.461609
522.222229
521.901855
521.316162
521.610474
522.354492
522.413635
522.136658
522.834412
524.176392
524.567200
524.071167
524.219849
525.278198
526.000549
525.752563
525.330688
525.822083
527.144592
527.977722
527.814392
527.901611
528.870789
529.603577
529.557068
529.747620
530.619812
531.119934
530.932373
531.336426
532.692078
533.557922
533.110535
532.568420
533.254639
534.457764
534.617859
533.962402
534.273438
535.875977
536.983093
536.612427
535.900146
535.925659
536.270874
536.409363
536.595154
536.963684
537.221924
537.119019
537.028442
537.619751
538.345703
537.916931
536.766785
536.725403
537.895935
538.349365
537.331970
536.502563
537.291504
538.632324
538.547180
537.088989
536.135437
536.466736
536.882324
536.598511
536.306274
536.400574
536.389221
536.239746
536.321899
536.101013
535.002014
533.977478
534.173645
535.140930
535.643616
534.959412
533.527588
532.827332
533.318115
533.487915
532.298523
530.900269
530.681702
531.068359
530.780884
530.090332
529.943542
529.836731
528.868835
527.800720
527.567200
527.336609
526.220886
525.287903
525.738281
526.475037
525.849854
524.464417
523.967651
524.311890
524.153442
523.183350
522.491089
522.725342
523.216797
523.062012
522.310730
521.970642
522.406616
522.606506
522.074036
521.608826
521.606018
521.460876
520.852295
520.529785
521.242249
522.257080
522.369629
521.884460
521.854980
522.224609
522.208069
521.947144
522.348999
523.273315
523.589722
523.351807
523.757690
524.728516
524.940918
524.348572
524.370300
525.456665
526.464478
526.446045
525.792969
525.752197
526.828674
527.985107
528.318970
528.358459
528.762756
529.243835
529.477600
529.839722
530.592041
531.205627
531.259949
531.487854
532.481812
533.187439
532.824219
532.620056
533.609619
534.703552
534.563599
533.912659
534.444885
536.100098
537.095947
536.826050
536.590454
537.166260
537.909851
538.248474
538.300293
538.454224
538.981750
539.666565
540.264221
541.118530
542.237610
542.593933
542.055481
542.305908
544.028442
545.468018
545.288757
544.761292
545.578613
547.279846
548.293518
548.189331
547.996826
548.580872
549.482666
549.975769
550.197449
550.522949
550.907654
551.324524
551.920166
552.479126
552.500244
551.832214
551.142029
551.525635
552.712769
552.901550
551.678467
550.956787
551.880127
553.011108
552.631042
551.275269
550.737610
551.318054
551.692810
551.182129
550.485474
550.189575
550.053345
550.037537
550.302307
550.066833
548.627991
547.131104
547.174133
548.163208
548.039795
546.589844
545.738403
546.087158
546.096313
545.125916
544.134338
543.657898
543.478027
543.207336
542.643799
542.136047
541.840881
541.186523
540.063782
539.437500
539.631958
539.374817
537.887695
536.518250
536.701233
537.443665
536.754883
534.928406
534.043701
534.542847
534.761414
533.794250
532.635315
532.186829
532.119873
532.015747
531.906982
531.625610
530.765198
529.582092
529.052063
529.483459
530.087585
529.798340
528.411865
527.292847
527.457031
527.682312
526.700439
525.375916
524.932068
524.982788
524.645996
524.081970
523.731140
523.357239
522.689270
522.194824
522.332947
522.367859
521.488342
520.589355
520.883606
521.621826
521.224609
519.894165
519.372986
520.198792
520.839844
520.224304
519.191711
518.947388
519.697083
520.549316
520.676392
520.575623
520.883240
521.022888
520.666199
520.841431
521.909302
522.468994
521.831543
521.431396
522.532959
524.174072
524.529907
523.630737
523.326904
524.275330
525.125549
525.223877
525.305298
525.790955
526.514526
527.265625
527.939636
528.379883
528.352295
528.062683
528.102295
528.914307
530.148193
530.525818
529.884766
530.072327
531.835022
533.310242
533.092896
532.238281
532.336914
533.342834
534.037842
534.026794
534.034058
534.328796
534.700073
535.445435
536.538147
536.922424
536.123169
535.444458
536.208862
537.510742
537.453064
536.188904
535.763855
536.915894
537.948853
537.577515
536.815491
536.816528
537.233643
537.401306
537.329224
537.458862
537.745056
537.534485
536.950867
537.025513
537.890686
538.237976
537.272949
536.218140
536.462097
537.078674
536.371521
534.994202
534.890503
535.829773
535.954041
534.988770
534.133545
533.823547
533.451477
532.741394
532.233643
532.069641
531.689514
531.132690
531.034912
531.422180
531.660034
531.075500
529.757446
528.925171
529.157104
529.168274
528.042603
526.955444
527.079651
527.553833
527.095093
526.147461
525.768799
525.744568
525.244690
524.437988
524.146240
524.180359
523.769226
523.276550
523.571655
524.125793
523.577454
522.309265
522.057373
522.728088
522.596375
521.487732
521.013733
521.945923
523.160645
523.251831
522.408203
521.904419
522.076233
522.105225
521.609497
521.319397
521.728760
522.054993
521.809326
521.944397
522.976440
523.738220
523.267944
522.508118
522.769897
523.511230
523.406921
522.823425
523.146362
524.344360
525.118347
524.990601
524.752258
525.091492
525.683411
526.011353
526.384521
527.097595
527.606689
527.475647
527.240112
527.876831
529.299927
530.095276
529.752747
529.697449
530.826660
531.945190
532.014038
531.974915
532.983582
534.470215
535.244202
535.437500
535.988281
536.947571
537.588989
537.832092
538.323669
539.121094
539.718567
540.221863
541.180420
542.337097
542.697266
542.386292
542.765564
544.165894
545.370056
545.310181
544.443420
544.441650
545.848877
547.149231
547.318420
547.196838
547.653076
548.361694
548.852783
549.235901
549.592041
549.738281
549.722656
550.068054
551.118591
551.957397
551.264221
549.893494
550.079468
551.684875
552.414124
551.601685
550.926270
551.362732
552.030273
552.214111
552.153259
551.965271
551.456604
550.851318
550.749939
551.204224
551.530701
551.122253
550.266907
550.073914
550.897461
551.400818
550.476440
549.174683
549.088806
549.707092
549.410278
548.336914
547.922668
548.267273
548.166565
547.332092
546.584229
546.198669
545.738342
545.158813
544.938354
545.038574
544.721558
543.969910
543.823608
544.336975
544.186401
543.067322
542.015625
541.733154
542.103027
542.070190
540.876099
539.677551
539.636902
539.956238
539.511475
538.544067
537.776489
537.148499
536.246704
535.257507
534.700623
534.447998
533.855408
532.981262
532.573669
532.433777
531.325378
529.473206
528.700317
529.028076
528.567810
526.989990
525.947876
526.157104
526.274780
525.308228
524.092651
523.566528
523.571594
523.582642
523.309631
522.804443
522.361328
521.976929
521.420654
521.138916
521.604675
521.845276
520.831116
519.587830
519.616394
520.277588
520.046753
519.263428
519.333740
520.099121
520.177673
519.521301
519.397644
519.999451
520.253784
519.893921
519.847168
520.423096
520.817505
520.620972
520.400818
520.906555
521.893677
522.032104
521.192932
521.062195
522.207275
523.060852
522.578369
522.016174
522.871399
524.428406
525.078552
524.846924
524.921814
525.476746
525.701477
525.609680
525.997375
526.804504
527.225830
527.419739
528.268250
529.407471
529.664551
529.337769
529.692566
530.704224
531.227173
530.748779
530.113037
530.617920
532.249023
533.463135
533.307678
532.642334
532.604370
533.067261
533.443726
533.882324
534.602295
535.096252
535.043945
535.032715
535.597107
536.181580
535.990417
535.637817
536.235474
537.199036
537.279358
536.793335
536.942078
537.745300
537.953247
537.244324
536.864807
537.376099
537.776306
537.394714
536.931946
537.084534
537.552979
537.661987
537.176086
536.704590
536.788757
536.781311
536.091492
535.587158
535.995911
536.276184
535.517639
534.695190
534.818420
535.122498
534.372803
533.023193
532.573547
532.994324
532.872498
531.945862
531.377075
531.522461
531.336121
530.398865
529.718628
529.782898
529.625671
528.813904
528.291199
528.450928
528.657776
528.339172
527.475281
526.871521
527.042114
527.013550
525.975098
524.855042
524.780273
525.190491
524.846436
523.926453
523.662720
524.116150
523.931580
522.877258
522.307190
522.429016
522.141602
521.597778
521.887207
522.613647
522.448242
521.592102
521.503357
522.276184
522.332520
521.280945
520.709473
521.571533
522.850708
523.023315
522.020813
521.311584
521.848267
522.712585
522.798706
522.602478
522.838196
523.163452
523.270813
523.574890
524.369019
525.048279
524.939819
524.608398
525.141113
526.349670
526.927551
526.605347
526.597107
527.354614
527.885010
527.809875
528.032410
528.928589
529.641235
529.629822
529.551819
530.138428
531.014954
531.262390
530.930969
531.038147
531.846436
532.380127
532.240662
532.519714
533.896118
535.187561
535.275024
535.003113
535.610718
536.723877
537.188171
537.018799
537.344604
538.511108
539.648926
540.323853
540.989990
541.699768
541.883484
541.769470
542.428162
543.865173
544.818542
544.902588
545.303589
546.659241
548.033569
548.544800
548.198975
547.712524
547.978638
548.756165
549.047546
549.091553
549.911255
551.098389
551.475891
551.259094
551.422607
551.732544
551.424683
551.029724
551.483398
552.234253
552.087036
551.471741
551.794678
552.753052
552.781250
551.759888
551.044983
551.256104
551.557312
551.257751
550.980774
551.318176
551.748596
551.659363
551.054810
550.446777
550.317566
550.121704
549.176636
548.419434
548.884949
549.451538
548.604187
547.088623
546.585938
546.909912
546.588806
545.426086
544.657227
544.680420
544.379089
543.371399
542.699646
542.567749
541.998047
540.955566
540.426270
540.411499
539.821838
538.524841
537.843506
538.247925
538.413818
537.500427
536.060730
534.921570
534.748352
535.139404
534.802673
533.720398
532.986206
532.710938
532.132080
531.247559
530.713135
530.466980
529.906067
529.285095
529.370178
529.757324
529.285095
528.160217
527.749329
528.066345
527.730042
526.568726
525.964050
526.460083
526.813721
526.107971
525.289001
525.294861
525.317932
524.386902
523.112732
522.623047
522.930359
523.098083
522.661377
522.329407
522.687378
523.018127
522.362061
521.147217
520.601501
520.681702
520.351196
519.677979
519.722046
520.608643
521.146973
520.767395
520.389648
520.579529
520.654968
520.322205
520.409424
521.151123
521.583435
521.438354
521.701111
522.697327
523.235596
522.546082
521.659790
521.710083
522.586670
523.542358
523.916382
523.939453
524.508057
525.624817
526.360596
526.516907
526.832581
527.347351
527.317444
527.120056
527.937378
529.354614
529.821594
529.476746
529.889221
531.133179
531.777954
531.507568
531.465027
532.220215
533.051453
533.311584
533.354309
533.760864
534.297424
534.465271
534.595703
535.174500
535.963135
536.333313
535.950073
535.544373
536.057068
536.856018
536.785278
536.326172
536.635071
537.404114
537.563538
537.311584
537.553894
538.028137
537.890564
537.321716
537.195129
537.712280
537.978271
537.537842
537.409485
538.073364
538.316833
537.430847
536.586060
536.829285
537.258789
536.736023
535.921387
535.890869
536.415161
536.611694
536.140686
535.601624
535.598450
535.713379
535.188843
534.216858
533.849243
534.204895
534.044189
533.128052
532.666504
532.898804
532.729248
531.779053
530.984375
530.901306
530.751343
529.942139
529.154846
528.870667
528.393921
527.415039
526.876282
527.162170
527.151550
526.188965
525.370728
525.702332
526.421021
526.082520
524.504700
523.081665
523.094116
523.858032
523.703064
522.739868
522.472534
523.034119
523.086182
522.256653
521.648560
521.739563
521.778564
521.533813
521.651001
522.018066
521.812561
521.319275
521.555969
522.199646
521.962219
520.955139
520.772583
522.018250
523.255249
523.085999
522.390503
522.860840
524.181091
524.810547
524.429443
523.924377
523.973755
524.423401
524.826599
525.283142
526.033936
526.597107
526.482727
526.368652
527.233765
528.585144
528.902344
528.150574
528.155762
529.622559
530.985840
531.021057
530.608765
530.988281
531.821899
532.317749
532.687012
533.266357
533.746277
534.045166
534.599915
535.300598
535.423218
534.843140
534.253967
534.522766
535.971558
537.473938
537.587830
536.979370
537.486694
539.110474
540.044006
539.576111
539.222656
540.154358
541.398865
541.896790
542.151489
542.723450
543.234558
543.600708
544.339111
545.302307
545.697266
545.593018
546.024719
547.285950
548.321350
548.338867
548.088440
548.685913
549.998230
550.996277
550.987610
550.493713
550.544434
551.040649
551.247742
551.292480
551.651733
551.877747
551.389282
551.054260
551.991028
553.261292
553.038757
551.494019
550.660767
551.502686
552.399414
551.778564
550.737061
550.779785
551.201904
550.837280
550.064819
549.663757
549.437988
549.009216
548.723938
548.709167
548.251282
547.104248
546.168335
546.329590
547.305542
547.583374
546.192932
544.498779
544.306213
544.990356
544.661499
543.191162
542.171997
542.239197
542.178894
541.137695
540.095398
539.841675
539.483948
538.541687
537.917847
537.759216
537.074402
535.944580
535.529297
535.743103
535.312134
533.964661
532.889832
532.983765
533.567627
533.468506
532.644653
531.782654
531.428711
531.600586
531.450684
530.587402
529.898315
529.750610
529.413452
528.837402
528.719788
528.738525
528.023804
526.931641
526.493225
526.663208
526.352295
525.214478
524.372437
524.582336
524.823242
524.131287
523.220581
522.870239
522.553589
521.770569
521.194092
521.345337
521.494019
520.900330
519.999756
519.767822
520.463623
521.105957
520.709412
519.947632
520.113403
520.888428
520.827637
519.922119
519.771423
520.773926
521.405762
521.044312
521.004639
521.765625
522.087341
521.656738
521.733765
522.689209
523.316223
523.016846
522.737793
523.379333
524.462097
525.026489
525.195496
525.664307
526.181946
526.114807
525.919556
526.351562
527.331055
528.223633
528.282593
527.861511
528.373657
529.792603
530.532959
530.147461
529.936584
530.723755
531.623901
531.849304
532.066956
532.862427
533.660583
533.960510
534.146179
534.495361
534.598816
534.380493
534.603394
535.576721
536.236145
535.877014
535.669617
536.679626
537.862793
537.706848
536.651062
536.169922
536.656067
537.459106
537.799683
537.562866
537.297058
537.213928
537.158020
537.351013
538.037109
538.511230
537.828552
536.709229
536.782654
537.821716
537.985718
536.768921
535.866028
536.500732
537.423462
537.064087
536.072021
535.827515
536.094971
535.901062
535.360107
535.075317
534.747192
534.009460
533.545898
533.854370
534.295593
533.990051
532.723511
531.387573
531.169006
531.690918
531.429688
530.199951
529.450867
529.754089
529.797485
528.848877
527.987915
527.814392
527.493347
526.712524
526.235229
526.171997
525.742859
524.844299
524.327942
524.548035
524.599243
523.743835
522.811157
523.158813
524.351990
524.083496
522.177063
521.492188
522.474243
522.758118
522.468994
522.848694
522.433777
520.804016
520.453125
521.738403
522.540527
522.228333
521.419312
520.806946
521.448608
523.033936
523.407166
522.036743
521.210205
522.372742
523.837341
523.648376
522.722900
522.955383
524.148254
524.927063
524.946899
524.866150
525.036865
525.359741
526.052490
527.143372
527.946899
527.974915
527.486572
527.309021
528.221069
529.600769
529.888672
529.197876
529.419861
531.021240
532.150940
531.902893
531.661011
532.371887
533.099792
533.273560
534.052307
535.524780
536.045166
535.821472
536.241821
536.996216
537.223450
536.801208
536.564575
537.733032
539.510681
539.735718
538.791138
539.044006
540.639771
541.663574
541.440063
540.937256
541.135193
541.840698
542.245850
542.444397
542.983704
543.695374
544.040833
544.094666
544.560791
545.540039
546.110413
545.914001
546.008911
547.104797
548.163513
548.040833
547.546082
548.103821
549.293030
549.761963
549.563171
549.722717
550.268616
550.565308
550.854675
551.493225
551.839172
551.244568
550.212097
550.106567
551.400940
552.644775
552.265991
550.889526
550.492615
551.516235
552.218323
551.357483
550.208496
550.173584
550.452759
550.166687
549.919556
549.992249
549.600586
548.595764
547.945801
547.943542
547.674438
546.688721
545.816711
545.836792
546.005859
545.123779
543.748108
543.369324
543.783752
543.475586
542.268005
541.302307
541.033813
541.003967
540.609558
539.771973
539.077087
538.684631
537.994324
536.995544
536.519409
536.560242
535.967896
534.544800
533.637756
533.750977
533.554626
532.212158
530.789429
530.452942
530.709534
530.334534
529.305603
528.577942
528.358398
527.989563
527.338806
526.978149
526.746094
525.844055
524.653381
524.282043
524.793091
525.281799
524.937256
524.042358
523.738159
524.283020
524.558716
523.933289
523.295227
523.349365
523.438354
522.982422
522.640747
522.942932
523.140991
522.652222
522.160645
522.259155
522.222839
521.469543
521.012085
521.572876
522.037720
521.319946
520.260498
520.404724
521.539124
522.007568
521.161316
520.081665
519.945251
520.572998
521.104675
521.414490
521.830078
522.198669
522.180420
522.007446
522.348083
523.207642
523.606079
523.209595
523.288696
524.548218
525.576721
525.346619
525.149658
526.189209
527.453125
527.595459
527.153687
527.518250
528.638672
529.312378
529.424561
529.872437
530.603455
530.878906
531.012207
531.826050
532.910828
533.247559
532.791077
532.366882
532.780457
533.944702
534.778198
534.668884
534.375061
534.846863
535.698792
535.845764
535.520569
535.768555
536.441406
536.789673
536.978271
537.318420
537.373230
537.027405
537.028564
537.673096
538.058472
537.488831
536.748413
537.041687
538.066223
538.322449
537.482361
536.641479
536.524109
537.010742
537.340942
537.054626
536.882446
537.125244
536.929199
536.205383
536.023987
536.543701
536.469360
535.425110
534.846680
535.469910
535.895325
534.948853
533.748596
533.685974
534.185120
533.931335
532.948792
532.395386
532.616211
532.677429
532.140686
531.583191
531.100647
530.264648
529.461731
529.464355
530.079956
530.300171
529.300598
527.516846
526.598511
527.062317
527.329773
526.433777
525.507263
525.426697
525.391418
524.700684
523.896118
523.669250
523.758484
523.422424
522.709595
522.330322
522.361511
522.238892
521.987061
522.050171
522.114868
521.638855
521.118896
521.431335
522.147339
522.070007
521.322815
521.066956
521.575684
522.092041
522.076660
521.796875
521.893433
522.456299
522.770020
522.540039
522.660278
523.561157
524.093445
523.613220
523.428589
524.470093
525.430603
525.199097
524.849182
525.482910
526.438599
526.779541
526.994080
527.867798
528.723022
528.663696
528.492432
529.367676
530.648621
531.087830
531.006470
531.541443
532.755676
533.610229
533.432678
532.927063
533.315002
534.563354
535.403442
535.319702
535.440430
536.603271
537.757629
537.779602
537.536621
538.320862
539.533875
539.994019
540.087585
540.652344
541.252747
541.244446
541.251099
542.116760
543.395691
543.955688
543.759583
543.971497
544.896301
545.449158
545.184387
545.140442
545.874573
546.388672
546.103027
545.866455
546.438782
547.313477
547.455200
546.978638
547.083618
548.008362
548.490479
548.012146
547.793213
548.666565
549.681641
549.635132
549.002869
549.149780
549.971680
550.207031
549.799622
549.920044
550.716431
551.045288
550.605469
550.367371
550.697510
550.837891
550.561707
550.624512
551.086487
551.125488
550.569336
550.023926
550.077454
550.637451
550.708008
549.830994
548.960022
548.810059
548.768616
548.209351
547.705078
547.755981
547.402039
545.953064
544.605591
544.571960
545.062744
544.490234
542.964661
542.100159
542.239319
542.005615
540.972168
540.260315
540.060913
539.256165
537.902649
537.311462
537.567871
537.262329
535.851562
534.508423
534.214661
534.547119
534.401306
533.383484
532.464050
532.361389
532.207336
531.228088
530.164368
529.893066
529.868958
529.050720
527.798706
527.288391
527.314758
526.676697
525.551270
525.159851
525.446838
525.281982
524.427673
523.718384
523.495911
523.178528
522.728821
522.764221
523.039368
522.662781
521.606262
520.739075
520.718933
521.433899
521.909790
521.301147
520.492859
520.750977
521.417480
521.317749
520.852051
520.951599
521.269348
521.021240
520.631836
520.862000
521.312561
521.174500
520.826538
521.207703
522.003357
522.011414
521.238770
521.152039
522.058533
522.364929
521.750244
521.934570
523.195557
523.790649
523.262146
522.820190
523.067444
523.780884
524.476501
524.661377
524.695984
525.232727
525.835938
525.894836
525.986389
526.760803
527.644653
527.921021
528.015381
528.668640
529.474731
529.572754
529.449036
530.217102
531.548584
532.128418
531.907349
532.181580
533.272461
533.971191
533.751587
533.765564
534.668640
535.341187
535.108826
534.890076
535.338196
535.967834
536.125366
535.852356
535.876587
536.500122
536.978333
536.796265
536.689697
537.438965
538.337585
538.034302
536.914307
536.708679
537.455872
537.673950
537.170532
536.980042
537.255127
537.181946
536.678406
536.530701
536.777954
536.619751
536.055359
535.917114
536.155640
535.806335
534.773926
534.102173
534.390259
535.188171
535.372925
534.264709
533.068665
533.174316
533.710876
533.267883
532.141663
531.390747
531.374756
531.598022
531.468262
531.072083
530.684509
530.006104
529.058594
528.791504
529.186584
528.745667
527.395142
526.884583
527.419556
527.405273
526.587646
526.147339
526.292786
526.161621
525.371582
524.515381
524.299744
524.609253
524.752869
524.466370
524.130920
524.068787
523.905640
523.155090
522.437561
522.658447
523.198669
522.836914
521.986084
522.069702
522.990173
523.122681
522.154358
521.587891
521.971375
522.281616
521.975342
521.634338
521.739380
521.983276
522.044250
522.226807
522.664490
522.585510
521.714539
521.480347
522.878845
524.572205
524.690735
523.401428
522.694519
523.663269
524.990723
525.115784
524.621887
524.983704
526.171448
527.039673
527.381897
527.924072
528.579651
528.694336
528.790833
529.894592
531.427185
531.887817
531.492432
531.991394
533.646606
534.730408
534.561096
534.532593
535.524597
536.575867
536.768982
536.692810
537.356323
538.553223
539.234924
539.298218
539.655029
540.536621
541.082642
541.013977
541.335022
542.487244
543.270447
542.948303
542.811768
544.058716
545.757324
546.140015
545.303284
545.294373
546.803650
547.972473
547.621887
547.058350
547.630981
548.879272
549.791931
550.108215
550.025818
549.706787
549.541504
550.126770
551.163879
551.474731
550.766113
550.021545
550.274353
551.547974
552.486755
551.943970
550.859497
550.960754
552.044495
552.309570
551.426025
550.940613
551.405273
551.765747
551.343994
550.672607
550.442505
550.452881
550.268921
550.132507
550.140015
549.559387
548.398865
548.124878
549.028198
549.284912
548.051147
546.848450
546.953674
547.458252
546.880493
545.535706
544.939758
545.536011
546.331970
546.153992
545.032288
544.135437
543.925171
543.765198
543.370056
543.038879
542.683899
541.966614
541.270874
541.287415
541.468384
540.597351
539.054626
538.505310
539.070190
538.882935
537.350952
536.168091
536.091980
535.953491
534.927917
533.502686
532.613220
532.496643
532.474670
532.019775
531.293396
530.613281
529.821350
528.573425
527.522705
527.413330
527.329346
526.331665
525.350281
525.459778
525.798218
524.839722
522.983948
522.072876
522.607361
523.111633
522.453491
521.459106
521.323853
521.675781
521.481445
520.817444
520.380554
520.104553
519.795410
520.027771
520.694458
520.540344
519.565247
519.282837
520.153015
521.183594
521.314148
520.152588
518.809509
519.053894
520.588745
521.384399
520.950745
520.733887
521.349731
521.843445
521.633911
521.340759
521.566772
522.009827
522.440735
523.256714
524.150330
524.163452
523.596619
523.921021
525.394287
526.221375
525.305786
524.423279
525.521606
527.588623
528.442322
527.897705
527.335815
527.556824
528.237671
528.713562
528.998657
529.664856
530.572510
531.050415
531.231323
531.704590
532.203796
532.095276
531.838928
532.559753
534.061523
534.664185
533.929016
533.632019
534.738892
535.792908
535.541260
534.865295
534.987244
535.732056
536.341064
536.669678
536.997864
537.092712
536.603882
536.254150
536.884521
537.916382
538.139282
537.261780
536.425781
536.932617
538.209229
538.487610
537.485229
536.763245
537.216187
537.754883
537.404785
536.909668
536.926208
536.831604
536.396362
536.349182
536.719849
536.395020
535.040405
534.258606
535.068481
535.717834
534.649658
533.325745
533.389832
533.841614
533.251038
532.156677
531.684998
531.783447
531.703613
531.081055
530.358032
530.201782
530.315552
529.844543
529.018188
528.746826
528.786255
528.127136
526.970398
526.516113
526.864990
526.856262
526.077087
525.453552
525.539185
525.558105
524.877747
524.137329
523.954163
523.928528
523.608459
523.290710
523.423645
523.541504
522.817688
521.916321
522.208740
523.313477
523.610596
522.496948
521.162231
521.193298
522.248169
522.525146
521.719543
521.236145
521.509949
521.548523
521.282776
521.718933
522.583252
522.636536
522.111267
522.287598
523.181641
523.613953
523.183655
522.963318
523.808350
524.857178
524.914917
524.465027
524.784912
525.767334
526.283447
526.223083
526.469910
527.183838
527.675537
527.704529
527.872681
528.702820
529.630432
529.778992
529.574585
530.099976
531.205811
531.803284
531.764404
532.083984
533.171204
534.162842
534.296204
534.145264
534.572937
535.271790
535.690613
536.212769
537.175964
537.855652
537.610046
537.288635
537.920227
538.811218
538.787109
538.365967
538.892212
540.206055
541.021545
540.977600
540.680908
540.820374
541.514771
542.098816
542.282471
542.540466
543.019592
543.401062
543.805359
544.747559
545.928772
546.212036
545.602112
545.694702
547.002686
547.943542
547.687988
547.550720
548.569519
549.799011
550.012390
549.718628
550.062256
550.828857
551.093506
550.921570
551.074219
551.522644
551.637085
551.481262
551.672363
552.173279
552.270813
551.691589
551.145874
551.509766
552.241211
551.804382
550.378113
549.916443
550.901062
551.598022
550.770569
549.310425
548.739319
548.999878
548.938293
548.306763
547.715637
547.329102
546.951538
546.736389
546.651978
546.062073
544.823547
543.982239
544.226562
544.377380
543.199585
541.560059
540.993103
541.644226
542.286072
541.561768
539.611633
538.160461
538.344177
538.994995
538.268494
536.481262
535.307861
535.107605
535.110962
534.921326
534.307434
533.030396
531.669250
531.265930
531.724182
531.447632
529.710205
528.305359
528.688721
529.348877
528.245056
526.229675
525.612488
526.370422
526.449402
525.008728
523.415100
523.074097
523.564575
523.844666
523.609131
523.002869
522.414368
522.028076
521.925049
522.296021
522.472656
521.466797
519.991211
519.796082
520.828003
521.272339
520.432434
519.613647
519.903870
520.492920
520.127319
519.262817
519.383240
520.417480
520.748230
520.171692
520.060913
520.665466
521.113770
521.191589
521.320923
521.713928
521.974182
521.626831
521.262451
521.796143
522.749878
522.939880
522.320312
522.019958
522.782288
523.738953
523.578308
523.015503
523.686218
525.001831
525.298462
524.888977
525.030457
525.616821
526.111633
526.638611
527.106323
527.204224
527.188477
527.651306
528.815247
530.018616
530.227661
529.594482
529.419739
530.402954
531.773254
532.140869
531.629822
531.970703
533.488525
534.466492
534.217712
533.967041
534.497925
535.318054
535.707520
535.574951
535.586731
536.006775
536.285339
536.480103
537.135376
537.650513
537.227173
536.885925
537.647583
538.240479
537.539185
536.712952
537.031189
537.905579
537.998108
537.258850
536.802368
537.128967
537.738647
537.726257
536.816772
536.154114
536.522827
536.958374
536.658875
536.357117
536.479187
536.045105
534.982361
534.769470
535.497986
535.443237
534.187622
533.370178
533.796387
534.192932
533.498535
532.585999
532.672241
533.158936
532.750793
531.758057
531.380310
531.598083
531.428345
530.782349
530.453979
530.544983
530.360046
529.509460
528.553345
528.380676
528.791748
528.489075
527.171204
526.390747
526.866943
527.111206
526.090149
524.829590
524.642700
525.231873
525.259338
524.302490
523.365051
523.223267
523.276367
522.971497
522.646790
522.192993
521.280518
520.843262
521.762634
522.810547
522.246399
520.727051
520.373962
521.423584
522.237793
522.043396
521.548279
521.566528
522.073364
522.403503
522.318298
522.319153
522.600952
522.742737
522.626953
522.816772
523.651306
524.419800
524.491821
524.584595
525.338318
525.903076
525.680176
525.719177
526.783752
527.859192
527.937744
527.779419
528.548584
529.804932
530.182129
529.720459
529.999878
531.448669
532.679321
532.785522
532.249817
532.172302
533.042053
534.007202
534.376282
534.703125
535.418396
536.028687
536.104858
536.149353
536.919128
538.085022
538.698853
538.877869
539.321777
539.803223
539.934509
540.248718
541.208740
542.144897
542.119019
541.555054
541.873352
543.102661
543.709106
543.370300
543.405273
544.183594
544.669067
544.414795
544.135925
544.641479
545.679199
546.127136
545.855042
545.992737
546.791992
547.205933
546.999268
547.173096
548.095459
548.910278
548.926514
548.720581
549.228027
549.978394
549.911560
549.505981
549.870422
550.708191
550.981567
550.724121
550.921082
551.495850
551.272827
550.454590
550.406189
551.116882
551.336975
550.663025
549.931946
549.947876
550.629517
551.042664
550.434326
549.418030
549.039795
548.990967
548.510681
548.060486
548.139404
548.021912
547.199768
546.445190
546.257202
545.761230
544.493530
543.595764
543.837769
544.075012
543.126038
541.692871
540.975586
540.889832
540.478943
539.366272
538.408386
538.162292
537.825012
536.977600
536.393860
536.409912
536.274109
535.389526
534.172913
533.402344
533.241760
532.995605
532.081665
531.188843
531.141541
531.020081
529.691345
528.217651
527.992004
528.265320
527.663513
526.499634
526.102966
526.491943
526.302185
525.088135
524.004150
523.895630
524.104004
523.830444
523.365784
523.078735
522.580322
521.742371
521.201111
521.338623
521.604126
521.277100
520.611694
520.546936
521.250671
521.616516
520.851379
519.934937
520.163086
520.970398
520.941895
520.302002
520.464783
521.384827
521.548218
520.857239
520.772644
521.430786
521.729858
521.577820
521.562134
521.692810
521.745117
521.989624
522.722595
523.269287
522.802185
522.019958
522.103394
522.970764
524.006104
524.586060
524.152100
523.584290
524.283691
525.449585
525.506897
525.105469
525.576782
526.448669
526.848816
527.176392
527.901428
528.453979
528.336304
528.206848
528.872070
529.951538
530.536133
530.795532
531.552246
532.449341
532.415771
531.790710
532.041016
533.314087
534.105347
533.852478
533.737671
534.432373
535.373535
535.932861
535.945496
535.802490
535.898621
536.038513
536.119507
536.623169
537.527649
537.755798
536.884644
536.267578
537.018982
537.960754
537.452087
536.242615
536.229797
537.411438
538.196594
537.847900
537.079712
536.750916
536.733215
536.509705
536.357117
536.446716
536.130554
535.567871
535.803894
536.749329
537.136658
536.078918
534.151428
533.160400
533.952576
534.988647
534.351257
532.700745
532.346863
533.299438
533.338013
532.052795
531.101379
530.981750
530.846680
530.609375
530.634644
530.378296
529.426514
528.671326
528.890930
529.322632
528.715881
527.433411
527.086182
527.792419
527.929321
526.899719
526.067261
526.510193
527.380920
527.118164
525.571594
524.273865
524.454224
525.293823
525.245300
524.367676
523.651611
523.331421
523.213623
523.330139
523.470276
523.074158
522.145020
521.729004
522.523438
523.291504
522.385437
520.610107
520.310791
521.788696
522.896545
522.299316
521.240601
521.300781
522.058044
522.262573
521.926514
522.030090
522.690979
522.891785
522.488159
522.732788
524.003601
524.829468
524.319397
523.889282
524.854431
526.126587
526.306213
526.166931
527.049438
528.421509
528.824585
528.234497
528.053650
529.024902
530.245667
530.822998
531.205505
531.896362
532.518494
533.022522
534.025330
535.111938
535.093323
534.577393
535.297058
536.995483
537.839905
537.350037
536.712036
537.011230
538.486755
540.162903
540.587646
540.068115
540.289490
541.547302
542.472534
542.517151
542.683167
543.348450
543.818176
544.233459
545.131714
545.856506
545.736450
545.594788
546.499451
547.863525
548.126160
547.298157
547.264893
548.738647
549.923950
549.498230
548.741760
549.250427
550.454468
550.936035
550.539062
550.134888
550.308105
550.679382
550.762451
550.916626
551.450378
551.698059
551.082031
550.364258
550.512878
550.964600
550.603699
549.753540
549.760559
550.632568
550.734253
549.668701
549.143372
549.870239
550.364685
549.634155
548.705933
548.721863
549.062683
548.795715
548.474487
548.486450
548.174561
547.596741
547.359375
547.430237
547.524292
547.206421
546.136353
545.211487
545.498901
546.043884
545.145447
543.315613
542.702576
543.572449
543.777100
542.380798
541.005554
540.762817
540.747437
540.190979
539.634338
539.285278
538.374695
537.010742
536.439148
536.520752
535.736084
534.121338
533.197998
533.320740
533.244080
531.947327
530.119873
529.278320
529.677124
530.191711
529.802246
528.650574
527.617004
527.027893
526.606201
526.375427
526.428711
526.061951
524.610413
523.151001
523.295776
524.363098
524.134705
522.289490
520.935303
521.431885
522.560730
522.619324
521.583069
520.411377
519.708191
519.736572
520.537109
521.351868
521.036987
519.547974
518.196960
518.337463
520.013672
521.635498
521.413391
519.706299
518.766052
519.452698
520.468933
521.010132
521.268127
521.103821
520.619446
520.790894
522.002991
523.052917
522.602295
521.244324
521.190247
523.063354
524.597900
524.175049
523.275208
523.704773
524.842957
525.303894
525.302673
525.737488
526.517395
527.164917
527.622192
527.934143
528.174194
528.256836
528.134888
528.502197
529.760681
530.833679
530.664124
530.119934
530.916077
532.730469
533.398499
532.454895
531.800049
532.571899
533.807678
534.226135
534.054504
534.315613
534.891052
535.122131
535.351074
535.914795
536.026672
535.356567
535.245911
536.511658
537.596008
537.045837
536.123413
536.702271
538.190430
538.696594
537.799805
536.721313
536.678162
537.509521
538.050964
537.778015
537.297791
537.090881
536.871094
536.770813
537.206787
537.403625
536.469360
535.295593
535.562012
537.137512
537.776489
536.146179
534.046021
533.887024
535.136475
535.603333
534.736572
533.537720
532.832947
532.809998
533.118347
533.301514
533.137146
532.207153
530.587708
529.852722
530.838867
531.645081
530.555908
528.684387
527.946533
528.607971
529.307739
528.722473
527.274048
526.390503
526.383545
526.498840
526.344604
525.871948
525.003418
524.309631
524.613708
525.308899
524.799377
523.117615
522.328613
523.509033
524.749207
523.787048
521.667358
521.098816
522.306580
523.474976
523.453125
522.369934
521.302002
521.040161
521.375549
522.052246
522.582275
522.193604
521.286072
521.144287
522.084412
523.021667
522.739868
521.552429
521.380249
523.043030
524.385193
523.443420
521.948303
522.428833
524.096985
524.717224
524.150818
523.800964
524.291748
525.160095
525.911255
526.335388
526.232849
525.692627
525.394348
526.035156
527.455139
528.408325
528.034485
527.371948
528.022949
529.755005
530.675415
530.028625
529.468201
530.448547
532.009521
532.661316
532.657104
532.943054
533.562683
534.223389
535.029907
535.793518
535.800049
535.305786
535.820251
537.714844
539.168152
538.818665
538.057190
538.921082
541.032837
542.497986
542.466248
541.610413
541.343384
542.380249
543.851257
544.682983
544.886475
544.942810
545.086365
545.568481
546.652771
547.879761
548.170837
547.656738
547.976379
549.445190
550.278076
549.663391
549.066895
549.813477
551.154297
551.525757
550.928711
550.779968
551.601318
552.415588
552.454895
552.094727
551.938477
551.951904
551.856628
551.820984
552.145142
552.324463
551.557312
550.711182
551.345215
552.493958
551.968079
550.281311
549.841431
550.930420
551.448547
550.289307
548.799011
548.660889
549.408630
549.334839
548.253052
547.320190
546.953064
546.762329
546.622681
546.364197
545.497131
544.272278
543.687256
543.890625
543.809265
542.736389
541.319153
540.596130
540.979004
541.736755
541.382935
539.834290
538.709839
538.735107
538.860291
538.182800
537.181213
536.629150
536.298767
535.614075
534.932739
534.657715
534.106873
532.997681
532.322083
532.482849
532.546265
531.840515
530.974121
530.854980
531.143494
530.641968
529.419373
528.893188
529.206360
528.896667
527.690491
526.884644
527.121338
527.647522
527.377686
526.471252
526.082092
526.165344
525.652527
524.612244
523.945496
523.787598
523.611206
523.154663
522.766724
522.696716
522.502258
521.975891
521.680359
521.800476
521.586609
520.738098
520.336975
521.049805
521.728638
521.190430
520.125549
520.152100
521.172607
521.397400
520.251831
519.061218
519.194153
520.666992
522.036743
522.089844
521.550293
521.638794
522.102600
522.393616
522.771484
523.236877
523.313232
523.203064
523.823669
525.081116
525.570435
525.102539
525.296387
526.619385
527.476318
526.998230
526.431641
527.212830
528.877014
529.609558
528.976685
528.625916
529.593323
530.847839
531.206055
530.920349
530.797119
531.119873
531.770508
532.639709
533.659973
534.325684
533.994812
533.369934
533.985779
535.560181
536.026123
534.985046
534.578857
535.784424
536.891418
536.648560
536.110291
536.460815
537.120911
537.149963
536.904907
537.198303
537.749451
537.730957
537.463562
537.761719
538.122498
537.593262
536.768982
536.900024
537.830627
538.442627
537.896606
536.594727
536.231079
537.113525
537.443176
536.591309
535.864441
535.917603
535.998352
535.638306
535.445435
535.639404
535.306030
534.208191
533.748718
534.584351
535.089600
533.940613
532.412842
532.420532
533.450195
533.353699
531.830200
530.799133
531.180725
531.686951
531.215088
530.371155
530.003845
529.932495
529.662354
529.287964
529.235413
529.302612
528.728516
527.704468
527.330139
527.498779
527.018616
525.900085
525.436951
526.031860
526.286438
525.122253
523.779541
523.747620
524.209778
523.739990
522.773560
522.431763
522.512634
522.336670
522.122559
522.291443
522.357666
521.658936
520.817383
520.922241
521.807495
522.434509
522.177063
521.380310
521.126587
521.833923
522.354004
521.918945
521.638184
522.178101
522.574036
522.627197
523.218384
524.144165
524.436096
524.164551
524.206116
524.959167
525.825439
525.863525
525.412720
525.812195
527.029907
527.751526
527.867493
528.455933
529.458435
529.879211
529.899414
530.511841
531.522156
531.857483
531.423706
531.235229
532.141724
533.669861
534.444946
534.341858
534.645813
535.642822
536.262878
536.191467
536.482178
537.711304
538.799744
538.775208
538.565796
539.337891
540.433472
540.830750
540.982544
541.716187
542.722839
543.196167
543.333618
543.897949
544.627258
544.821960
544.820312
545.423767
546.393677
546.752686
546.388855
546.180725
546.842529
548.021301
548.589661
548.339844
548.234680
548.679565
549.123962
549.207397
549.319580
549.879578
550.340820
549.898499
549.297974
549.839294
550.754456
550.468140
549.468872
549.307312
549.928772
550.021729
549.394104
549.226562
549.771423
549.899719
549.402466
549.311584
549.745178
549.752136
549.159241
548.892212
549.493347
550.240173
550.051453
549.180786
548.859985
549.159485
549.138672
548.638123
548.371155
548.704773
548.841248
547.970764
547.039185
547.170227
547.434631
546.568604
545.221741
544.809570
545.282776
545.267517
544.222839
543.213135
542.808960
542.195190
541.279968
540.877136
540.754456
539.979248
538.601562
537.533325
537.253723
537.357239
536.911621
535.566956
534.327698
534.123169
534.261353
533.613770
532.474792
531.751953
531.228088
530.363159
529.777222
529.904297
529.620361
528.217468
526.964966
526.975098
527.207581
526.338684
525.078369
524.738647
525.037842
524.887573
524.088501
523.389526
523.152222
522.766113
521.931519
521.251282
521.284973
521.765320
521.848389
521.352539
521.083801
521.272217
521.103699
520.424927
520.116577
520.496338
520.712891
520.159912
519.752075
520.384399
521.065186
520.617554
519.819336
520.028198
520.842896
520.892395
520.326172
520.435303
521.153076
521.392273
521.311035
521.732605
522.427856
522.641541
522.291870
522.034973
522.528442
523.509583
523.927917
523.672546
523.875549
524.758606
525.194885
524.860535
524.882751
525.864563
526.735352
526.567139
526.267273
526.974915
527.980042
528.001160
527.605652
528.192810
529.345520
529.651733
529.412598
529.874023
530.737000
531.070862
531.273560
532.097534
533.068359
533.265137
532.936096
533.075562
533.950012
534.973816
535.294617
534.746460
534.504822
535.212769
535.767700
535.619873
535.823303
536.655090
536.937561
536.508789
536.532166
537.288391
537.811646
537.487915
536.937317
537.106384
537.717346
537.562805
536.797302
536.830322
537.466614
537.253418
536.494263
536.581909
537.079468
536.693909
535.799622
535.377502
535.491760
535.847778
535.832703
534.963806
534.152100
534.421631
534.917969
534.490051
533.722717
533.486511
533.380981
532.784607
532.177490
532.179443
532.103149
531.191101
530.292908
530.414368
530.717529
529.974243
528.828674
528.597534
529.107849
529.113586
528.189087
527.334595
527.232788
527.114624
526.444946
525.992004
526.273499
526.563049
525.974915
524.865234
524.423340
524.818542
524.964417
524.272949
523.536621
523.530640
523.519287
522.695251
522.112000
522.649292
523.152283
522.706421
522.019592
521.910706
522.234985
522.253174
521.885437
521.946777
522.431030
522.325989
521.739258
521.802429
522.493713
522.694153
522.119019
521.742615
522.238953
523.030151
523.208069
522.802246
522.718994
523.266846
523.550964
523.174500
523.159851
524.075500
524.790588
524.493042
524.273315
525.116516
526.200500
526.351257
525.959839
526.275818
527.247620
527.830933
528.037048
528.672729
529.561829
529.889893
529.941528
530.621399
531.711426
532.294861
532.438354
533.063049
534.198364
534.840454
534.683533
534.528687
535.218323
536.634399
537.675415
537.762939
537.847595
538.890869
540.100403
540.389160
540.428833
541.270020
542.310059
542.531433
542.531189
543.305237
544.370605
544.772949
544.859680
545.539978
546.460571
546.715820
546.547791
546.974976
548.095398
548.764587
548.552673
548.546265
549.311768
549.948853
549.831787
549.563538
549.956177
550.897522
551.299683
550.746338
550.477234
551.187927
551.709961
551.472961
551.550049
552.329773
552.713440
552.074524
551.338806
551.542053
552.181274
552.061951
551.300232
550.996704
551.327698
551.376465
550.767456
550.391235
550.625732
550.381653
549.413879
549.003906
549.366272
549.276001
548.435242
547.782227
547.768860
548.061279
547.911011
546.869141
545.896179
545.908691
546.039978
545.338257
544.392090
543.971680
543.688232
542.839966
541.792053
541.373413
541.306580
540.785095
540.027222
539.811340
539.777710
538.802979
537.388123
537.281555
538.102295
537.590881
535.781494
534.993469
535.565735
535.621033
534.670654
533.921082
533.759216
533.697083
533.455811
532.875916
532.185669
531.920349
531.761597
531.001587
530.096191
529.765869
529.578247
528.924011
528.181030
527.992004
528.003418
527.383789
526.397522
526.030396
526.152466
525.658203
524.524170
523.943726
524.219543
524.206848
523.312927
522.558167
522.579041
522.464111
521.613770
520.802429
520.946411
521.676575
521.732910
520.935791
520.399536
520.639526
520.973877
520.821472
520.642700
520.950134
521.122742
520.515503
519.866943
520.209290
521.197754
521.741760
521.655396
521.652771
521.914124
521.805115
521.520081
522.190247
523.582397
524.131836
523.750000
523.949585
524.982300
525.455811
525.059082
525.101379
526.029846
526.905151
527.088745
526.836670
526.951538
527.863281
528.769043
528.791504
528.547974
529.118103
530.284302
531.010925
531.103882
531.360474
532.018982
532.386841
532.406921
532.885681
533.687866
533.805359
533.490967
534.022888
535.274597
535.758423
535.199951
534.953003
535.738342
536.600525
536.565491
536.167786
536.314697
536.855652
537.122620
536.900269
536.833252
537.434448
537.822998
537.279297
536.838501
537.407654
538.054993
537.707581
537.052368
537.204407
537.722534
537.477600
536.688782
536.547058
536.992004
536.801697
535.970703
535.716492
536.124329
536.118103
535.577759
535.317017
535.337952
534.872925
533.895264
533.354736
533.853455
534.724976
534.678589
533.491333
532.521362
532.619080
532.678406
531.823303
531.072327
531.334595
531.688110
530.945190
529.854736
529.861511
530.469971
530.154724
529.086853
528.583557
528.588196
528.021606
527.001221
526.707520
527.094238
526.793884
525.784363
525.432007
525.705872
525.375183
524.475037
524.038269
524.362732
524.824646
524.517944
523.382141
522.642883
522.919006
523.025391
522.119019
521.326904
521.661072
522.198547
521.941833
521.453064
521.454529
521.647095
521.487549
521.194092
521.364929
521.859009
521.870056
521.373169
521.499634
522.528076
523.076782
522.569885
522.365295
523.223633
523.975708
523.902527
523.992249
524.845947
525.591736
525.585815
525.414124
525.733765
526.604675
527.557739
527.834290
527.744385
528.429626
529.581909
530.044006
530.110229
530.734802
531.634949
531.960083
532.104126
533.037415
534.272644
534.635193
534.432495
534.940308
536.184387
536.914551
536.844482
537.073242
538.060852
538.911560
539.079529
539.341370
540.347656
541.542358
542.073914
541.868896
541.825562
542.587036
543.187927
542.913208
543.142761
544.634216
545.754150
545.521973
545.180176
545.791077
546.886108
547.464966
547.385071
547.733765
548.802002
549.332642
549.120178
549.261902
549.853577
550.098267
550.034607
550.342590
550.943298
551.134033
550.816284
550.812866
551.591980
552.191772
551.662720
550.711304
550.598694
551.508911
552.357483
552.085388
551.349487
551.559082
552.325317
552.064575
550.945190
550.597412
551.011841
550.835205
550.271301
550.316467
550.467224
549.908936
549.001892
548.512634
548.599609
548.498474
547.661194
546.931763
546.989807
546.922913
546.041992
545.318970
545.395691
545.163757
543.985352
542.920227
542.752075
543.157532
543.228882
542.340210
541.241333
540.792480
540.515686
539.872742
539.136963
538.553467
537.965149
537.161072
536.393372
536.259705
536.500916
535.855469
534.229614
533.320740
533.706238
533.811523
532.798279
531.808960
531.680237
531.686218
531.173401
530.625122
530.447327
530.151245
529.353760
528.556030
528.332581
528.566711
528.643982
528.137817
527.445923
527.129272
526.960205
526.418396
525.689636
525.516479
525.710205
525.103088
523.893005
523.642090
524.245300
523.953613
522.584717
521.730530
522.052734
522.520081
522.208801
521.667969
521.561829
521.272766
520.526306
520.341736
521.057190
521.388916
520.520874
519.539917
519.628662
520.621765
521.524353
521.378601
520.533142
520.362000
521.103760
521.656006
521.618530
521.747314
522.303101
522.690125
522.729980
522.902527
523.361450
523.626404
523.705383
524.414185
525.672668
526.193970
525.863770
526.113770
527.229126
527.974304
527.840271
527.685608
528.423706
529.523804
529.740662
529.414062
529.700195
530.590942
531.401672
531.658752
531.588440
531.810852
532.299316
532.638489
532.905396
533.503662
534.254761
534.488159
534.342834
534.779541
535.780823
535.992554
535.222717
535.182373
536.422424
537.319092
536.930725
536.410156
536.828979
537.432678
537.368164
537.197510
537.459045
537.698853
537.452332
537.139465
537.564758
538.441650
538.416504
537.219299
536.414368
537.062073
537.934021
537.431885
536.210144
536.029175
536.740845
536.715393
535.829163
535.388611
535.492371
535.195129
534.630981
534.619507
534.949402
534.706604
533.676880
532.796570
532.903564
533.164734
532.511230
531.757019
531.766968
531.634277
530.695618
530.052979
530.634399
531.497620
531.142456
529.518616
528.152588
528.211914
528.886292
528.598022
527.407837
526.737976
526.878479
526.862793
526.491638
526.260437
526.009583
525.348755
524.690430
524.654297
524.979309
524.825867
524.042175
523.501526
523.597595
523.435852
522.623413
522.312073
522.993958
523.350464
522.683411
522.039734
522.279175
522.951294
523.121338
522.480042
521.635254
521.592651
