504.726746
504.726746
504.608887
504.097015
505.970428
516.754944
531.813904
536.676941
534.237122
533.519409
532.714905
533.626831
533.954773
532.304199
534.541504
535.502380
533.846436
533.180786
530.255554
530.799133
536.674377
536.564087
533.115051
534.588684
535.145203
533.854614
532.381409
530.443787
533.172546
535.537659
534.537659
534.856140
533.958679
533.476257
532.980469
531.398254
534.057190
535.732422
534.385559
533.810120
532.493591
533.576843
534.219238
532.688965
534.756897
535.550049
533.877441
532.322327
530.489624
536.783081
546.218933
542.821167
535.103149
534.384521
533.814697
532.967529
532.451111
531.155701
534.238281
536.457275
535.070007
534.199036
532.346436
532.595032
533.106506
532.095398
534.911316
536.169128
534.308899
532.939941
531.352234
533.462585
535.205750
533.738281
534.496399
534.221436
533.223572
532.546997
530.991943
537.003723
545.297791
541.674561
535.012939
534.332825
533.289246
532.914978
532.849792
531.613953
534.366577
535.951416
534.401428
533.482361
531.941956
533.154358
533.981323
532.392578
534.455200
535.858459
534.941833
533.363831
531.061523
533.464966
535.743530
534.346558
534.218567
533.158936
532.758789
532.563721
530.922852
536.468567
543.477051
539.900696
534.902222
534.321289
532.367004
532.356873
533.104065
532.390442
535.180420
536.388794
534.640869
533.113525
531.192078
533.205200
534.888245
533.355225
534.220093
534.308350
533.752686
533.066528
531.074707
533.460266
535.801941
534.849915
534.344238
532.394592
532.231140
532.873291
532.178101
535.365356
533.470459
524.399536
525.178345
531.648743
531.834045
532.978149
534.392273
532.943176
534.325317
535.154236
534.642639
533.629089
530.999023
532.677063
535.035828
534.511169
534.794006
533.476868
532.901917
532.806702
531.438416
534.242310
536.173889
534.664673
533.719849
532.100220
533.055725
533.872314
532.498108
534.948792
533.165222
525.781677
527.121277
531.606323
530.516357
532.556030
535.324341
534.387695
534.608643
533.955994
533.635071
533.394287
531.213318
533.057556
535.270752
534.796936
534.701477
532.944641
532.936462
533.301697
531.830688
534.305786
536.025085
534.702820
533.343140
531.275269
532.849670
534.481934
533.316711
534.732788
531.848877
525.397400
528.089783
532.513977
531.049194
532.695190
535.059265
534.434326
534.595398
533.465942
533.379028
533.256348
531.244873
533.707458
536.141296
535.227051
533.995056
531.836548
532.950378
534.278320
532.863831
534.470764
535.432983
534.539612
533.169800
530.595398
532.734253
535.443481
534.393738
534.066223
532.840759
536.925476
546.977600
544.388062
533.354065
532.589478
535.351501
534.939026
534.594299
532.800476
533.274170
534.101685
532.370850
534.018982
535.466736
534.663513
533.383606
531.004578
532.881165
534.956604
533.533264
534.369080
534.778687
534.471069
533.522278
530.823853
532.753174
535.319580
534.716187
534.409851
532.604004
536.672607
546.520020
543.609558
533.316467
533.381226
536.220581
535.313599
533.645325
531.207581
532.716370
534.544312
533.053345
534.107971
534.791809
534.306519
533.426086
531.041870
533.168701
535.625671
534.323242
534.159119
533.450806
533.452209
533.220276
531.243835
533.883545
536.500061
535.298767
533.852783
532.146179
534.006714
532.161621
520.421326
518.528564
530.362366
536.113647
535.361816
533.893799
531.037170
532.702026
534.966675
533.595825
534.046936
534.129700
533.944092
533.309937
531.073669
533.425842
535.828369
534.577637
533.945435
532.748779
533.516418
533.951721
531.682190
533.534729
535.676697
535.022095
533.666199
531.343018
533.415283
532.083862
520.787231
519.411560
530.845276
535.853333
534.983459
533.296204
530.592529
533.055237
535.962463
534.955933
534.569397
533.527405
533.765198
533.514099
530.961060
533.544067
536.745728
535.803833
533.791138
531.260681
532.725525
534.335144
532.539612
534.011475
535.400146
534.652893
533.355896
531.097290
533.259277
535.172607
534.926270
541.150208
544.023315
537.162109
533.951538
533.442932
530.663696
533.057983
536.203003
535.230347
533.972656
532.303833
533.398193
534.138367
531.881897
533.941406
536.242798
535.159546
533.171021
530.775269
533.000305
535.137390
533.383362
534.276306
535.125427
534.743591
533.320007
530.412048
532.709839
535.374084
536.227112
542.871521
544.564514
536.695068
533.712097
533.336670
530.626465
533.372070
536.647095
535.501770
533.467285
531.544861
533.682007
535.132812
532.568481
533.513123
535.098938
534.794983
533.341492
530.639893
532.976318
535.722107
534.330139
534.354797
534.172729
534.040894
533.065491
530.544922
533.278625
535.871887
536.943115
543.684692
544.123352
535.287476
532.936768
533.608704
531.557007
533.811890
535.962708
534.669678
532.609924
530.579895
533.375732
535.415344
532.977234
533.529236
534.832458
534.915955
533.116211
529.772888
532.585327
536.348206
535.423523
534.309387
532.759583
533.120056
533.355103
531.497620
534.189209
536.548035
535.011475
532.343628
525.232849
522.549927
530.900757
534.937012
531.882080
533.314880
535.716797
535.269714
532.833801
529.903992
533.052856
536.167053
534.280884
533.795898
533.685852
534.119385
533.511963
530.775208
533.315491
536.369873
535.092957
533.630188
532.228271
533.422913
533.579529
531.330566
534.379883
537.235840
535.828857
533.308472
528.672607
529.029236
535.945679
536.911194
533.243530
533.912781
534.876465
534.577393
532.953064
530.228821
533.212891
536.413208
534.914551
533.796753
532.790344
533.597778
533.520081
531.213562
534.210510
537.077881
535.329834
533.110474
531.358215
533.419128
534.360046
531.839417
533.728821
536.023804
535.376221
532.873352
527.943298
529.473083
537.088501
537.505798
533.576172
533.720398
534.127441
534.327576
533.089417
530.449219
533.539490
536.390076
534.639954
533.183960
531.947815
533.390625
533.789856
531.381409
534.043091
536.866821
535.573303
532.886475
530.352478
533.096985
535.372437
533.423828
534.441345
531.464905
521.005005
519.442322
529.865173
535.533020
534.757202
534.848938
530.629700
526.283020
530.467163
532.921448
530.554138
533.185547
535.984741
535.121155
533.827759
531.783875
533.100037
534.075378
531.828308
533.024658
534.396057
534.428101
533.550659
530.419983
531.618042
534.107788
534.182007
535.340210
534.113647
532.569641
531.658752
530.081055
533.376892
536.193054
535.206604
533.636780
527.082214
523.325867
530.412842
534.268127
531.343506
532.660706
534.791748
534.747925
533.716125
530.852600
532.078064
534.117432
533.390625
534.532776
534.146667
533.251099
532.693359
530.774475
533.375854
535.715027
534.098572
533.502930
532.615417
533.357849
533.259216
530.362732
532.323547
535.215271
535.432434
534.625610
529.205505
526.789429
532.555176
534.710449
532.834900
534.805176
535.469788
534.033691
532.461426
530.289490
533.012085
535.438477
533.736084
533.581421
533.188110
533.570801
533.142639
530.118958
532.061584
535.228577
535.422607
534.713745
531.878479
531.959656
533.123840
532.234070
534.643372
535.645081
533.931580
532.560181
529.007629
530.243896
537.180847
537.230164
532.983765
533.149719
533.588745
534.033997
533.374878
530.044800
531.723145
534.820312
534.873901
534.787476
532.778381
532.476685
532.823792
531.444092
534.130859
535.963745
534.403748
532.848511
530.862732
532.921204
534.717041
532.624023
533.419312
534.427368
534.465759
533.468933
528.690979
529.403809
536.220520
536.787842
534.190979
534.575012
533.340820
532.792358
532.727600
531.117920
533.646912
535.542664
534.130737
533.353394
531.918884
533.117249
533.772034
531.271362
532.809509
534.986511
535.089050
533.728821
530.343994
531.700439
534.221375
533.621216
534.581543
534.266541
533.578796
532.653381
530.075623
535.797302
544.634705
541.434265
534.672607
533.245117
531.906616
532.628174
533.373596
531.408142
533.320679
535.330383
534.754211
533.587158
530.827942
531.933777
533.858093
532.906128
534.497375
535.181641
534.234985
532.736755
530.130737
532.590820
535.297485
534.078613
533.915955
533.312927
533.712463
533.062622
529.874207
534.762451
542.313965
539.619385
535.144714
534.167725
531.758118
532.350220
533.627563
532.224365
534.087463
535.321960
534.160339
532.560120
530.293213
532.826843
535.106018
533.266479
533.473572
533.595093
533.809082
533.216492
530.357544
532.312378
535.179565
534.881714
534.255981
532.023499
532.317871
533.106506
531.602173
534.230042
532.630066
524.194031
525.299500
531.473938
531.392029
532.810425
534.313049
532.557495
533.825928
534.884399
534.562927
533.002258
529.753967
531.973083
535.216003
534.790344
534.455627
532.713257
532.719238
533.153381
531.347717
533.746887
535.857666
534.464783
533.235107
531.617126
533.125793
533.871887
531.562439
533.548645
532.113831
525.335449
527.408508
532.231018
530.661499
532.195923
534.983643
534.220642
534.302979
533.317139
532.987488
532.917786
530.974182
533.171814
535.187012
533.906799
533.393799
532.342834
533.338501
533.302063
530.643616
533.281128
536.361450
535.744446
533.439026
530.003357
531.805542
534.539734
533.472107
534.231873
530.829712
524.333496
527.498169
532.349609
531.091309
532.978760
535.153625
533.952026
533.875732
532.986938
533.249512
532.943481
530.533081
533.282043
536.176208
535.062500
533.143677
530.711426
532.465576
534.239075
532.303040
533.402832
534.750244
534.742920
533.577148
530.411255
532.185730
534.803711
533.918457
534.357361
533.598572
537.236755
546.530029
543.216125
532.085083
532.264465
535.796997
534.985046
533.711548
531.692322
532.905945
534.105835
531.830505
533.197021
535.087585
534.809448
533.525146
530.624878
532.254883
534.638733
533.549500
534.383423
534.462463
533.858398
532.838074
530.443481
533.040833
535.608032
534.090393
533.200012
531.900757
537.358704
548.286621
544.695618
532.497192
531.562683
535.069031
535.322693
533.970215
531.002563
532.081299
533.818115
532.434448
533.762390
534.474304
533.772766
532.820618
530.652405
533.095459
535.336426
533.542297
533.544800
533.550781
534.023804
533.224731
530.112305
532.511169
535.682983
534.895508
533.385010
531.240845
533.028381
531.610596
520.086853
518.266113
530.263184
535.883972
534.812622
533.313721
530.712463
532.547729
534.586121
533.093201
533.987061
534.422119
533.937988
532.491211
529.784485
532.723999
535.774719
534.296509
533.202637
532.097656
533.448181
533.916504
530.878601
532.460999
535.166992
534.996033
533.615295
531.021606
532.912659
531.355225
519.795166
518.726074
530.703125
535.428101
534.080322
532.695496
530.472473
533.037231
535.405701
533.589478
533.383789
533.270325
533.822510
533.000671
529.837036
532.429993
535.901672
535.230347
533.544739
531.145447
532.571899
534.037109
532.108948
533.715149
535.166992
534.346680
533.102051
530.748413
532.639343
534.375305
534.204712
540.921082
544.369690
537.484192
533.626770
532.477112
529.730774
532.822327
536.298523
534.890625
533.179199
531.535645
533.094360
534.095459
531.350769
532.753357
535.116394
534.930542
533.712585
531.066467
532.601990
534.388611
532.710632
533.907898
534.683655
533.913513
532.540466
530.190186
533.044861
535.589233
535.689270
541.802429
543.362549
535.618164
533.165405
533.249939
530.354309
532.620483
535.879211
535.435669
533.856506
531.209717
532.412964
533.924133
532.272583
534.044617
535.468689
534.584900
533.101074
530.566284
532.801147
535.168274
533.460999
533.589661
533.606018
533.652161
532.932983
530.414978
533.178040
536.380432
535.386597
533.741821
527.919312
524.307983
530.537659
533.899109
531.216980
533.235779
535.730408
534.868591
532.948547
530.514038
532.947754
534.985596
532.487793
533.000061
534.302063
534.502380
533.086426
529.771606
532.058960
535.399719
534.743042
534.301147
532.932007
533.059875
533.070801
530.881592
533.263000
535.652954
534.624878
532.265808
524.631836
521.557007
530.377869
534.978821
532.045898
533.164185
535.015198
534.690613
533.003662
530.107117
532.694946
535.626709
533.857605
533.375305
533.138000
533.586182
533.112488
530.491089
533.231812
536.485901
535.317078
533.553345
531.463196
532.691528
533.600464
531.390503
533.553528
535.878906
535.102844
533.455566
528.809082
528.759705
535.453308
536.098083
532.292908
533.212708
534.359253
534.320129
532.867920
529.831421
532.608826
535.863525
534.405273
533.349243
532.431335
533.600647
533.813965
530.911621
532.964050
535.893494
535.201294
533.390320
530.779785
532.407288
534.173767
532.329712
533.740662
535.130005
534.476929
532.765198
528.240601
529.667969
537.049683
537.168213
533.195984
533.424438
533.590210
533.681335
532.687134
530.082642
533.101135
536.122620
534.496765
532.792664
531.355042
533.220520
534.141663
531.513977
533.356689
535.675232
534.881042
532.820068
529.952393
532.238220
534.724243
533.062073
533.841980
534.563782
534.233459
532.731262
528.670105
531.442444
538.947510
538.178040
533.874939
533.145996
532.354614
533.239685
533.298706
530.809998
533.389771
536.273621
535.085754
532.858948
530.533203
532.925110
534.844971
532.534058
533.650818
535.093506
534.426819
532.603455
529.966309
532.747681
535.395874
533.653748
533.663940
533.568542
533.627197
532.504333
529.584351
535.753479
544.937805
542.056702
535.378784
532.994812
531.261841
532.891418
533.941223
531.564575
533.383423
535.480957
534.636719
532.633850
529.945129
532.532410
535.067810
533.093933
533.492798
534.134644
533.925049
532.518311
529.887268
533.026917
536.294861
534.689270
533.244385
532.045654
533.324646
533.544006
530.669556
535.644897
542.838318
539.706299
534.651184
532.758484
530.624512
532.685425
534.345947
532.154907
533.571655
535.276062
534.722351
532.695129
529.874390
532.886597
535.956543
534.302429
533.826538
533.366699
533.715515
533.064331
530.280701
533.053650
536.254272
534.884827
532.869812
530.920532
532.713501
533.937134
531.853638
534.215088
533.196777
525.721375
526.429565
530.797363
530.088806
532.769104
535.461975
533.553467
533.719849
534.116577
533.942810
532.582764
529.907837
532.897156
535.853516
534.177917
533.095886
532.290527
533.620789
533.711792
530.908020
533.310120
536.212952
535.126770
532.734985
530.186157
532.681396
534.785522
532.702637
534.071167
532.286438
525.908081
527.736023
531.448608
530.019775
532.812195
535.839050
534.306213
533.827698
533.181519
533.401978
532.703979
530.236328
533.565979
536.879333
535.305542
533.107117
531.054871
532.917908
534.129700
531.692200
533.487732
535.549561
534.498657
532.373962
529.963440
532.673645
535.069885
533.324585
533.516479
533.179749
537.084290
546.572754
543.540527
532.505188
532.808777
536.168884
534.493530
532.979980
531.740234
533.182068
533.586670
530.876221
533.342957
536.393188
535.403015
532.883972
530.084290
532.460205
534.662598
532.645325
533.698914
534.960571
534.464172
532.681152
529.965454
532.921753
535.807556
533.869019
532.799194
531.962708
537.097107
546.955566
542.995361
531.941833
532.866394
536.522644
534.979431
532.705872
530.539368
532.409241
533.926147
532.079529
534.009827
535.530945
534.203308
532.205322
529.990479
532.835266
534.958313
532.910706
533.648438
534.476440
534.304199
532.436646
529.423645
532.901489
536.532288
534.866150
532.763000
530.908142
536.902771
547.712708
543.748169
532.507263
532.634644
535.835815
534.964050
532.629333
530.049133
532.463867
534.426575
532.460388
533.788147
535.045044
534.258789
532.037231
529.397888
533.017700
536.195190
534.130493
533.030273
532.468567
533.497620
533.049377
530.075195
532.884338
536.106079
534.898376
532.856689
530.839172
533.195190
531.351135
519.156189
517.950806
530.807068
536.208679
534.085632
531.684448
529.726868
533.193359
535.668640
533.327454
533.459595
534.126709
534.257507
532.536072
529.468750
532.858337
536.412903
534.865845
533.060242
531.576904
533.220154
533.819336
531.336487
533.756042
536.207031
534.885742
532.542786
530.244812
533.279724
531.953491
519.888916
518.664124
530.653259
535.622681
534.337585
531.979553
529.320984
533.015991
536.368713
534.325562
533.154114
532.689819
533.781494
533.193909
530.097717
532.803711
535.988892
534.953674
533.047119
530.911926
532.788452
533.981018
531.920105
534.180786
536.035461
534.453918
531.746338
529.483459
533.453247
532.978821
521.702393
520.465271
530.561035
534.202271
533.813416
532.387268
529.808350
533.279724
536.538391
534.733826
532.755676
531.261597
533.090393
533.695679
531.093201
533.591370
536.191711
534.833740
532.382751
530.099060
532.974365
535.203979
533.214600
533.952759
534.524231
533.935242
532.363220
529.980042
533.193909
535.567200
536.027893
543.276367
544.810730
536.044312
532.671997
532.081238
529.783081
533.570496
537.027283
535.199768
532.547974
530.735779
533.303528
534.287903
531.460815
533.449036
535.722229
534.727844
532.219971
529.632812
533.138977
536.370972
534.418152
533.691223
533.277466
533.452881
532.526123
530.099304
533.420105
536.447937
535.023010
533.086731
526.944336
523.974121
530.959961
533.601562
530.380737
533.253418
536.521729
535.321777
532.385437
529.679138
532.797729
535.406128
533.345825
533.862610
534.428406
533.901123
532.298645
529.759644
532.813843
535.595764
534.317017
534.372131
533.835449
533.531433
531.790955
529.379028
533.732788
537.266907
535.328247
531.286011
522.780823
520.605164
530.862732
535.650024
532.182922
533.085693
534.972961
534.424561
532.243713
529.565735
532.772766
535.642761
533.934265
534.096985
534.122192
533.784302
532.005798
529.172546
532.708252
536.263489
535.130920
533.829590
532.188232
533.082703
533.165344
530.921387
533.657410
536.133545
535.055176
530.887085
520.529968
518.121460
529.793518
535.767517
533.367859
534.193542
534.694580
533.409973
531.332092
529.343384
533.473633
536.658020
534.704956
533.959106
533.545044
534.094238
532.705566
529.354797
532.593750
536.296204
534.973572
532.422180
530.441223
533.049438
534.629639
532.501587
534.113403
535.188721
533.839539
531.958801
528.398865
531.219849
538.667542
537.872559
533.771606
534.458496
534.566162
533.734802
531.740601
529.576843
533.791443
536.844666
534.526917
532.886780
532.271118
534.249878
534.091248
530.802917
532.995544
535.521790
534.372986
532.236389
530.213257
533.010315
534.926636
533.256592
534.672852
535.089111
533.557495
531.284790
528.125671
532.755188
540.757568
538.926453
533.718140
532.969421
532.802856
533.994080
533.390076
530.506958
533.384460
536.133057
534.617065
532.744507
531.125916
533.469055
534.724976
532.543274
534.144714
535.198547
533.846741
532.010315
530.189331
533.440063
535.344788
533.036682
533.647278
534.513611
534.609253
532.445618
528.998901
535.461670
544.521973
541.308594
534.709412
532.613220
531.409851
533.421204
534.279541
531.993958
534.198364
535.907288
534.227783
532.177795
530.400757
533.247620
534.779236
532.490784
533.683777
534.687622
534.154907
532.554016
530.289368
533.390137
535.648376
533.646423
533.133789
532.870972
533.862671
533.142517
530.421936
536.055603
542.714783
538.682678
533.498657
532.227417
531.057861
533.064941
533.765808
531.827576
534.260315
535.916260
534.710449
532.459595
530.004517
533.065613
535.276123
533.301392
533.679932
533.868042
533.805969
532.677124
530.713501
534.126221
536.172058
533.875610
532.599243
531.689270
533.391602
533.679016
531.335388
536.024353
540.884705
537.166443
533.892029
532.693604
530.586121
532.802795
534.292664
532.583740
534.078857
535.015198
534.467896
532.715454
530.273865
533.402161
535.657532
533.676514
533.145996
532.626892
533.490906
533.156189
530.970337
534.113525
536.537415
534.623840
532.369629
530.636475
533.224915
534.766418
533.068420
534.952759
532.319702
525.090393
527.147522
531.737366
531.170532
533.450195
534.900513
533.132202
533.879211
534.053894
534.003174
532.826477
530.585388
533.803955
535.984741
534.041748
533.041138
532.137878
533.520325
533.503540
531.323669
534.225220
536.324707
534.738159
532.350159
529.881653
532.550781
534.975220
533.772217
534.716736
531.577271
525.972168
528.763000
531.995178
530.975403
534.027161
535.779663
533.525330
532.994080
532.573792
533.648010
533.528076
531.456055
534.240784
535.879150
533.979736
532.791992
531.622253
533.491211
534.113403
532.247437
534.566589
535.838135
534.274902
531.927979
529.748169
533.126648
535.578064
533.786438
533.650146
533.013306
537.335693
546.369568
542.746582
532.802490
533.714905
536.321411
534.552368
533.106873
531.504639
532.891846
533.801636
532.382935
534.767883
535.697754
533.828064
532.320190
530.942200
533.840271
535.457642
533.246399
533.740845
533.968323
533.823364
533.051453
531.055725
533.702759
535.517151
534.033386
533.791321
532.464417
536.901489
545.986206
542.200684
532.869507
534.069336
536.298462
534.477417
532.745300
530.900635
532.874756
534.276917
532.681641
534.358093
535.022217
533.672302
532.179138
530.789673
534.163391
535.988464
533.800659
533.615417
533.051758
533.284790
533.014709
531.275879
534.196594
536.007141
534.165955
532.773376
530.860718
536.374817
546.234314
542.535400
533.446228
534.041443
535.474060
533.998047
532.452881
530.483337
532.873901
534.972412
533.957092
534.799805
534.071777
532.994019
532.231934
530.938049
534.315247
536.301147
534.205933
533.149231
531.867432
532.890442
533.521667
531.889099
534.113831
535.184814
533.560547
532.546997
531.207275
533.485718
530.937134
519.020508
519.070007
531.736572
536.071167
534.117737
532.232422
530.254822
533.386719
535.884949
534.394714
533.905151
532.529236
532.549988
532.781250
531.516724
534.351257
535.869202
534.080994
532.997253
531.391968
532.885620
534.192017
533.016907
534.968506
535.271057
533.514343
532.386230
530.826477
533.490417
531.688171
520.717163
520.864014
531.914429
534.994263
533.272217
531.552856
529.819397
533.608948
536.360657
534.794067
533.732056
531.959167
532.573120
533.417419
532.426208
534.924927
535.622192
533.600220
532.520386
531.186768
533.305359
534.557312
532.834900
534.143127
534.422729
533.540405
532.486755
530.458984
533.036682
534.962036
536.423645
545.050232
546.424500
536.112061
531.924866
532.346069
531.164490
534.098938
536.045288
534.767395
533.723328
531.590210
532.477905
533.590332
532.664978
534.970764
535.482544
533.700867
532.291138
530.438354
533.094849
535.432678
534.086243
534.219849
533.189270
532.437927
532.106140
530.922668
533.965942
535.487976
536.788513
545.224243
545.641602
535.278015
532.248047
533.101501
531.516052
533.848145
535.542114
534.685669
533.429993
530.806641
532.213928
534.134583
533.527222
535.146423
534.853821
533.267639
531.914856
530.064331
533.233032
535.996460
534.811462
534.118530
532.249756
532.157227
532.478943
531.247803
534.231140
535.891235
537.635681
545.681763
544.492249
533.577881
532.015808
534.444031
533.080261
534.188904
534.674377
533.945923
533.067810
530.669983
532.400330
534.239929
533.297302
534.204773
533.755005
533.352844
532.679504
530.588013
533.480164
536.145264
535.047302
533.713074
531.297058
532.021057
533.261963
532.289246
534.693665
535.626343
534.199829
531.403870
522.064758
518.829041
528.915100
534.788574
533.510742
534.374756
534.078430
533.324219
532.612549
530.465881
532.882202
535.317139
534.452698
534.251709
532.759216
532.915955
533.065125
531.002319
533.315918
535.662964
535.025940
533.610474
530.727844
531.827026
533.819885
533.169678
534.834778
535.085754
534.223755
531.173889
520.650696
517.947571
529.300842
535.302185
533.850281
534.248352
533.605530
533.478027
532.977905
530.540039
533.153442
536.060486
535.304993
533.961670
531.431396
532.251770
533.563965
532.258911
534.227783
535.382751
534.444824
533.241943
530.570496
532.171448
534.380554
533.513184
534.460693
534.261902
533.734863
532.982239
529.906189
533.220825
539.758972
537.681641
533.654785
533.566467
532.568848
533.207642
533.302368
530.939636
533.284729
535.872009
535.227234
533.346802
530.245911
531.934753
534.487793
533.460144
534.231750
534.167175
533.593872
533.063293
530.762329
532.579834
534.670715
533.947998
534.609558
533.776367
533.451660
532.873962
530.093933
534.358337
540.943054
538.480408
534.653503
533.795776
531.711182
532.782898
533.904602
532.021423
533.608093
534.971680
534.368713
532.969788
529.949646
531.608765
534.223206
533.730591
534.517517
533.964050
533.584290
533.041870
530.559570
532.924622
535.613342
534.650085
533.960205
532.431519
533.239441
533.644409
530.994202
535.004761
540.578064
537.684753
534.551270
533.395935
530.480469
532.080261
534.456909
533.325989
534.230103
534.296875
533.586731
532.741638
530.437683
532.877380
535.547607
534.484863
534.287964
533.243469
533.330750
532.922058
530.302307
532.710815
535.711182
535.257080
533.782776
531.125610
532.498108
534.061401
532.091553
535.298279
538.521301
535.048340
533.693237
533.626587
530.818970
532.531555
535.099609
534.287170
534.555237
533.570190
533.077393
532.750977
530.541443
532.850891
535.381775
534.540405
534.018799
532.597107
533.350281
533.489380
530.965637
533.176025
535.738892
535.278015
533.656189
530.879822
532.781860
534.874878
533.166077
534.991943
535.378845
531.652832
532.551208
533.327209
530.307800
532.442810
535.478149
534.608276
533.998413
532.510986
532.818359
533.019226
530.810974
533.266174
536.111877
535.523499
533.954346
531.283936
532.610596
534.048157
532.191284
533.766418
535.101257
534.459351
533.135437
530.642761
532.902893
535.141479
533.530945
533.703674
530.569275
526.349548
530.592590
533.671082
530.948792
533.070435
536.143982
535.211060
533.567871
531.373596
532.836670
534.212097
532.006409
533.541626
535.488159
535.018311
533.505188
530.737793
532.611389
534.633240
532.908997
533.719910
534.442322
534.446228
533.462280
530.668091
533.014648
535.870972
534.730469
533.754456
529.308105
526.023132
531.379028
534.310364
531.696350
533.686096
536.011475
534.827759
532.732727
530.098877
532.175171
534.325256
532.633362
534.036377
535.290955
534.688599
533.141052
530.417725
532.904663
535.419250
533.575500
533.360718
533.529236
534.411316
533.659119
530.336792
532.712463
535.864014
534.731750
532.754211
530.532288
537.031067
548.767517
545.242493
533.870300
533.045410
535.347778
534.854797
532.978882
529.846008
532.074402
535.114441
534.022949
534.475342
534.492493
534.133179
532.923401
530.152893
532.771851
535.473083
533.929932
533.114868
532.340942
533.625793
533.789429
531.047729
533.344910
535.989319
534.810730
532.497498
529.773438
536.412598
548.047729
544.718445
534.360718
533.538208
535.019958
534.293457
532.362732
529.757141
532.849670
535.809143
534.207214
533.914490
533.566101
534.014648
533.231201
530.033752
532.512695
535.874146
535.001404
533.162964
530.960815
532.763306
534.286499
532.084595
533.733276
535.541016
534.395813
532.196533
529.714539
536.549194
547.258118
543.833191
534.920959
533.894775
534.071472
533.790833
532.541809
529.673218
532.923035
536.514160
534.884583
533.393860
532.299133
533.491211
533.585083
530.856567
533.138123
536.027771
535.439148
533.392029
530.519104
532.621948
534.673340
532.678650
534.080811
535.531067
534.664917
532.408936
529.633057
533.223389
533.361206
523.223877
522.107300
530.758179
533.468750
533.933350
533.205688
530.093201
532.996033
536.503235
535.409973
533.461792
531.307251
532.977173
534.116150
531.811157
533.577087
535.365723
534.425354
532.566711
530.011841
532.580688
535.000549
533.194214
533.773254
534.463928
534.347595
532.615784
529.972961
534.055481
534.121460
523.971924
523.045593
530.888855
532.785522
533.403015
533.000977
530.258301
533.352295
536.747070
535.432312
532.549255
530.024353
532.904358
534.964233
532.492737
533.496460
534.934692
534.505432
532.553284
529.646423
532.735352
535.923340
534.396545
533.873413
533.159546
533.274597
532.482239
530.074585
533.200562
535.890747
537.689880
545.316467
544.597473
534.274597
532.383484
533.687927
531.596863
533.947205
536.241577
535.011414
532.454102
529.932617
533.145081
535.654419
533.177429
533.075256
533.721069
534.128845
532.848938
529.899963
533.035645
536.406799
534.999084
533.607300
532.116394
533.075867
533.271790
531.218384
534.148193
536.164673
537.905273
545.442200
543.693665
533.144165
532.473755
534.714661
532.392944
533.564209
535.212708
534.673706
532.344177
529.445496
532.886902
536.136353
534.277527
533.339355
532.645447
533.306152
532.837769
530.249634
533.229614
536.156860
534.677734
532.793884
530.965576
532.981750
534.204163
532.142273
534.239990
535.645752
538.015930
545.879517
543.337524
532.566711
532.509766
535.446045
533.574036
533.791321
534.156738
534.092834
532.557556
529.667969
532.967041
536.239685
534.471741
532.866150
531.797241
533.468750
533.682983
531.006165
533.774719
536.515381
534.862671
532.098938
529.762024
532.708374
534.894653
532.828735
534.025696
535.275818
534.784119
530.193298
518.168091
516.275146
529.802002
536.814209
534.466370
533.514832
532.753479
533.260864
532.794434
530.412842
533.627014
536.588989
534.762512
532.296814
530.397583
532.913940
534.354370
531.918945
533.769775
535.771240
534.697876
532.282410
529.605957
532.642761
535.527344
533.990601
534.220215
534.209412
533.899048
532.260193
528.680237
533.143982
540.980164
539.124390
534.165771
532.717773
531.781738
533.516418
533.517029
530.641724
533.526001
536.491943
535.073853
532.540466
530.314331
533.111877
535.107605
533.010254
533.936279
534.704773
534.033447
532.398865
530.193115
533.639282
536.287170
534.276245
533.751343
533.292542
533.651550
532.552673
529.738403
535.601440
543.294922
540.137634
534.581055
532.345398
530.690247
533.156860
534.338501
531.815247
533.757202
535.641968
534.403442
532.070068
529.797485
533.228149
535.946350
533.873657
533.775635
533.881287
533.840149
532.323364
529.707153
533.376648
536.549622
534.714111
533.291443
532.164490
533.448303
533.245605
530.813416
536.903015
543.735229
539.791992
534.649963
532.354309
530.222839
532.985779
534.834961
532.716003
533.916321
534.903381
534.095154
532.138611
529.840881
533.415222
536.112183
533.997437
533.325867
532.989319
533.658142
532.646912
529.931396
533.444458
536.685669
535.034241
532.699402
530.562073
532.505920
533.789185
531.942871
535.778625
539.160583
535.495850
533.296631
532.105286
529.954041
533.200989
535.297485
532.983887
533.333191
533.868774
534.012573
532.568848
529.917297
533.423279
536.533020
534.726685
533.023865
531.623535
533.146790
533.494934
531.135254
533.831787
536.275940
534.936890
532.621033
530.246948
532.744690
534.497559
532.665649
535.186890
536.105103
532.390747
532.477600
532.222961
529.814819
533.274719
536.008301
533.902222
533.014221
532.558777
533.550110
533.063599
530.638672
533.731445
536.187012
534.449219
532.704102
531.110474
533.089233
533.893188
531.787109
534.130737
535.884644
534.498169
532.002686
529.623291
533.103882
535.895142
534.084473
534.009460
531.052185
527.331970
530.932983
532.694336
530.370789
533.546143
536.000854
534.036682
532.818665
531.968140
533.715271
533.787781
530.944763
533.344971
535.786987
534.676941
532.545654
530.337158
533.085388
534.983948
533.024841
534.084839
534.652039
533.641052
531.656982
529.537720
533.323975
536.117859
534.343201
533.740417
530.440002
528.137878
532.817749
533.831238
530.593079
533.266479
535.811462
534.594238
533.158508
531.364014
533.041321
533.994934
532.370544
534.733521
535.862305
533.868469
531.299927
529.410706
533.291565
535.929321
533.912415
533.884399
533.799377
533.909302
532.649963
530.031372
533.494080
536.459167
534.561157
532.641113
530.849854
536.667542
546.660095
542.643738
532.953613
533.649048
535.548889
533.898010
532.126343
530.587524
533.475830
535.128174
533.084961
534.150696
534.756592
533.930359
531.914368
529.471863
533.168762
536.312866
534.778381
533.871704
532.668152
533.230652
533.018250
531.030334
534.032532
535.841492
533.570068
531.633911
530.333801
537.418945
547.690613
543.154175
533.175232
533.262756
535.174011
534.494385
532.578613
530.088013
532.866577
535.228210
533.829834
534.252686
534.040771
533.752319
532.311096
529.885864
533.228027
535.721313
533.880737
532.716309
531.815796
533.460266
533.596313
531.288086
533.886230
535.783813
534.275085
532.067261
529.898621
536.881409
547.024353
542.992859
534.228760
533.801514
534.250977
533.242798
531.363098
529.550720
533.622986
536.247375
534.039612
532.998108
532.250000
533.487610
533.455383
531.097351
533.668518
535.554321
534.070435
533.006592
531.875977
533.833313
534.188599
531.756714
533.901184
535.770386
534.931763
532.536011
529.947388
533.514038
532.627869
522.021362
522.014038
531.662292
533.733521
532.738770
531.908447
530.471375
534.224487
536.561157
534.332947
532.554688
531.266418
533.282593
534.026184
531.864624
534.123718
535.590210
534.003296
532.285461
530.809814
533.919739
535.624512
533.127014
533.327881
533.778992
534.023865
533.085999
530.859314
534.004822
532.471069
522.099487
522.323303
531.078918
533.116943
533.496033
533.098206
530.949890
533.934814
536.052429
534.405396
532.657898
530.735596
532.666687
533.907349
532.343018
534.299072
535.251953
533.961426
531.898254
529.991760
533.930786
536.654907
534.360168
533.310974
532.523010
533.332886
533.186707
531.101318
533.877625
535.286743
536.447144
544.640991
544.719727
534.986511
532.970581
533.746582
531.723816
533.782959
535.045593
533.928711
532.783020
531.110229
533.523376
534.930542
533.039673
533.954895
534.256592
533.775391
532.205872
529.830505
533.283752
536.101990
534.503235
533.383057
532.032104
532.899414
532.959045
531.352356
534.428711
535.796814
537.642456
545.922974
544.539795
534.129761
533.046387
534.780518
532.933960
534.130554
534.519531
533.307312
531.968262
530.750000
534.437988
536.408875
533.919373
533.191040
532.786682
533.599060
532.873901
530.222534
533.082703
535.513000
534.353760
533.353821
531.805786
533.296509
533.898254
531.878906
533.784973
534.592957
536.996582
545.014893
542.715332
532.804504
532.894226
535.149475
533.519653
534.239990
534.077209
533.172058
531.588684
529.913208
534.120605
536.944702
534.951660
533.520447
532.128540
533.259705
533.415588
531.325195
533.883972
535.553711
534.071533
532.549194
530.777405
533.216431
535.074341
533.610718
534.602417
534.418213
533.333801
529.358948
518.305664
517.269165
530.762146
537.174438
534.756897
533.826721
532.836670
533.279114
532.889099
530.760681
533.740479
536.007324
534.589111
533.272400
531.574219
533.249084
534.253113
532.403320
534.108459
534.805237
533.259949
531.876038
530.597229
533.776611
535.803345
534.062866
534.138428
533.570007
533.523132
529.566040
517.244873
516.080261
530.180969
536.853882
534.627563
533.433228
532.372253
533.546448
533.596008
531.495422
533.861267
535.118591
533.651184
532.605042
531.249756
533.770386
535.392700
533.651306
534.397095
534.083496
533.028198
531.881592
530.205261
533.661682
536.117859
534.367432
533.782532
532.840393
533.265198
532.705994
530.778870
537.172241
543.565247
538.664307
533.506958
532.898926
531.982422
533.952881
534.500366
531.992310
533.489563
534.574646
533.640015
532.083130
530.077148
533.033020
535.223755
533.817810
534.305420
533.667053
532.987610
531.953552
530.287231
534.027344
536.568909
534.688904
533.341980
532.031189
533.412659
533.646851
532.389587
539.499573
545.087463
539.014526
533.662170
532.274902
530.493103
532.950500
534.796509
533.535767
534.711426
534.332581
532.924683
531.710754
530.484924
534.370728
536.716309
534.478882
533.354980
532.209839
532.953552
533.002747
531.263489
534.174072
535.903564
534.187134
532.790344
531.228027
533.298645
534.421021
532.578369
535.411560
536.344788
531.948608
531.558105
532.021790
530.355835
533.421265
535.627197
534.119263
534.390137
533.709106
533.170959
532.153442
530.474304
534.074524
536.335754
534.374390
532.860352
531.375854
533.220032
534.221985
532.172791
533.951416
534.901733
533.381226
532.006348
530.488464
533.250732
535.161560
533.755249
535.280762
533.825500
529.423218
530.887024
532.167358
530.773499
534.117004
536.074219
533.966492
532.973877
531.870789
533.124084
533.675354
531.707581
533.903870
535.222900
533.687927
532.556580
531.192078
533.605591
535.047913
533.137634
534.177002
534.177734
532.979858
532.006775
530.465881
533.262878
535.058105
533.823792
534.768005
531.947205
528.323608
531.573914
532.450378
530.136230
533.781250
536.542786
535.047485
533.436584
531.375854
532.898926
534.355652
532.999695
534.565369
534.780518
533.125305
531.872253
530.310608
533.194824
535.465027
534.308289
534.845520
533.812012
532.608887
531.778137
530.578613
534.103943
536.062744
534.204712
533.656799
530.473206
529.146729
534.302307
534.933289
531.600891
533.664673
535.166321
533.879944
532.608765
530.803101
532.927307
534.504333
533.127930
534.604431
534.712524
533.366333
532.045349
530.384216
533.485596
535.685486
534.380554
534.464844
533.294678
532.882935
532.346619
530.809143
534.120789
536.113770
534.236938
532.621643
528.850403
529.033081
535.238831
535.601929
532.530212
534.511230
535.044495
533.231140
531.815918
530.561890
533.816223
535.656189
533.528320
533.807861
533.821960
533.736694
532.678711
530.507874
533.574463
535.722717
534.008362
533.082825
531.733459
533.074463
534.247070
532.759766
534.377258
534.827393
533.298279
532.191406
530.292419
536.400635
546.052673
542.354004
534.345154
534.584656
534.735168
533.069458
531.549622
530.243896
533.753723
535.622375
533.603638
533.399658
532.847351
533.588379
533.605103
531.528259
533.900696
535.747681
534.410156
532.816284
530.708191
532.828552
534.836548
533.545654
534.707153
534.372131
532.735962
531.916748
530.676514
536.813965
544.852295
540.682129
533.970215
534.141968
533.851379
533.411499
532.509338
530.437988
533.570435
536.013611
534.511047
533.368225
531.809509
533.029419
533.841003
532.400635
534.687317
535.433838
533.360840
531.710938
530.275696
533.410217
535.599182
533.726135
533.943726
533.565186
533.015320
532.294006
530.883972
534.407227
532.451111
521.439941
521.725708
531.090454
533.178162
533.284363
533.370422
531.684265
534.070557
535.604370
534.519409
533.605042
531.359985
532.355774
533.638733
533.010559
535.437256
535.540161
533.075134
531.282471
530.399170
534.279541
536.139771
533.435242
532.718384
532.457642
533.797241
534.139221
531.662231
533.553406
531.485779
522.533081
524.181213
532.109253
532.447632
532.310303
532.784058
532.117737
535.275696
535.997864
533.417847
531.720947
530.623840
533.662048
535.332031
533.302490
533.757202
533.770203
533.783569
533.136047
530.635010
532.983215
535.484924
534.789734
534.522400
532.702332
532.472473
532.560974
531.680298
534.794861
535.579041
536.830444
544.964478
543.861450
533.652710
532.754089
534.884888
533.315369
534.449097
534.568176
533.389954
532.252197
530.423706
533.307922
535.752930
534.650879
534.536926
532.998474
532.571167
532.700195
531.559265
534.215942
535.367249
533.567505
533.012695
531.936401
533.307251
533.859680
531.952148
533.880737
534.720947
537.417603
546.094482
543.866882
532.875549
532.170044
534.946594
534.068604
534.617676
533.644714
532.710266
532.284973
530.949402
533.822571
535.540222
533.910461
533.479492
532.290039
532.882202
532.958618
531.334900
534.312195
536.079895
534.438049
532.750671
530.664001
532.691589
534.470642
533.303711
534.578308
534.141785
536.859314
545.841248
543.551086
533.220276
532.957275
535.284912
533.931091
533.803894
532.796753
532.926453
532.818298
531.307922
534.486633
536.451477
534.500244
532.819458
530.967590
532.575928
533.782776
532.362915
534.334778
535.011230
533.536194
532.149963
530.365662
533.225586
535.550354
534.187134
534.435852
533.730225
533.663940
530.648499
519.500366
518.034302
530.574829
536.290588
534.414917
533.646545
531.993408
532.556213
533.231934
532.093384
534.630432
535.476746
533.531067
532.342407
530.923584
533.177856
534.746887
533.172241
534.203491
534.260620
533.396606
532.345947
530.596924
533.614563
535.689087
534.143799
533.940613
532.877197
533.423767
530.341736
518.477905
517.586853
531.057861
536.860107
534.570923
532.876099
531.191528
533.141418
534.408875
532.594238
534.082886
534.590759
533.473572
532.616272
530.967102
533.332458
535.011475
533.527771
534.012573
533.469055
533.137451
532.532043
530.770996
533.819885
535.935364
534.444275
533.585510
531.800293
532.519653
533.235046
532.522705
539.217957
544.603577
538.974426
534.017639
532.763489
530.617188
532.554810
534.403992
533.400391
534.781006
534.410522
532.987427
532.180359
531.039124
534.142395
535.967407
534.159058
533.561768
532.262573
532.690430
532.921875
531.438232
534.350464
536.074341
534.329895
532.800598
530.903137
532.616760
533.785828
533.759338
541.659851
546.235657
538.735962
533.476685
532.621338
530.905273
533.561340
535.783875
534.361145
534.340820
533.324280
532.961243
532.624023
531.106201
534.082336
535.942627
534.370422
533.536560
531.839722
532.647827
533.377808
532.086670
534.601746
535.744934
534.137207
532.629272
530.674805
532.939697
534.588684
535.072205
543.107117
546.348694
537.740967
532.814331
532.179565
530.630371
533.747375
536.080566
534.614014
533.909180
532.281006
532.744324
533.452271
532.264709
534.801880
535.766113
533.676941
532.509338
531.267822
533.427795
534.663147
532.860229
534.375793
534.946411
533.879578
532.593384
530.410522
532.807556
534.981689
534.208191
535.087952
531.676880
527.274902
530.744324
532.862732
531.023438
534.047302
536.237244
534.781189
533.671814
531.635742
532.410034
533.337097
532.329346
534.958557
535.886597
533.945801
532.182983
530.277954
532.969910
535.234863
533.972107
534.568237
533.751892
532.674316
532.194214
531.006531
534.086487
536.156311
534.812744
533.726135
527.844421
524.015442
530.173401
533.537476
531.739502
534.345947
535.794556
534.128052
532.872009
531.015930
532.772217
534.336975
533.079163
534.562683
534.761597
533.528137
532.387268
530.713135
533.638489
535.860291
534.400330
534.013794
532.507263
532.376587
532.718750
531.537964
534.284546
535.827393
534.303284
533.499084
529.711548
528.697083
534.091125
534.717957
532.074890
534.359985
535.383911
534.063293
532.609741
530.497253
532.973877
535.175598
533.965942
534.425964
533.569214
533.033813
532.904968
531.347229
533.846985
535.624146
534.353821
533.974426
532.333923
532.528198
532.833313
531.873779
535.170044
536.496704
534.356201
532.714172
528.942932
529.637573
536.176086
536.525818
533.230164
534.172424
534.183960
533.442200
532.783020
531.046265
533.661438
535.673096
534.243408
533.996033
532.649414
532.658020
532.899536
531.714966
534.692322
536.104553
534.181519
533.216248
531.558777
532.807434
534.092712
532.869507
534.655457
535.307800
534.087891
532.512146
529.910950
535.811462
545.255005
542.081116
534.947327
534.393311
533.522888
532.768494
532.401489
530.993652
533.957764
535.893250
534.284668
533.446777
531.878174
532.726501
533.462585
532.035828
534.446411
535.765259
534.345520
532.923767
530.681030
532.481628
534.449951
533.592590
534.798462
534.459839
533.467773
532.532410
530.421143
536.461060
544.878418
541.060120
534.403442
533.729004
532.641235
532.511475
532.562378
531.367981
534.351807
535.887756
534.151123
533.064453
531.408386
533.017151
534.270020
532.626709
534.281555
535.071350
534.055603
532.923523
530.840759
532.980347
534.811157
533.748230
534.639282
534.034973
533.369080
532.736206
531.170410
534.426819
532.711853
522.768799
523.523254
531.581116
532.239319
532.540161
533.680725
532.628845
534.819580
535.679810
533.871765
532.534302
531.157104
533.664856
535.106934
533.221069
534.100830
534.120361
533.497192
532.618347
530.321655
532.715088
535.270752
534.827454
534.807251
532.723755
532.260132
532.687622
531.721191
534.739502
532.454163
522.841431
523.838257
531.145813
531.906738
533.043640
534.042236
532.745422
534.848206
535.382507
533.706726
532.233093
530.478699
533.534546
536.021912
534.356567
533.800476
532.597229
532.745605
533.066040
531.387756
533.741028
535.636841
534.674316
534.194214
532.263184
532.619995
533.147400
532.042419
534.958862
532.616638
524.026794
525.478088
531.387207
531.363403
533.206360
534.824097
533.322937
534.278320
534.338806
533.751343
532.753967
530.579346
533.295837
535.723938
534.554688
533.821533
531.864746
532.195007
533.137329
531.994019
534.375793
535.676025
534.269165
533.394287
531.650024
533.007996
534.096313
532.575134
534.012512
534.248169
537.388611
546.557922
544.063599
532.882751
532.317261
535.188110
534.104675
534.010254
533.001892
533.010376
532.980469
531.275818
533.904419
535.804199
534.484863
533.481689
531.319885
532.044983
533.097229
532.114197
534.656311
535.676392
534.060730
532.462280
530.128052
532.229614
534.479309
533.522644
534.181152
533.406921
537.043030
546.757935
544.166748
533.434265
533.014893
535.366333
534.204895
533.735901
532.084045
532.354187
532.963013
531.967102
534.791199
535.964417
533.986877
532.393127
530.259094
532.305786
534.626465
533.699036
535.054626
535.292908
534.194824
532.755188
530.270386
532.645142
535.101746
534.160400
534.242676
533.302734
533.633362
530.449829
518.619690
517.447632
530.677856
536.462524
534.342102
532.946960
530.949890
532.441284
534.259888
533.252625
535.093567
535.571106
533.906128
532.258728
529.932434
532.451172
535.079163
533.993958
534.336548
533.563721
532.983459
532.581848
530.646606
532.845276
534.864868
534.163513
533.999390
532.496643
533.521606
530.991394
519.145813
518.132385
530.987671
536.185303
534.201599
532.699585
530.473022
532.256836
534.361145
533.570435
535.021851
534.797852
533.146484
531.643738
529.674622
532.777832
535.672119
534.709717
534.335571
532.950928
533.226807
533.396606
531.339417
533.501709
535.188293
534.069458
533.542725
531.987732
533.280029
530.792358
519.392212
519.067200
531.592346
536.275391
534.318909
532.285522
529.638489
532.003906
535.057129
534.985962
535.766113
534.481384
533.187378
532.012756
529.855225
533.151062
536.404541
535.441467
533.954529
531.501221
532.320923
533.826538
532.817139
534.521057
534.675537
533.103149
532.772644
531.380676
532.843750
533.716248
533.993164
542.251099
546.442017
538.817627
533.808533
532.066162
529.220886
532.385498
536.259216
535.633606
534.359192
531.886169
532.104858
533.182373
531.817505
533.812866
535.184692
534.051819
533.358765
531.546326
532.732544
533.920715
532.709412
534.606384
535.181274
534.086609
533.017456
530.497009
532.109863
534.128784
535.980530
544.682861
546.955994
537.297424
532.244385
531.689941
530.397705
534.027527
536.727539
535.259705
533.724854
531.335327
532.424194
534.123779
532.773987
534.302063
535.176758
534.124207
533.170959
531.187317
532.889465
534.171997
532.652771
534.120850
534.691223
534.217468
532.968933
530.031494
532.428040
535.867310
535.739624
534.710938
528.585449
523.954163
529.371704
533.186401
531.861755
534.356567
535.926086
534.531616
533.349304
531.047119
532.137695
533.642334
532.870605
534.885925
535.012207
533.509888
532.743774
530.900818
532.864502
534.840881
533.843140
534.159485
533.425781
533.500366
533.051819
530.527466
532.996948
535.836792
535.632446
534.259338
526.738037
521.977783
528.525330
533.147156
532.771118
535.562744
536.139221
533.847168
532.321167
530.716492
533.194946
535.032104
533.375977
534.122620
534.252808
533.952576
532.948914
530.308472
532.799561
535.597961
534.717346
533.815857
531.780762
532.510742
533.639160
531.880066
533.901733
535.838440
534.995300
533.685791
528.997620
528.068237
534.050903
535.387268
533.350220
535.094727
535.099121
533.743103
532.549133
530.241272
532.590210
535.080750
533.979126
533.855103
533.007019
533.389221
533.382629
531.179077
533.208374
535.072998
534.463928
534.166382
532.052795
532.445129
533.178467
532.038452
534.849365
536.301697
534.663513
532.484802
527.879089
528.965576
536.343262
537.357117
534.409058
534.385193
533.126160
532.738892
533.027649
531.219849
533.091370
534.968933
534.238281
534.326111
532.873169
532.893188
533.020996
531.427307
533.788208
535.297852
534.192444
533.167236
531.164917
532.942627
534.560791
532.934326
534.064453
534.500916
533.880310
532.703430
528.673645
530.829407
538.145996
538.046143
534.494141
533.920288
532.737671
533.414246
533.985291
531.725220
533.213867
535.047607
534.759705
534.375671
531.935547
532.182556
533.029114
531.933105
534.360596
535.533142
534.169006
532.544800
530.230713
532.684570
535.207458
534.094543
534.464478
533.700500
533.062256
532.413269
530.259521
535.836243
543.556335
540.248047
534.898438
533.983765
531.886536
532.320557
533.572205
532.296082
534.273315
535.622925
534.643738
533.529480
531.205994
532.774841
534.441650
532.971191
534.181885
534.566467
533.547424
532.181519
530.212036
533.314758
535.974365
534.513123
533.824036
532.554199
532.990906
533.030945
530.827209
535.945251
542.365173
538.816833
534.425232
533.579895
531.636780
532.715637
533.685913
532.036621
533.874939
535.063354
534.338013
532.867737
529.935913
532.052124
535.125977
534.776428
534.954285
533.375977
532.649475
532.624512
530.921509
533.504211
535.914429
534.798584
533.712280
531.757874
532.629761
533.399902
531.682251
534.090149
532.346558
524.635315
526.512756
532.115967
530.730896
531.652405
534.184387
533.812500
534.647217
534.162354
533.688049
533.165405
530.643616
532.587097
534.893066
534.026367
533.927795
532.690247
532.995422
533.038452
530.924805
533.582581
536.124939
535.077637
533.287781
530.509399
531.967896
534.128296
533.323669
535.070129
531.999146
524.411255
526.639282
531.766785
530.911743
532.817139
535.009338
533.828003
534.071655
533.565552
533.746033
533.276489
530.483032
532.703735
535.596069
534.992432
533.869873
531.677979
532.680298
533.807495
532.076111
533.885193
535.237488
534.428833
533.404236
531.009888
532.589111
534.518372
533.504456
534.646851
531.594788
525.955261
528.998291
532.256042
530.134460
532.543396
535.649292
534.977417
534.122742
532.098083
532.702026
533.639099
531.632568
533.232361
535.003174
534.606201
533.871277
531.436523
532.469604
533.934143
532.818909
534.562866
535.043335
533.864929
532.629700
530.319214
532.684021
535.323975
534.329956
533.976868
532.482178
536.847656
547.202576
544.300415
533.133484
532.498413
535.345154
535.050476
534.223389
531.825623
532.416626
533.391052
532.097229
534.418945
535.659180
534.339478
532.973938
530.809692
532.892151
534.924500
533.505493
534.021606
533.962646
533.920166
533.037537
530.147461
532.788818
536.184692
535.352539
533.846558
531.331604
536.190247
546.912659
544.046143
533.531555
532.956604
535.265137
534.903076
533.630432
530.788757
532.169434
534.159851
532.866455
534.019531
534.598022
534.086304
532.864685
530.076782
532.412415
535.406433
534.678589
534.234924
532.580811
532.696960
533.185974
531.332336
533.435425
535.482056
534.809448
533.951477
531.448730
532.487610
530.793457
519.835144
519.094177
531.252380
535.905640
534.193115
532.942932
531.030701
533.195007
534.917358
533.122253
533.759888
534.187744
534.295654
533.271851
530.487549
532.982483
535.832520
534.947266
533.917175
532.025940
532.939758
533.562256
531.248901
533.329834
535.736389
535.221130
533.440735
530.565552
532.858582
531.856201
520.757629
519.773376
530.917114
535.245239
534.752686
533.662842
530.560730
532.274414
535.001709
534.586121
534.536743
533.071045
533.124939
533.280396
531.162598
533.359375
535.623291
534.649902
533.155884
530.832764
532.562317
534.486206
532.910889
534.142700
534.955811
534.331604
533.354004
530.778442
532.458984
534.367004
535.260620
542.962158
545.655334
537.373413
533.351868
532.844849
530.317200
532.682983
535.655762
535.151184
534.199463
532.066406
532.923218
533.899536
531.856018
533.494263
535.282410
534.868958
533.624451
530.774109
532.368408
534.662781
533.471130
534.168030
534.227112
533.812561
532.863525
530.213867
532.442444
534.911072
536.615173
544.500427
545.357178
535.593750
532.489136
533.345520
531.324219
533.393677
535.657959
534.864502
533.467468
530.991394
532.487854
534.272522
532.662903
533.844727
534.851074
534.552124
533.310608
530.384033
532.516174
535.305908
534.345886
534.340759
533.465393
533.424988
533.270935
530.855103
532.659119
535.199585
535.235901
533.918335
526.502930
522.215515
529.453613
534.038574
532.345520
534.293762
535.761169
534.481628
532.724976
530.471252
533.017517
535.428650
533.832397
534.097229
534.032227
533.961853
533.130981
530.288635
532.515625
535.306702
534.453247
533.708374
532.066284
532.906921
533.672424
531.474976
533.326904
535.450500
535.015015
532.783264
524.282227
520.788025
529.649597
534.457092
532.365723
533.727966
534.910828
534.438049
532.865051
529.982910
532.672913
535.904785
534.694580
533.750549
532.509338
533.303528
533.658447
531.062378
533.004639
535.650391
535.130371
533.948853
531.404175
532.175293
533.374451
531.959106
534.066040
535.641479
534.976746
531.653320
521.254089
518.086670
529.190125
535.618713
533.747742
533.711975
533.625244
533.775330
533.243042
530.933105
533.482178
535.825317
534.336426
533.345581
531.963623
533.370239
534.239746
531.477051
532.957642
535.443176
535.152710
533.440613
530.342102
531.897827
534.398010
533.565186
534.593384
534.787048
534.263123
533.245483
529.192871
531.003906
537.830750
537.446655
533.955261
533.655457
532.706055
533.295959
533.374390
530.954956
533.260864
535.795776
534.875732
533.489319
531.309204
532.875977
534.468872
532.713318
534.240906
535.632141
534.930908
533.226318
530.425049
532.642822
534.986389
533.535095
533.919312
533.905273
534.009033
533.281372
529.916199
533.336853
540.218323
538.600281
534.363586
532.751953
530.904968
532.936951
534.723816
532.332947
533.403687
535.155518
534.958923
533.932129
531.025452
532.186890
534.185181
533.119263
534.170837
534.560242
534.169617
533.026306
530.319763
532.653931
535.187805
533.924133
533.475403
532.646118
533.605042
533.662170
530.867981
535.541992
542.112732
538.811646
534.221924
532.888000
530.841309
532.623413
534.508728
532.985352
534.305664
535.228516
534.463623
532.843506
530.048340
532.568054
535.494263
534.260071
534.006897
533.414917
533.846619
533.541809
530.827087
533.098450
535.924377
535.084839
533.619507
531.210876
532.503357
534.067688
532.108032
535.575439
539.711914
536.364014
533.777893
532.892334
530.374084
532.481506
534.808350
533.464905
534.179443
534.496887
534.437744
533.341003
530.294312
532.446594
535.085083
534.142883
533.813171
532.755127
533.518127
533.684021
531.255981
533.590393
536.244263
535.240601
532.855774
529.845520
532.097656
534.913330
533.647583
534.519531
531.484314
524.786072
527.404480
532.004883
530.687012
532.826538
535.479736
534.264526
534.041321
533.342773
533.561462
532.953918
530.286926
533.002380
536.062561
534.963135
533.176147
531.141968
533.160095
534.757568
532.152649
532.941101
534.557922
534.540649
533.351440
530.464233
532.284363
534.680481
533.769958
534.734192
531.448303
525.734314
528.830566
532.199890
530.327393
533.063660
536.237671
534.913330
533.267212
531.703003
533.345276
534.055847
531.189758
532.915100
535.357117
534.861145
533.379272
530.787720
532.604797
534.751160
533.155579
533.783081
534.154114
533.899841
533.131531
530.679138
533.109680
535.797424
534.277710
533.394470
532.217957
537.245972
547.515869
543.885315
532.524902
532.698181
536.113281
535.104675
533.235779
530.911499
532.611084
534.282776
532.306213
533.726746
535.408569
534.825562
532.834961
529.757996
532.242310
535.280457
534.019226
533.904053
533.404663
533.319031
532.722412
530.589783
533.587891
536.251099
534.571106
533.071594
531.256653
536.634094
546.950317
543.147583
532.463013
532.885925
535.932800
534.896362
532.593811
530.043579
532.747253
535.251526
533.008179
533.214478
534.200378
534.640564
533.501099
530.231995
532.479919
535.678833
534.861755
534.156738
532.674316
533.051575
533.210144
531.056641
533.553955
535.926025
534.554077
532.869324
531.098755
533.553894
531.753052
519.321777
517.514587
530.104370
536.426636
535.671631
533.228149
529.772827
532.351074
535.790222
534.863220
534.506470
533.297485
533.057495
532.925720
531.015991
533.796570
536.178345
534.242737
532.628662
531.528320
533.750366
534.638367
531.631226
533.134460
535.295959
534.663330
533.190735
530.834106
532.897400
531.218445
520.039062
519.391052
530.879883
535.649292
535.173950
533.283020
529.832764
532.587097
536.172058
535.016846
533.875427
532.459839
532.974731
533.033813
530.919800
533.605652
536.116943
534.689697
532.525391
530.303955
532.838379
535.077209
532.994873
533.742065
534.666077
534.242249
533.063049
530.743591
533.668274
532.642883
521.549927
520.588135
530.710083
534.326782
534.051880
532.677429
529.846985
532.991211
536.414490
535.147888
533.160950
531.054138
532.804321
534.205505
531.821899
533.234497
535.215698
534.732483
533.052856
530.390930
532.783508
535.184570
533.232422
533.580139
534.161377
534.018982
532.636597
529.914429
532.802612
535.645203
536.784912
543.762573
544.304993
535.064514
532.566223
533.356628
531.085266
533.369873
535.979980
535.092896
533.245178
530.775024
532.776062
534.451294
532.147827
533.349243
534.937134
534.435791
532.582825
529.976196
532.984253
535.773499
533.831970
533.325867
533.125610
533.716553
533.082581
530.303894
532.994507
535.855408
537.760986
545.048279
544.204468
533.887634
532.029724
533.697083
531.653137
533.521912
535.613708
534.715820
532.617920
530.052124
532.828369
535.244751
533.094360
533.462036
534.268066
534.435913
533.051575
529.975830
532.872986
536.420532
535.328003
533.777527
531.746582
532.554749
533.223206
531.252380
533.991089
536.485046
534.964172
531.353455
522.486328
519.699036
529.834106
535.316589
532.625549
533.378235
534.799438
534.568054
532.948669
530.109802
532.814880
535.741028
534.273010
533.904968
533.419189
533.845398
533.192627
530.416931
533.236572
536.262329
534.860474
533.151855
531.383911
533.045959
534.101074
531.776794
533.476440
535.442993
534.883118
531.227478
520.791077
518.013916
529.744873
536.346558
533.896790
533.828186
534.483521
534.603149
532.936462
529.563171
532.308472
535.722412
534.694275
533.638184
532.220215
533.140442
533.446533
531.234985
534.000183
536.559509
534.910889
532.558350
530.508728
533.252625
535.197144
532.753357
533.692810
535.186890
534.966003
530.694275
518.834595
516.304932
529.388306
536.911499
534.804016
533.629028
532.971130
533.744507
533.323425
530.441528
533.049805
536.173340
535.147644
533.463379
531.431274
532.999329
533.997070
531.826843
533.999634
535.891663
534.408875
532.124512
529.986328
533.191528
535.656128
533.438843
533.620789
534.247498
534.438660
532.761719
528.185547
531.361816
539.475159
539.200989
535.317566
533.847778
531.798523
532.502991
533.131653
531.186096
533.702026
536.041626
534.828186
532.931702
530.715332
532.940857
534.581055
532.318848
533.697388
535.428040
534.799072
532.336426
529.525940
533.251282
536.715393
534.732788
533.508667
532.772156
533.638245
533.195190
529.661743
533.663391
540.870300
539.065369
534.926880
533.298218
531.201660
532.677429
533.659729
531.679382
534.064636
536.015564
534.489929
532.000488
529.797302
533.296265
536.002075
533.508972
533.098755
533.564758
534.060913
532.785950
529.578308
532.469849
536.076355
535.064758
533.603394
531.874207
532.890869
533.213989
530.954956
536.019287
542.055481
538.446777
534.059937
532.547302
530.766052
533.238770
534.685913
532.182678
533.581909
535.548767
535.147888
532.452637
529.143188
532.629822
536.278076
534.807983
533.858582
532.906128
533.509338
533.169556
530.722473
533.756042
536.565796
534.928589
533.134338
531.519653
533.233093
533.696594
531.320740
535.798096
540.432678
536.967529
533.765991
531.531860
528.857300
532.713623
536.348572
534.481567
533.920227
533.857971
534.237732
533.225342
530.299011
533.028809
535.823853
534.349609
533.309204
532.096191
533.155151
533.330139
531.224243
534.154114
536.490479
534.617798
531.972961
529.844604
532.988159
535.170654
532.837158
534.963135
536.648865
533.619141
533.437500
532.430054
529.178833
532.622986
536.370850
534.839294
533.629944
532.666870
533.452026
533.203918
530.807983
533.523621
535.724060
533.939758
532.527161
531.510498
533.878052
534.628479
531.795715
533.726990
536.077271
535.007324
531.896851
528.819336
532.383484
535.831665
534.411194
534.520996
531.267761
526.489319
529.746277
532.070618
529.659180
532.657349
535.954590
534.838928
533.656860
532.324219
533.662781
533.774780
531.064758
533.749329
536.440979
534.732056
531.849976
529.738708
533.214844
535.611633
533.229980
533.816833
534.725525
534.291321
532.311340
529.209595
532.235779
535.672363
534.754456
534.400085
530.965332
528.033936
532.017578
532.809937
529.985107
533.774109
536.998718
534.783020
531.933533
530.322021
533.593140
535.409546
532.597412
533.571350
535.155579
534.552124
532.485962
529.641785
532.660767
535.833740
534.525696
534.691406
534.358215
533.559448
531.769958
529.620117
533.837402
537.070435
534.585815
532.101440
530.710815
537.645508
548.667175
544.228882
532.698792
532.690063
535.832825
535.249512
533.225281
530.614136
532.781860
534.822083
533.450134
534.801514
535.268372
534.013855
531.979431
529.975769
534.056946
536.865845
534.084473
532.715759
532.643066
534.208191
533.499695
530.047607
532.706238
536.182495
535.590515
533.437805
530.279236
535.832214
546.402161
543.023438
533.823303
534.415405
536.200317
534.432678
531.603943
529.408508
533.365723
536.181885
533.684631
533.329468
533.790344
534.327209
532.899109
529.811523
532.961670
536.327026
535.216248
533.739136
531.741882
532.521973
532.767090
531.062744
534.414185
536.658813
534.469971
531.782654
530.319397
534.325256
532.746216
519.939392
518.257141
529.897461
535.162903
534.758606
532.746765
529.861511
533.106262
536.170898
534.691162
533.966858
532.924316
533.388550
532.937622
530.737976
534.156799
536.944031
534.901611
532.396790
530.786682
533.635315
534.823608
531.854187
533.229614
535.255981
534.943176
532.940186
530.270508
533.475647
532.268311
520.985291
520.689697
531.519226
534.910828
533.757263
531.834412
529.535583
533.553589
536.865906
534.834778
532.710571
531.308105
533.327209
534.011169
531.424316
533.535583
535.693604
534.683228
532.769531
530.472229
532.845276
534.597412
533.025574
534.682129
535.408203
533.942383
531.367249
529.121155
533.388550
536.389832
536.585144
542.877686
543.535461
535.226013
533.363586
533.581482
530.709045
533.006042
535.454468
534.540100
533.425476
531.614014
533.024597
533.666443
531.959045
534.715759
536.289429
534.150513
531.039062
529.053040
533.659241
536.892395
534.331787
533.441162
533.312012
533.889343
532.993103
530.310852
533.149048
535.576965
537.394104
545.401001
545.263794
535.198303
532.712341
533.179016
531.067261
533.958618
536.332153
534.656006
532.075256
530.302917
533.908508
535.829407
532.972961
533.468994
534.814575
535.063477
533.005920
529.543518
532.567200
535.999695
534.999756
534.128784
532.596619
532.992676
533.010254
531.370117
534.391174
535.962341
537.385010
545.077576
544.020386
534.143738
533.105957
534.311340
531.666016
533.306213
535.389526
534.951355
532.539673
529.557129
532.808960
535.903015
534.447937
534.190613
533.435303
533.274170
532.637939
531.003418
534.488586
536.508728
533.928406
532.323792
531.729370
534.048096
534.274414
531.306091
533.709778
536.571533
536.050720
531.559509
520.371033
517.640625
529.331726
535.627380
533.803345
534.605286
534.926392
534.078003
532.346619
530.442383
534.112427
536.093689
533.418762
532.608948
532.487122
533.851868
533.307312
530.505981
533.514404
536.510681
535.245972
532.905334
530.516052
532.671021
534.305298
532.816284
534.781372
535.820312
534.758057
530.433472
519.295410
517.870911
530.912292
536.697449
533.473938
532.978516
533.338623
534.241455
533.303711
530.474609
533.490112
536.279236
534.828552
533.323975
531.549011
532.796387
533.423035
531.887573
534.758179
536.422546
534.537537
532.209167
530.551941
534.027832
535.744080
532.865906
533.162842
534.115051
534.405945
532.744690
529.179260
533.783020
541.295776
538.984436
534.479126
533.894287
532.531311
532.947876
532.955688
531.489380
534.991638
536.978149
534.462341
532.037354
530.630920
533.613586
535.101624
532.831970
534.075134
535.085388
534.491516
532.939758
530.563721
533.324341
535.546997
534.180237
534.498718
533.858582
533.486572
532.468811
530.594604
536.979126
544.133240
540.019409
534.026855
532.303101
531.481873
534.028564
534.782776
532.008362
533.644836
535.426453
534.824463
533.165710
530.498230
532.609436
534.762146
533.864746
535.082886
534.848389
533.606079
531.995056
530.397888
534.421814
536.847778
534.362915
533.007751
532.376160
534.051575
533.887695
530.996887
535.739075
541.286072
537.722412
534.033447
532.870605
531.029419
533.276245
534.939697
533.533508
534.925903
535.016235
533.652649
532.304565
530.922180
534.548950
536.486938
533.922058
533.514771
533.606812
534.500122
533.464111
530.455566
533.345093
536.131226
535.027649
533.699707
531.664307
532.814514
533.721313
532.557007
536.949402
539.641846
534.784973
532.111816
531.701965
530.897278
534.556885
536.076050
533.234253
533.410645
534.111633
534.674744
533.519409
530.638855
533.296204
535.884460
534.876648
534.357727
532.925537
533.205872
532.817200
531.283752
534.780945
536.344116
533.847229
532.140564
531.366760
534.600281
535.928894
533.010254
534.451538
535.112183
532.113953
533.324463
533.657288
530.613647
532.832092
535.425964
534.838013
535.108704
533.646362
532.824524
532.125916
531.086304
535.167419
537.163330
534.467834
532.544067
531.538208
533.959839
534.683167
532.140686
533.850525
535.378906
534.743530
533.184814
530.522095
532.718872
535.059998
534.232178
534.938354
531.314758
526.393005
529.819641
532.750244
531.807556
535.099426
536.485046
533.920654
533.212646
532.771851
533.994995
533.614380
531.276550
534.138611
536.250488
534.964722
533.155762
530.744690
532.812256
534.796448
533.533142
534.571716
534.331116
533.188477
532.525208
531.734680
535.079895
536.161255
533.484497
533.552185
530.961304
528.241028
532.424683
533.871521
531.304199
534.149658
536.658081
535.278931
533.171936
530.548584
532.198120
534.223389
533.530273
535.274414
535.225952
533.716187
533.100830
531.961304
534.082642
534.462463
532.182373
533.656494
534.572693
534.372864
533.033203
531.032349
534.384460
536.563354
534.582031
532.941284
530.770935
536.301453
547.122986
544.280640
534.655151
534.307434
535.432129
533.996521
532.940674
531.562012
533.506348
534.204590
532.478271
534.600525
535.589661
534.388733
532.260986
530.119446
533.801819
536.480713
534.520081
533.322449
531.964661
533.010071
533.917175
532.608643
535.115845
536.095886
533.931946
532.646545
530.920349
536.367004
545.508118
541.575256
533.448303
534.890625
536.461121
534.553284
531.922791
529.587158
533.055481
536.069092
534.600647
534.075195
533.003540
533.309265
533.648865
532.097473
534.437378
535.715393
534.071167
533.533325
532.041931
532.771851
533.397827
532.257568
535.098083
536.417175
534.555481
532.350281
529.699402
535.818542
545.922241
542.994324
535.309204
534.503357
533.580078
532.573914
532.536072
531.685242
534.390137
535.389648
533.417114
533.818481
533.500000
533.643005
532.777893
530.834290
534.282104
536.605286
534.817078
532.800903
530.665527
532.901855
535.107544
533.840881
534.556152
534.057922
533.197876
533.133240
531.828796
534.169312
531.497986
520.267151
520.979126
532.071838
534.937744
533.490112
531.976501
530.351318
534.395325
537.398804
535.648804
533.509155
531.206177
532.781189
534.420349
533.117004
534.648376
534.948853
533.839722
533.435791
531.581848
533.053040
534.613159
533.872070
535.278992
534.576172
532.842285
531.717651
530.795410
534.994629
533.861755
523.461975
523.303467
531.255188
532.345276
532.798645
533.779846
532.451904
534.517151
535.411865
533.944946
533.327637
531.691895
532.938965
533.941650
532.633301
534.592468
535.427856
534.295044
532.460266
530.127747
533.279663
536.132385
534.894226
534.445984
532.870056
532.654602
532.887573
531.537720
534.024719
535.231873
537.085327
545.991333
545.888794
534.867737
531.654785
532.799072
532.062134
534.956726
536.348328
534.718079
532.493042
529.757935
532.374878
535.463745
534.657410
534.576111
533.183716
532.805298
533.279419
531.870850
533.747681
534.872559
533.728271
534.218018
532.998535
532.685730
532.526489
531.507935
534.968994
536.442749
537.853516
545.601196
543.936951
533.128052
532.260559
535.114014
533.787720
534.480652
534.546265
534.030579
533.398621
530.994812
532.584778
534.397217
533.963989
535.025635
533.964172
533.096008
532.338074
530.584961
534.093323
537.030640
535.371521
532.854431
530.255920
532.436157
535.014893
533.748962
534.310120
533.732117
536.796509
547.186523
546.016907
534.231506
531.737793
533.551270
533.201416
534.941895
534.687866
533.558960
532.312134
530.220947
533.409912
536.315918
535.058533
533.702942
531.699097
532.843567
534.149170
532.432861
533.918823
534.986572
534.420593
533.926147
531.303528
532.043762
533.745239
533.216614
534.934937
535.149658
534.399170
530.913879
519.693298
517.104919
529.340515
536.421875
535.203979
534.240723
532.412903
532.885315
533.635071
531.851013
533.896667
535.472046
534.379211
533.862427
532.235046
533.233093
533.853638
532.046570
534.319092
536.208374
535.493896
533.262695
529.708801
531.812805
535.169617
534.932434
534.916809
533.337769
533.175842
530.769348
519.897888
518.160278
530.519226
536.451782
534.829224
533.945862
531.911499
532.386353
533.223450
531.746704
534.054016
535.828918
534.864685
533.152649
530.411194
532.511963
535.032776
533.654724
534.018372
533.900146
533.714844
533.212219
530.748779
532.646667
534.890503
534.316711
534.643066
533.435852
533.297485
532.728455
530.228394
535.486694
542.457947
539.588074
534.990906
532.868103
530.385010
532.805542
535.395081
533.481812
533.548828
533.835266
534.118958
534.141541
531.488342
532.378418
533.922363
533.311951
534.609253
534.314026
533.847778
532.940918
530.411621
533.086121
536.228943
535.620483
534.015930
531.212891
532.370422
534.177795
533.274658
538.765076
543.571045
538.146973
533.664612
533.023682
531.196289
533.149536
534.926758
533.338928
534.276733
534.785461
534.434570
532.849243
529.828979
532.872253
536.561096
535.598755
534.072144
532.038696
533.185669
534.393188
532.041504
533.171204
534.981140
534.914551
534.198669
531.555359
532.449768
533.562134
533.303955
540.658081
545.521606
539.041992
534.099731
532.286743
529.505310
532.628540
536.288574
534.890442
533.568481
532.327393
533.440369
534.315186
531.830505
532.974243
534.809387
534.531128
534.231567
532.201843
532.910034
533.777649
532.194336
534.501831
536.057800
534.670654
532.519043
529.750916
532.588379
535.837830
534.238098
534.315186
532.539307
528.978210
531.907349
534.206787
531.674438
533.097534
534.902588
534.087036
534.365906
533.385803
533.541870
532.979309
530.643555
533.894531
537.119446
535.857361
532.943665
529.879456
532.590027
535.561401
533.715515
533.875244
534.321777
534.196777
533.319763
530.881531
533.218323
535.418640
533.952209
534.228577
531.487610
528.389221
532.459412
533.545044
529.909302
532.987671
537.086182
536.181763
533.370178
530.217773
532.356262
535.078125
533.418335
534.059998
534.709229
534.156250
533.255737
530.851807
532.956970
535.286377
533.738647
534.123352
534.468445
534.599243
533.271973
530.009216
532.741577
536.494568
535.839050
534.125183
528.806213
526.010437
532.069153
535.077209
532.506531
533.895630
535.295837
534.676575
534.039734
531.724304
532.664429
533.905457
532.721252
534.680054
535.647888
534.432373
532.023254
529.181213
532.917114
536.740967
534.961609
533.331055
532.175781
533.380371
533.855408
531.481873
533.818237
536.192505
534.913879
533.590515
529.642517
528.915466
534.787659
535.341003
531.709900
533.851135
536.168640
535.331604
532.612976
529.349670
532.637146
536.311951
534.579651
533.614990
532.967590
533.549011
533.617920
531.368225
533.743225
536.111023
534.598877
533.534058
532.394043
533.633057
533.679688
531.108643
533.883606
536.806396
535.479919
532.142273
528.513794
535.621582
548.278625
545.716125
535.342957
533.217651
533.921082
534.362305
533.595154
530.681763
532.756531
535.244324
534.134766
534.251221
533.828857
534.110535
533.152039
530.441162
533.689392
537.036926
535.611328
533.037659
530.578491
532.885986
534.855103
532.709900
533.799561
535.108398
534.572205
532.893799
529.956177
536.063538
546.148193
542.665344
534.371887
534.060181
534.825500
534.374512
532.194519
529.244080
533.123108
536.884338
535.054749
532.825989
531.418152
533.802490
534.911926
531.910034
533.411560
535.781921
535.182373
533.233459
530.506653
532.770264
534.923279
533.143982
534.268982
535.311401
534.579895
532.036560
528.801819
536.010986
546.821350
543.823730
535.585449
533.151917
532.209961
533.505249
533.878418
531.167236
533.293030
536.015381
535.242371
533.627869
531.356323
533.021790
534.242859
532.229004
534.338684
536.326172
535.141541
532.206970
529.174744
532.766113
536.395935
534.676758
533.716797
532.927856
533.384216
533.118713
530.908813
534.035522
532.917664
522.892639
522.928040
531.116577
533.025330
533.924011
533.701660
531.101868
534.133057
537.130737
535.493225
532.178528
529.566650
533.195740
536.253906
534.153198
534.010254
533.998169
533.787109
532.952515
530.705566
533.613098
536.175720
534.294312
533.524048
533.093506
534.004272
533.102051
530.299683
534.150818
534.630127
526.441345
526.088989
530.787354
530.238281
532.394775
534.860107
533.174194
534.157288
534.971802
534.124756
532.708618
530.582825
533.261414
535.246033
533.295654
533.778870
534.363525
534.509644
532.598816
529.345093
533.102478
537.353577
536.163574
533.635559
530.981140
532.335632
533.732300
532.446716
534.907410
535.799866
537.328796
545.185547
543.507996
533.321899
533.047302
535.199219
532.617065
533.360535
535.059509
535.157959
532.578247
529.054993
532.705872
536.517639
534.919373
533.446289
532.171265
533.163025
533.394287
531.526794
534.651611
536.799255
534.627686
532.533386
530.914673
533.320679
534.524353
532.057800
533.677917
535.302795
538.618530
546.509644
542.890991
531.649353
532.249878
536.209412
534.757019
533.996704
533.256287
533.524353
532.935791
530.679993
533.845703
536.514221
534.749207
533.314209
532.083679
533.582764
533.634583
530.956299
533.805176
536.865173
535.619812
532.378601
529.399658
532.840393
536.180176
534.442749
534.231873
534.210938
534.405090
530.616821
518.361572
516.375000
529.886597
536.573242
534.204895
533.662659
533.496399
534.021729
532.619080
529.931580
533.940125
537.536072
535.663696
532.451538
529.995667
532.963867
535.286865
533.203491
534.017334
534.782959
534.158569
532.832031
530.657776
533.477112
535.449341
533.392273
533.870056
534.548096
534.939087
529.788635
515.970337
514.503906
529.654175
537.715698
535.602722
532.924438
530.843506
532.991455
534.349792
531.923584
533.551880
535.345642
534.457520
532.742737
530.679626
533.449646
535.232605
532.978638
533.993835
535.213928
534.833374
532.390625
529.337891
533.140198
536.850525
535.316284
533.648132
532.003906
533.059814
533.352173
531.308105
537.032166
543.396362
539.169373
534.114502
532.709595
531.354736
533.720459
534.606750
532.157776
534.168823
536.005676
534.843079
532.008362
529.337341
533.327820
536.785400
534.875671
533.856995
533.048828
533.623413
533.292603
531.012634
533.855652
536.111145
534.338928
533.094299
532.036743
533.833191
534.078125
531.886353
537.834473
543.757263
539.419983
534.888916
532.464478
529.581726
532.450256
535.247498
533.895081
534.453186
534.279907
533.600220
532.453308
530.681824
534.217773
536.540222
534.324768
533.369873
532.914185
534.207764
533.486206
530.558655
533.856506
536.968811
535.212524
532.276184
529.865906
532.583923
534.533508
534.130859
541.215027
545.559265
538.643127
533.599487
532.095032
530.378174
533.797180
535.929260
533.702637
533.710571
533.929810
534.236328
532.627808
529.875977
533.779419
537.243469
535.373718
532.797974
530.850525
533.271362
534.813599
532.726868
534.396179
535.632324
534.379639
532.818237
531.042297
533.599609
534.746338
532.422180
534.333801
534.508972
531.495300
532.852844
532.285889
529.290955
533.390381
537.140015
535.402405
533.542419
531.944397
533.417969
534.163513
532.049622
534.310486
536.110046
534.664246
533.115479
531.467102
533.536560
534.252563
531.897644
533.938293
535.881714
535.044922
532.197083
529.207275
533.011292
536.575134
535.099548
534.063904
529.638428
526.017578
530.907898
533.649170
531.809082
534.711243
536.474548
534.240479
532.869141
531.978699
533.825439
533.751038
530.926147
533.625793
536.474670
535.392883
532.252136
529.259155
532.687622
535.897278
534.400635
534.230103
533.492065
533.146790
532.740234
531.276489
534.372620
536.023560
533.759399
533.161865
530.703918
530.049744
534.797974
534.095032
530.093323
533.502991
536.970032
535.704468
532.844238
530.161926
532.831177
535.241577
533.928711
534.996338
535.030518
533.786865
532.258728
530.521301
534.041199
536.156433
533.881165
533.697998
533.719666
534.255615
532.976013
530.182434
533.711548
537.027039
535.601379
533.283325
528.881592
529.006897
535.546509
536.172485
532.902710
534.733154
535.479126
533.778198
532.293152
530.857483
533.815063
535.337280
532.999817
533.639282
534.350891
534.221863
532.372253
529.836487
533.619141
536.677185
534.847351
533.280579
531.905334
533.431152
534.123108
532.172668
534.460632
535.873169
534.253845
532.696777
529.444519
531.267639
537.779846
536.613770
532.408020
534.367432
535.906921
534.803162
532.023743
529.345703
533.323547
536.710510
534.947632
533.822571
532.754272
533.583252
533.799622
531.765869
533.933533
535.514587
534.222473
533.347595
531.962524
533.445312
533.794189
531.968018
534.889221
536.592773
534.543213
531.565430
529.295593
536.885010
547.278992
543.589111
535.207825
533.960571
533.651123
533.557068
532.708862
530.533936
533.428223
535.471741
533.874390
533.581482
532.948059
533.739441
533.240967
531.256836
534.578857
536.711609
534.568176
531.942749
530.199158
533.681580
535.977112
533.811523
534.266602
534.695374
534.269592
532.557068
529.688843
535.823303
544.476196
540.907227
534.635498
534.319092
533.676758
533.538269
532.622559
530.773010
534.465515
536.942627
534.778381
532.539001
531.115356
533.851013
535.040833
532.525635
533.995178
535.349365
534.553284
532.825928
530.390503
532.975830
535.190491
533.925232
534.667969
534.464050
533.800354
532.393677
530.727051
534.865906
533.703552
523.349304
522.948608
530.433350
532.421143
534.097229
534.459106
532.013306
534.002136
535.536194
534.500000
533.216736
531.115417
533.050293
534.600098
533.203552
534.555908
534.762634
533.619202
532.236511
530.927551
534.587585
536.170471
533.285889
532.703918
533.126404
534.863953
534.229614
531.217529
534.012329
533.026978
524.826782
525.833557
531.889404
531.878235
533.003784
533.978943
532.571411
534.755859
535.678040
534.070923
532.183655
530.726501
534.366333
536.146667
533.372742
533.126404
533.392883
534.181641
533.406616
530.655823
533.378296
536.026978
534.738953
533.302917
531.550171
533.078125
534.166992
532.805969
534.957336
535.169922
536.528564
544.497742
543.286682
534.159180
534.049438
535.319885
532.529846
533.335388
534.573608
534.780518
533.231628
530.521423
533.574036
536.198059
534.664856
533.826477
532.392456
532.755188
532.940002
531.916931
535.183655
536.357056
533.768066
532.085205
531.257690
534.263428
535.362305
532.634644
533.604370
534.465881
538.182190
546.916565
543.854126
532.997070
532.883728
535.731140
534.646118
534.642944
533.568726
533.193420
532.695374
531.340576
534.747620
536.388123
533.879028
532.552673
531.958069
534.188049
534.567810
531.958557
533.992310
535.714600
534.573914
532.627319
530.365784
533.031372
535.319153
534.205811
534.887268
534.220947
533.621704
530.130310
518.931274
517.770691
530.845093
536.678955
534.350708
533.857788
533.407471
534.190796
533.460449
531.172791
534.340027
536.449768
534.421875
532.194214
530.546082
533.528076
535.540833
533.653076
534.254028
534.140686
533.403931
532.871643
531.492981
534.215332
535.601501
533.683594
534.166382
534.118042
534.338562
529.807312
516.915283
516.211365
530.906494
537.732910
535.296143
533.177979
531.487305
533.394043
534.620544
532.929810
534.743042
535.522766
534.050293
532.707764
531.070862
533.586426
535.296509
534.009766
535.121521
534.786011
533.329468
531.411438
529.859070
534.465454
537.467163
534.938049
532.858398
531.731323
534.089294
531.746277
519.320923
517.897583
530.639648
536.201599
534.797241
533.586975
531.429932
532.810608
534.141724
533.252075
535.219482
535.200806
533.274414
531.710327
530.666321
534.630737
536.659424
534.074768
533.507141
533.301208
534.191467
533.984802
531.728027
534.047546
536.005066
535.004639
533.940125
531.631287
532.385132
533.249329
533.303406
541.076233
546.189758
539.310730
533.273804
531.713135
530.960266
534.561035
536.055237
533.407959
533.598877
533.875122
534.146973
533.344910
530.959473
533.588074
535.867371
534.740601
534.134033
532.441650
532.754211
533.075745
532.134155
535.271240
536.301697
533.958069
532.561340
531.588684
534.039734
534.694214
533.750366
540.926941
545.046875
538.408264
534.395386
533.093872
530.489319
533.258301
535.961304
534.820312
534.302673
532.716248
532.765564
533.213684
532.313477
535.157593
536.038513
533.584412
532.580872
532.042358
534.289612
534.868347
532.627625
534.642090
535.973877
534.680908
532.628113
530.256531
532.968262
535.056152
536.027954
544.211670
546.413757
536.893066
532.249695
532.291870
531.495422
534.822021
536.353577
534.087524
533.290344
532.556091
533.886658
534.049805
531.848572
534.080933
535.779785
534.719055
533.258362
530.969849
532.780701
534.687195
534.011963
535.455505
534.837280
533.055725
531.928833
531.067749
534.877380
536.607910
534.118896
533.297058
529.181824
526.256714
531.835693
534.315491
531.894165
534.425354
536.300110
534.799500
533.328125
531.233459
532.780823
534.313599
533.349731
535.346802
535.602600
533.661316
532.189514
531.194885
534.706482
536.249146
533.552246
533.464355
533.677612
534.290039
533.650452
531.122559
533.518494
535.826111
535.291809
534.004089
526.794495
522.589783
529.345276
533.403503
532.600891
535.688721
536.631042
534.163269
532.354614
531.283691
534.555542
536.102905
533.276672
533.325623
533.868591
534.232178
533.520996
531.101562
533.338867
535.446716
534.696655
534.656067
532.695251
532.133728
532.296814
531.847290
535.643799
536.952637
534.202148
532.593567
530.026550
531.610107
537.820801
537.050537
532.744385
533.365845
533.696106
534.478821
535.099792
531.548950
531.509766
533.783630
535.235840
537.397827
534.287048
530.193481
530.376282
532.757874
537.165833
536.998718
533.362915
532.201660
531.910278
534.415161
534.770874
531.353394
532.870483
535.437195
535.601379
533.826538
528.949280
530.023865
536.905701
537.322388
534.866943
535.648193
534.043457
532.450012
532.552856
532.497498
535.697571
536.149719
532.953430
532.489563
532.770935
534.459778
534.216370
531.636963
534.468018
537.057922
535.559509
532.912476
530.358398
532.717773
534.912537
534.326599
535.856812
534.771484
532.805481
532.299744
530.997986
536.939575
544.982056
540.887451
534.081299
533.973328
533.965515
534.128174
533.219299
531.211182
534.667786
536.884949
534.774902
532.923584
530.959717
532.616455
534.456543
533.800049
535.699402
535.701782
534.006348
533.020508
531.286255
533.288574
534.604980
533.119995
534.195251
534.175232
533.709839
532.715027
530.548767
536.519470
544.230225
540.637390
534.846863
533.480774
531.645569
532.423462
533.656921
533.155823
536.000977
536.631836
534.150696
532.504395
530.903076
533.172913
534.950623
533.657166
534.731018
534.592590
533.727356
532.994446
531.151184
533.516724
535.347961
534.080933
534.081177
532.843018
532.762512
533.047546
532.557068
536.296021
533.880249
523.471497
523.697693
530.655334
531.617126
533.256409
534.535400
532.754150
534.156921
535.144470
534.774353
533.840698
531.148376
532.620178
534.736755
534.469421
535.414917
534.192017
533.055481
532.732849
532.038757
535.350464
536.292236
533.366638
532.475281
532.108582
533.978027
534.552734
532.388672
534.543579
532.773926
525.344116
527.185791
532.425232
531.022156
531.782898
533.912781
534.076782
536.001038
535.397034
533.375122
531.895691
530.675598
534.363464
536.320007
533.798218
532.844727
532.175598
533.529297
534.241028
532.350769
534.433105
536.158142
535.201599
533.895508
531.158997
532.101562
533.893005
533.657471
535.720276
535.171326
536.823303
545.171265
543.174316
533.141479
533.022095
535.380493
533.921692
534.068665
533.316956
533.328247
533.207764
531.351013
534.010376
536.280029
535.186707
534.053162
531.673706
532.291748
533.608704
532.965332
535.388672
535.998169
533.978516
532.488831
531.007568
533.558044
535.141052
533.457520
534.156982
533.623657
537.021667
546.246704
543.473572
532.953064
532.974976
535.851013
535.003662
534.516724
532.485535
532.125732
532.557800
531.914185
535.038818
536.336914
534.206482
532.635498
531.065063
533.159546
534.578918
532.916809
534.316589
534.895691
534.100342
532.980774
530.716797
533.126526
535.635254
534.923096
534.852783
532.634888
535.587036
544.864563
542.564392
533.649109
534.287292
536.026917
534.162048
533.101074
531.574402
532.939636
533.835022
532.098877
534.232483
535.634338
534.588074
533.196899
530.852112
532.763916
534.878967
534.245422
535.307983
534.319885
532.717590
531.791321
530.685120
534.286865
536.536194
534.612244
533.556396
532.340637
533.742432
531.091736
518.951782
517.661072
530.731750
536.827271
535.538269
533.976990
531.162903
532.241211
534.202087
533.799316
535.245300
534.401367
532.509705
532.009521
531.288086
534.167480
535.599731
533.750366
534.069397
533.744019
533.720032
532.756348
530.533569
533.870361
536.910034
535.963867
534.040588
530.971558
532.392456
531.215454
520.718811
520.445435
532.363159
535.927979
533.286255
532.183655
531.207825
533.772644
535.194275
533.354797
533.949402
533.978638
533.895508
533.083496
530.607361
533.078064
535.710266
535.050171
534.286560
531.746765
531.747559
533.064819
532.870667
535.454895
535.591858
533.102173
532.293823
531.759521
534.550171
532.092163
519.874329
518.910950
530.568115
535.495056
535.212524
533.659180
530.160828
532.027527
535.196777
535.448975
535.615479
533.017700
531.649780
532.291565
532.446960
535.651794
536.279602
533.571960
532.472839
531.653198
533.749878
534.660583
532.439209
534.071594
535.406555
534.663879
533.263794
530.745483
532.610046
534.457458
535.858521
544.401306
546.700378
536.813599
531.923706
532.358948
531.398193
534.012756
535.633850
534.010864
533.657715
532.802734
533.729675
533.912598
531.860474
534.139893
536.082397
535.317505
533.635925
530.388672
531.674622
534.164856
534.069702
535.572571
534.734619
532.823364
532.025940
531.071777
534.114258
535.686646
536.438049
544.291260
545.508484
535.861877
532.417847
533.104919
531.817383
534.592468
536.404846
534.748291
532.960815
530.388245
531.937683
534.237244
533.549622
534.916931
534.662842
533.125916
532.493164
531.153931
533.472534
535.087158
533.684265
534.429565
534.152161
533.778015
532.889954
530.552124
533.276428
536.193848
535.889709
534.381104
526.785095
521.893494
528.705872
534.053040
533.759705
535.763245
535.596130
533.187622
532.427368
531.771240
534.081299
534.883118
532.693176
534.109192
535.180054
534.646729
532.727905
529.792419
532.772705
536.270142
535.761230
534.860413
532.163513
531.687012
532.620422
532.065735
534.857178
536.207336
534.762878
532.652527
524.858948
521.648071
530.281616
534.875244
532.966553
534.588501
535.563171
534.710632
533.123596
530.231812
532.597839
535.750854
535.307312
535.344482
533.453430
532.210999
532.134460
531.327515
534.459473
536.209839
534.471680
533.578064
532.086609
533.138733
533.751892
531.770203
533.881287
535.697388
535.134521
533.788269
529.003784
529.002319
535.468750
536.408875
534.211487
535.314697
534.259094
532.758240
532.355164
531.262634
534.111877
535.963928
534.395325
534.132874
533.206726
533.691711
533.296692
530.627930
533.154419
536.158875
535.875366
534.201355
530.795898
531.647217
533.870789
533.787231
535.655334
535.182068
533.261719
532.322754
529.609314
532.330322
539.221863
538.286560
534.098328
533.808777
533.258545
533.715271
533.377502
530.707764
532.964966
535.813965
535.612122
534.685181
531.615356
531.556702
533.071045
533.030029
535.489929
535.621521
533.652649
532.793640
531.321655
533.252380
534.546814
533.153503
534.824036
535.459900
534.571289
532.376221
529.025574
535.184326
544.828064
542.469055
536.323669
534.426819
531.863403
531.937988
533.377075
532.923584
535.201843
535.726013
533.961060
533.445068
532.092163
533.415222
534.042236
531.999756
533.797058
535.355957
534.952148
533.199829
529.969116
531.990540
534.925659
534.749939
535.099304
533.441528
532.652161
532.574585
531.072205
536.629395
543.483643
539.793457
534.762085
534.059387
532.380005
533.098328
533.721313
531.907837
534.139526
535.922485
534.841309
532.791565
529.852112
532.053467
535.146118
534.843201
535.296997
533.976257
533.127136
533.108337
531.326782
533.104187
534.760315
534.220276
534.841064
533.553711
533.209534
532.652710
530.695740
536.308838
542.537354
538.853210
534.370728
532.700256
530.428650
532.633911
535.108093
533.894653
534.443848
534.112671
533.648865
533.766663
531.754028
532.887024
534.382202
533.833862
534.875977
534.216003
533.506897
532.269714
530.022644
533.539307
536.916138
535.903503
533.946777
531.158447
532.311401
534.203674
533.628784
535.698303
532.179993
523.463806
525.499207
531.735107
531.522949
533.022400
534.714844
533.536316
534.527893
534.616882
534.208313
533.004456
530.343872
533.119385
536.333435
535.803223
534.821350
532.226807
532.476868
533.937988
532.951477
534.522461
535.070496
533.994690
533.751160
532.092834
533.201904
534.048767
532.696838
534.854492
532.667480
526.359253
528.596741
532.032593
530.169189
532.626953
535.917480
535.272400
534.383423
532.298462
532.690552
533.782898
532.257080
534.103394
535.262634
533.920227
533.761475
532.514282
533.049255
533.087158
531.570618
534.636963
536.750061
535.440247
532.565979
529.033020
532.132263
536.576782
535.871948
534.119507
531.368469
535.916260
547.847778
546.200684
535.042908
533.502136
534.437317
533.303284
534.714600
534.053467
533.127136
531.952332
530.190063
534.151550
537.572998
536.193909
532.911316
529.643921
532.627197
536.149841
534.737183
534.209656
533.529724
534.030701
534.753479
532.157349
532.656982
534.277466
534.446228
535.572937
533.740112
536.406067
545.182983
542.176636
532.713623
533.961243
537.127808
535.652283
533.362793
530.661377
532.513489
534.938293
533.638550
534.378784
534.500916
533.813538
533.363464
531.291748
532.779846
534.255432
533.461548
535.232361
535.432068
534.479431
532.764282
529.917603
532.683716
535.865540
535.171387
533.967529
531.607544
536.673767
547.261108
544.064148
533.676270
533.171509
535.138489
534.755981
533.910828
531.291626
532.314575
534.061523
533.440063
535.252747
535.368774
533.820618
532.240173
530.041931
532.849060
535.733337
534.916016
534.574524
533.096863
533.253357
533.409851
531.240601
533.298889
535.376831
534.910095
534.664368
532.834900
533.593628
530.679504
518.971191
518.472473
531.368591
536.879456
535.137085
532.374084
529.343628
532.482605
536.251831
535.463440
534.861511
533.264221
533.304199
533.871948
531.612061
532.878845
534.811279
534.885437
535.589294
533.849243
532.985107
532.286865
530.903320
534.725098
537.208740
535.085815
532.234314
530.105713
533.732422
533.337524
522.291199
520.796082
530.655762
533.964233
533.891357
534.054810
531.502808
532.727783
535.011902
534.909180
535.227478
533.400757
532.610657
532.321777
530.784058
533.872986
536.274109
535.104004
533.780151
531.562805
532.903320
534.330200
532.502625
533.591248
534.476624
534.444946
534.285217
531.804016
532.533325
533.818726
535.321777
543.752197
546.388794
537.470215
532.639893
531.988586
530.638428
534.344849
537.051392
535.106506
533.428894
531.823547
533.358215
534.182312
531.541809
533.073425
535.485901
535.889160
534.723877
530.954590
531.556274
533.976013
533.974487
535.271423
534.568970
533.425720
533.125610
531.812134
534.249512
535.535645
536.112610
543.801514
545.068848
535.834961
533.069946
533.770752
531.132019
532.714783
535.343567
535.740845
535.027161
531.579712
531.487915
533.075806
532.913635
535.315063
535.698730
533.932861
532.519104
530.750061
533.631042
535.839417
533.872009
533.743713
533.529236
533.853394
533.383606
530.863525
533.090515
535.242615
537.291626
545.521912
545.477783
535.060425
532.449158
533.889404
532.284241
534.057495
535.540588
534.897278
533.794617
531.158508
532.591248
534.474609
533.322937
534.238647
534.165771
533.863037
533.514771
531.076294
532.770081
535.063477
534.685791
534.784241
532.905518
532.376709
532.515869
531.453064
534.856384
537.024170
535.176086
531.950378
523.656433
520.817932
530.304810
535.365295
532.781067
533.422424
534.503174
534.772644
534.052795
530.636230
531.623230
534.304077
534.515747
535.193237
533.581543
532.534912
532.585571
531.687073
534.702148
536.361145
534.243835
533.132324
532.049927
533.534241
534.051575
531.652100
533.569580
535.728577
535.744446
532.864014
522.376892
518.308960
528.451904
535.136963
534.641602
535.457031
534.467285
533.144104
532.393677
530.613403
533.530090
536.156372
534.738220
533.825500
532.479065
533.333679
533.683960
531.176758
532.966614
535.128784
534.875732
534.095032
531.176086
531.596558
533.439392
533.456482
535.649231
535.441528
533.368835
532.055359
529.152283
531.843262
538.794739
537.954468
533.826660
533.516113
532.872314
533.592957
533.705994
530.663269
532.131775
534.868530
535.164551
535.136597
532.797546
532.321350
532.536255
531.744141
535.137268
536.776062
534.488831
531.829956
529.593445
532.815369
535.988953
534.464111
533.731750
532.979065
533.885620
534.350830
530.252930
531.466309
537.282288
536.628601
534.890015
535.788940
533.329834
531.658630
531.537842
531.352478
535.335876
536.938293
534.289246
532.260986
530.712158
533.193604
534.845520
532.507080
533.325195
534.574341
534.748291
533.792725
530.672668
532.239563
535.114990
535.058777
535.275452
533.525757
532.633423
532.391235
530.713806
535.731445
541.994995
538.556824
534.206238
533.734802
532.018738
532.772583
533.439270
531.552124
533.696838
535.741638
535.223267
533.497314
530.437012
532.259216
534.802917
534.125000
534.953857
534.326233
533.456665
532.815857
530.875122
533.483215
535.927002
534.692383
533.755249
531.942078
532.532043
533.154663
531.306030
535.988342
541.514587
538.219116
534.977112
534.133972
531.164001
531.958313
533.835815
533.161804
534.880066
535.314392
534.120789
532.544250
530.148621
532.927734
535.754456
534.525330
534.018555
532.982178
533.733887
534.140442
531.427795
532.743958
535.046753
535.323425
535.059692
532.083618
531.625427
532.641296
532.480774
537.471680
540.747742
535.847595
532.572510
531.986938
530.674500
533.723511
535.674622
533.186401
532.979065
533.469788
534.608826
534.218872
530.591553
531.967285
535.082947
535.399963
534.991211
532.325806
532.007446
532.933899
532.275146
534.803101
535.689453
534.027893
533.041321
531.123535
532.635559
533.991272
532.596436
534.527344
532.495178
526.558167
529.099915
532.521912
530.186340
532.239990
535.653320
535.484863
535.116882
532.917969
532.272522
532.587402
531.400574
534.069397
535.789001
534.290833
533.216858
531.567993
533.255981
534.299072
531.710083
533.146179
535.300842
535.348877
533.784241
530.357727
531.965759
534.902039
534.765503
535.292236
530.636169
524.453796
528.320740
532.805481
531.420471
533.284790
535.316467
534.544189
534.302979
532.554382
532.791016
533.292725
531.667725
534.021423
536.012817
535.264893
533.752197
530.740723
531.982544
534.171692
533.678528
535.256104
534.998901
533.327515
532.130920
530.501099
533.487854
535.913086
534.389893
533.737915
532.567932
537.800842
548.418396
544.864197
532.951843
532.046265
535.282471
535.661804
534.884949
531.792297
531.899414
533.292297
532.778992
535.076660
535.624451
533.803772
532.012451
529.743835
532.584717
535.696106
534.769104
534.737061
533.683655
533.135315
532.539429
530.478027
533.290039
536.034973
535.223755
534.133850
531.351562
535.737854
546.238220
543.634155
534.002136
533.802979
535.242676
533.994751
533.027893
531.309570
533.350159
535.074036
533.166931
533.659851
534.191711
534.757080
534.382202
530.869019
531.598938
534.049500
534.603882
535.641541
534.048157
532.894287
532.234558
530.820496
534.171143
536.515442
535.020752
533.226135
530.570923
535.898926
546.227600
543.047668
533.879089
534.039001
535.764343
534.985535
533.006348
529.877014
532.309265
535.696106
535.085571
534.592102
532.877808
532.920166
533.811096
532.117432
533.619995
535.003845
534.039978
534.071533
532.909790
533.436462
533.293457
531.035706
533.818237
536.585632
535.713562
533.270630
530.203247
532.801025
532.223022
521.685486
520.879944
531.236572
534.585999
534.153320
534.029602
531.349731
532.143616
533.990234
534.120544
534.964233
533.558105
533.130310
532.947937
531.517639
534.949280
537.264648
534.961670
532.144775
529.848267
532.881165
535.798645
533.708435
533.606140
534.111145
534.566223
534.450928
531.504272
532.255188
530.177917
520.473083
521.576538
532.404480
535.128296
533.794128
532.371338
530.160278
533.577026
536.544189
534.749390
532.818237
531.175537
533.215271
534.737732
532.577820
533.801208
535.325195
535.234863
534.128662
530.531738
531.171509
533.475342
533.532532
535.319397
535.193848
533.989502
532.924500
531.251526
534.093506
535.521057
535.586914
542.581787
543.674316
535.363281
533.863770
534.860535
531.722595
532.890564
535.376892
535.490417
534.151794
530.527283
531.197998
533.572205
533.218689
534.809570
535.107910
534.223328
533.458374
531.324097
533.096619
534.509888
532.796265
533.448608
534.075989
534.922791
533.924438
530.401001
532.347656
535.068237
538.122437
546.913269
546.033997
534.107605
531.049316
533.371277
532.817444
534.876831
535.841187
534.414124
532.945251
530.644287
532.692871
534.933533
533.495483
533.931152
534.298401
534.687073
533.836792
530.513184
532.231445
535.112793
534.941101
534.569519
532.489563
532.711914
533.490662
531.842285
534.001526
535.840942
534.977417
532.501160
523.866333
520.465027
529.707458
534.842407
532.708984
533.901245
535.235840
535.018982
533.249207
529.688354
531.825806
535.333557
535.143738
534.906677
533.121460
532.829102
533.184753
531.601257
533.933777
535.779114
534.466309
533.618713
532.207886
533.814819
534.710754
531.938477
532.933228
534.802185
535.359497
532.997375
522.768433
518.915039
529.055054
535.394592
534.358215
534.817749
534.091370
533.206238
532.503418
530.805664
533.801697
536.131226
534.525269
533.724854
532.535828
533.409607
533.473999
530.695068
532.685974
535.593567
535.743225
534.193237
530.825623
532.303467
534.844116
533.598206
533.984375
534.015747
534.258972
532.161011
521.675293
518.489929
529.521545
535.615295
534.060669
534.201355
533.864807
533.896545
532.780518
530.002319
533.018921
536.541565
535.991821
533.852417
530.492188
531.922363
534.401550
533.067078
534.013184
534.610474
533.994690
533.417297
531.352356
533.145813
534.848816
533.213562
533.781799
534.036438
534.278381
533.549316
530.011353
533.130371
539.730774
538.131653
534.548828
533.807434
531.988037
532.981934
533.744629
531.384277
533.348572
535.801331
535.485352
533.985291
530.879456
532.056519
534.087769
