538.504211
538.504211
538.511108
538.543884
538.451660
537.809631
536.670837
535.493652
533.379272
529.255371
525.035217
523.731079
525.358765
527.537903
529.197510
531.711365
536.121521
541.052917
544.413269
545.530334
544.717773
542.477539
539.758972
537.729309
536.948425
536.699951
535.037231
530.877258
526.247375
524.183105
524.725830
525.918701
527.682556
531.218628
535.818237
539.518860
542.027039
544.366516
546.015930
544.931519
541.043030
537.398071
536.318665
536.095459
533.569214
528.804871
524.848022
523.632141
524.587524
526.848083
530.194336
533.872131
536.928467
539.875183
543.668518
547.270264
548.480347
546.324036
542.102478
538.794495
537.874023
537.395325
534.806641
530.376465
526.589722
524.815247
524.570068
525.681458
528.462646
532.186340
535.876953
539.547424
543.059570
545.400574
545.638977
543.753479
540.818909
538.284119
536.749878
535.377686
532.714111
528.684387
524.875183
522.960693
523.995728
527.473755
530.940369
532.792908
534.318970
537.257812
541.224731
544.528198
545.821106
544.764160
542.086914
539.069153
536.893433
535.736816
534.093750
530.517639
526.071411
523.520142
524.112976
526.300476
528.486511
531.456360
536.080750
540.816467
543.702576
544.780640
544.917297
543.904419
541.344666
538.290710
536.153381
534.908875
533.571960
531.177551
527.804932
525.211853
524.568054
525.168457
526.744568
530.134033
534.905701
538.898193
541.264954
543.438354
545.631104
545.514832
542.233154
538.539673
536.915527
536.050537
533.168457
528.601807
525.418701
524.816223
525.299377
526.198669
528.536499
532.524109
536.773621
540.234375
543.141602
545.255066
545.485291
543.982849
541.810364
539.693604
538.238586
536.942993
534.390076
530.665649
527.259338
524.967041
523.959778
524.873840
527.890015
531.641541
534.764587
537.673767
541.395081
545.162720
546.536194
544.491638
541.063904
538.667542
537.407593
536.003601
533.453857
529.620667
525.619568
523.324707
523.878540
526.686890
529.941895
532.276001
534.021484
536.566162
540.301208
543.934509
545.730286
544.948730
542.381470
539.523499
537.474976
536.393738
535.000916
531.614380
526.872192
523.703125
523.719666
525.675354
528.009277
530.933533
535.097656
539.555664
542.661499
544.274353
545.050232
544.336670
541.427429
537.990417
536.328369
535.723572
533.306091
528.679138
524.725159
523.466797
524.020569
524.976318
526.548706
529.617310
533.826050
537.780762
540.862122
543.596375
545.750183
545.530151
542.233887
538.410645
536.905396
536.675049
534.391602
529.645691
525.587036
524.358521
524.939087
525.962341
527.895325
531.407471
535.567261
539.267212
542.603638
545.260925
545.768433
543.656006
540.680725
538.898315
538.462341
537.861267
535.533569
531.586609
527.771973
525.334351
524.291016
524.758362
527.077026
530.607239
534.114380
537.393005
541.017761
544.546265
546.144775
544.684937
541.609558
539.220642
537.962036
536.638184
533.954651
529.781921
525.664978
523.569031
524.245911
526.726929
529.339478
531.797546
534.915283
538.348999
541.436218
544.207581
545.786255
545.119934
542.750122
540.099609
538.174377
536.965271
535.513916
532.494141
527.891296
524.130371
523.495972
525.493042
528.221558
530.995850
534.454407
538.410889
541.684509
543.991333
545.346863
544.687439
541.671021
538.377258
537.055786
536.858215
534.485535
529.055908
524.002563
522.322144
523.492065
525.476501
526.923279
528.495056
531.903259
536.784058
540.966370
543.767578
545.669983
545.805420
543.269592
539.553711
537.303833
536.869446
535.558960
531.629272
527.044373
524.552246
524.340332
525.335815
527.627563
531.379150
535.277588
538.292847
541.332458
544.903809
546.719849
544.657104
540.509460
537.878296
537.670715
537.858704
536.523499
533.274353
529.030518
525.476990
523.813416
524.296997
526.666809
530.009338
533.215942
536.199524
539.831604
543.981873
546.351807
545.152283
541.895569
539.293701
537.931824
536.650208
534.378113
530.783569
526.759155
524.111633
523.944885
525.851746
528.618958
531.481506
534.773987
538.800049
542.505615
544.705261
545.374451
544.685059
543.016113
541.077820
538.913940
536.709961
534.867554
532.469543
528.644470
524.868225
523.490479
524.776367
527.254272
530.090637
533.449341
537.243042
540.843384
543.787781
545.562988
545.198669
542.512268
539.151733
537.247742
536.717285
534.843079
530.106079
525.309387
523.932251
525.125854
525.994507
526.080261
527.185181
530.807312
536.054016
540.467224
543.017212
544.396851
544.786072
543.451721
540.801331
538.624695
537.358093
535.371460
531.674255
527.695679
525.328918
524.449219
524.480469
526.417786
530.689697
535.229553
538.120239
540.372681
543.526611
546.073853
545.229797
541.435547
538.119446
537.293823
537.836121
537.404541
534.517395
529.812378
525.697754
523.914307
524.306519
526.223022
529.086182
532.150085
535.441406
539.485535
543.583435
545.782776
544.872131
542.111267
539.892273
538.634521
537.090271
534.691650
531.464294
527.711487
524.620544
523.497559
524.659363
527.471497
530.855347
534.282166
538.094421
541.992554
544.699402
545.741211
545.608337
544.321350
541.730286
538.761658
536.848267
535.986267
534.167175
529.932129
525.101074
523.017456
524.419434
527.011292
529.297791
532.269409
536.401123
540.385925
543.316589
545.144714
545.388123
543.422424
539.900513
537.052551
536.185730
535.175964
531.544617
526.888000
524.509949
524.707458
525.518372
526.062805
527.285339
530.400085
535.011108
539.163879
541.953674
544.223511
545.653625
544.639099
541.421997
538.285522
536.807800
535.736877
532.799377
528.569580
525.669312
524.828552
524.948547
526.114258
529.285400
533.680115
537.469177
540.528381
543.738831
546.091553
545.495789
542.266479
539.169006
537.931274
537.735535
536.977966
534.516602
530.390259
526.384949
524.180725
524.004944
525.571167
528.443054
531.828003
535.221863
538.800415
542.433899
545.030151
545.412109
543.650513
541.060852
538.710388
536.722961
534.776001
532.270264
529.663452
529.526611
532.052673
532.866638
529.726379
525.459473
523.452820
524.476135
526.878967
529.258667
532.348511
536.780640
541.107666
543.922852
545.319702
545.202698
543.173706
540.099243
537.495789
535.870972
534.649414
533.117188
530.455261
526.732666
524.294800
524.610046
525.986084
527.483398
530.563965
535.277222
539.407471
542.025146
544.119507
545.663086
545.038818
541.770630
538.134460
536.437012
535.595581
532.948547
528.467224
524.930603
524.121216
524.983643
526.568420
529.645569
533.925659
537.605408
540.393555
543.144165
545.252991
545.574707
544.247681
541.778564
539.052124
537.620605
536.781921
534.022522
529.597778
525.993530
524.210754
523.988037
525.372009
528.351746
532.199829
535.877808
539.139465
542.337036
545.013733
545.671814
543.582764
540.416687
538.347168
537.288391
535.517273
532.147827
528.151550
525.029297
523.718811
524.765137
527.702942
530.716125
532.507324
533.998047
536.843750
540.880859
544.255859
545.335693
543.963501
541.359131
539.013550
537.486755
536.114685
533.898987
530.348511
526.245605
523.735596
524.291443
526.815735
529.265442
531.693542
535.364258
539.866943
543.436768
544.906799
544.413513
542.673462
540.245300
537.944458
536.515076
535.059021
531.989563
528.141113
525.522705
524.360535
524.336609
525.333252
527.098938
530.169861
534.753174
539.226501
541.958252
543.567932
545.040161
545.030212
542.115295
538.129578
536.289429
536.275757
534.450195
529.796143
525.487061
523.986267
524.528076
525.942505
528.673035
532.900146
537.137146
540.072205
542.430908
544.982361
546.019836
543.966919
540.463257
537.962524
536.957336
536.443787
534.872559
531.553894
527.570068
524.630798
523.668091
524.773621
527.692505
531.594849
535.155334
538.062744
541.374451
544.895386
546.206604
544.078308
540.619629
538.545288
537.752991
536.170898
532.940125
529.031494
525.853455
524.307251
524.589417
526.472534
529.522217
532.939575
535.798645
538.190063
540.953491
543.701965
545.007324
544.322388
542.340027
539.971130
537.771667
535.951599
534.098389
531.364746
527.689026
524.484192
523.633362
525.513611
528.564392
531.578369
534.831604
538.474731
541.935974
544.576294
545.668213
544.544189
541.483398
538.155701
536.323547
535.579773
533.463074
528.991577
524.485962
522.495605
523.236511
525.504639
527.823059
529.808044
532.674072
536.804810
540.874939
543.875366
545.455505
545.032715
542.462280
539.101013
537.087280
536.597168
534.940491
530.641541
526.067200
523.876038
524.057373
525.607239
528.493347
532.626221
536.508728
539.117249
541.606262
544.727112
546.341675
544.216797
539.815430
536.671204
536.305725
537.185669
536.411682
532.632324
527.864136
524.973083
524.301086
524.837036
526.616516
529.989685
534.109924
537.765381
541.003296
544.164307
545.820435
544.397522
541.232178
538.920776
537.880066
536.548218
533.612671
529.634216
526.454468
524.803589
524.377625
525.500488
528.345520
532.051758
535.823975
539.415039
542.400696
544.503845
545.638000
545.046692
542.560730
539.752197
538.146179
537.252197
535.331299
531.768372
527.591553
524.449402
523.638245
525.100708
527.688782
530.622803
534.108948
538.314514
542.242065
544.521423
544.887329
543.913025
541.837891
539.044189
536.856628
535.692566
533.742615
529.828857
525.836304
524.212341
524.871948
526.291992
527.528381
528.679260
531.223450
536.051025
541.068848
543.844482
544.703979
544.728577
543.478455
540.579529
537.533447
535.917786
534.634583
531.560120
527.383850
524.732178
524.341187
525.338928
527.697632
531.479187
535.625183
538.981323
541.403625
543.679688
545.564209
544.876099
541.213623
537.790588
536.923096
537.283691
536.362610
532.906860
528.084900
524.907104
524.893616
526.348755
527.595642
529.616150
533.112183
536.684814
539.833313
543.187683
545.510559
544.703247
541.670715
539.747803
539.500549
537.710693
533.179871
529.044678
527.261230
525.913635
523.939575
523.590759
526.755066
532.142151
536.895142
539.731445
541.539307
543.193909
544.753174
545.691711
544.578979
541.203735
537.870178
536.225586
535.348083
533.456421
529.771667
525.306030
522.614685
523.645569
527.343079
531.093201
534.085022
537.320129
541.153503
544.142273
544.587769
542.721436
540.643372
540.103882
540.204529
538.226746
533.575928
528.914124
526.246521
525.102051
525.306213
525.633911
524.307678
524.638184
529.419067
535.613770
540.563293
543.646912
544.470825
544.052185
543.446167
541.608948
538.088196
535.466736
534.994690
533.528687
529.050171
524.589417
523.270996
524.502441
527.002441
530.602905
534.567322
537.864807
540.662598
543.759827
546.452454
546.049255
541.818420
537.576721
536.651428
537.608276
537.357605
534.278015
529.091553
525.055481
524.291077
525.375732
526.644043
528.583618
532.066467
536.327393
539.715576
541.801880
543.713135
545.671387
545.614258
542.570496
538.509888
535.010254
532.377319
530.915039
529.478760
526.497192
523.453369
523.517029
527.323364
532.288086
535.647156
537.391418
539.863464
543.885132
546.992126
547.071655
544.485107
540.789307
538.091187
537.187622
536.336731
533.568909
529.244934
525.701111
524.384644
525.042175
526.996216
529.256775
531.741089
535.707520
540.874268
544.672119
545.372314
543.949585
542.195251
540.571472
538.684998
536.467102
534.018127
531.120361
527.757690
524.920471
524.024963
525.334045
527.577454
529.562073
531.817444
535.218384
538.945557
541.875427
543.946167
545.072632
544.505798
541.758240
538.105042
536.026306
535.760559
534.289673
529.801086
524.994507
523.478149
525.033875
527.198059
529.420532
532.775146
537.140686
541.157898
544.044861
545.604675
545.138855
542.157288
538.212646
536.128967
536.184326
535.180237
531.319275
526.929199
524.468079
523.949402
524.650879
526.080750
528.177795
531.286926
535.072815
538.553772
541.820190
545.171814
546.587952
544.064880
539.672668
537.267456
537.184814
536.298157
532.687256
528.036194
525.186768
524.778809
525.545044
527.011108
529.793152
533.526489
537.114868
540.568542
543.927063
545.701721
544.879822
542.725403
540.690002
538.880676
537.323120
535.933105
533.825073
530.535767
526.930054
524.335876
523.774963
525.735168
529.348999
532.745667
535.373108
538.470947
542.529053
545.789795
546.126831
543.602478
540.300842
537.997986
536.767578
535.353088
532.385925
528.024841
524.373474
523.510864
525.361511
528.176392
530.842285
533.395325
535.877502
538.606995
541.761414
544.163696
544.856628
544.216492
542.518677
539.807129
537.072449
535.306702
533.646301
530.522949
526.463867
523.857666
523.946716
525.918884
528.858398
532.663391
536.888550
540.351501
542.574463
544.189941
545.117310
543.931824
540.346680
536.920166
535.900757
535.453857
532.355042
527.204895
523.426331
522.618530
523.641663
525.125977
527.231323
530.666138
534.873779
538.602417
541.722290
544.649780
546.280701
544.792236
540.871887
537.821106
537.281250
536.844482
533.714478
528.900208
525.454224
524.369629
524.739929
526.222900
529.034729
532.652649
536.237183
539.787537
543.382935
545.734436
545.203979
542.224976
539.195068
537.806702
537.632874
537.033508
534.727356
531.013733
527.424255
525.115295
524.419678
525.587585
528.427063
531.671814
534.472839
537.602905
541.650757
545.212402
546.084656
543.804749
540.328369
537.964844
536.983398
535.705383
532.681641
528.450378
524.932190
523.575867
524.705383
527.414307
530.187439
532.902039
536.328308
539.787964
542.321655
544.121948
545.027893
544.522644
542.747070
540.220703
537.848389
536.211060
534.291870
530.852661
526.745239
524.152649
524.142639
525.943420
528.358948
531.301575
535.235291
539.395142
542.231995
543.633484
544.406067
543.954468
541.436279
538.354614
536.771484
535.830627
532.991394
528.263062
524.546631
523.627563
524.434265
525.589417
527.141785
529.780273
533.788025
538.127747
541.281128
543.283203
544.665222
544.443420
541.813354
538.487610
536.912231
536.626282
534.669250
530.247986
526.094238
524.255737
524.218628
525.514465
528.542114
532.728333
536.485718
539.238403
541.950256
544.830811
545.824768
543.418091
539.608337
537.531738
537.537170
537.561584
535.751831
531.934021
527.801880
525.223450
524.389099
524.805847
526.837830
530.597900
534.836121
538.406433
541.416443
544.068970
545.438904
544.429932
541.699097
539.012939
536.993164
535.086670
532.781555
530.003052
527.040588
524.636719
524.002747
525.785522
529.126648
532.704773
536.191467
539.847412
543.289856
545.558655
546.209045
545.388489
543.210632
540.276794
537.817261
536.245422
534.561584
531.524841
527.349304
524.198608
524.036621
526.243896
528.678772
530.795288
533.932190
538.398560
542.439880
544.597778
545.004395
544.032532
541.759155
538.952759
536.859802
535.450317
532.996155
528.722839
524.829895
523.777222
525.003113
526.305481
527.057800
528.771179
532.661133
537.401978
540.806641
542.929382
544.850220
545.616394
543.535950
539.665344
537.114685
536.660217
535.479248
531.389526
526.314392
523.749634
524.183105
525.649963
527.681580
531.199036
535.549133
539.056213
541.703857
544.337585
545.921204
544.469604
540.689697
537.770813
537.030640
536.925415
535.678711
532.571594
528.539185
525.469116
524.144958
524.390259
526.271545
529.664490
533.609375
537.182373
540.510803
543.760437
545.642273
544.752319
541.902710
539.291626
537.818970
536.472656
534.053345
530.664185
527.230652
524.530273
523.473999
524.930664
528.411560
532.311890
535.764771
539.074219
542.408691
545.113342
546.311401
545.576355
543.394226
540.822754
538.399475
536.159790
534.170715
532.102661
529.224915
525.848328
523.807312
524.533386
527.371948
530.689636
533.960815
537.543091
541.162170
543.946533
545.258850
544.785767
542.506042
539.170471
536.450256
535.225342
533.849670
530.476746
526.350464
524.147217
524.585022
526.323364
527.860596
529.283447
532.137024
536.576294
540.542114
542.867615
544.303284
545.043640
543.832458
540.429199
537.205261
536.117737
535.373169
532.177979
527.491333
524.635254
524.565247
525.767639
527.582275
530.634644
534.678894
538.279053
540.951538
543.711243
545.991699
545.235962
541.489380
538.200500
537.181885
536.325073
533.511169
529.879639
527.230225
525.559692
524.621948
524.679993
526.044006
528.942383
532.750061
536.330811
539.683899
543.293518
545.945068
545.583252
542.414062
539.170654
537.710754
536.927856
534.761902
530.939087
527.005920
524.483948
523.840210
525.008606
527.954712
531.889587
535.290344
538.102966
541.530762
544.992737
546.505432
545.681824
543.415894
540.527100
538.197815
537.064453
536.128052
533.725830
529.365112
524.910339
523.052063
524.468872
527.521973
530.368652
532.920227
536.350769
540.798523
544.578369
545.870056
544.740967
542.388916
539.469116
536.950378
535.788696
534.713196
531.519897
526.728821
523.463745
523.539612
525.806824
528.514771
531.031677
533.282654
535.784973
539.261169
542.931763
545.246521
545.613708
543.910522
540.580017
537.598267
536.621094
536.139587
533.235474
528.307861
524.785278
524.219238
525.127258
526.502991
529.328369
533.773254
537.803040
540.383423
542.949951
545.786255
546.276184
542.877563
538.331909
536.418457
536.649658
535.125732
530.612366
526.121521
524.136108
524.210205
525.136597
526.571411
528.811279
531.855713
535.171509
538.675049
542.520447
545.532593
545.815369
543.240479
539.970642
538.138306
537.400574
535.668823
532.117126
528.121948
525.278137
523.955688
524.322388
526.828430
530.834106
534.682251
537.706665
540.745361
543.966370
545.691711
544.566162
541.614624
539.054077
537.756531
537.043518
535.968933
533.621399
529.937378
526.305786
524.271423
524.514954
526.540283
529.153809
532.025024
535.644775
539.769958
543.194092
544.800293
544.430054
542.726196
540.337952
537.901123
536.200745
534.967224
532.521240
528.288696
524.463318
523.596619
525.575806
528.399841
531.046692
533.836060
536.724487
539.441467
542.057373
544.174927
545.146790
544.431030
541.822693
538.558533
536.540649
535.770203
534.033875
529.984680
525.594971
523.852905
524.921570
526.927429
529.403564
533.037964
537.111084
540.288513
542.879761
545.343506
545.992493
543.205383
538.850830
536.551880
536.581177
535.470703
531.393311
526.757874
524.353333
524.139221
524.791382
525.802429
527.752075
531.223816
535.321289
538.600464
541.369568
544.403809
546.145996
544.560608
540.769775
537.840942
536.785400
535.765259
532.955933
528.927429
525.645752
524.049622
524.218323
526.492920
530.283569
533.893311
536.792725
539.997803
543.637512
545.791870
544.900024
542.041748
539.535950
538.347839
537.671204
536.303833
533.713684
530.249573
526.959473
524.818359
524.217224
525.413879
528.315979
531.916138
535.436035
539.074890
542.602112
544.859070
545.145325
543.750793
541.328674
538.726868
536.794128
535.387207
533.134583
529.179932
525.008423
523.306458
524.797913
527.704651
530.470154
533.426086
537.073669
540.471008
542.822998
544.374084
545.085266
544.503784
542.319946
539.095581
536.651306
535.810608
534.505432
530.669434
525.973816
523.729858
524.448059
526.331543
528.482971
531.559143
535.848389
539.981812
542.693848
544.395935
545.152222
543.659424
540.240356
537.724609
537.254944
536.256531
532.603516
527.902771
524.983643
524.407776
524.827881
525.459229
526.925354
530.172180
534.705811
538.526733
540.988464
543.415222
545.503906
544.894714
541.507324
538.346619
537.190491
536.360962
533.647583
529.570312
526.283386
524.746521
524.680481
526.033691
528.905457
532.614502
536.140381
539.441589
542.892090
545.395081
545.154297
542.411316
539.378479
537.654785
537.117920
536.670898
534.956360
531.510254
527.680725
525.173706
524.435730
525.261230
527.487976
530.604736
534.048035
537.769165
541.520508
544.266602
544.945618
543.595825
541.380066
539.237793
537.353088
535.658081
533.420898
529.798889
525.839600
523.842712
524.562500
526.874207
529.616272
532.738220
536.776062
541.028259
543.754761
544.662292
544.844604
544.643005
543.232666
540.189087
536.941589
535.388428
534.781372
532.290222
527.573181
523.980591
523.887695
526.019348
528.450867
531.187744
534.844238
538.815674
541.991882
544.162476
545.271912
544.352783
541.174683
537.811401
536.350342
535.837952
533.352783
528.500793
524.609863
523.996460
525.398193
526.884216
528.061035
529.887756
533.240967
537.193787
540.437683
543.345032
545.791443
545.707581
542.542297
538.970154
537.281494
536.573730
534.521790
530.689392
527.031250
525.112549
524.609314
525.209595
527.595825
531.641113
535.782593
538.974548
541.821716
544.650391
545.760010
543.741333
540.196716
537.863220
537.049377
536.117188
534.395752
531.903809
528.467529
525.200928
523.806702
524.692139
527.267029
530.450195
533.394348
536.479675
540.406006
544.285400
545.973633
544.700195
541.962280
539.409790
537.444214
535.870483
533.991089
530.854004
526.876221
523.999146
523.781494
525.892761
528.772034
531.626526
534.943726
539.041199
542.857544
545.098938
545.769470
545.285767
543.598877
540.780273
537.744873
535.889282
535.022461
532.987976
528.843262
524.830505
523.713562
525.322266
527.682617
530.250366
533.682678
537.742554
541.316528
543.810303
545.070496
544.584351
542.136658
538.874390
536.736511
535.989197
534.238464
530.035522
525.780884
524.306580
525.126282
526.461548
527.932678
529.914795
532.813538
536.405762
539.615906
542.387024
545.059082
545.953430
543.404968
539.369446
537.430115
537.512146
536.160278
531.840698
526.987854
524.635986
524.817505
525.776184
527.305237
530.376770
534.606628
538.551697
541.787964
544.497314
545.580383
543.850952
540.753967
538.756042
537.788696
536.048340
533.047363
530.094727
528.069092
526.320862
524.701355
524.460571
526.476074
530.014771
533.397156
536.064819
539.197510
543.250793
546.092834
545.353760
541.968994
539.024902
537.754700
536.946045
535.000183
531.324280
527.073059
524.348755
524.041870
525.544861
528.081848
531.173279
534.726929
538.788574
542.533813
544.616455
544.768188
543.885010
542.742798
541.073608
538.476990
536.044189
534.894470
533.666260
530.313354
525.820679
523.459290
524.508606
527.162048
529.836731
532.922729
536.761292
540.551453
543.552490
545.345642
545.218506
542.723511
538.966003
536.410583
536.045776
535.443359
531.950073
526.941345
524.095337
524.489075
526.230103
528.114258
530.962708
534.990234
538.523682
540.598938
542.230652
544.275391
545.695984
544.465393
540.651245
537.332031
536.558960
536.291870
533.434021
528.517944
525.000610
524.353394
525.098694
526.570435
529.593384
533.724854
537.279114
539.986328
543.062256
545.850769
545.547729
541.813293
538.044983
536.762939
536.545654
534.568176
530.478333
526.499146
524.364441
523.768799
524.061707
525.635864
528.756287
532.374878
535.368835
538.226807
541.808411
545.058716
545.831787
543.610352
540.307495
538.069580
536.903076
535.334534
532.466980
528.734985
525.477112
524.030273
524.952332
527.477295
530.254578
533.135010
536.845398
541.111389
544.492493
545.696350
544.610901
542.166443
539.448730
537.372559
536.382202
535.841064
534.347961
531.018311
526.773376
524.028564
524.291199
526.689880
529.511230
532.247192
535.536560
539.434509
542.776550
544.733276
545.278625
543.912903
540.550171
537.330872
536.356323
536.057922
533.137695
527.880676
524.119446
523.990906
526.047363
528.284851
530.512451
533.750610
537.918579
541.228760
542.905762
544.215149
545.492859
544.934265
541.738647
538.184143
536.759949
536.492188
534.253784
529.571350
525.599609
524.628540
525.482971
526.511292
528.374512
532.116943
536.586243
539.980896
542.452271
544.750122
545.604187
543.404175
539.649597
537.381348
536.755493
535.297302
531.729553
527.463623
524.786621
524.336548
524.909546
525.824890
527.871216
531.232910
534.706482
537.838318
541.318176
544.686829
545.910645
544.025024
540.769592
538.470886
537.372253
535.979004
533.234558
529.597290
526.188232
524.005554
524.074707
526.545166
529.903748
532.877747
535.894714
539.657227
543.538269
545.728760
545.040710
542.355530
539.514771
537.498840
536.385986
535.814026
534.719666
532.008545
528.094238
524.839783
523.881897
525.344055
528.133911
531.322632
534.731384
538.344177
541.720398
544.141602
545.118530
544.209290
541.283813
537.789001
535.898376
535.538147
534.026855
529.839905
525.314331
523.681152
525.003296
527.241699
529.587646
532.828491
537.007568
540.511292
542.306152
543.308167
544.500305
545.022095
543.231628
539.553162
536.816101
536.323486
535.369263
531.347961
526.280273
524.018677
524.937866
526.612061
528.186523
530.890015
534.994202
539.087769
542.241455
544.586121
545.531555
543.909180
540.554382
537.958923
536.899719
535.641663
532.570435
528.583496
525.836731
524.723328
524.261047
524.423889
526.375305
530.450684
534.695374
537.363831
539.640747
543.149597
546.280457
545.897400
542.137268
538.476074
537.053955
536.444885
534.263245
530.372681
526.636536
524.500061
524.177307
525.485229
528.231506
531.920715
535.684448
539.063477
542.237854
544.704163
545.198730
543.420532
540.514954
538.007263
536.608215
535.955017
535.117676
532.919739
529.021545
525.093933
523.491089
524.791138
527.648071
530.743408
533.890198
537.409607
541.208557
544.297852
545.485779
544.576294
542.049194
538.797119
536.521179
535.891541
534.758911
530.960876
525.983215
523.485107
524.717102
527.374817
529.338745
531.378479
535.072815
539.829468
543.486572
545.046753
545.276306
544.866516
543.358765
540.483459
537.590637
536.164062
535.227844
532.371887
527.792542
524.589905
524.289307
525.522095
527.410095
530.458008
534.471436
538.263367
541.208008
543.802307
545.771118
545.153015
541.493164
537.743958
536.628113
536.737122
534.408997
529.358765
525.289551
524.327881
525.169800
526.340088
527.590637
529.511169
532.689636
536.466553
539.957214
543.243164
545.785400
545.823425
542.983643
539.606873
537.910034
537.149170
535.023621
531.072754
527.182678
525.007507
524.493774
525.256714
527.571716
531.013855
534.486877
537.980164
541.761353
544.852112
545.759399
544.010132
540.963379
538.556763
537.221191
535.874207
533.616821
530.868164
528.310791
525.887695
524.096985
524.279358
526.783325
530.147400
532.966919
535.871094
539.876892
543.855896
545.822327
545.157898
542.451416
539.205994
537.229980
536.550293
535.173828
531.563171
526.635132
523.401611
523.936951
526.751404
529.029663
530.720337
533.857666
538.706299
543.044922
545.104370
545.319946
544.813843
543.566650
541.039185
538.107727
536.494934
535.760376
533.367676
528.778381
524.806702
523.815552
525.105042
527.083740
529.678772
533.265991
537.224060
540.773010
543.725159
545.706177
545.572571
542.528503
538.294678
536.333008
536.925293
535.928894
531.053589
525.710083
523.845581
524.886597
526.529175
528.547852
531.350037
534.119873
536.428711
539.124512
542.528320
545.579529
546.353516
543.680237
539.465210
537.023438
536.678650
535.818237
532.739319
528.460938
525.206055
524.061340
524.732178
527.030518
530.607666
534.096802
536.904602
540.116638
543.982788
546.425537
545.395996
541.821716
538.582642
536.992554
536.018005
534.096191
530.799194
527.348083
524.978699
523.769348
524.045532
526.333618
529.690430
532.592346
535.173828
538.646118
542.803833
545.711304
545.849854
543.519409
540.219788
537.565369
536.170105
535.001831
532.455750
528.341248
524.649414
523.656067
525.457031
528.307617
531.077271
534.116272
537.681763
541.105225
543.693848
545.128540
544.808228
542.466797
539.401794
537.108093
536.037781
535.848755
534.609314
530.528198
525.413513
522.947998
524.154419
526.962341
529.648376
532.569397
536.174133
539.664124
542.538879
544.992249
545.920349
543.661987
539.513367
537.055481
537.008484
535.999268
531.841614
526.895569
524.457703
524.703674
525.902771
527.584534
530.668945
535.006409
538.618042
540.360168
541.633118
543.842102
545.673340
544.681824
541.051270
537.813416
536.830994
536.368042
533.826843
529.533142
525.908630
524.126099
524.044312
525.948364
529.700256
533.663757
536.603943
539.325378
542.799316
545.728394
545.698547
542.630310
539.181702
537.321838
536.454407
534.906982
531.839600
527.919617
524.550842
522.758423
523.037170
525.316528
528.584595
531.649780
534.593994
538.243042
542.283936
545.090637
545.314453
543.311768
540.729736
538.629944
536.895874
535.068726
532.633484
529.313721
526.022339
524.377014
524.931702
526.946777
529.651062
532.994934
536.941406
540.695312
543.372314
544.673950
544.584961
543.018555
540.258118
537.484497
535.810791
535.242676
534.494019
531.687439
527.121826
523.911926
524.039917
526.193176
528.589783
531.358826
535.045593
539.027039
542.370300
544.727356
545.563538
543.972229
540.505127
537.636902
536.892090
536.371887
533.116943
527.897644
524.614197
524.688110
525.920715
527.023499
529.326599
533.595581
538.150146
541.039856
542.366943
543.553772
544.918213
544.859802
542.318298
538.980103
537.182495
536.383118
534.113892
530.111511
526.495789
524.582275
524.304260
525.567993
528.385559
532.229187
535.936707
538.859436
541.838135
545.101379
546.263184
543.617798
539.537354
537.368652
537.048218
535.954102
532.428528
527.698547
524.522278
523.800964
524.315369
525.569275
527.876770
530.641357
533.396545
536.975159
541.538025
545.071472
545.514343
543.393005
540.925964
539.160645
537.622925
535.821777
533.364746
530.083435
526.779175
524.735229
524.691589
526.406006
529.072327
532.226440
535.946411
539.935852
543.145813
544.825562
544.798157
543.010986
540.181030
537.795715
536.530884
535.889282
534.969788
532.441223
527.989441
524.122131
523.622009
525.915649
528.391174
530.323792
533.190369
537.544922
541.876221
544.582397
545.302795
544.142883
541.350952
538.256042
536.644897
536.159363
533.964844
529.119385
525.010254
524.430115
525.754395
526.710938
528.207764
531.896667
536.717407
540.481140
542.747986
544.278137
545.457031
545.576721
543.427002
539.780640
537.252258
536.419617
534.998962
531.559143
527.549072
524.943237
524.108582
524.903076
527.665894
531.889893
535.684753
538.115051
540.638123
544.181274
546.440186
544.833191
540.698120
537.707397
537.018005
536.341980
533.487732
529.045715
525.394897
524.078735
524.930847
527.011353
529.211853
531.087952
533.292542
536.298096
539.948975
543.574158
545.498047
544.583862
541.986450
539.526611
537.793335
536.425110
534.551697
531.427795
527.568909
524.545532
523.744324
525.452515
528.627197
531.846741
534.866028
538.393372
542.090027
544.644470
545.379089
544.109741
541.059998
537.733337
535.980591
535.884399
535.841736
533.887146
529.302368
524.547729
523.144714
525.241943
528.159363
530.430359
533.084839
536.973511
540.920593
543.593323
544.887695
544.756958
542.761902
539.359497
536.565735
535.679749
534.758789
531.282532
526.601196
524.152466
524.550964
525.990662
527.998474
531.461243
535.835144
539.364929
541.844910
544.232910
546.175781
546.333191
543.842468
539.608154
536.738037
536.808777
536.821960
533.298279
527.571472
523.861755
523.760864
525.539185
527.561279
529.914246
533.089783
536.846130
540.796753
544.479736
546.289429
544.756348
541.188110
538.548584
537.705688
536.643127
533.634583
529.517944
526.266541
524.662292
524.403198
525.693787
528.584839
531.706421
534.033447
536.095947
538.733582
542.163147
545.228333
545.941467
543.830322
540.520630
537.793457
536.081116
534.640320
532.316345
528.707825
525.143188
523.714050
525.150635
528.211731
531.140991
533.623901
536.860962
541.171814
544.753357
545.655151
543.913208
541.181519
538.828552
537.099182
535.578430
533.388611
530.123657
526.897461
524.871399
524.215698
524.905151
526.542419
528.829102
532.296997
536.711121
540.448853
542.708313
544.179626
544.900146
543.694702
540.390015
537.075134
535.826355
535.463135
532.825317
527.834839
524.190674
524.156311
526.181213
528.334534
530.831970
534.365845
538.269714
541.630615
544.276794
545.530762
544.458313
541.791016
539.127808
537.436218
537.201599
536.957642
533.891785
528.586975
524.919922
524.454895
525.285461
526.241516
528.549622
532.921936
537.542175
540.606140
542.759338
544.770264
545.235046
542.916199
539.363892
537.112305
536.378967
535.110352
531.841919
527.461060
524.107605
523.139709
524.750732
528.354553
532.194519
534.424744
535.320984
537.030396
541.014526
545.633362
547.194885
544.402344
540.082031
537.580200
537.049194
536.115967
533.129089
529.002502
525.874756
524.649231
524.936462
526.483032
529.234070
532.870056
536.958191
540.910828
543.809082
544.997375
544.686096
543.091736
540.128113
536.844666
534.896606
533.982910
532.012390
528.381104
524.857727
522.929016
523.283081
525.978882
529.277649
531.871460
534.685608
538.387024
542.097168
544.632568
545.267334
543.833862
540.953857
538.176636
536.867554
536.050476
533.084534
527.996704
524.454285
524.606873
526.371399
527.554077
529.093811
532.648499
537.459900
541.256165
543.282776
544.464111
544.781921
542.926453
539.155884
536.042847
535.344666
535.857300
534.709106
530.707825
526.213684
524.105469
524.341919
525.729065
528.416077
532.367310
536.033813
538.651733
541.465820
544.802490
546.191833
543.625366
539.251709
537.058228
537.330750
536.482422
532.426086
527.320496
524.423096
524.219849
525.244019
527.160767
530.505554
534.620483
537.914185
539.777405
541.378784
543.696045
545.456482
544.824341
542.082764
539.072266
536.987305
535.557922
533.715149
530.743408
527.148560
524.386475
523.743713
525.618530
529.140869
532.696716
535.885315
539.635864
543.631836
545.923462
545.507629
543.269104
540.502563
537.944885
536.033813
534.630127
532.538818
529.008118
525.402283
523.629395
523.830933
525.314270
527.747986
530.621460
533.794250
537.680786
541.757874
544.654480
545.632751
544.598511
541.800476
538.480652
536.428589
535.803101
534.210144
530.048706
525.593628
523.951416
525.136780
527.179199
529.197876
532.008972
536.032837
540.073181
542.943481
544.713989
545.290100
543.564880
539.754028
536.614624
536.058899
536.644653
535.543274
531.630676
526.997498
524.700195
525.106384
526.487000
528.214050
531.077087
534.968872
538.535950
541.352661
543.997437
545.669189
544.605530
541.156921
538.100647
537.138550
536.454895
533.492371
529.009644
525.734070
524.457031
524.594971
526.403259
529.853882
533.676941
536.892639
539.841248
543.029541
545.709595
546.630737
545.260254
542.165405
539.186218
537.675293
536.657776
534.444763
530.877441
527.124390
524.480530
523.831299
525.476257
528.717651
532.119995
535.040100
538.344482
542.437134
545.499573
545.520203
542.988831
539.987000
537.890198
536.780701
535.691589
533.233276
529.227051
525.424194
523.880371
524.828674
526.676453
528.331116
530.175598
532.876587
536.744080
541.115234
544.330750
545.419067
544.614868
542.323914
539.176392
536.640808
535.668640
534.754639
531.591675
526.814392
523.778320
524.169434
526.363892
528.620850
531.215088
534.921509
539.224365
542.799133
545.013916
545.722534
544.222961
540.605591
537.236389
536.135254
536.329590
535.579712
532.488342
527.766479
524.529785
524.457520
525.840454
527.354187
529.842651
533.781311
537.893250
541.011536
543.426270
545.206543
545.004456
542.181152
538.690735
536.926636
536.234497
533.939270
529.868652
526.526550
525.078003
524.674744
525.295898
528.135437
532.687561
536.581055
539.395142
542.759949
546.425659
548.141235
546.380005
541.947632
538.190735
537.646912
538.422913
536.673645
531.870239
527.152283
524.856384
524.446838
525.168579
527.347046
530.690002
534.208069
537.590210
541.076294
544.257568
545.781067
544.709106
541.856506
538.971558
536.979126
535.561584
533.571960
530.148560
526.081482
523.394348
523.555908
526.199585
529.484070
531.862610
533.587097
536.122437
539.852539
543.353210
545.160767
544.993530
543.108948
540.059448
537.307983
536.034851
535.098389
532.258057
527.632568
524.120850
523.810974
525.706543
527.916077
530.405884
534.072510
538.356689
541.826355
544.104675
545.359741
544.679321
541.289917
537.357056
536.020569
536.398621
534.898499
531.009949
527.014099
524.524292
524.294861
525.647949
527.056213
528.847107
532.308167
536.789001
540.506042
543.048950
544.771851
544.957031
542.747070
539.365967
537.293701
536.695984
534.973083
531.009705
527.023010
525.054138
524.757690
525.486938
527.664612
531.245972
534.962830
538.033813
541.120728
544.332092
545.876404
544.514832
541.623535
539.152649
537.682373
536.826416
535.438599
532.574585
528.897644
525.963562
524.554199
524.750916
526.804199
530.257690
533.706116
536.723206
540.089478
543.618896
545.515381
544.687927
542.143738
539.466919
537.505127
536.118896
534.270386
531.186401
527.440247
524.634460
524.156433
525.912415
528.575684
531.102966
533.288879
535.752258
539.290955
542.969604
544.908936
544.820374
543.378479
540.953735
538.190552
536.126465
534.895691
532.919067
529.007751
525.004395
523.790222
525.362000
527.648865
530.053284
533.395325
537.433167
540.872314
543.210815
544.733826
544.952454
542.892090
539.249084
536.524902
535.767578
534.725952
531.243652
526.593323
523.555298
523.126587
524.259705
525.866150
528.230713
532.049866
536.559082
539.908020
541.886719
543.925110
545.352295
543.692017
539.632568
536.858826
536.494385
535.780212
532.428772
527.821594
524.927979
524.401611
525.158875
527.235352
530.911438
534.900940
537.875732
540.418823
543.451050
545.586182
544.575317
541.032776
537.988892
537.047974
537.157593
536.400146
533.797913
530.031189
526.710266
524.817261
524.401245
525.710327
528.857849
532.624390
535.885864
539.129395
542.711365
545.170898
544.945312
542.712036
540.311829
538.388000
536.509033
534.251953
531.432922
528.265198
525.322327
523.593567
524.411560
527.588257
531.186584
534.680664
538.584106
541.858154
543.520813
543.871399
543.471802
543.062195
542.535522
540.622314
537.403320
534.620239
532.611694
529.878967
526.344727
524.103699
524.405396
526.399109
529.028320
532.262756
536.148376
539.993408
542.937256
544.619263
544.848938
543.147339
539.863770
537.206299
536.601440
535.622803
531.528625
526.314392
523.480896
523.325989
524.776978
527.173401
529.615784
531.567261
533.415771
536.217102
540.750305
545.702637
547.674072
544.752991
539.524109
536.625549
537.223877
537.516174
533.948181
528.234070
524.670471
524.419678
525.423279
526.497986
528.651367
532.565857
537.089966
540.986511
544.013855
545.289978
543.963440
541.655579
540.248291
539.376160
538.192749
536.247498
533.382263
530.351013
527.688293
525.202087
523.597534
524.538574
528.454041
533.163635
536.124023
537.845459
540.645874
544.396973
546.125244
543.977356
539.752136
536.668213
535.903137
535.804871
533.721619
529.131470
524.629822
523.157959
525.108643
528.292175
530.482971
531.957214
535.010193
540.454407
545.684082
547.757996
546.572754
543.954956
541.771606
540.517883
539.117859
536.443787
532.497009
528.593567
526.269775
525.798889
526.260498
526.840881
527.914185
530.753296
535.559265
540.272888
542.877258
543.859802
544.451721
543.936279
541.138123
537.411072
535.424255
535.144836
533.396179
528.838806
524.685242
523.895447
525.316772
526.465210
526.888062
528.610535
533.604919
539.928955
543.610107
544.246033
543.975525
543.281494
541.701233
539.643616
537.756104
536.112610
533.806091
530.164368
526.602722
524.739502
524.208557
524.908386
527.968262
532.650940
536.421204
538.878357
541.794556
545.168152
546.465576
544.110596
539.871277
537.039246
536.797119
537.300110
535.931458
531.922241
527.283997
524.384827
523.495117
524.698303
528.732788
533.703308
536.042114
536.102478
537.811096
542.549011
547.070496
547.357849
543.015686
537.817688
535.553955
535.744751
534.699951
530.687561
525.962219
523.389709
523.946594
526.844421
530.052612
532.462402
535.246033
539.340210
543.321533
545.369873
545.599854
544.913391
543.242798
540.183411
536.722839
535.089355
535.329834
534.027893
529.203369
523.732910
521.656311
523.877747
528.311157
532.237549
534.851562
537.510620
540.912048
543.948608
545.445435
544.729248
541.545410
537.577148
535.678345
535.693054
534.234863
529.927307
525.584045
524.150513
525.306824
526.923767
527.927795
529.302429
532.475464
536.854248
540.473206
542.708252
544.232910
544.713074
542.939758
539.691406
537.515808
536.731201
534.811646
530.744019
526.946350
525.398987
525.122009
525.248840
526.980652
530.936951
535.476929
538.896545
541.478577
544.041931
545.651917
544.474243
540.868530
537.749634
536.649109
536.013306
534.506653
532.244141
529.279663
526.109680
524.096558
524.412354
526.977966
530.441650
533.714539
536.812744
540.218689
543.761169
545.780945
544.665039
541.435120
538.798157
537.645081
536.617310
534.375977
530.742493
526.788147
524.156799
523.877808
525.788757
528.676636
531.542175
534.693848
538.570068
542.523376
545.333496
546.137512
545.175415
543.246582
540.743835
538.152466
536.264832
535.042969
532.831726
528.628845
524.655334
523.620544
525.303772
527.824036
530.210327
533.184692
537.291931
541.210510
543.664429
544.825989
544.667297
542.553955
539.171448
536.747375
536.124634
534.910522
530.837952
525.862000
523.468872
524.049316
526.033936
528.703674
531.929565
535.082031
537.781067
540.343567
542.662170
544.375610
544.931396
543.274231
540.036682
537.808838
537.112549
535.403809
531.364685
527.119507
525.107910
525.031555
525.440063
526.743408
530.131348
534.680664
538.284302
540.765686
543.468933
545.813660
545.332275
541.736450
537.975769
536.389709
535.868469
533.975586
530.584717
527.559814
525.606934
524.221741
524.019409
525.917053
529.251648
532.736694
536.002930
539.439087
542.737183
544.590332
544.669250
544.047729
542.657043
539.354431
535.107788
532.257385
531.170227
530.261780
527.860901
524.365417
523.185242
526.587769
531.971802
535.805176
538.016907
540.242676
543.090271
545.554810
546.096313
544.459229
541.281555
537.691406
535.561768
535.116272
534.220520
531.134094
526.732178
524.006104
524.350342
526.169556
528.442566
532.038330
536.940308
541.262451
543.506409
544.219788
544.349243
543.270325
540.436157
537.392395
535.911316
534.921143
531.787048
527.002319
524.076111
524.290161
525.750244
527.462585
530.404053
534.569946
538.187805
540.391663
542.136353
544.159973
545.498413
544.366272
540.922363
537.917114
537.068237
536.391357
533.171570
528.371521
525.278137
524.778564
525.400940
526.769470
529.456909
533.002441
536.570190
540.069031
543.585266
546.116028
545.741150
542.390564
538.870789
537.273010
536.598511
534.859619
531.485046
527.744934
525.268860
524.121094
523.799866
525.047668
528.240173
531.981079
535.167664
538.322998
541.940247
544.913940
545.517456
543.559998
540.520142
537.835388
536.128723
535.016968
533.097107
529.640747
525.808289
523.535706
524.105347
527.075806
530.585266
533.743958
537.181580
540.821289
543.614685
544.970154
544.718506
542.796387
539.771118
537.044006
535.700623
535.417053
534.562927
531.439087
526.823853
523.933167
524.350525
526.506897
528.765747
531.441345
535.246277
539.392090
542.486633
544.359070
545.153748
543.930725
540.523743
537.161743
535.926208
535.590759
533.088928
528.359253
524.835999
524.349243
525.406372
526.918884
529.713318
534.037354
538.242615
540.684387
541.853455
543.392273
545.125854
544.873657
541.902100
538.494019
536.965454
536.451599
534.233154
530.050049
526.325073
524.495850
524.275574
525.650146
528.956726
533.142822
536.428833
538.909729
542.027466
545.352722
546.178101
543.357422
539.488037
537.415344
536.666260
534.928589
531.361023
527.477600
525.150513
524.425110
524.333679
525.021179
527.289429
530.821350
534.471741
537.794800
541.080139
544.041260
545.373474
544.222900
541.456604
538.624573
536.628052
535.443237
533.872681
530.588684
526.308594
523.536621
523.897705
526.673767
529.929688
532.737488
535.792358
539.599670
543.151672
545.103271
545.056519
543.137756
539.889648
536.862305
535.583313
535.878784
535.676270
532.667664
527.573608
524.160461
524.323364
526.265381
528.153259
530.388733
533.952271
538.325134
541.331055
541.700317
542.370117
545.248596
545.742249
542.197449
538.526672
535.554260
531.688110
526.772095
523.327881
523.490112
525.674316
527.972534
530.524780
533.844666
537.290833
539.804688
541.996582
544.751099
546.609680
545.647461
542.302734
538.798340
536.999573
536.633789
535.283569
531.732605
527.605042
524.879211
524.158997
525.287964
528.180847
532.070862
535.530151
538.272278
541.218506
544.392822
545.849121
544.065735
540.443970
537.618286
536.458740
535.593201
533.225464
529.395691
525.899475
524.167358
524.368713
525.829895
527.913879
530.417297
533.199158
536.441833
540.322205
543.906677
545.532898
544.592102
542.139160
539.434143
537.117004
535.566284
534.223145
531.548767
527.476685
524.371277
524.206177
526.378418
529.072998
531.718567
535.044861
539.006409
542.418091
544.497314
545.115295
544.015625
541.174133
537.875244
535.884094
535.517395
535.391235
533.429504
529.229248
525.417786
524.383545
525.540710
527.377197
529.795837
533.423279
537.670898
541.041931
543.276917
544.908997
545.031250
542.502197
538.835266
536.783447
536.205322
534.189331
529.816406
525.843689
524.660217
525.357300
526.338867
528.241394
531.896606
536.113831
539.457703
542.068665
544.720947
546.727905
546.365540
543.491150
539.968811
538.023193
537.415100
534.991943
530.510132
527.153809
525.755005
525.522522
526.090027
527.801636
531.110718
534.491394
537.171448
540.347107
543.749756
545.476868
544.288330
541.338257
538.918335
537.552795
536.092957
533.513367
529.937012
526.454590
524.401062
524.591675
526.641357
529.273804
531.396362
533.199402
535.835266
539.605774
543.292053
545.310547
545.088562
543.117004
540.267212
537.628113
535.976135
534.693420
532.110840
527.886169
524.335815
523.952942
526.214172
528.777527
531.026672
534.011780
537.880005
541.548157
544.146729
545.253906
544.307800
541.379211
538.200684
536.730042
536.392822
534.805725
531.461670
527.623901
524.541016
523.724304
525.178528
527.057007
529.057495
532.427612
536.782532
540.388062
542.947876
544.994385
545.474060
543.020203
539.048950
536.714905
536.488525
535.367920
531.438477
526.793213
524.491699
524.728210
525.942932
527.940735
531.231995
534.886353
537.972412
541.195129
544.760681
546.545837
544.834595
541.259705
538.313293
536.847107
536.699890
536.247070
533.507935
529.025330
525.274353
523.885620
524.757751
527.074707
529.990417
532.860596
535.869202
539.695923
543.874756
546.227844
545.137390
541.846191
538.875854
537.229065
536.201294
534.478088
531.255554
527.264771
524.403687
524.062683
526.017761
528.824585
531.208069
533.010742
535.125305
538.397095
542.222839
544.949829
545.492981
543.939026
541.106445
538.123901
536.103821
535.125977
533.388855
529.362610
524.875122
523.244751
524.913818
527.675415
530.257690
533.244385
536.935486
540.505798
543.394348
545.458801
545.610474
542.781555
538.440002
535.860596
535.981812
535.485229
531.448914
525.839966
522.393616
522.193298
523.947998
526.163086
528.750732
532.347534
536.201843
539.087524
541.532898
544.310364
545.912781
544.284119
540.319153
537.253357
536.398987
535.522583
532.441833
528.192261
525.231812
524.200500
524.554321
526.733643
530.835632
535.161194
538.239014
540.644897
543.500854
545.832214
545.270325
541.716675
538.055664
536.464539
536.318359
535.961426
534.175293
530.670288
526.701233
524.108154
523.803406
525.766846
529.188904
532.686523
535.718567
539.066101
542.801697
545.184814
544.885742
542.673889
540.058350
537.854675
536.212585
534.591797
531.939392
528.210632
524.941345
523.613159
524.619995
527.389343
530.799561
534.242615
537.693787
540.616516
542.576416
544.038696
545.042603
544.726257
542.417908
538.712280
535.805359
534.993896
534.050232
530.382751
525.636902
523.472351
524.542603
526.754211
529.006958
532.074951
536.180664
540.122803
543.039795
545.014954
545.570801
543.539368
539.503723
536.383301
535.751831
535.298645
532.137878
527.330994
524.471802
524.513123
525.381226
525.947815
527.272095
530.629456
535.334106
539.156799
541.492920
543.661682
545.511230
544.961121
541.571045
537.992249
536.376282
535.452881
533.093018
529.437561
526.187195
524.524597
524.561462
526.345215
529.817810
533.643982
536.541504
539.298340
542.843262
545.682800
545.592590
542.694885
539.388916
537.527771
536.822327
535.993774
533.992798
530.823364
527.643311
525.298584
524.200012
525.197876
528.357422
532.131165
535.308655
538.371582
541.739197
544.374451
545.144775
543.934814
541.411560
538.679138
536.624939
535.052612
532.777771
529.137695
525.341370
523.557068
524.575256
527.278625
530.232361
533.321350
537.178833
540.932312
543.108032
544.080322
544.688538
544.535645
542.902649
540.031372
537.415588
535.988403
534.472473
531.152710
526.884644
524.439758
524.749512
526.277832
528.097534
531.082336
535.622253
540.046387
542.801392
544.376343
545.191711
543.918518
540.430725
537.524353
536.759094
535.937866
532.777283
528.381592
525.458191
524.851868
525.533386
526.517761
527.674744
529.661438
533.084656
537.432373
541.306946
544.130066
546.050293
545.617493
541.836060
537.797974
536.567078
536.278564
533.810242
529.697388
526.433105
524.847473
524.458313
525.477844
528.335327
532.231934
535.890503
539.174133
542.475708
545.005249
545.275391
543.132080
540.116272
537.670654
536.146301
535.296631
534.268372
532.001709
528.583679
525.373657
523.904297
524.874878
527.533997
530.581726
533.895752
537.894348
541.815308
544.377808
545.118103
544.184692
541.914978
538.914795
536.269653
534.728333
533.237183
530.245300
526.405273
524.069214
524.543579
526.834106
529.325500
531.998413
535.635559
539.730164
542.996948
544.958435
545.841370
545.614258
543.600403
539.864319
536.630554
535.706299
535.159363
531.954712
526.991699
524.094971
524.708740
526.720154
528.284241
530.106995
533.393677
537.608704
541.723206
545.496521
547.593323
545.826477
540.965881
536.826782
535.790833
536.102600
534.028320
528.983459
524.792480
524.132019
525.506287
526.925781
528.240112
530.183167
533.152771
536.486694
539.717712
543.096558
545.526550
545.072327
542.155457
539.286377
537.836243
536.869141
534.641541
530.947144
527.455078
525.336304
524.376099
524.673889
527.121521
531.310425
535.218323
538.174927
541.234680
544.346558
545.649780
543.970459
540.711792
538.229187
537.392334
536.939880
534.976929
531.395325
527.160339
523.354370
522.147217
524.516663
528.325317
530.996521
532.617432
535.569885
540.582764
544.896667
545.966919
544.380493
541.881592
539.410828
537.587280
536.481567
534.788452
531.305237
527.095154
524.605225
524.753845
526.233337
528.032043
530.881897
535.142029
539.318237
542.037354
543.760986
545.389404
546.346375
545.012390
541.094482
537.086548
535.750061
535.941345
533.671814
528.250854
523.769592
523.249146
525.522217
528.590881
531.900024
535.102112
537.672180
539.806335
542.280701
544.830017
545.273621
542.253845
538.263855
536.743286
536.859741
534.919861
530.307556
526.191956
524.649902
524.832458
525.959656
528.481445
532.084778
535.222229
537.208008
539.113831
541.902893
544.796692
545.767517
543.737366
540.163757
537.512634
536.391418
535.273193
532.770081
529.150940
525.893433
524.331726
524.993835
527.538147
530.347290
532.318604
535.753601
542.491211
548.210693
547.718018
542.611450
538.372009
537.747803
538.762024
537.666016
533.575378
529.016785
526.293335
525.328430
525.056824
525.278870
526.396729
528.622070
532.154541
536.619385
540.439514
542.588257
543.889893
544.866333
544.136658
540.880066
537.093933
535.380615
535.180664
533.202026
528.514526
524.514587
524.036865
526.045349
528.523132
531.148193
534.251343
537.612732
540.899292
543.960022
545.950012
545.109253
541.207031
536.986938
535.161865
535.783020
536.605774
534.636292
529.720276
525.553101
524.650391
525.715759
526.990417
528.877319
532.358276
536.670898
540.354553
543.229248
545.252991
545.296448
542.855408
539.619568
537.768372
536.931824
534.805481
530.881470
527.034790
524.800171
524.364075
525.559265
528.211975
531.607178
534.593506
536.549927
538.247620
541.137878
544.781860
546.321594
544.150696
540.400940
538.028381
537.183594
535.980896
533.170593
529.252991
525.961853
524.521179
524.943542
526.850525
529.691162
533.001709
536.630737
540.371399
543.640137
545.344666
544.728027
542.344910
539.466614
537.192200
536.018921
534.924194
531.997192
527.352051
523.538391
522.311523
523.338562
525.647888
528.362244
531.267761
534.849548
538.908142
542.363403
544.500916
545.166870
544.185730
541.574768
538.365112
536.404114
535.710449
533.477600
528.648315
524.609436
524.195740
525.889832
527.408508
529.189270
532.562500
537.087036
541.105652
543.802673
545.342773
545.139221
542.316040
538.235107
535.736023
535.873596
536.742798
535.245911
530.798706
526.478088
524.866760
525.145752
525.866272
527.605225
531.191589
535.608643
539.414062
542.534241
545.046753
545.673889
543.328979
539.678101
537.688599
537.342651
535.945557
532.502563
528.497498
525.523132
524.340698
525.095398
527.464417
530.592468
533.645569
536.746582
540.167297
543.237305
545.255432
545.715027
544.152771
541.464111
539.144470
537.524109
535.948120
533.364624
529.745117
526.692017
525.311279
525.434143
526.607544
528.294250
530.735901
534.945557
540.234192
544.004883
544.931152
544.120300
542.814575
540.898621
538.187683
535.745178
534.446716
532.865906
529.373596
525.591309
524.132568
524.803345
526.170349
527.992432
530.422119
533.521973
537.326660
540.987854
543.500000
544.840820
544.744202
542.387939
538.664429
536.312500
535.941711
534.545715
530.239563
525.451233
523.471497
524.487854
526.662415
529.224976
532.584656
536.425781
539.726501
542.413391
544.877686
545.844543
543.566650
539.330994
536.581238
536.426758
536.884521
535.663513
532.087646
527.862000
525.263428
524.498474
524.927063
526.874878
530.487610
534.698303
538.298401
541.317200
544.144470
545.647095
544.220398
540.642944
537.693604
536.544250
535.600647
533.199463
529.624268
526.354065
524.465210
524.430237
526.530579
530.042786
533.330261
536.003113
539.233704
543.256531
546.462524
547.222473
545.190613
541.633545
538.775574
537.507751
536.923645
535.791504
532.843628
527.854126
523.216736
522.223938
525.511780
530.110779
532.946655
534.585632
537.422119
541.592102
544.978699
545.784790
543.896851
540.602173
537.622803
536.176575
535.697632
533.744019
529.312927
525.098022
524.072937
525.742249
527.673645
528.729370
529.845825
532.476318
536.357361
539.935852
542.527527
544.428772
545.680481
544.956360
541.072205
536.097839
533.445068
533.072632
531.886597
528.565918
525.165771
523.813049
524.934021
528.342346
532.937256
536.561218
538.520142
540.636902
544.086670
546.603333
545.062317
540.455566
537.195496
536.919373
537.033142
535.464050
532.080383
527.644348
524.452881
524.153503
525.697693
527.701721
530.026733
532.966064
536.585938
540.606384
544.442932
546.643127
545.484314
541.479248
537.482727
535.833496
536.096924
535.414307
531.797668
526.800049
523.631470
523.721191
526.276001
529.531860
532.179810
534.691711
538.301941
542.545715
545.250427
545.332947
543.955505
542.169922
540.016846
538.005554
536.729004
535.588928
533.130859
528.865479
524.874207
523.998230
526.143738
528.734192
530.636780
533.188538
537.331665
541.569763
543.925232
544.436707
543.922729
542.258423
539.475830
536.864075
535.555481
534.405334
531.279907
526.834717
524.186523
524.647644
526.718018
528.818726
530.712158
533.104492
536.375977
539.666687
542.352600
544.597290
545.557495
543.765015
539.904480
536.989563
536.419373
535.709412
532.216980
527.302856
524.403931
524.416443
525.687683
527.615601
531.064148
535.316101
538.205322
539.884827
542.460205
545.427673
545.635681
542.214539
538.178467
536.384277
535.970154
533.937195
529.618713
525.653137
524.065735
524.165405
524.915649
526.508301
529.198914
532.500977
535.912720
539.572266
543.413757
545.935364
545.405273
542.462036
539.579773
537.938293
536.602722
534.459900
531.368042
527.999634
525.463196
524.590698
525.582886
527.977844
530.957764
534.296631
538.193054
541.984375
544.347961
544.762573
543.936157
542.832764
541.439514
539.186584
536.692932
535.083679
533.659424
530.670471
526.383606
523.498291
523.997986
526.905579
530.074524
533.013672
536.362610
539.913696
542.957581
544.968079
545.131042
542.913208
539.375732
536.753052
536.006348
535.193298
531.869446
527.069824
524.283691
524.741272
526.543091
528.306458
531.092712
535.355957
539.003723
540.679932
541.719421
543.567200
545.233643
544.337585
540.740295
537.479370
536.779907
536.680298
533.810120
528.740112
525.298218
524.896973
525.643799
526.687439
529.188599
533.263794
537.383179
540.687805
543.493164
545.352417
544.874695
542.106262
539.222656
537.823242
536.690125
533.936218
530.085693
527.029480
525.578125
525.149231
525.055908
525.803894
528.361511
532.182373
535.711731
538.750793
542.036926
544.851440
545.338013
543.077332
539.973083
537.898132
536.661560
535.155579
532.728577
529.392944
526.121216
524.436462
525.085510
527.413269
530.328247
533.544922
537.260620
540.995667
543.752441
544.948486
544.429626
542.262146
539.154297
536.503418
535.193604
534.768494
533.928650
531.375610
527.355469
524.280701
524.180115
526.361511
529.022949
531.894836
535.615234
539.574524
542.489319
544.262268
544.993835
543.745239
540.557861
537.589294
536.423340
535.730103
532.900146
528.077148
524.719238
524.643250
525.935852
527.229431
529.712097
533.955444
538.213013
540.762024
542.039307
543.490356
545.056763
544.860901
542.010986
538.614136
537.040100
536.431763
534.139160
529.831543
526.152039
524.821655
524.786865
525.571594
528.627197
533.591614
537.515747
539.435974
541.394165
544.054382
545.299988
543.550232
540.010620
537.229370
536.132690
535.174622
532.588318
528.652222
525.231140
523.571899
523.493347
524.833435
527.878845
531.731018
534.820618
537.361572
540.687317
544.344055
545.969910
544.474731
541.440674
538.697449
536.781067
535.412781
533.583313
530.440063
526.764343
524.380981
524.384155
526.481323
529.544250
532.770142
536.232788
539.940063
543.146973
545.004333
545.086975
543.243774
540.042969
537.103088
535.706787
535.547974
535.078613
532.600647
528.120178
524.364075
523.952698
526.032898
528.291443
530.624817
534.164917
538.487244
541.955872
544.052612
545.169495
544.558899
541.491394
537.765442
536.027405
535.870850
534.117371
529.640381
525.368103
524.130371
525.207153
526.783264
529.155579
533.027954
537.075928
539.931824
542.172607
544.438354
546.167969
546.119751
543.153625
538.646606
536.087952
536.113098
535.423767
531.841309
527.301331
524.788696
524.787720
526.106262
528.307373
531.377197
534.615723
537.853699
541.694763
545.261963
546.112427
543.559448
540.036865
537.954346
537.114075
535.805603
532.947205
529.211243
526.196472
524.653870
524.361206
525.139404
527.300293
530.654602
533.917114
536.695068
539.928101
543.376160
545.242737
544.568115
542.278687
539.728210
537.563599
535.909302
534.147156
531.202759
527.427979
524.807739
524.454895
525.667847
528.126038
532.355713
536.992676
539.957886
541.690735
543.130981
544.208130
544.410034
542.307739
538.051147
534.874573
534.845642
535.976929
534.785950
530.274841
525.227722
523.124329
524.549744
527.684509
530.910583
534.061768
537.372314
540.440979
542.986694
544.876709
545.103333
542.549438
538.308838
535.619568
535.348633
534.360596
531.022644
527.285645
524.956909
524.376282
525.091370
527.294617
531.794861
536.881226
540.121338
542.533630
545.589172
547.859253
547.406799
544.090088
539.515137
536.345520
535.769897
535.324890
532.294312
527.939148
525.179626
524.514526
525.033875
526.981079
530.561462
534.511108
537.889648
541.123962
544.168701
545.509460
544.148438
541.314941
538.896057
537.281555
535.626099
533.157898
530.044861
527.212646
525.321533
524.743896
526.057129
528.975952
531.888489
533.971069
536.094238
539.081543
542.477966
544.794189
544.792114
542.717896
539.837097
537.356079
536.066833
535.234741
532.618958
527.967896
524.202148
523.638306
525.655945
528.337891
530.707153
533.484741
537.528015
541.740234
544.275879
544.810791
543.942688
541.834595
538.932312
536.766846
535.798645
534.474243
532.022705
528.882263
525.785217
524.310852
525.190369
527.171448
529.296753
532.228821
536.290283
540.052856
542.608643
544.619141
545.529968
543.568542
539.539062
536.721313
536.296570
535.650269
532.222595
527.531128
524.980347
524.978027
525.784729
527.326904
530.567200
534.814636
538.440796
541.203552
543.865051
545.702698
544.923096
541.938477
538.871582
536.991821
536.490417
535.914673
533.254150
529.118408
525.971985
524.766968
524.990295
526.638489
529.701782
533.202637
536.285767
539.258118
542.706116
545.507996
545.321838
542.154236
538.898682
537.419006
536.604187
534.568176
531.054504
527.418152
525.095215
524.718567
526.212463
528.806030
531.314087
533.135437
535.064758
538.207397
541.951660
544.477356
544.895874
543.664856
541.468811
538.856750
536.633240
535.073303
533.057983
529.599731
525.824524
523.959167
524.868286
527.543030
530.505737
533.414856
536.762695
540.242432
543.064697
544.864441
545.046936
542.934937
539.302795
536.552368
536.002625
535.447144
531.981750
526.618408
522.904358
522.469299
524.314758
526.638184
528.718872
531.442261
535.213257
538.849609
541.588867
543.832825
545.141602
544.004517
540.485352
537.191833
536.223389
536.003601
533.303650
528.483521
525.152832
524.619812
525.361328
526.978577
530.258423
534.539551
538.139771
540.767944
543.322327
545.336487
544.895630
541.938904
538.973083
537.670410
537.396423
536.595398
534.155518
530.470154
527.180054
525.395203
524.869812
525.520874
528.069031
532.039307
535.786743
539.045654
542.465515
545.106567
545.213013
542.908936
540.165344
538.336548
537.051819
535.289978
532.356201
528.573669
525.524658
524.495605
525.402710
527.498352
530.089172
533.165771
536.881409
540.418396
543.082825
544.804626
545.029358
543.616333
541.424927
539.103943
537.105896
535.771790
534.114746
530.745972
526.579407
524.248230
524.887695
527.093933
529.211426
531.468018
534.835144
538.971558
542.516296
544.699829
545.275574
543.542480
539.799377
536.607788
535.984314
536.103149
533.335327
527.941101
524.122192
523.861328
525.367676
526.785217
528.012268
530.190796
533.864502
537.893127
541.179871
543.818909
545.488220
544.736267
541.375549
537.911865
536.604675
536.204102
533.905945
529.751465
526.463013
525.355103
525.376892
526.157043
528.770752
533.040894
536.923218
539.504395
542.030151
544.743896
545.510437
543.074829
539.286255
536.738403
536.021851
535.971008
534.932190
531.977966
528.120178
525.288269
524.328979
525.316895
528.090637
531.570801
534.581482
537.534180
541.212891
544.487610
545.373535
543.586487
540.848877
538.764954
537.245789
535.451843
532.817993
529.342285
526.135254
524.692017
525.380615
527.305054
529.558411
532.401855
536.390686
540.586548
543.386230
544.556274
544.731323
544.099854
542.578796
540.299255
537.888489
536.057922
534.408020
531.537292
527.417542
524.483521
524.545166
526.468689
528.563171
530.969482
534.476501
538.582825
542.027771
544.281006
545.076782
543.683289
540.318420
537.286133
536.609680
536.686096
533.911194
528.360718
524.368286
524.394958
526.254333
527.203857
527.403503
528.714355
532.220337
536.921265
540.892090
543.630859
545.174988
544.524414
541.499573
538.137817
536.622375
536.455017
534.900940
530.902649
526.702637
524.732483
524.959900
526.184143
528.265564
531.415710
534.839172
538.100037
541.775940
545.206116
546.078430
543.481873
539.627747
537.272339
536.610535
536.198242
534.937378
532.258911
528.706238
525.860596
524.642212
525.075989
527.116943
530.217529
533.449280
536.723206
540.417542
543.838318
545.386963
544.414429
541.906189
539.127686
536.814758
535.315308
533.890503
531.165283
527.276917
524.178223
523.795349
526.145630
529.330200
532.048462
535.000244
538.832458
542.502319
544.636841
545.184143
544.783020
543.386230
540.775269
537.835693
535.951172
534.924805
532.727844
528.607727
525.022461
524.392334
525.895935
527.687439
529.940247
533.568787
537.760803
540.989380
543.061646
544.365417
544.346375
542.118042
538.595825
536.383240
535.992432
534.544250
530.407410
526.136047
524.521118
525.039490
526.311340
528.404297
531.210449
534.085449
536.854553
539.371704
541.876343
544.516113
545.576843
543.310486
539.243774
536.740601
536.409912
535.557007
532.424866
528.290771
525.264648
524.169861
524.887268
527.269165
530.786133
534.414185
537.625061
540.789062
543.974976
545.559753
544.023682
540.695740
538.049805
536.758423
535.715454
533.817993
531.383118
529.054993
526.667419
524.623230
524.241760
526.173889
529.546387
532.969910
536.104980
539.435913
542.771545
544.897888
544.865234
542.881042
539.966614
537.374207
535.769897
534.531311
532.245056
528.571472
525.283936
524.346680
525.759705
528.173950
530.829163
534.078613
537.984741
541.557190
543.875671
544.718384
544.180786
542.697205
540.564026
537.960999
536.122314
535.597717
534.103394
529.916565
525.481140
524.154968
525.573547
527.256836
528.841919
531.934204
536.562622
540.617859
543.101685
544.710815
545.050171
542.858582
539.074402
536.672729
536.477478
535.454529
531.473389
526.924988
524.890381
525.098816
526.030029
527.953674
531.324402
534.700745
536.900635
538.701965
541.121582
544.115601
546.046387
544.518982
540.163513
536.975769
536.590332
536.207336
533.381897
529.001831
525.502686
524.308289
525.122253
527.222351
530.109436
533.151672
536.288391
540.031311
543.785156
545.685669
544.788574
542.194336
539.468750
537.369202
535.907898
534.167725
531.434021
528.595947
526.420471
524.620728
523.844604
525.296692
528.592957
532.239929
535.494019
538.693604
541.920898
544.364136
545.188293
544.021851
541.065674
537.591309
535.444214
534.867859
533.548523
529.666992
525.119141
523.435059
525.178345
527.864929
530.053162
532.750244
536.595398
540.480591
543.371094
544.942078
544.643311
542.449341
539.644348
537.380798
536.112305
535.874390
534.934570
531.177795
526.260559
524.057007
525.002197
526.677246
528.484619
531.470093
535.476318
539.307922
542.344299
544.529114
545.296143
543.540710
539.764404
536.945251
536.580322
535.930542
532.458618
527.938232
525.189148
524.507385
525.182129
527.160828
530.428040
534.191956
537.099365
538.742188
540.446838
543.184998
545.370544
544.533569
541.067383
538.141907
537.246887
536.512878
533.924011
529.905945
526.472351
524.853943
524.946411
526.532410
529.292603
532.361755
535.318054
538.752075
542.727661
545.508118
545.298157
542.648438
539.716492
537.833252
536.670898
535.118530
532.225830
528.169983
524.655701
523.089905
523.575500
525.708618
528.546448
531.124878
533.718750
537.228088
541.321594
544.323792
545.081543
543.825562
541.271545
538.339844
536.340027
535.530518
534.038513
530.377686
526.083862
523.945679
524.699463
526.871460
529.358398
532.494019
536.384460
539.901184
542.240662
543.974426
545.043518
543.830750
540.021545
536.109314
534.556274
535.130798
535.190918
532.266724
527.458740
524.381775
524.313477
525.680481
527.640137
530.873108
535.130005
538.742554
541.185181
543.547546
545.460632
544.750488
541.294739
537.951782
536.637634
535.874268
533.314758
529.308472
526.235596
525.095337
525.119263
526.225403
529.203613
533.511353
537.361816
539.990723
541.895935
543.664001
545.103210
544.870178
542.263611
538.955688
537.092896
536.363953
534.681519
531.289673
527.501099
524.866760
524.106445
525.446655
528.432434
531.765686
534.794739
538.189941
542.139465
545.178650
545.602539
543.368469
540.258972
538.027954
536.751343
535.371643
532.887146
529.245239
525.795044
524.056763
524.192810
525.561035
527.678162
529.997375
532.630432
536.473877
540.946533
543.999573
544.825134
544.129211
542.316467
539.467224
536.802246
535.651306
534.699707
531.470032
526.680298
523.879639
524.605042
526.937988
529.131592
531.559937
534.867310
538.541260
541.742371
544.209778
545.445129
544.261353
540.672974
537.229858
536.342346
537.148865
536.742432
533.224915
527.883728
524.514221
524.683655
526.136108
527.396484
529.741333
533.780273
537.932190
540.928772
543.193909
544.983521
545.032471
542.434692
538.846802
536.777954
535.951721
533.934448
530.200500
526.729797
524.847046
524.408447
525.642761
528.883911
532.953552
536.184875
538.794739
541.961914
545.122864
546.720093
545.946533
542.986816
539.674194
537.953125
537.171448
535.315430
531.813660
527.993408
525.431702
524.518860
525.138062
527.324890
530.638123
534.217957
537.594482
540.836182
543.707214
545.138672
544.202148
541.434204
538.487915
536.618103
535.706970
534.227905
530.816406
526.413269
523.811218
524.566895
527.191101
529.167114
530.057007
531.730225
535.589111
540.398987
543.768188
544.863098
544.452637
542.973389
540.296021
537.407532
535.776672
534.775940
532.214905
527.938843
524.674622
524.232422
525.518982
527.355164
530.226196
534.419556
538.679016
541.648560
543.656982
545.263977
544.986206
541.646790
537.496948
535.654114
536.071655
536.180298
533.718323
528.957092
525.054321
524.241150
525.332642
526.828003
529.098816
532.578979
536.436707
539.810608
542.926941
545.535828
545.740540
542.803162
539.175537
537.362671
536.568909
534.435303
530.661255
527.099121
525.243896
525.018799
525.989746
528.298645
531.551025
534.707642
537.786072
541.465576
544.738525
545.728516
544.595642
542.599976
540.220703
538.119202
536.854492
535.553528
532.933838
529.168213
525.812378
524.188599
524.826843
527.390869
530.512573
533.341370
536.466003
540.267029
543.744263
545.388184
544.672363
542.367310
539.566528
537.209839
535.788269
534.400146
531.426025
527.115601
524.034912
523.977417
526.037231
528.319336
529.906372
531.547485
534.708984
539.048767
542.475403
544.043579
544.378174
543.587891
541.104736
537.795410
535.867798
535.260254
533.076050
528.517700
524.750549
524.156250
525.466614
527.042786
529.488708
533.585022
538.096619
541.277710
543.331970
544.976257
544.923035
542.075439
538.387329
536.640991
536.468933
534.781738
530.518982
526.323242
524.443481
524.352051
524.876282
525.912720
528.205566
532.029053
536.127136
539.307312
542.107605
544.781616
545.569092
543.230408
539.596802
537.417908
536.684692
535.133850
531.663574
527.661560
525.030029
524.164429
524.789978
527.052429
530.479370
533.876099
537.073975
540.716248
544.168457
545.550110
544.184265
541.747681
539.941650
538.631165
537.301697
535.840515
533.709473
530.498047
526.897644
524.326599
524.010132
526.023010
529.190308
532.498779
535.944031
539.674866
542.991577
544.784485
544.769714
543.283020
540.593262
537.635254
535.778320
534.850891
532.810242
528.606018
524.518677
523.557678
525.626953
528.475220
531.102478
534.060852
537.138672
539.608887
541.755737
543.830261
545.158264
544.592529
541.607971
537.826172
535.905090
535.862793
534.556274
530.335876
525.920654
524.429871
525.307190
526.755005
529.105347
532.958862
536.944519
539.810059
542.236816
544.806274
545.845703
543.401245
538.954834
536.275879
536.141418
535.409668
531.900513
527.273376
524.304443
523.604126
524.141785
525.393188
527.849854
531.605286
535.329041
538.101440
540.958252
544.348145
546.139648
544.485840
540.748535
537.741089
536.388794
535.343811
533.075073
529.594666
526.249146
524.282471
524.319580
526.613525
530.354431
533.809998
536.424194
539.438843
543.276733
545.807983
545.030945
541.882874
538.791260
537.010681
536.312927
535.940002
534.675781
531.394043
527.035950
524.208862
524.247925
526.269775
528.776123
531.281799
534.386780
538.479004
542.528992
544.850342
544.965881
543.469421
540.941101
538.208374
536.303589
535.089722
532.879639
528.867310
525.094849
523.962402
525.189087
527.230591
529.824219
533.468323
537.551819
540.493774
541.935913
543.148376
544.616943
544.912720
542.632629
538.810547
536.299866
535.885681
534.694946
530.622742
526.033875
524.138611
524.785095
526.283813
528.346924
531.612244
535.723572
539.407532
542.235840
544.521179
545.524902
543.842346
540.194336
537.507874
536.862244
535.845825
532.348450
527.830322
525.127930
524.678650
524.977234
525.345154
526.732666
529.973450
534.045044
537.497620
540.521362
543.668030
545.767151
544.977966
541.717285
538.519958
536.788574
535.649902
533.658142
530.458984
526.992615
524.507812
523.971497
525.791382
529.103516
532.361511
535.299744
538.835754
542.761108
545.340088
545.322144
543.078735
540.012512
537.644409
536.651184
536.270020
535.119873
532.322937
528.177307
524.746216
524.229248
526.082336
528.104431
529.880310
532.812317
537.394165
542.026001
544.679504
545.011414
543.956360
541.903503
539.039307
536.551270
535.249817
533.738464
530.296509
526.210938
524.339294
525.068481
526.827332
529.097046
532.337280
536.181641
539.581848
542.064026
543.738831
544.898376
545.222290
543.459656
539.829285
537.035583
536.509827
535.676086
531.776611
526.747681
524.411682
524.905945
526.077759
527.662598
530.672729
534.769470
538.494812
541.232727
543.428772
544.783508
543.927551
540.971558
538.237488
537.130615
536.228149
533.575806
529.569824
526.103943
524.217834
524.103455
525.346924
527.253235
529.947815
533.253723
536.281372
539.350891
543.094727
545.843628
545.158325
541.817993
538.982056
537.845947
536.999329
534.926392
531.504333
527.864319
525.229065
524.183716
525.143738
527.965027
531.416260
534.735352
538.329346
542.009949
544.576355
545.263367
543.939514
540.975708
537.785339
535.858521
535.234680
534.852539
533.373962
529.886047
525.714050
523.814575
524.939087
527.162659
529.381714
532.420227
536.642029
540.724731
543.375000
544.642700
544.705139
542.972412
539.596985
536.512634
535.322754
534.583191
531.619446
527.090149
524.403198
524.740662
526.317444
528.300171
531.401306
535.183472
538.435974
541.109802
543.819519
546.182068
546.805603
544.676270
540.572876
537.267151
536.427734
535.941895
532.902283
528.116272
525.001892
524.686951
525.497009
526.787598
529.598572
533.865356
537.886658
540.726685
543.059509
544.843384
544.541321
541.943115
539.079163
537.356140
536.120239
533.962830
530.428345
526.919800
524.989746
524.613220
525.696716
528.415100
531.576843
534.009094
536.206116
538.995850
542.222046
544.610474
544.854736
542.932556
540.090088
537.795105
536.481201
535.185730
532.628723
528.838440
525.295288
523.608887
524.603882
527.647461
530.988159
534.057556
537.644714
541.400146
543.931335
544.593933
543.617371
541.568298
539.106323
536.954407
535.515564
534.367188
532.802124
530.203674
526.811035
524.472351
524.396912
525.786011
527.987671
531.461426
536.074341
540.375854
543.152161
544.455688
544.677368
543.315857
539.956665
536.469788
535.337280
535.460449
533.210083
528.370728
524.920166
524.776062
526.021790
527.560120
530.231628
534.056152
537.949463
541.304138
544.017517
545.450073
544.835999
542.756042
540.260254
537.794434
536.218750
535.489197
533.483826
529.476135
525.944946
524.838745
525.269104
526.339233
528.714722
532.427795
536.226685
539.590271
542.891541
545.294739
545.219971
542.781067
539.847046
537.902588
536.464600
534.116394
530.585938
527.115784
525.140015
524.811401
525.716431
528.087158
531.330872
533.729919
535.097961
537.126892
540.655579
544.190186
545.473022
543.900574
540.844177
538.168884
536.790771
535.854309
533.463745
529.251099
525.297241
523.629456
524.624023
527.414368
530.391663
532.910339
536.028442
540.027466
543.172302
544.206604
543.721252
542.191711
539.581482
537.132812
536.167236
535.430969
532.640625
528.000305
523.967957
522.305969
523.075928
525.405701
528.152344
531.141479
535.054382
539.327942
542.409912
544.067566
544.822510
543.897705
540.640747
537.067139
535.862793
536.118896
534.142395
529.151917
524.931152
524.284607
525.627014
526.941650
529.062927
533.046265
537.540710
540.895020
543.416016
545.300232
545.036377
542.226685
538.960449
537.005798
536.431580
536.196960
534.525085
530.907776
527.281372
525.484314
525.139160
525.577209
527.700256
531.660278
535.597107
538.589294
541.648132
544.804688
545.997375
543.861938
540.032715
537.339050
536.399963
535.312439
532.445496
528.527954
525.541992
524.501587
525.338745
527.620850
530.474915
533.226318
535.901001
538.525085
541.231689
543.946960
545.329163
544.383728
541.978394
539.315552
537.000366
535.351379
533.734131
530.888550
527.126343
524.587708
524.656555
526.625244
529.132080
531.805237
535.323669
539.674561
543.120544
544.445984
544.426392
543.568909
541.268127
538.173950
536.154541
535.105408
532.718628
528.440186
524.803650
523.722168
524.533325
525.974304
527.692383
530.214722
533.919250
537.963562
541.067627
543.102661
544.522400
544.555725
542.188843
538.765686
536.912903
536.598328
534.731689
530.014160
525.516541
524.211426
525.312500
526.879822
528.876404
532.131958
536.045105
539.417786
542.418701
545.022644
545.420532
542.732178
539.190613
537.525757
537.729126
537.691711
535.712158
531.823914
527.810547
525.452515
524.791626
525.392334
527.542114
530.862427
534.175354
537.326172
540.964966
544.528992
545.984436
544.232300
540.852905
538.207153
536.917786
535.859619
533.550049
529.942322
526.554749
524.592651
524.565613
526.645935
529.923767
532.994812
535.794006
538.996948
542.086243
544.225098
545.234741
544.720398
542.525696
539.419128
536.736145
535.425598
534.606262
532.243286
528.093872
524.628784
524.057007
525.880127
528.450562
531.166931
534.325012
538.027344
541.702515
544.428589
545.448364
544.354736
541.351379
537.824463
535.741699
535.198425
533.714355
529.814697
525.751831
524.523560
525.894470
527.427734
528.121155
529.294128
532.415344
536.915771
540.691345
542.950989
544.541382
545.034790
543.062927
539.466736
536.906250
536.285278
535.092468
531.199951
526.844360
525.105896
525.301147
525.794922
527.491333
531.230469
535.465576
538.710571
541.374756
544.090088
545.765381
544.411743
540.522644
537.437927
536.782227
536.946472
535.970337
532.989563
528.847473
525.623352
524.296448
524.741394
526.978394
530.412537
533.796692
536.793396
540.049866
543.486145
545.489685
544.617004
541.693115
538.935059
537.376099
536.253845
534.167480
530.732788
527.143250
524.698669
524.152100
525.822815
528.851013
531.909790
535.004150
538.772644
542.473511
544.706299
545.312988
544.779846
543.144897
540.610291
538.028320
536.268433
535.133118
533.080811
529.238037
525.352966
523.929565
525.278748
527.769897
530.215088
533.216858
537.365845
541.369446
543.884094
544.948853
544.465515
541.977905
538.468201
536.197815
535.693420
534.452759
530.547119
526.043518
524.234131
525.225403
526.925842
528.144897
529.331787
531.750793
535.633545
539.603943
542.654358
544.887695
545.709839
543.717102
539.596069
536.617249
536.327271
535.876221
532.359619
527.591858
525.034973
524.938354
525.771240
527.387878
530.405090
534.292969
537.782593
540.583374
543.260681
545.275146
544.811157
541.673340
538.407410
536.872681
535.835449
533.644226
530.879089
528.570801
526.601257
525.078308
524.746155
526.215515
529.341187
532.889648
536.018860
539.279846
542.787109
545.118103
544.965759
542.659546
539.885437
538.014893
536.638977
534.503296
531.271545
527.757629
525.261353
524.649658
525.797913
528.006592
530.776794
534.106812
538.044678
541.901855
544.353027
544.856445
544.257996
543.279480
541.526794
538.887329
536.557007
535.312500
533.734436
530.196533
525.947876
523.868591
524.833984
527.223633
529.692627
532.628662
536.458069
540.275940
543.001770
544.468018
544.640320
543.075745
539.999939
537.146301
536.006470
535.251587
532.258972
527.587219
524.735046
524.849182
525.893555
527.414917
530.615784
534.511841
537.352356
539.278137
541.084167
543.231628
545.084900
544.549377
541.060852
537.446838
536.315002
536.211243
533.870300
529.327087
525.718384
524.651733
525.225220
526.865601
529.812866
533.432739
536.721130
539.837524
543.150635
545.475342
545.046265
542.085754
538.955811
537.402954
536.650818
534.731323
531.307495
528.135437
526.337891
525.341797
524.856750
525.651306
528.264160
531.832153
535.104492
538.252686
541.803223
544.732605
545.291870
543.190002
540.187866
538.008789
536.593445
535.074585
532.761963
529.428223
526.041382
524.352600
525.193420
527.731140
530.563904
533.289001
536.554565
540.460388
543.851196
545.452637
544.815430
542.560120
540.046326
538.068115
536.624023
535.793640
534.673584
531.390076
526.635010
523.965027
524.902344
527.251282
529.092285
531.195679
534.864685
539.470154
543.003723
544.600891
544.876099
543.650085
540.475098
537.176331
535.900940
535.423584
532.777222
528.091431
524.791809
524.618225
525.927490
527.382507
529.907776
534.070679
538.029358
540.142090
541.327148
543.017822
544.794739
544.759460
542.056091
538.556580
536.626099
535.875122
533.916199
530.084778
526.552734
525.150757
525.262451
526.252747
528.849854
532.638245
535.967773
538.808289
542.123596
545.134644
545.752563
543.249817
539.619385
537.551453
537.031067
535.588196
531.948547
527.728638
525.192627
524.557922
524.644531
525.352112
527.589417
530.988464
534.198303
537.269714
540.879761
544.085815
545.247437
544.050537
541.511658
538.868896
536.906494
535.615417
533.776794
530.302856
526.343140
524.239990
524.919983
527.270813
529.748474
532.122864
535.271851
539.536743
543.560486
545.413330
544.720215
542.432983
539.527832
537.097839
536.088623
536.231506
535.729248
532.529663
527.344360
524.018860
524.692932
527.093445
528.641907
530.131042
533.475281
538.325378
542.470337
544.597717
544.979553
543.716797
540.791016
537.795044
536.841248
536.853943
534.290710
529.085083
525.095642
524.434753
525.783508
527.384827
529.278625
532.445984
536.567505
540.101257
542.296631
543.840088
545.255310
545.220337
542.354370
538.499268
536.917847
537.214294
535.693359
531.067444
526.396118
524.542358
524.957764
526.172668
528.316040
531.746033
535.313416
538.003113
540.916931
544.574280
546.436035
544.471252
540.530457
537.770569
536.705933
535.576599
533.034424
529.317078
525.911987
524.129028
523.924744
524.791199
526.828430
529.939758
533.367798
536.698792
540.138916
543.464722
545.342224
544.583130
541.863831
539.149353
537.583984
536.453186
534.410217
531.157837
527.437683
524.653198
524.291138
526.301636
528.992798
531.414734
534.574829
538.936523
542.766724
544.627441
544.694946
543.191528
540.464355
537.875183
536.513367
536.118530
535.559998
533.308777
528.988831
524.884094
523.690125
525.282593
527.691162
530.338867
533.726013
537.221741
540.146606
542.815613
545.047119
545.464294
542.865112
538.484070
535.748718
535.906128
535.563354
531.700928
526.599915
524.125732
524.577271
526.150146
528.445984
532.009521
536.016541
539.090088
541.239258
543.126465
544.955811
545.818970
543.949585
539.806885
536.719727
536.325684
535.962158
532.643616
527.882568
525.207092
524.879272
525.328796
526.921143
530.322876
534.171692
537.231567
540.263062
543.755493
545.891052
544.794434
541.332520
538.113770
536.564941
535.783508
534.038940
530.773987
527.071594
524.606140
524.420593
526.254456
528.767883
531.069092
533.261536
535.655518
538.661011
542.132019
544.808716
545.213196
543.059814
539.961487
537.640198
536.127380
534.636414
532.280823
528.645508
525.165283
524.016968
525.450806
527.981873
530.564270
533.599731
537.724915
541.970764
544.519592
544.830017
543.583252
541.390747
538.683411
536.416199
535.312073
534.811584
533.641724
530.635071
526.482422
524.127014
524.925964
527.069885
529.252686
532.199097
536.063416
539.703369
542.494507
544.491211
545.086487
543.257446
539.546875
536.658142
536.233337
535.805481
532.244385
527.134277
524.509644
525.043762
526.558960
528.089722
530.549194
534.531250
538.811035
541.941833
543.959656
545.047058
544.803406
542.935852
540.041077
537.962158
537.454834
536.501404
533.208008
528.866638
526.175293
525.517639
525.469299
526.257141
529.285950
533.670227
537.162781
539.677307
542.491760
545.108459
545.383667
542.591492
538.950623
536.957092
536.179382
534.536133
531.357605
527.910034
525.617798
524.685852
525.276978
527.922913
531.565918
534.307190
536.183350
538.394531
541.323730
544.106262
545.153198
543.869995
541.194519
538.416077
536.398499
535.082458
533.312805
530.089294
526.230103
523.933960
524.531189
527.271240
530.342529
532.830750
535.666382
540.140198
545.006348
546.639343
543.735291
539.667664
538.172302
538.740173
538.167908
534.983459
530.391663
526.424072
524.320435
524.342590
525.810181
527.042664
527.869568
530.438293
535.244080
539.785522
542.209595
543.424194
544.601929
544.427979
541.355042
537.251221
535.207092
534.897339
533.384155
529.609192
525.950928
524.902893
525.766357
527.040771
529.639893
534.106079
538.138428
540.463318
542.660706
544.877319
545.195801
543.500549
540.885559
538.051697
536.445618
536.211243
534.642517
530.471252
526.263123
524.488525
524.740784
526.123108
528.976257
532.843628
535.854065
537.966675
541.477661
546.031128
547.356567
543.328247
537.551453
535.396240
537.305725
537.719543
532.997925
526.710205
523.836609
524.525391
526.300476
528.078186
530.110901
532.741089
535.735962
538.834473
542.094604
544.490662
544.777344
543.442444
541.611755
539.603943
537.430603
535.323425
533.021423
529.998047
526.974304
525.433228
526.000366
527.873474
529.399658
530.772156
534.566895
540.724670
545.034363
545.335815
543.698669
541.797302
539.664307
537.754639
536.365051
534.634827
531.699341
527.928040
524.836121
523.708740
524.526428
526.277771
528.013855
530.240845
534.106445
538.477295
541.123657
542.682739
544.871033
546.186279
543.698181
537.964966
533.567444
533.634216
535.085632
532.703125
526.886047
522.859253
523.535400
527.056946
530.476074
533.055054
535.606384
538.790527
542.659363
545.896240
545.913269
542.153442
537.827087
536.087097
536.890442
537.810974
535.944397
530.728333
525.283875
523.332825
524.927307
527.552063
530.373718
533.142761
534.625854
535.768982
539.352722
544.872681
547.610962
544.719482
539.532410
536.901550
537.056213
536.640930
533.488159
528.778809
525.233765
524.227966
525.213806
527.252258
529.967285
533.189209
536.389832
538.941101
541.243591
543.870361
545.496765
544.278687
540.782715
537.937439
537.459900
537.905640
536.872681
532.470337
525.569458
521.290344
523.252319
528.619141
532.050232
532.401184
533.279907
537.392029
542.829224
545.713562
544.895081
542.328491
539.867310
538.006104
536.706482
535.409546
532.915527
529.073059
525.854309
524.958008
525.732544
526.789368
527.656494
528.883362
532.083740
537.532837
542.634460
545.231201
545.164490
542.984314
539.965393
537.950378
537.851013
538.012878
535.298462
529.563538
524.938232
524.422791
526.001099
526.737183
527.561584
530.849426
535.847595
539.781311
542.059448
544.048401
545.424500
544.193542
540.422241
537.050354
536.033142
535.913391
534.380310
531.322327
528.279907
526.790161
527.090759
527.300842
526.813538
528.137329
532.152893
537.043457
541.737061
545.396545
546.339539
544.254333
541.147095
539.010742
537.739441
535.872742
532.636658
528.953308
526.276062
524.830322
524.469971
525.956177
529.378357
533.057068
535.912476
538.938660
542.599060
545.476196
546.360413
545.125854
542.402100
539.510315
537.239624
535.448242
533.971985
532.175537
529.382324
526.513672
525.035400
525.470764
527.730835
531.067017
534.622620
538.266235
541.494385
543.300598
543.808044
543.591125
542.042664
539.146545
536.787292
535.789612
534.155884
530.181763
525.654541
523.714600
524.617798
526.263428
527.636230
529.428162
532.473328
536.589905
540.466370
543.083374
544.572937
544.768555
542.774658
539.219299
536.632324
536.146851
535.498352
532.038086
527.135681
524.593445
525.046753
526.262268
527.799194
530.934998
535.356934
539.157593
541.308350
542.697388
544.452393
544.870178
541.722595
538.023865
537.777710
538.920837
537.283142
532.785278
528.361328
525.672058
524.697327
525.306458
526.996094
529.587341
533.372070
537.381775
540.400879
542.885559
545.051880
545.233398
542.525452
538.901855
536.738281
535.845825
534.359375
531.429382
527.943604
525.308716
524.512146
525.815857
528.571838
531.804077
535.110107
538.576172
542.065491
544.906067
546.240479
545.521057
543.077454
540.239685
538.122620
536.732666
535.331116
532.862610
528.955078
525.105591
523.721497
525.580444
528.903503
531.495483
533.376221
536.121277
540.039917
543.655029
545.421082
544.755188
542.154053
539.013123
536.940674
536.204895
534.824280
530.963501
526.113953
523.684753
524.595520
526.773865
528.570435
530.130920
532.454346
535.990051
539.570801
541.911316
