538.514954
538.514954
538.566528
538.710327
538.507141
537.118835
534.804138
533.508911
534.520081
536.365662
536.611511
535.067627
533.776062
534.201416
535.558838
536.053223
535.103943
533.916504
534.343262
536.775818
538.676270
536.869263
532.406006
530.551880
533.905273
538.289612
538.353333
534.779846
532.612183
534.047913
536.436646
536.815247
535.257690
533.614807
533.156006
533.937012
535.260376
536.138062
535.819275
534.581482
533.916748
534.949280
536.539917
536.458557
534.702454
533.618286
534.419128
535.742676
535.935730
535.197754
534.869019
535.333923
535.604614
535.064270
534.419434
534.390320
534.767151
535.317261
536.029419
536.240479
535.281311
534.044678
534.083984
535.269470
536.091980
535.781372
534.817993
534.153625
534.416138
535.197205
535.557251
535.471008
535.544678
535.581726
535.113708
534.628052
534.713196
534.929443
534.698364
534.552673
535.376709
536.625061
536.683228
535.332031
534.203552
534.192993
534.413574
534.354614
534.801636
535.957336
536.592468
535.833008
534.577576
534.342529
535.296204
536.162231
536.001770
535.334045
535.022461
534.968628
534.802856
534.857239
535.319031
535.478271
534.963745
534.620544
535.165405
535.829224
535.455261
534.532410
534.639099
535.761108
536.145996
535.217834
534.405762
534.603394
535.068115
535.114441
535.071167
535.335938
535.616455
535.453857
535.047668
534.961487
535.058777
534.679077
534.059204
534.286438
535.410095
536.024475
535.364258
534.510010
534.660217
535.345520
535.428467
534.992493
535.023376
535.591064
535.682861
535.033142
534.676208
535.068542
535.299866
534.892273
534.690369
535.091309
535.194214
534.819824
535.187988
536.407227
536.520264
534.544983
532.701172
533.532349
535.994812
536.951294
535.702576
534.397644
534.499573
535.271912
535.485413
535.022705
534.718750
534.971619
535.200562
535.035400
534.924011
535.092224
535.152039
535.040894
535.163696
535.419495
535.255249
534.802979
534.863892
535.529480
535.784424
535.024719
534.237610
534.669250
535.776123
535.949890
535.085510
534.615540
535.002136
535.275452
535.028503
534.916260
535.213196
535.381409
535.104675
534.850220
535.090088
535.402527
535.098328
534.605835
534.912720
535.701172
535.680237
534.786743
534.400024
535.101135
535.753296
535.406128
534.756714
534.830872
535.324280
535.361267
535.026489
534.953369
535.106750
535.057922
534.930908
535.079834
535.250000
534.962402
534.409058
534.335571
535.052063
535.814514
535.659119
534.879272
534.723816
535.394409
535.702087
535.141357
534.728455
535.102295
535.378601
534.897888
534.559387
535.108215
535.669922
535.338196
534.704895
534.716675
535.222534
535.463806
535.302307
535.215454
535.231140
534.928284
534.646973
535.159973
535.910828
535.592529
534.460938
534.014709
534.769287
535.855591
536.190308
535.464355
534.535278
534.500610
535.184082
535.549072
535.363647
535.114563
534.892029
534.621887
534.689331
535.258057
535.607239
535.161255
534.629089
534.937317
535.561218
535.320129
534.513489
534.530273
535.409607
535.744019
535.106567
534.625977
534.953308
535.387573
535.259338
534.795471
534.534119
534.711304
535.083130
535.268372
535.339600
535.527039
535.452087
534.835083
534.498474
535.084229
535.665405
535.270508
534.567444
534.612976
535.182495
535.470154
535.404968
535.406128
535.472839
535.184937
534.658691
534.725403
535.459778
535.686340
534.947388
534.393433
534.791138
535.381653
535.325195
534.882874
534.778931
535.161804
535.468506
535.334900
535.195435
535.396973
535.398376
534.850403
534.580811
535.234924
535.885559
535.448120
534.561279
534.543884
535.261658
535.512939
535.095459
534.981689
535.347595
535.158691
534.391296
534.401672
535.367554
535.872620
535.469727
535.140625
535.284180
535.318787
534.996643
534.804321
535.191711
535.777893
535.700623
534.952454
534.633301
535.251221
535.728882
535.177612
534.492065
534.825439
535.584778
535.509094
534.857788
534.861267
535.494690
535.492737
534.719971
534.546814
535.281128
535.557068
534.897217
534.455627
534.856567
535.377808
535.379517
535.112793
535.031494
535.037170
534.834412
534.757446
535.343079
536.180786
536.180176
535.194519
534.474365
534.920349
535.652039
535.390320
534.602905
534.615784
535.253906
535.393188
535.013916
534.922791
535.218201
535.313232
535.020386
534.916565
535.362732
535.623657
535.075073
534.617371
535.071899
535.541260
535.204163
534.841309
535.103333
535.313782
534.992188
534.752686
535.082947
535.552856
535.548828
535.099548
534.688843
534.594238
534.737549
534.906250
535.026001
535.302246
535.754700
535.803406
535.287476
535.137451
535.640076
535.582764
534.661194
534.334229
535.125793
535.655212
535.175232
534.640686
534.799927
535.170654
535.164734
535.045715
535.335754
535.750366
535.516418
534.771484
534.590088
535.224121
535.584900
535.002625
534.357605
534.662170
535.344360
535.252747
534.768250
534.992432
535.555786
535.324707
534.589966
534.574158
535.363525
535.821594
535.315796
534.620361
534.712891
535.264526
535.344849
535.050720
535.104126
535.388367
535.234924
534.860657
535.103821
535.715332
535.608887
534.912292
534.821777
535.265564
534.954224
533.905029
533.715759
534.890808
535.873596
535.446167
534.536865
534.551880
535.277954
535.582520
535.227783
534.953247
535.179321
535.392273
535.093628
534.766602
535.072083
535.466736
535.077759
534.588684
535.087708
535.789368
535.393311
534.600525
534.704529
535.271606
535.326721
535.119141
535.191467
535.303223
535.050537
534.618591
534.538818
535.038086
535.557129
535.261047
534.458801
534.458618
535.427185
535.890503
535.152039
534.500061
535.025574
535.773438
535.418518
534.642090
534.874146
535.654053
535.580811
534.854431
534.611633
534.938721
535.253601
535.431763
535.478271
535.189026
534.660278
534.514465
535.104675
535.734253
535.384460
534.174072
533.426270
534.071350
535.372131
535.807983
535.171814
534.759949
535.217224
535.587280
535.109802
534.560120
534.857056
535.350220
534.829407
533.782776
534.013428
535.835327
537.175598
536.265991
534.254333
533.720032
534.932434
535.723511
535.203796
534.845093
535.395874
535.641907
534.959412
534.504761
535.020020
535.559631
535.184265
534.377319
534.179016
534.864990
535.740051
535.913452
535.394653
535.100464
535.362427
535.395935
534.867920
534.593262
534.965576
535.287415
535.286865
535.501221
535.777771
535.394714
534.759094
534.894287
535.444702
535.229309
534.512085
534.707825
535.851318
536.254089
535.175842
534.152039
534.624756
535.756104
535.912048
535.034058
534.346008
534.579224
535.253357
535.455078
535.098389
534.944580
535.243225
535.411377
535.248718
535.148804
535.163269
535.048096
534.979248
535.251343
535.507446
535.241150
535.002686
535.717529
536.545471
535.503906
533.000732
532.179810
534.455750
537.216431
537.485962
535.735718
534.467529
534.641785
535.159119
535.024475
534.595886
534.647888
535.066528
535.121643
534.793152
534.879028
535.584045
536.065735
535.765381
535.128479
534.672913
534.463745
534.715210
535.573547
536.185547
535.492920
534.141113
533.981323
535.317261
536.348877
535.874695
534.917725
534.914612
535.483826
535.163879
533.984009
533.736694
535.297119
537.269226
538.066345
537.680176
536.651367
534.927185
532.845520
532.035522
533.633484
536.112732
536.841431
535.569824
534.561584
535.260559
536.451782
536.266602
534.876770
534.059021
534.547913
535.292603
535.346619
535.039368
534.969421
535.083679
535.253113
535.572205
535.682922
535.189209
534.677490
534.699158
534.648010
534.249329
534.564148
536.197327
538.120483
538.683228
537.083435
534.472168
533.351318
534.526367
535.766785
535.148071
534.051025
534.693176
536.369019
536.655151
535.216309
533.972900
534.132996
534.991150
535.384583
535.114868
534.803650
534.912170
535.348450
535.770691
535.762207
535.083618
534.354065
534.636108
535.685547
535.983215
535.135254
534.546204
535.114319
535.829590
535.449219
534.432068
534.251587
535.430237
536.971741
537.423950
536.128052
533.901733
532.595581
533.419861
535.632568
537.169922
536.612488
534.719910
533.767700
534.857483
536.350037
536.051697
534.459167
533.998108
535.257629
536.188904
535.395447
534.138184
534.191223
535.310059
535.992554
535.678406
535.051392
534.767883
534.820984
535.053650
535.409363
535.422668
534.635498
533.851807
534.670532
537.113403
538.581238
536.574219
532.596497
531.213806
534.055725
537.404480
537.465637
535.190979
534.020142
535.020996
536.190857
535.791687
534.524353
534.057800
534.768127
535.594177
535.490845
534.647705
534.272888
535.108032
536.528259
537.203857
536.307495
534.421997
533.443665
534.648926
536.537842
536.302429
534.070129
533.119690
535.228333
538.210144
538.729126
535.915771
532.137695
530.959717
533.718018
537.642212
538.518982
535.588440
532.618774
533.121155
535.918457
537.121155
535.447449
533.567505
534.074463
535.963806
536.475281
535.200256
534.274048
534.997681
536.254089
536.351440
535.267456
534.556091
535.027527
535.605896
535.411926
535.157288
535.425049
535.654297
535.446777
535.063049
534.659851
534.291687
534.347290
535.180969
536.291748
536.498474
535.397217
533.968506
533.560913
534.522949
535.790466
536.233032
536.150879
536.194824
535.867371
534.815918
534.104370
534.529053
535.292603
535.319336
534.781860
534.634888
535.071228
535.345825
535.240295
535.464417
535.988342
535.603271
534.204651
533.591492
534.833740
536.570618
536.973267
536.024414
534.900757
534.187256
533.846497
534.105530
535.111084
536.069641
535.961792
535.043640
534.680908
535.409485
536.035095
535.499146
534.583374
534.490540
534.969910
535.122437
534.997925
535.224609
535.683716
535.618896
534.984924
534.677795
535.067749
535.329529
534.867554
534.446167
534.959961
535.707947
535.389343
534.473816
534.603210
535.882935
536.566833
535.604980
534.216248
534.174133
535.339050
536.131958
535.826904
534.949829
534.176514
534.125000
535.036865
536.062256
536.072205
535.074158
534.122253
534.186829
535.194458
535.911499
535.403687
534.551331
534.743896
535.533997
535.488647
534.749390
534.705872
535.502625
535.844421
535.282532
534.834900
535.055481
535.223755
534.881104
534.590210
534.666443
534.796692
535.231445
536.358643
537.075378
535.959839
533.906372
533.236511
534.451111
535.829041
535.902954
534.931274
534.243530
534.734436
535.849915
536.225037
535.519348
534.778809
534.695740
534.797363
534.722412
534.847656
535.245117
535.356689
535.121704
535.153503
535.419067
535.208191
534.679993
534.797424
535.512085
535.687988
535.040100
534.637390
535.105225
535.620117
535.276978
534.546692
534.523376
535.203430
535.518311
534.976562
534.372192
534.569763
535.260437
535.550720
535.332336
535.184021
535.195984
534.959717
534.644287
534.912109
535.636414
535.828491
535.236389
534.865723
535.195496
535.318420
534.745056
534.423950
534.973877
535.523682
535.274536
534.835083
535.042847
535.510376
535.369751
534.742920
534.500610
535.027100
535.840210
536.211365
535.913757
535.290100
534.597046
533.991638
534.179993
535.526001
536.537598
535.539001
533.643188
533.530518
535.449463
536.829590
536.010559
534.403137
534.184814
535.224121
535.699158
535.031921
534.406372
534.621887
535.155579
535.409363
535.448975
535.335266
534.949524
534.651245
534.951294
535.481445
535.365845
534.582703
534.100342
534.588806
535.420410
535.351379
534.437073
534.202881
535.221375
536.102356
535.752502
534.968750
534.918518
535.340454
535.263245
534.767334
534.721313
535.059021
535.002747
534.758057
535.066406
535.578308
535.490051
535.078125
535.086365
535.339417
535.189758
534.817688
534.964783
535.501953
535.468872
534.798157
534.619019
535.408386
536.183228
535.972107
535.045349
534.423706
534.645874
535.196899
535.280518
535.000671
535.027588
535.256653
535.032410
534.614929
534.858093
535.505981
535.492615
534.880737
534.790039
535.398743
535.649475
535.124878
534.742859
535.101562
535.453491
535.164856
534.882812
535.195801
535.469421
535.125366
534.753296
535.032471
535.607544
535.642883
534.991943
534.514771
534.940186
535.648254
535.560364
534.928589
534.819824
535.258606
535.361511
534.990906
534.864441
535.142395
535.199036
534.922058
534.987488
535.464966
535.496155
534.903381
534.640381
535.119751
535.519592
535.274231
534.979248
535.213196
535.510620
535.230469
534.741760
534.895935
535.647827
536.035828
535.558838
534.890381
534.851807
535.218689
535.268005
535.041931
535.105408
535.348389
535.179016
534.771362
534.900879
535.489990
535.538513
534.864197
534.634949
535.397522
535.925720
535.257507
534.453613
534.753235
535.458069
535.381653
534.885071
534.896484
535.262451
535.313110
535.093689
535.104065
535.373352
535.444275
535.134766
534.908997
535.215088
535.643494
535.440796
534.838623
534.811523
535.373413
535.456177
534.851013
534.719543
535.503479
535.953918
535.263367
534.492737
534.678406
535.200256
535.221924
535.105774
535.316406
535.412537
535.054016
534.826416
535.216858
535.644958
535.369080
534.765991
534.803589
535.601013
536.219360
535.863159
534.977234
534.709778
535.208130
535.428650
535.045654
535.003357
535.497009
535.409546
534.529663
534.255188
535.261658
536.223328
535.821472
534.731140
534.512878
535.290405
535.769348
535.349426
534.820984
534.827454
535.047363
535.152771
535.269592
535.296143
535.001526
534.776123
535.153748
535.816040
535.883911
535.159607
534.580444
535.016907
535.835083
535.677429
534.704956
534.500244
535.468628
536.069519
535.276428
534.288513
534.637634
535.708984
535.792419
534.837952
534.354919
534.912598
535.507324
535.448242
535.223328
535.244873
535.208618
535.007385
535.013000
535.222412
535.210754
535.002930
535.054260
535.434937
535.657654
535.320374
534.746033
534.759583
535.454773
535.718384
534.941589
534.320923
534.994690
535.976379
535.714294
534.658752
534.422180
535.150024
535.561829
535.205872
534.913818
535.109314
535.276367
535.191589
535.269165
535.495789
535.327271
534.854187
534.829712
535.270386
535.305908
534.821594
534.798035
535.505737
535.923035
535.357178
534.445129
534.284241
535.085938
535.823242
535.528503
534.778748
534.806152
535.419312
535.457764
534.911987
534.796570
535.234680
535.365845
535.012756
534.921204
535.303406
535.448242
535.055298
534.818665
535.139099
535.384277
535.122314
534.918640
535.151611
535.255432
534.938843
534.863037
535.391785
535.865540
535.604370
534.869446
534.539795
535.000183
535.532532
535.294312
534.732117
534.900085
535.568787
535.580078
534.909058
534.697388
535.230530
535.529480
535.171143
534.952454
535.309753
535.506653
535.062622
534.730469
535.096436
535.427673
535.087830
534.816040
535.265137
535.620789
535.110535
534.561218
534.974182
535.717224
535.586426
534.721741
534.234863
534.593933
535.213013
535.324158
534.953613
534.859558
535.291077
535.495056
535.080139
534.823181
535.192810
535.368835
534.860291
534.616882
535.250854
535.732544
535.258789
534.743408
535.055359
535.488525
535.239136
534.871033
535.151489
535.579468
535.321472
534.781799
534.901550
535.478699
535.525818
534.910217
534.510864
534.883484
535.475098
535.393555
534.799561
534.751221
535.419434
535.698364
535.119934
534.669556
535.025513
535.455627
535.251953
534.929688
535.106323
535.338196
535.077148
534.797729
535.100586
535.518677
535.361389
535.011230
535.166443
535.462708
535.166260
534.635010
534.765259
535.431763
535.631836
534.977295
534.251221
534.360596
535.121643
535.540405
535.263550
534.995300
535.169434
535.242065
534.910095
534.824097
535.293762
535.528076
535.073303
534.731995
535.132324
535.581909
535.280518
534.740295
534.947449
535.640808
535.705200
535.074402
534.842102
535.345154
535.614319
535.148987
534.776306
535.129883
535.548584
535.278748
534.773315
534.811401
535.121948
534.976501
534.623047
534.931519
535.750549
535.888062
535.006226
534.334412
534.830200
535.654846
535.553467
534.891785
534.886475
535.441406
535.417664
534.765137
534.637207
535.298218
535.656860
535.237915
534.936646
535.261597
535.469910
535.125610
534.919495
535.214600
535.342468
534.982361
534.781494
535.191284
535.757202
535.756775
535.124878
534.646484
534.951782
535.482178
535.333252
534.813538
534.901794
535.480652
535.531982
534.950989
534.749695
535.254639
535.581177
535.271118
534.980469
535.127869
535.243408
535.084595
535.141541
535.474670
535.348389
534.660706
534.451172
535.167236
535.728394
535.224365
534.314209
534.191772
535.010315
535.782043
535.621521
534.922729
534.791992
535.299255
535.441223
535.000549
534.865906
535.288696
535.471069
535.153076
535.047424
535.364624
535.386475
534.913696
534.741272
535.142761
535.297913
534.885864
534.783447
535.343201
535.538757
534.840393
534.356140
535.001343
535.876038
535.679199
534.750732
534.461731
535.208252
536.018555
535.908081
535.093079
534.669922
535.055908
535.427795
535.205383
534.946838
535.072205
535.132812
534.956360
535.077820
535.495483
535.403870
534.745850
534.606323
535.344788
535.778748
535.162048
534.542297
534.989746
535.768250
535.609619
534.825806
534.662231
535.204590
535.476807
535.198730
535.009033
535.204285
535.369995
535.176575
534.934265
535.129700
535.484924
535.218689
534.559021
534.683411
535.602478
535.867615
535.031860
534.466553
534.990784
535.555420
535.186462
534.599365
534.802917
535.437622
535.572083
535.177368
534.908020
534.978943
535.021729
534.946350
535.112122
535.413574
535.243835
534.727112
534.794556
535.663635
536.311340
535.880249
534.895203
534.556946
535.088867
535.538757
535.337280
535.063721
535.221497
535.311096
534.854675
534.472900
534.900208
535.573792
535.468323
534.861633
534.834167
535.386780
535.554565
535.142944
534.905029
535.086121
535.138916
534.995483
535.262329
535.793579
535.550476
534.491211
534.068481
535.083374
536.392517
536.497925
535.464783
534.632507
534.839722
535.494690
535.601807
535.210693
535.056580
535.163513
535.011536
534.772034
534.989563
535.383728
535.303589
534.995972
535.158936
535.561829
535.361633
534.701355
534.655701
535.320496
535.497925
534.862793
534.627808
535.319885
535.786743
535.255310
534.606506
534.764587
535.313965
535.413513
535.050781
534.862366
535.153442
535.471130
535.318298
535.012756
535.123474
535.315979
534.937073
534.452087
534.805359
535.593262
535.579590
534.902832
534.862305
535.520569
535.588135
534.812256
534.458984
535.102356
535.703613
535.431580
534.920288
534.921448
535.037598
534.798401
534.710449
535.175598
535.583191
535.314392
534.715027
534.581726
535.160156
535.767273
535.530457
534.690491
534.443726
535.078369
535.508545
535.201965
534.988342
535.254578
535.244812
534.867126
535.057556
535.741760
535.629089
534.574524
534.091675
534.917664
535.831848
535.633423
534.896606
534.805847
535.275818
535.404663
535.113647
535.057068
535.250854
535.028809
534.360291
534.194458
535.030579
535.892883
535.628845
534.714539
534.491638
535.029907
535.257507
534.916504
534.818054
535.239990
535.445312
535.069336
534.801941
535.099365
535.321472
534.977234
534.691711
535.007446
535.362366
535.205078
535.019287
535.260864
535.323792
534.693909
534.222412
534.870239
535.896179
535.841736
534.729248
533.910278
534.218567
535.162415
535.686157
535.402771
534.946777
534.929382
535.096802
535.120422
535.297424
535.664185
535.557678
534.915955
534.702209
535.181396
535.303223
534.678345
534.456238
535.269287
535.954346
535.416565
534.465149
534.543884
535.442566
535.689880
534.939453
534.450500
534.988708
535.704895
535.623779
535.029907
534.735229
534.805725
534.761047
534.638123
534.961548
535.577759
535.563965
534.796021
534.442566
535.076233
535.583191
535.057312
534.406494
534.760010
535.542603
535.557495
534.986145
534.903625
535.383606
535.481567
534.963867
534.706726
535.090942
535.361816
535.107605
534.929932
535.130920
535.129517
534.654663
534.392212
534.900269
535.588074
535.473877
534.721436
534.517151
535.236694
535.805481
535.391357
534.681213
534.724670
535.297119
535.403198
534.951965
534.754944
535.007141
535.091858
534.942505
535.130615
535.505005
535.318359
534.756653
534.706970
535.134033
535.211792
534.878723
534.888672
535.358093
535.476990
534.913147
534.426208
534.761536
535.575439
535.818970
535.133911
534.449829
534.665649
535.283203
535.339783
534.984863
534.928650
535.105652
535.025696
534.857971
535.126953
535.560303
535.329834
534.572876
534.446289
535.228760
535.787476
535.491333
535.072083
535.062866
534.994629
534.677063
534.726196
535.230896
535.333130
534.729980
534.290039
534.727661
535.672607
536.210205
535.796082
534.884521
534.555054
534.997620
535.234924
534.914917
534.854370
535.263428
535.288025
534.825806
534.849487
535.456909
535.566711
534.945435
534.641602
535.026306
535.204834
534.826904
534.760620
535.352539
535.631409
535.066650
534.613831
535.040344
535.582581
535.243042
534.311890
533.913696
534.593811
535.632141
535.792786
534.938416
534.333191
534.691833
535.238525
535.468140
535.811462
536.012329
535.309814
534.342163
534.406555
535.172729
535.259644
534.533813
534.291077
535.179932
536.066833
535.775574
534.988708
534.970459
535.367920
535.097412
534.459106
534.504517
535.126343
535.399841
535.188293
535.104675
535.335388
535.459534
535.252014
535.065125
535.223755
535.356812
534.913086
534.292419
534.506592
535.459412
535.820190
535.152649
534.709473
535.240295
535.647400
535.000244
534.250305
534.588501
535.352783
535.129089
534.298462
534.427612
535.531799
536.165344
535.876587
535.416565
535.045288
534.567383
534.348877
534.817871
535.605530
535.887817
535.329041
534.527405
534.471436
535.262207
535.730408
535.171509
534.539062
534.723633
535.084473
534.986450
535.066956
535.680237
535.828735
534.904724
534.043518
534.492249
535.604675
535.790649
534.954346
534.491272
534.963257
535.420105
535.193787
534.809265
534.798035
534.941467
534.999512
535.182251
535.554138
535.629395
535.080688
534.534912
534.878479
535.729492
535.729492
534.732971
534.237366
534.961060
535.678223
535.341248
534.715637
534.858215
535.420898
535.243652
534.069275
533.400452
534.507141
536.245544
536.815857
536.314453
535.550781
534.618286
533.922302
534.135315
534.775757
534.954956
534.854858
535.302490
536.352173
536.886536
536.033142
534.673584
534.518860
535.517273
535.735779
534.447449
533.510254
534.472839
536.028320
536.064148
534.922485
534.540710
535.263306
535.676575
535.142700
534.566589
534.682312
535.088013
535.269287
535.365417
535.402222
535.002747
534.449890
534.668274
535.471619
535.435486
534.288513
533.705200
534.936279
537.090454
538.162903
537.053772
534.759399
533.544250
534.362793
535.803894
536.142151
535.237793
534.096436
533.789246
534.729309
536.082214
536.312073
535.079712
533.965637
534.403259
535.576721
535.666260
534.696655
534.371521
535.145325
535.591187
535.023071
534.587219
535.100525
535.695923
535.429688
534.791504
534.713318
535.054932
535.033630
534.612183
534.513794
534.973083
535.282959
534.953613
534.651245
535.001221
535.238464
534.618958
534.106567
534.958130
536.525574
536.976929
535.792969
534.384094
534.047241
534.476318
534.899719
535.263428
535.450928
535.053528
534.503235
534.798096
535.787720
536.127197
535.255798
534.287415
534.401855
535.205688
535.448364
534.811218
534.245300
534.580444
535.325195
535.416992
534.910461
534.797180
535.233459
535.412109
535.152100
535.093262
535.383789
535.402222
534.956787
534.764893
535.131897
535.259888
534.793579
534.658020
535.337158
535.855652
535.419128
534.586975
534.212280
534.342407
534.649170
535.392029
536.780701
537.605713
536.377075
533.711914
531.828369
532.065247
533.910706
535.712952
536.110474
535.394531
534.847778
534.912964
535.222717
535.585938
535.732300
535.146423
534.179688
534.073486
534.999023
535.594971
535.192017
534.803833
535.226074
535.731689
535.391174
534.672546
534.731567
535.456543
535.573181
534.861877
534.571899
535.175842
535.332153
533.969788
532.337524
532.662231
535.123657
537.449585
537.489197
535.360779
533.115601
532.752441
534.418945
536.390320
536.837524
535.595154
534.234985
534.297424
535.449219
535.950195
535.059692
534.101135
534.474609
535.510986
535.589661
534.730957
534.433167
535.124451
535.563538
535.111572
534.746521
535.163208
535.647888
535.512329
535.007141
534.506104
534.119629
534.109253
535.017517
536.771179
537.601318
535.615967
532.357788
532.049072
535.645386
538.669495
537.286926
533.706787
532.740601
534.980286
536.735657
535.791077
533.930176
533.666748
534.928101
535.869812
535.550537
534.642029
534.247742
534.910461
536.120117
536.495972
535.360901
533.941406
533.932983
535.340515
536.426819
535.625671
533.702209
533.617676
536.577209
539.116577
537.337769
533.010681
531.382935
533.845947
536.696594
536.735718
534.886719
533.982300
534.998413
536.384888
536.396729
535.013916
533.666321
533.793274
535.330811
536.404602
535.520508
533.911377
534.018250
535.816833
536.798462
535.597473
533.589417
532.854919
533.981506
535.824158
536.603943
535.468689
533.445496
532.607666
534.260864
537.493591
538.962402
536.008972
531.245850
530.840271
536.146240
540.714844
538.685486
532.952393
531.030701
534.511108
537.633850
536.479736
533.725281
533.114929
534.494507
535.575500
535.167969
534.000610
533.688354
534.835449
536.336182
536.966431
536.576782
535.391541
533.805664
533.254456
534.911377
537.224915
537.502136
535.698669
533.980835
533.445618
533.626038
534.235840
535.400940
536.559448
536.583313
535.463928
534.669067
534.948853
535.277710
534.895996
534.581177
534.894592
535.065552
534.659424
534.587830
535.326477
535.739868
535.001038
534.271057
535.021301
536.677979
537.168579
535.734680
534.196472
534.425171
535.565918
535.649048
534.766785
534.548584
535.462585
536.250977
535.781311
534.737976
534.614502
535.272949
535.371460
534.808655
534.469482
534.424500
534.409302
534.817688
535.652100
535.937744
535.218140
534.229736
533.832153
534.453247
535.944763
537.166687
536.923950
535.395264
533.558350
532.389099
533.161682
535.989624
538.034119
536.498169
533.132812
532.239807
534.582397
536.734192
536.349854
534.893982
534.658875
535.541199
535.871826
535.117676
534.373718
534.419678
534.782410
535.006104
535.232788
535.322205
535.136719
535.244751
535.773132
535.739563
534.747620
533.940796
534.470520
535.974915
536.848938
536.060425
534.639404
534.382141
535.348816
535.996399
535.493896
534.650940
534.409119
534.627197
534.825317
534.979797
535.205078
535.526123
535.878723
536.005554
535.759094
535.223450
534.521423
534.221741
534.874695
535.615601
535.224121
534.458679
534.833374
535.763977
535.547058
534.501404
534.463928
535.616577
536.332214
535.752136
534.628845
534.102783
534.574341
535.353210
535.489746
535.079529
534.856873
534.860413
534.773621
534.825195
535.204407
535.395447
535.024109
534.689819
535.044189
535.576538
535.432739
535.001221
535.199646
535.594666
535.165222
534.445618
534.731201
535.606873
535.522949
534.521606
534.161438
534.955261
535.836304
535.924927
535.449341
535.064514
534.974670
534.854797
534.631226
534.847168
535.594971
535.859009
535.023926
534.188782
534.629944
535.706604
535.929077
535.374451
535.132935
535.121521
534.617798
534.196045
534.848145
535.839783
535.518311
533.991394
533.375916
534.945984
537.094482
537.321899
535.574890
533.965393
533.712219
534.296753
535.093140
535.847473
535.958252
535.063049
534.156128
534.559204
535.793457
536.033142
534.872864
534.061646
534.801025
535.780457
535.281555
534.085632
534.284180
535.799866
536.434875
535.348083
534.162354
534.315918
535.263000
535.799011
535.639893
535.143188
534.632812
534.495544
535.017029
535.711304
535.593872
534.499207
533.536865
533.842896
535.108704
535.832031
535.288879
534.592285
534.992065
535.847900
535.672241
534.653198
534.377686
535.183472
535.756104
535.464478
534.991638
534.736389
534.603149
534.866028
535.540466
535.729919
534.917114
534.093201
534.548950
535.909180
536.356384
535.235046
534.196716
534.639832
535.619568
535.612244
534.780518
534.472717
535.132141
535.587402
535.069214
534.492065
534.723083
535.244568
535.283691
534.899353
534.681091
534.981934
535.392212
535.344299
535.122375
535.149231
535.160583
535.008850
535.071899
535.430176
535.431580
534.816223
534.502014
535.086975
535.572998
535.085205
534.528198
534.903198
535.463867
535.150391
534.371338
534.220215
534.896240
535.568726
535.515381
535.114807
535.101562
535.135681
534.646912
534.405640
535.167908
535.925964
535.577515
534.828857
534.870117
535.360413
535.195679
534.521240
534.521118
535.240662
535.425720
534.808777
534.627441
535.346130
535.794922
535.187866
534.444641
534.632751
535.333130
535.511353
535.039734
534.635071
534.787048
535.160767
535.190247
535.045715
535.299683
535.629639
535.162598
534.274597
534.300232
535.208130
535.575134
535.112366
535.022278
535.553101
535.608521
535.010132
534.731750
534.956299
535.002930
534.791565
534.798157
535.106140
535.291260
535.090149
534.814697
534.888000
535.087585
534.987244
534.808716
534.905579
535.213074
535.813904
536.149597
535.192322
533.952026
534.432129
535.910400
535.905701
534.757141
534.820374
535.816772
535.580383
534.424500
534.439575
535.410706
535.328003
534.451843
534.523315
535.314026
535.472961
535.214111
535.470947
535.875488
535.563599
534.896301
534.698120
534.893433
534.937378
534.708801
534.288757
534.043213
534.675964
535.806580
535.909180
534.959045
534.447876
534.547546
534.442200
534.470093
535.180664
535.760864
535.423706
534.939331
535.238953
535.692078
535.322327
534.651184
534.686340
535.188721
535.297607
535.106323
535.239258
535.465027
535.150146
534.628845
534.730225
535.226196
535.208679
534.707336
534.612549
535.264099
535.950623
535.805786
534.992615
534.614380
535.057983
535.344238
534.956604
534.766541
535.270874
535.637390
535.272217
534.873718
535.101685
535.370605
534.997070
534.512390
534.681030
535.119080
535.112732
534.951721
535.255249
535.659668
535.381165
534.718567
534.677429
535.225708
535.400940
535.065735
535.035645
535.506592
535.681458
535.115540
534.518799
534.798889
535.639954
535.802124
534.986206
534.359497
534.702698
535.232605
535.082092
534.747986
535.007019
535.475464
535.402649
535.044495
535.111938
535.410034
535.232971
534.794250
534.939514
535.500000
535.435730
534.728271
534.527893
535.156067
535.575439
535.237061
534.913818
535.214417
535.570679
535.286133
534.721802
534.741516
535.315613
535.529236
535.123413
534.988098
535.538086
535.840332
535.212708
534.459534
534.564453
535.154968
535.290894
535.013855
535.032288
535.336121
535.285156
534.924194
534.985352
535.407654
535.254150
534.573547
534.680847
535.805603
536.375732
535.573975
534.588013
534.529358
534.979675
535.121460
534.902039
534.748596
534.852844
534.996643
535.039124
535.256592
535.710876
535.736328
534.958313
534.282410
534.652405
535.387329
535.310669
534.852295
535.130188
535.763428
535.618835
534.921936
534.743225
535.101074
535.184509
534.930725
534.958069
535.218872
535.070923
534.667175
534.825989
535.436646
535.457214
534.577942
533.776855
534.092468
535.319885
536.132935
535.705627
534.847168
534.773560
535.299866
535.394958
534.938538
534.710815
534.954407
535.132202
535.074768
535.197815
535.435242
535.215942
534.742310
534.856262
535.399109
535.375793
534.878479
535.002930
535.756226
535.933044
535.193359
534.590088
534.828064
535.273743
535.096985
534.526733
534.378418
534.812683
535.195923
535.109924
534.929138
535.080627
535.225891
534.935547
534.689697
535.108643
535.671936
535.521851
535.049683
535.234253
535.772400
535.485657
534.533875
534.422180
535.399597
535.832703
534.950317
534.181458
534.715576
535.575867
535.417969
534.634766
534.390320
534.847717
535.395264
535.676758
535.678284
535.374695
534.848450
534.600342
535.217468
536.305359
536.431213
535.054443
533.713928
534.036865
535.321533
535.674683
534.977234
534.773254
535.476562
535.816345
535.167114
534.479309
534.586548
535.103088
535.366943
535.421082
535.517212
535.422913
535.009216
534.847839
535.239258
535.440918
534.937378
534.463684
534.828125
535.620850
535.808044
535.183655
534.713989
535.162476
535.795532
535.432373
534.491272
534.464783
535.427551
535.822083
535.076477
534.563416
535.165588
535.840759
535.609375
535.026611
534.798096
534.719299
534.616638
534.847717
535.423157
535.674988
535.262573
534.824951
535.009399
535.396667
535.231873
534.675781
534.502014
534.958923
535.487732
535.519836
535.262146
535.261536
535.386963
535.138794
534.779114
534.949158
535.388245
535.290344
534.769165
534.749756
535.335571
535.549133
535.014343
534.595642
534.877930
535.254822
535.180664
535.137939
535.519409
535.686584
535.161316
534.725708
535.104858
535.547791
535.145203
534.552673
534.920410
535.973083
536.408203
535.726685
534.798340
534.625183
535.064880
535.231506
534.989502
535.055298
535.460144
535.371765
534.764832
534.685547
535.410767
535.866211
535.411011
534.790771
534.767212
535.030212
535.084900
535.151672
535.408142
535.367676
534.847778
534.589050
535.084900
535.594421
535.268127
534.561768
534.518066
535.223511
535.833679
535.750793
535.263123
535.060120
535.252808
535.307312
535.115356
535.141663
535.293640
534.980591
534.465149
534.715942
535.609863
535.786621
534.844055
534.195190
534.829224
535.675842
535.466980
534.808838
534.924500
535.530579
535.545837
535.064819
534.996826
535.311890
535.249084
534.861755
534.874817
535.306458
535.475769
535.124268
534.745544
534.867188
535.279419
535.356995
535.121399
535.219177
535.608765
535.468262
534.822571
534.776306
535.541809
535.843445
535.076233
534.438904
534.921936
535.639893
535.359924
534.578247
534.627380
535.360474
535.500183
534.961609
534.887146
535.507996
535.889343
535.599915
535.031433
534.480286
534.071228
534.066772
534.611816
535.463074
536.013916
535.670349
534.753052
534.481079
535.166931
535.543396
534.928833
534.462830
535.042480
535.757385
535.563782
534.965149
534.903198
535.198303
535.173462
534.958374
535.098267
535.448914
535.472717
535.214355
535.130066
535.217896
535.106934
534.928101
535.162109
535.564758
535.310120
534.401733
533.934998
534.575867
535.540100
535.632202
534.931702
534.607178
535.040161
535.362793
535.137451
535.036865
535.390930
535.467712
534.938171
534.724365
535.414551
536.016663
535.521667
534.690369
534.817505
535.552979
535.583740
534.867493
534.538940
534.896790
535.122864
534.925415
534.909668
535.286621
535.501526
535.216919
534.851562
535.002197
535.533936
535.617615
535.051331
534.743164
535.142639
535.395264
534.958923
534.647949
535.131165
535.689636
535.467712
534.925110
534.951721
535.318481
535.263428
534.976074
535.144165
535.524841
535.382690
534.972473
535.119629
535.590393
535.402161
534.658325
534.512451
535.217163
535.726013
535.362915
534.699707
534.622864
535.148254
535.447693
535.097900
534.740540
534.937805
535.231201
535.197754
535.250000
535.577087
535.586670
535.092102
534.866455
535.312561
535.600525
535.012024
534.337463
534.731445
535.701050
535.761108
534.858215
534.418701
534.948853
535.376831
535.080811
534.815552
535.138306
535.470886
535.234741
534.789185
534.788696
535.175964
535.309021
535.032288
534.964661
535.342529
535.458313
534.967407
534.674011
535.102783
535.449951
535.014221
534.528137
534.874878
535.496277
535.404114
534.931335
535.065002
535.609070
535.532898
534.846863
534.599548
535.058960
535.366028
535.140320
535.041443
535.400085
535.537292
534.963684
534.304382
534.362427
534.896545
535.087585
534.875366
534.952454
535.420532
535.513062
535.019897
534.818420
535.335632
535.648376
535.049927
534.421021
534.855042
535.769287
535.785400
534.984985
534.705444
535.246826
535.526733
535.115356
534.835571
535.088440
535.244751
534.990112
534.872437
535.207642
535.509216
535.330139
534.932800
534.870972
535.234741
535.580139
535.684265
535.809753
535.851074
535.201782
534.129395
533.991089
535.147644
536.004761
535.279297
534.092041
534.372681
535.866943
536.537598
535.701965
534.786560
534.808350
535.088135
534.950623
534.865540
535.173401
535.286926
534.946533
534.851318
535.292419
535.529785
535.184265
534.901672
535.154114
535.504822
535.392273
534.970947
534.882080
535.320984
535.627686
535.233765
534.693298
534.867249
535.391602
535.279968
534.791321
534.985168
535.603455
535.479126
534.850403
534.998962
535.782349
535.634094
534.129211
532.925781
533.595581
535.761108
537.887939
538.613586
537.212585
534.271301
531.940735
532.185974
534.740662
537.436218
538.252930
536.986389
535.298462
534.868896
535.510986
535.793579
535.254761
534.717712
534.609741
534.590210
534.644409
535.083008
535.574463
535.434753
534.946167
535.068726
535.647217
535.583252
534.919983
534.854858
535.560913
535.868103
535.138611
534.042358
533.615356
534.165466
535.223633
536.512390
538.075867
538.848022
537.116699
533.798889
532.584717
534.897766
537.451111
536.786743
534.007324
532.855591
534.461304
536.327271
536.311768
535.266541
534.910461
535.248657
535.381958
535.159790
534.889404
534.698914
534.807007
535.315857
535.628601
535.161926
534.546936
534.923645
535.986023
536.126770
534.977234
534.157593
534.806335
536.038208
536.451599
535.813721
534.972900
534.731873
534.834412
534.437195
533.848633
534.580994
536.913452
538.761292
537.884338
534.503357
531.352600
531.302612
534.493347
537.796936
537.964539
535.349976
533.445374
534.489197
536.678650
536.764221
534.618408
533.252258
534.308533
535.874512
535.693726
534.476440
534.408508
535.812195
536.980957
536.633362
535.317993
534.486877
534.748596
535.400208
535.635193
535.479370
535.207886
534.783508
534.453857
534.874146
535.885315
536.309937
535.685974
534.921570
534.762329
534.940002
535.070068
535.215820
535.362305
535.182922
534.713257
534.599060
535.054871
535.368896
535.241943
535.383606
536.008362
536.212708
535.416016
534.321472
534.119202
535.054932
535.902344
535.436035
534.348328
534.328369
535.390198
535.974548
535.524902
535.067627
535.180786
535.226562
534.904053
534.848877
535.273315
535.546448
535.453857
535.469177
535.593079
535.262329
534.636963
534.655518
535.370605
535.582520
534.797852
534.113708
534.497192
535.564514
536.495544
536.902527
536.626892
535.605957
534.202759
533.358276
533.949768
535.596008
536.608643
535.962891
534.807434
534.863892
535.818298
535.918884
534.886536
534.256592
534.761536
535.370667
535.270691
535.036743
535.244385
535.381775
535.007385
534.742615
535.106689
535.522217
535.466736
535.370544
535.563965
535.523682
534.845215
534.105164
534.203369
535.105164
535.711548
535.289124
534.599365
534.818970
535.671387
535.839539
535.129089
534.605225
534.594421
534.429321
534.232117
535.080383
536.959351
538.094727
537.144470
534.959229
533.318176
532.975647
533.731934
535.113892
536.200806
536.128113
535.296387
535.020935
535.663147
536.092712
535.414551
534.238037
533.752625
534.297852
535.114746
535.276489
534.890564
534.901611
535.456055
535.655334
535.246948
535.019836
535.286255
535.419067
535.124084
534.938599
535.117676
535.171448
535.027954
535.235657
535.480713
534.761108
533.412842
533.353516
535.708313
538.796265
539.391357
536.436523
532.524292
531.029602
532.842407
536.282715
538.844055
538.827271
536.504272
534.113098
533.957153
535.800293
536.892151
535.567200
533.653870
533.766602
535.383362
535.851990
534.640076
533.949280
535.041626
536.440308
536.413452
535.330627
534.648254
534.725098
534.697510
534.193665
533.958313
534.635193
536.122009
537.866028
538.539917
536.709717
533.216675
531.128052
532.099365
534.730347
536.804749
537.349609
536.753967
536.091064
535.953369
535.884827
535.433289
534.933411
534.649292
534.382141
534.269958
534.675110
535.284790
535.437195
535.261047
535.474304
536.038452
535.961548
534.753784
533.571838
534.102112
536.094543
537.247925
536.231323
534.295349
533.394592
534.189758
536.023010
537.609314
537.687012
535.920105
533.713867
533.431152
535.581787
537.463684
536.392212
533.663330
532.997375
535.234131
537.165955
536.319519
534.232117
533.648621
534.802429
535.988892
536.116272
535.423950
534.680908
534.580078
535.326111
536.101685
535.581543
533.996338
533.585754
535.422180
537.243591
536.582520
534.481934
533.780945
535.096191
536.495056
536.344055
535.122192
534.392639
534.763062
535.501221
535.818604
535.670959
535.388184
535.248047
535.377319
535.622986
535.526978
534.814453
534.126343
534.526367
535.776794
536.210754
535.197571
534.290649
534.754883
535.619080
535.562134
535.089905
535.293274
535.825134
535.715271
535.106567
534.825989
534.991333
535.061768
534.902832
534.959778
535.398315
535.655396
535.256409
534.735962
534.946045
535.549255
535.377808
534.559448
534.580139
535.699768
536.353027
535.742798
534.931213
534.851196
535.072937
535.042053
535.007507
535.286987
535.554199
535.424316
535.174500
535.216125
535.289856
534.976135
534.653442
535.009705
535.806824
536.054443
535.418335
534.741394
534.917542
535.596863
535.722473
535.204102
535.007141
535.401001
535.488892
534.947754
534.751404
535.353027
535.696655
535.055237
534.448792
534.932800
535.747559
535.609436
534.828552
534.652527
535.182983
535.503906
535.417725
535.429443
535.426819
535.015991
534.745667
535.297852
535.959717
535.566101
534.405701
533.847107
534.503296
535.600464
535.926270
535.170166
534.378967
534.616821
535.406616
535.623535
535.309326
535.111328
534.991638
534.934631
535.384155
535.950378
535.560974
534.521118
534.421509
535.539856
536.227600
535.512695
534.590454
534.795593
535.542908
535.529419
534.905762
534.840027
535.479126
535.784607
535.248718
534.604065
534.717346
535.421204
535.788391
535.500427
535.231628
535.344727
535.318787
535.049927
535.189209
535.621521
535.389465
534.568054
534.444946
535.357910
535.967957
535.382690
534.593567
534.822266
535.589111
535.675781
535.160828
535.077576
535.508484
535.517822
534.929077
534.712524
535.248230
535.657043
535.347961
534.941284
535.071289
535.310913
535.039307
534.714905
535.161194
535.904663
535.706787
534.719910
534.412537
535.220276
535.893738
535.559082
535.031372
535.293579
535.805603
535.550415
534.894470
534.918701
535.478821
535.526184
534.986572
534.785278
535.179321
535.475220
535.392761
535.385132
535.523804
535.251526
534.443848
533.913513
534.445374
535.586304
536.015808
535.377319
534.828308
535.137817
535.532104
535.317017
535.089722
535.324890
535.393982
534.982605
534.861755
535.378723
535.670410
535.176758
534.680237
535.000061
535.615967
535.552429
535.051453
535.121521
535.661194
535.581421
534.878662
534.806396
535.616943
536.012451
535.418762
534.878174
535.129028
535.510254
535.333008
535.019653
535.256592
535.763733
535.650513
534.860291
534.418274
534.907471
535.581726
535.574097
535.202576
535.232300
535.501160
535.387939
535.148010
535.393555
535.710693
535.319824
534.689026
534.840332
535.509583
535.615662
535.171631
535.098328
535.446899
535.434143
535.034363
534.989380
535.451416
535.799133
535.606689
535.157349
535.057922
535.424805
535.584595
535.153442
534.899353
535.416992
535.829529
535.271301
534.606750
535.006836
535.853882
535.808105
535.027954
534.675232
534.963501
535.196838
535.215881
535.397766
535.587036
535.301880
534.864258
535.074829
535.724792
535.740051
534.997009
534.660095
535.398682
536.366394
536.394653
535.530090
534.892395
535.109497
535.466370
535.161804
534.706543
535.016418
535.725281
535.747131
535.131775
534.935486
535.393066
535.670532
535.437988
535.258423
535.274292
535.018066
534.680115
534.995117
535.715515
535.788452
535.210815
535.027527
535.371704
535.292236
534.688965
534.660278
535.659058
536.678101
536.592651
535.561829
534.784180
534.955322
535.437195
535.384827
535.027588
535.005981
535.179077
535.139221
535.172668
535.582031
535.769409
535.185852
534.581482
534.970886
535.825989
535.813354
535.048584
534.862244
535.401245
535.493408
534.961426
534.863708
535.395081
535.551208
534.988708
534.607910
535.126953
536.094971
536.448914
535.792175
534.985046
534.986755
535.444580
535.445923
535.098022
535.047791
535.199646
535.203674
535.343811
535.837463
536.030518
535.383362
534.657349
534.830566
535.461975
535.519714
535.122559
535.138428
535.534058
535.405823
534.710876
534.619324
535.475220
535.921143
535.150269
534.367737
534.768494
535.723572
535.944580
535.342957
535.012024
535.623535
536.387329
536.111145
534.946228
534.149536
534.286621
534.858765
535.466919
536.011902
536.044922
535.285461
534.559692
534.849976
535.645081
535.658142
534.953003
534.781372
535.388245
535.733093
535.403870
535.115906
535.199036
535.152222
534.927979
535.191284
535.889038
535.944031
534.894958
533.798462
533.951355
535.161560
535.856079
535.182373
534.314026
534.639099
535.619141
535.913208
535.522827
535.301270
535.337952
535.141724
534.860535
535.110901
535.656189
535.491211
534.668823
534.579590
535.568420
536.124451
535.429504
534.660278
534.858459
535.410278
535.449646
535.232727
535.317261
535.520813
535.394592
535.044434
534.946167
535.221008
535.435547
535.221375
534.939758
535.137146
535.517151
535.445984
535.151062
535.231812
535.376465
534.919434
534.406067
534.941956
536.034363
536.039185
534.955994
534.578491
535.443970
535.975342
535.256897
534.501709
534.915649
535.824097
535.945129
535.290527
534.831238
534.990723
535.356628
535.556702
535.667175
535.688049
535.298462
534.626038
534.596191
535.575317
536.336121
535.679016
534.509094
534.584106
535.698975
536.068359
535.248352
534.662354
535.065857
535.454956
535.056763
534.612244
534.894836
535.390808
535.378357
535.136475
535.167358
535.214294
535.019592
535.048889
535.449829
535.488525
534.897095
534.481567
534.926025
535.888062
536.312439
535.548462
534.428040
534.447815
535.520996
535.953674
535.112732
534.365234
534.770447
535.536194
535.589294
535.156128
534.938232
535.002258
535.140686
535.300598
535.331848
535.080383
534.878174
535.205078
535.707336
535.477539
534.632080
534.472839
535.491943
536.303162
535.585815
534.257324
534.250977
535.705872
536.907898
536.638977
535.407104
534.549438
534.703064
535.295593
535.539795
535.394592
535.156616
534.946777
535.003906
535.523682
535.936462
535.449890
534.529419
534.506592
535.458923
535.935608
535.202271
534.410400
534.817017
535.807617
535.853821
534.937866
534.445435
534.885620
535.474182
535.711426
535.801697
535.774292
535.370483
534.799072
