530.774414
530.774414
530.774414
530.767212
530.771851
530.792114
530.699707
530.648682
531.524658
533.891113
536.582458
537.951172
538.477722
540.184204
543.318298
545.672913
545.697998
544.302979
542.823364
541.311890
539.702026
538.501099
537.513000
535.786133
533.325745
531.217041
529.820679
528.287415
526.198181
524.541870
524.401672
525.550049
527.110352
528.808777
530.738220
532.557190
533.623718
533.789612
533.922241
535.304138
538.041321
540.765198
542.503235
543.639709
544.467102
544.500366
543.687622
542.650513
541.493042
539.787170
537.719910
536.069336
534.947754
533.488037
531.088135
528.402771
526.545898
525.608582
524.960632
524.860107
526.136169
528.277405
529.786438
530.560425
531.914062
534.160156
536.020264
536.664062
537.016663
538.523865
541.201843
543.636047
544.789307
544.908813
544.439514
543.214905
541.367798
539.822510
538.945251
537.779846
535.571960
533.093262
531.341125
529.867981
527.852844
525.911316
525.190918
525.516174
525.958496
526.586060
528.223694
530.658386
532.488770
533.215637
534.073242
535.938660
538.000732
539.384949
540.571960
542.265320
543.957458
544.552734
543.981812
543.279785
542.869751
541.828735
539.571045
537.158630
535.757629
534.794250
533.093689
530.868286
529.002808
527.433167
525.766174
524.677307
525.139771
526.734558
528.094543
528.869690
530.090637
532.307617
534.502075
535.727539
536.761353
538.721130
541.029785
542.417358
543.048218
543.926514
544.911377
544.853027
543.437561
541.720093
540.537903
539.327576
537.336365
535.161133
533.712280
532.441467
530.240234
527.536011
525.867920
525.628357
525.704468
525.613647
526.331482
528.272095
530.318848
531.703125
532.919617
534.338074
535.780090
537.481201
539.850952
542.446533
544.242920
544.711792
544.290161
543.944519
543.997864
543.490601
541.618103
539.331543
537.936218
536.911621
534.989380
532.492615
530.703918
529.570923
527.934448
525.854919
524.825134
525.475037
526.790771
527.910339
529.084717
530.594421
532.105164
533.412720
534.952332
537.080566
539.299500
540.922668
542.235474
543.818848
545.080811
544.955933
543.637878
542.288452
541.424072
540.581482
539.328552
537.844727
536.267395
534.155273
531.433472
529.161499
528.127808
527.440186
525.920837
524.316589
524.488586
526.643616
528.990051
530.259644
531.103516
532.494019
534.229919
535.852783
537.734192
540.225037
542.557007
543.711609
543.922852
544.107300
544.234375
543.589722
542.197754
540.782593
539.656189
538.413025
536.611450
534.526245
532.799561
531.204895
528.951599
526.530579
525.442627
525.782898
526.086609
525.950928
526.746887
529.084778
531.495972
532.617798
533.163269
534.620422
537.069336
539.413086
541.110779
542.518982
543.791016
544.486938
544.342163
543.547607
542.242615
540.558716
539.069092
538.312622
537.862000
536.563782
533.990662
531.272583
529.751831
528.927979
527.161926
524.701233
523.908813
525.739807
528.176514
529.164001
529.272583
530.319824
532.559814
534.614502
535.814209
537.065613
539.179077
541.749207
543.932251
545.092102
544.835266
543.549316
542.437805
541.965576
541.008057
538.566956
535.539673
533.796265
533.872620
534.161255
532.594360
529.152100
526.080200
525.178711
525.783386
526.242310
526.373535
527.195923
528.916016
530.697327
532.115601
533.440491
534.856689
536.515503
538.749451
541.422363
543.559509
544.312256
544.126770
544.086853
544.023682
542.698120
540.223083
538.310059
537.570435
536.743103
534.975647
532.845093
531.057434
529.588867
528.135986
526.697998
525.688660
525.416870
525.696777
526.472046
528.066101
530.097839
531.495422
532.228210
533.502563
535.820007
538.174561
539.689697
541.023621
543.157715
545.295471
545.537231
543.763062
541.944519
541.236450
540.670471
539.147339
537.007446
535.051147
533.282043
531.340759
529.450256
528.131531
527.166870
525.846924
524.529419
524.645630
526.440552
528.241577
528.926697
529.577942
531.550354
534.135437
535.638123
536.177979
537.592529
540.523865
543.419983
544.786804
544.694336
543.835022
542.754150
541.989014
541.559631
540.459229
537.875305
534.826416
533.199219
532.915100
531.735962
528.592102
525.233459
523.816345
524.550964
526.007629
526.672485
526.601562
527.334351
529.430054
531.602478
532.975342
534.071045
535.436401
537.217651
539.551025
542.022949
543.651489
544.044128
543.853638
543.742493
543.331238
541.837280
539.678894
538.232727
537.624268
536.251282
533.328186
530.384338
528.996643
528.417664
527.146484
525.572632
525.081238
525.704651
526.486328
527.273132
528.653564
530.555115
532.058960
532.834167
533.881165
536.065430
538.677856
540.599487
542.030823
543.661133
544.970276
544.846619
543.378906
541.832336
540.910217
539.877075
537.962708
535.859131
534.463623
533.038086
530.554138
527.821167
526.321106
525.968384
525.721802
525.497742
526.011169
527.442688
529.249878
530.754211
531.573242
532.037231
533.014160
535.005554
537.741882
540.397034
541.977661
542.415771
543.055237
544.686829
545.730713
544.166443
540.759583
538.426575
538.363281
538.572266
536.784912
533.415649
530.592041
529.157837
528.153320
526.889771
525.845947
525.500732
525.818298
526.976746
529.178406
531.618103
532.848328
532.598267
532.410278
533.785278
536.303284
538.506714
540.103394
541.934448
543.976807
545.000000
544.444763
543.228943
542.250244
541.216309
539.557556
537.642090
536.213806
535.055542
533.311951
531.016663
529.038757
527.498840
525.793762
524.346741
524.454407
526.176697
528.237366
529.973694
531.609802
532.958191
533.423645
533.176208
533.616150
536.221924
540.390198
543.266541
543.264099
542.468933
543.506470
545.533386
545.595947
542.774109
539.094238
536.961975
536.789001
536.876709
535.265015
531.778137
528.260254
526.645935
526.870972
527.019775
525.810913
524.614685
525.802124
529.056030
531.542908
532.129028
532.573242
534.208740
536.287537
537.719299
538.431641
539.344971
541.346130
543.710754
544.791016
544.459106
543.760559
542.855896
541.384644
539.388428
536.523926
532.594604
529.201904
528.381531
529.490723
529.460510
526.732605
523.570923
523.338928
526.541809
530.672668
533.088989
533.235107
532.765137
533.848938
536.846619
539.841797
541.052612
541.329529
542.776794
545.024902
545.388550
543.096741
540.567444
539.962463
540.743164
540.878357
539.020203
535.685181
532.751282
531.333252
530.603210
529.352722
527.483826
525.392639
523.803101
524.111633
526.786743
530.142761
532.224609
532.673462
532.276672
532.218506
533.729248
537.095337
540.955566
543.282837
543.422668
542.889648
543.461792
544.641418
544.226990
541.603027
538.805664
537.663086
537.628601
537.127686
535.478943
533.141663
531.012878
529.404358
527.917480
526.571899
525.940308
526.043640
526.455322
527.136475
528.167847
529.374939
530.883057
533.374451
536.830994
539.406494
539.290527
537.909973
538.846741
542.842834
546.344421
546.161255
543.413025
541.330872
540.810730
540.166260
538.274780
535.863831
534.051575
533.016663
532.096924
530.654724
528.674866
526.618958
525.225037
525.284058
526.668884
527.989685
528.413452
528.981262
530.816895
533.086304
534.283569
534.858337
536.590576
539.441895
541.389709
541.800293
542.625977
545.178040
547.377258
545.936768
541.017273
536.739502
536.202637
537.792175
537.715088
534.683960
530.778259
528.530334
528.451721
529.058777
528.425598
526.074402
523.854370
524.268494
527.503479
530.818909
531.638428
530.845581
531.541382
534.529053
537.437073
538.611084
539.088379
540.379333
542.488831
544.558533
546.045837
546.465027
544.958069
541.526672
537.865784
535.624451
534.834534
534.734558
534.513000
533.083557
529.914368
526.106934
523.676086
523.751404
525.530884
526.981201
526.979248
526.736816
528.234924
531.249573
533.502686
533.999878
534.315430
536.080994
538.918762
541.468628
543.108032
544.002197
544.284058
543.982483
543.294373
542.181580
540.351501
538.197693
536.733154
536.073669
535.026428
532.731262
529.962158
528.060913
527.157715
526.361084
525.382324
524.975281
525.757080
527.297729
528.654175
529.598145
530.871582
532.870972
534.863770
536.269775
537.688049
539.736633
541.930908
543.615173
544.721375
544.927856
543.666565
541.522827
540.143311
540.069092
539.741394
537.663757
534.748230
532.929016
532.018433
530.198608
527.321594
525.265930
525.180298
526.283264
527.284790
527.871033
528.512756
529.321289
530.035278
530.996826
532.788635
535.050354
536.953796
538.572388
540.621826
542.778015
543.556091
542.936462
543.073425
544.567078
544.835754
542.183594
538.506287
536.438416
536.059387
535.338135
532.921631
529.840088
527.876953
527.209839
526.895691
526.419006
525.918457
526.031555
527.504944
530.046448
532.271667
533.247009
533.297180
533.570374
535.179138
537.913147
540.175720
541.250732
542.294678
543.929382
544.828552
543.988647
542.466797
541.573181
540.836487
539.145813
536.833984
534.986450
533.573242
531.907776
530.068359
528.473389
526.984497
525.369995
524.173401
524.636230
527.416199
531.207520
533.623901
533.782654
532.844055
532.142883
532.418823
534.455872
538.251770
541.705627
542.638550
542.096680
542.934204
545.221497
546.003784
543.742432
540.396362
538.478271
537.887390
536.758362
534.510437
532.338501
530.779541
529.033508
527.075500
526.042114
526.150879
526.431335
526.707764
527.815308
529.749268
531.468689
532.629089
533.902100
535.498108
536.829102
537.698303
538.772034
540.691895
542.961304
544.262695
544.181702
543.560120
542.981140
542.176697
540.811279
539.017517
537.203857
535.392090
533.294006
531.416687
530.407104
529.222595
526.755371
524.581909
524.902161
527.015503
528.606628
529.112000
529.803040
531.460083
533.326172
534.508606
535.506409
537.248230
539.393311
541.098511
542.507935
543.975952
544.938904
544.703857
543.445740
541.910889
540.603333
539.396667
538.057617
536.871521
535.849182
533.972168
530.887512
528.291321
527.603516
527.623413
526.551270
525.056396
525.376648
527.969238
530.744263
531.930542
532.230530
533.201904
534.942810
536.747375
538.705933
541.099182
543.237244
544.240906
544.301758
544.190430
543.975647
543.122314
541.660400
540.322754
539.297485
537.802246
535.538269
533.553345
532.605957
531.597778
529.137817
526.049194
524.578430
525.401428
526.996033
528.015259
528.742615
529.795776
530.999512
532.281189
534.148071
536.464111
538.259094
539.428711
540.980896
543.153931
544.878662
545.304138
544.701477
543.780151
542.723694
541.171448
539.230530
537.878662
537.414185
536.410278
533.687622
530.390625
528.513489
528.080261
527.442566
526.053223
525.159363
525.746826
527.412109
529.307495
530.915649
531.986511
532.732727
534.078918
536.760864
539.961426
541.909180
542.265930
542.609863
543.893372
544.933533
544.358948
542.589661
540.982605
540.056091
539.250427
537.960693
536.290222
534.551758
532.506470
529.973999
527.802795
526.885986
526.661560
526.120850
525.685852
526.537109
528.543030
530.337708
531.341858
532.360718
534.007629
535.796265
537.308350
539.116638
541.557617
543.630005
544.330078
544.073853
543.694763
543.081543
541.848022
540.362671
539.267639
538.474182
537.293945
535.492188
533.594910
531.914368
530.007385
527.733032
526.078613
525.898621
526.496765
526.640198
526.614563
527.877441
530.567139
532.929382
533.784363
534.132751
535.467896
537.789368
540.295837
542.587036
544.190002
544.395386
543.491760
542.783020
542.643127
541.921631
539.859680
537.389648
535.989075
535.794556
535.319824
533.253845
530.264893
528.153442
527.241516
526.287048
525.319946
525.993774
528.336792
530.063171
530.001709
529.570862
530.416260
532.684509
535.560730
538.199219
540.200562
541.555908
542.442749
543.315857
544.357849
544.641174
543.246277
541.122925
539.889526
539.254272
537.847778
535.880005
534.710999
534.240234
532.781494
529.758118
526.908875
526.009338
526.534363
526.760315
526.411072
526.720825
528.220459
530.062622
531.612244
533.108582
534.570129
535.739197
537.173157
539.694580
542.694641
544.398865
544.137329
543.215637
542.813782
542.414551
541.400330
540.269043
539.082520
536.969910
534.058655
531.848389
531.249329
531.481201
530.810730
528.382507
525.649597
524.894470
526.183350
527.560364
528.157715
528.973328
530.600769
532.287109
533.470032
534.725037
536.704102
539.075439
541.131470
542.699829
543.837646
544.313965
544.011597
543.283203
542.308655
540.771118
538.758911
537.163757
536.305603
535.013733
532.338013
529.316101
527.697388
527.608643
527.539612
526.508728
525.385742
525.598145
527.180237
528.946594
530.203857
531.308411
532.666870
534.150330
535.740234
537.922424
540.667664
542.821533
543.622803
543.832520
544.230408
544.163086
542.856934
541.022827
539.723572
538.631042
536.840088
534.564209
532.605591
530.833862
528.702026
526.668396
525.688416
525.742493
525.976807
525.963928
526.164001
527.284180
529.223206
530.961975
532.065491
533.405518
535.509583
537.518433
538.888550
540.457092
542.549377
543.819092
543.246155
541.768494
541.000854
541.532532
542.761414
543.213623
541.331360
537.134338
532.595764
529.708069
528.654236
527.944885
526.290405
524.491821
524.486816
526.314270
527.907410
528.217346
528.434326
529.833435
532.083313
534.005127
535.168335
536.212708
537.732910
539.586487
541.493469
543.361877
544.675415
544.589722
543.212708
541.807678
541.074097
540.173035
538.286072
536.211182
535.037842
534.042542
531.818848
528.864807
526.933838
526.328491
525.909607
525.469116
526.020752
527.808411
529.718689
530.840698
531.459473
532.301697
533.601501
535.170959
536.932434
539.001404
541.167175
542.774231
543.616821
544.275574
544.811279
544.106323
541.734802
539.293884
538.221558
537.636108
536.155029
534.269531
532.869507
531.160706
528.351562
525.751160
525.098633
526.062561
526.921021
527.130859
527.890808
529.966248
532.213928
533.206970
533.360229
534.133789
535.856934
537.676270
539.283447
541.241455
543.363708
544.362976
543.830627
542.990112
542.659485
541.952393
540.086609
537.986389
536.774048
535.865295
534.024841
531.520691
529.625061
528.464050
527.151917
525.801758
525.526611
526.505981
527.770081
528.774902
529.930420
531.687683
533.627380
534.801697
535.204834
536.038757
537.936890
540.182617
542.149170
543.816467
544.713379
544.153931
542.617737
541.455933
540.987732
539.941650
537.470520
534.843201
533.689148
533.266357
531.582886
528.711548
526.649719
526.246887
526.465393
526.541077
526.949097
528.109009
529.621033
531.114075
532.772583
534.593018
535.976074
536.564880
537.054688
538.570374
541.202454
543.637878
544.627869
544.314880
543.551270
542.601685
541.399719
540.233704
539.169373
537.615601
535.370667
533.279175
531.932556
530.553284
528.364624
526.258911
525.663879
526.412659
527.115417
527.319702
528.041382
529.911194
532.000549
533.324341
534.369873
535.909058
537.716736
539.580994
541.838562
544.189636
545.493774
545.096924
543.658569
542.501892
542.135132
541.682495
540.181946
538.011475
536.231201
534.913025
533.120728
530.613525
528.472595
527.328003
526.379456
525.309021
525.293823
526.862976
528.744995
529.795593
530.468445
531.742981
533.683960
535.678162
537.490356
539.197205
540.591248
541.847534
543.732056
545.914856
546.623230
544.956482
542.142029
540.145020
539.678040
539.505554
537.964417
535.278137
533.122559
531.899597
530.424194
528.334656
526.623535
525.775269
525.431702
525.838501
527.579041
529.854858
531.063110
531.246765
532.040955
534.036377
536.149963
537.800110
539.743347
542.218262
543.903809
543.812317
543.004944
543.117310
544.002808
543.971924
542.036377
539.211182
537.300110
536.674683
536.006226
534.218384
531.595886
528.933960
526.887817
525.976196
526.093506
526.426392
526.627380
527.443848
529.409363
531.588318
532.672546
532.966736
534.120056
536.723022
539.418457
541.035767
542.229248
543.852783
544.989685
544.306824
542.465393
541.301758
541.206360
540.961304
539.726013
537.840759
535.811462
533.667480
531.562744
529.996765
528.989929
527.832397
526.202881
525.068054
525.664734
527.613892
529.211975
529.915527
530.989319
533.054626
534.867981
535.654419
536.732361
539.315796
542.268188
543.775513
543.907166
543.796021
543.577576
542.710999
541.259216
539.768982
538.551208
537.528625
536.494019
535.369934
533.998901
531.913025
529.190186
527.056519
526.405029
526.383362
525.833740
525.449585
526.883057
529.815125
531.853210
531.983948
532.088867
534.003174
537.061218
539.564087
540.999023
541.964844
542.984985
543.972046
544.401367
543.730835
541.969604
539.973938
538.672668
537.913147
536.804199
534.998657
532.949951
531.314697
530.357544
529.394714
527.514648
525.416016
524.945435
526.251404
527.606018
528.334412
529.540222
531.692810
533.653442
534.558960
535.187012
536.789185
539.360535
541.808655
543.402649
544.179749
544.228027
543.601318
542.697693
541.728821
540.166443
537.753296
535.615662
534.851013
534.452881
532.658691
529.743835
527.457397
526.553162
526.421875
526.267822
525.947266
526.101868
527.258423
529.021423
530.777954
532.351624
533.567810
534.362976
535.511475
537.906738
540.883972
542.665527
542.908081
543.200684
544.297058
544.622314
542.700073
539.750305
538.261597
538.373962
537.667664
534.964233
531.922424
530.077209
528.975830
527.942566
527.086426
526.281494
525.308044
524.904602
526.134766
528.814941
531.308533
532.158997
531.963806
532.825012
535.450500
538.151123
539.475525
540.265808
541.990723
544.228882
545.193909
544.306213
542.680847
541.183411
539.747681
538.439392
537.408020
536.065186
533.834595
531.340271
529.631836
528.617371
527.307739
525.507202
524.365479
524.856934
526.372986
527.653320
528.666504
530.336243
532.511414
533.791809
533.875854
534.515625
537.048767
540.279724
542.237915
542.886292
543.504089
544.274841
544.095459
542.534058
540.615723
539.317444
538.339966
537.015381
535.289429
533.221863
530.949463
529.206909
528.256958
527.140198
525.458435
524.386292
524.977783
526.968994
529.261108
530.636169
530.914490
531.475098
533.300964
535.397766
536.640503
537.789673
540.034729
542.690186
544.107849
544.104736
543.764160
543.349487
542.130615
540.124329
538.334351
537.135925
535.928711
534.444031
532.889954
530.963379
528.450745
526.401672
525.847473
526.124023
526.216492
526.517639
527.730774
529.534546
531.210205
532.284607
532.712585
533.361877
535.248596
537.836426
539.710693
540.826294
542.244812
543.952148
544.665588
543.797363
542.214844
540.823364
539.651672
538.525757
537.338989
535.620728
533.190430
531.005127
529.943176
529.208130
527.477783
525.313843
524.722046
526.280151
528.429688
529.788391
530.492065
531.223389
532.263977
533.469971
534.651489
536.071594
538.137146
540.482300
542.288330
543.380920
543.998230
544.015198
543.296753
542.201965
540.994507
539.320496
537.054138
535.161316
534.431824
533.697205
531.271301
527.917236
526.033203
526.120178
526.452881
526.173401
526.452515
528.187439
530.372559
531.696594
532.437500
533.557190
535.023682
536.242981
537.296021
538.796509
540.880554
542.811768
543.788879
543.962036
543.872253
543.176819
541.349976
539.225281
538.052307
537.454102
536.069641
533.774353
531.703430
530.294067
528.715820
526.647583
525.291077
525.623108
526.828491
527.766602
528.783508
530.556152
532.403442
533.392273
534.031555
535.349854
537.235291
538.892456
540.224792
541.748657
543.459351
544.455078
544.007263
542.728271
541.763916
541.008301
539.552612
537.570251
536.087341
535.081848
533.501465
531.157776
529.058105
527.743530
526.681274
525.708069
525.654541
526.833984
528.339172
529.544128
530.922913
532.697571
534.105896
534.892944
536.148621
538.698303
541.659302
543.417725
543.570740
543.254272
543.537537
543.991211
543.399780
541.690063
540.042236
538.956970
537.629517
535.667297
533.794739
532.263062
530.357361
528.094971
526.579834
526.227844
526.292053
526.460083
527.380981
529.194519
530.879028
531.773682
532.644348
534.310547
536.234375
537.633057
539.002808
541.194824
543.723938
545.183105
545.024292
544.117065
543.396606
542.606384
541.071228
539.166992
537.839233
536.975342
535.575134
533.404968
531.270508
529.570801
527.819885
526.094299
525.479980
526.262939
527.337341
528.145874
529.325684
531.009644
532.417603
533.342651
534.585266
536.720642
539.158325
540.918030
542.124268
543.527954
544.651184
544.313232
542.807556
541.579407
541.083862
540.484863
539.124695
537.355408
535.914124
534.698792
532.800354
530.132751
527.910461
526.870056
526.344543
525.804016
525.893738
527.138245
528.924866
530.476746
531.808533
533.081909
534.030273
534.833191
536.520508
539.450439
542.252625
543.471863
543.541138
543.741333
543.901123
542.828064
540.576904
538.679626
538.165894
538.338257
537.684204
535.686829
533.339539
531.596924
530.113953
528.275940
526.465149
525.403320
525.262268
526.092773
528.008728
530.242432
531.365051
531.397400
532.220154
534.716187
537.227051
538.312378
539.138123
541.349548
544.136963
545.244751
544.141785
542.483093
541.482300
540.582214
539.151978
537.707703
536.764282
535.958557
534.796326
533.182922
531.152466
528.813538
526.638611
525.436890
525.624023
526.526733
527.150635
527.747620
529.472046
532.127136
533.869507
533.967712
534.203979
536.356995
539.613647
541.861023
542.596130
543.050598
543.895386
544.256470
543.226501
541.230225
539.263428
537.659241
536.371277
535.682190
535.546997
534.782959
532.434570
529.505249
527.713440
527.069336
526.367554
525.519165
525.729065
527.488342
529.641235
530.911865
531.612427
532.805603
534.481262
536.009888
537.605469
539.774658
542.014221
543.421082
543.980347
544.109070
543.534058
541.849670
539.807556
538.586548
537.916321
536.493835
534.154541
532.169434
531.394409
531.135925
530.087280
528.050964
526.242920
525.669617
526.049072
526.841370
528.194336
530.063599
531.572754
532.245850
532.983948
534.807190
537.241516
539.085205
540.362976
542.028931
543.937805
544.792236
544.128418
542.746460
541.229980
539.611633
538.196106
537.260986
536.233459
534.321716
531.786926
529.729309
528.670898
527.987183
526.905273
525.781311
525.731079
526.871216
528.067322
528.867615
530.176147
532.280029
533.907837
534.296814
534.786987
536.968140
540.113281
542.119019
542.578674
542.974243
543.892639
544.124634
542.782166
540.568359
538.599182
537.170288
535.983521
534.804077
533.413208
531.584534
529.554871
527.916870
526.862305
526.098450
525.479248
525.417114
526.571777
528.744995
530.523621
531.157532
531.840210
533.622009
535.572144
536.611023
537.599243
539.902039
542.855347
544.388794
543.940613
543.033936
542.681396
542.046143
540.343140
538.242493
536.636902
535.498352
534.385681
532.986084
531.016968
528.537903
526.454529
525.833740
526.546082
527.241333
527.005554
526.642334
527.740234
530.381653
532.666321
533.246765
533.293701
534.686218
537.308472
539.653503
541.216309
542.578918
543.640076
543.587952
542.618958
541.839783
541.299622
539.996338
537.929504
536.229126
535.143372
533.709106
531.517639
529.344238
527.853638
526.849365
526.172791
526.311890
527.430420
528.699524
529.326050
529.650940
530.657471
532.515320
534.107239
534.677673
535.335632
537.446350
540.321899
542.345947
543.317688
543.899536
543.957153
542.990906
541.405945
540.106140
539.065247
537.474976
535.429565
533.952881
532.983887
531.312622
528.895508
527.084106
526.472412
526.387512
526.393372
526.944458
528.441589
530.321655
531.510498
531.847412
532.418823
533.961548
535.788696
537.108337
538.486206
540.692566
542.903381
543.714478
543.301941
542.850708
542.433533
541.227417
539.425903
538.072876
537.234314
535.957520
533.900879
531.753174
529.951782
528.163086
526.484497
525.883057
526.593201
527.468994
527.916382
528.882629
530.904175
532.787170
533.239258
532.781006
533.196045
535.366089
538.262939
540.399902
541.676758
542.845337
543.747131
543.601746
542.611694
541.653625
540.733887
539.209229
537.278381
535.905640
535.111084
533.714172
531.312378
529.040527
527.672791
526.600830
525.581238
525.696960
527.415100
529.371094
530.308716
530.885193
532.316406
534.243896
535.345337
535.553101
536.279480
538.378601
540.970459
542.782654
543.707031
544.201660
544.039429
542.728943
540.739807
539.171509
538.243774
537.144409
535.503906
533.866943
532.372070
530.393982
528.064819
526.530579
526.231934
526.431702
526.726990
527.723328
529.631287
531.371399
532.145142
532.820435
534.360718
536.212585
537.616333
538.861694
540.408752
542.184875
543.744202
544.348145
543.693726
542.553589
541.609314
540.473694
538.854431
537.301331
536.119324
534.903442
533.409058
531.768494
529.898254
527.719971
525.911865
525.523560
526.513367
527.618469
528.325073
529.603699
531.777283
533.460938
533.833435
534.218384
536.065430
538.797119
540.872803
541.852722
542.456177
543.221436
543.853638
543.721558
542.663391
541.198486
539.833191
538.450073
536.910828
535.622437
534.547729
532.795776
530.330139
528.435974
527.522888
526.610840
525.631592
525.909424
527.831848
529.991821
531.159729
531.804871
532.968445
534.580261
535.947388
537.238647
539.144592
541.347046
542.777222
543.320374
543.812866
544.343079
543.954590
542.276245
540.321350
539.081604
538.166809
536.637817
534.600952
532.974792
531.872131
530.327881
527.995422
526.092896
525.824524
526.672852
527.443970
528.208740
529.644897
531.381287
532.677307
533.766541
535.149780
536.652283
538.203857
540.294373
542.775757
544.293396
543.910950
542.709534
542.534058
543.347168
543.253113
541.148193
538.157288
536.180481
535.565552
534.806641
532.749207
530.151611
528.258972
527.090881
526.223328
525.954895
526.568298
527.599182
528.755554
530.390259
532.369995
533.724060
534.177673
534.973572
537.132690
539.740540
541.318970
542.119751
543.237915
544.169373
543.489502
541.443420
539.812195
539.526245
539.701477
538.942688
537.033936
534.975159
533.330444
531.590271
529.565735
527.901855
526.815857
525.985535
525.737488
526.787842
528.798889
530.422119
531.106812
531.931030
533.730469
535.510559
536.344666
537.354919
539.750244
542.477173
543.798401
543.765930
543.470764
543.011353
541.689270
539.629761
537.994141
537.479370
537.331177
536.355530
534.483276
532.634094
531.122742
529.295471
527.103455
525.754700
525.976501
526.873718
527.556946
528.564392
530.384705
532.109619
532.917114
533.549316
535.083130
537.276062
539.262634
540.987366
542.740295
543.967407
543.865723
542.811951
541.895569
541.206238
539.793152
537.540283
535.817749
535.367737
535.019043
533.536072
531.279175
529.193726
527.588562
526.489319
526.098511
526.530945
527.515625
528.528992
529.489807
530.884460
532.662109
533.861267
534.246826
535.227661
537.828430
540.930237
542.829346
543.394653
543.589478
543.649109
542.880798
541.144287
539.438965
538.416809
537.438416
535.976868
534.504456
533.162231
531.391296
529.341736
527.944641
527.421631
527.042175
526.388184
526.095093
527.091675
529.190613
531.011230
531.785767
532.378662
533.773071
535.609619
537.146484
538.621765
540.603516
542.752991
544.132751
544.303345
543.449158
541.889343
540.127197
538.876831
538.281006
537.472046
535.688782
533.453430
531.764160
530.492188
528.681213
526.309204
524.684998
524.861816
526.318481
527.620972
528.304565
529.296021
531.104187
532.789246
533.582336
534.285828
535.894409
537.977295
539.749512
541.485107
543.391357
544.402466
543.664246
542.046936
540.875183
540.156128
539.031982
537.415527
536.103271
535.132568
533.461426
530.908569
528.761414
527.751465
527.042175
525.871704
524.929016
525.414490
527.342407
529.472595
530.877563
531.763855
532.619263
533.513550
534.613647
536.458801
538.998535
541.143616
542.199463
542.895569
543.860168
544.135071
542.681030
540.365356
538.838501
538.153625
537.088745
535.371033
533.845581
532.547729
530.520752
527.876099
526.143494
525.985596
526.455811
526.870789
527.569519
528.810364
530.266602
531.451965
532.225952
533.026428
534.279236
535.751099
537.215027
539.093018
541.526062
543.555969
544.119202
543.463989
542.635864
541.769836
540.288452
538.593323
537.607910
536.902527
535.265381
532.793457
530.710571
529.382385
527.976257
526.274719
525.437134
526.239929
527.848572
529.194153
530.246948
531.286682
532.155396
532.704834
533.255005
534.399658
536.326782
538.423645
540.111572
541.684326
543.400940
544.377869
543.637451
541.778625
540.299683
539.504333
538.404480
536.738220
535.419617
534.504822
532.859619
530.400452
528.386536
527.231201
526.273376
525.641968
526.230957
528.008850
529.871155
531.075378
531.934875
532.978088
534.079346
534.827454
535.441040
536.798767
539.290161
541.920471
543.342285
543.625793
543.726501
543.473816
542.024475
539.938538
538.579041
537.846680
536.583618
534.713745
533.140076
531.884521
530.095276
527.890137
526.475159
526.284912
526.589417
527.093750
528.395508
530.475464
532.134216
532.677429
533.028320
534.230530
535.897339
537.102783
537.969910
539.447693
541.766724
543.740479
544.126099
543.268677
542.295959
541.255371
539.595276
537.794189
536.736572
536.034912
534.623474
532.538696
530.693787
529.269043
527.660461
526.014954
525.482544
526.504883
528.074402
529.332581
530.614746
532.136658
533.176880
533.602356
534.712769
537.293518
540.062561
541.367859
541.492126
541.970581
543.262024
544.211121
543.684448
541.963257
540.163818
538.788818
537.532959
536.252808
535.083069
533.647278
531.472595
529.179565
527.819336
527.201172
526.402954
525.699219
526.352722
528.447815
530.496033
531.585388
532.471619
533.832581
535.128357
536.136963
537.753052
540.201111
542.258118
543.074951
543.233032
543.507690
543.718140
543.193115
541.785156
540.099243
538.703369
537.414124
535.799683
534.055603
532.670288
531.352478
529.364075
527.098389
525.950012
526.214111
526.781250
527.292725
528.636108
530.848999
532.609863
533.325928
533.973450
535.381592
537.140259
538.770630
540.569153
542.592041
544.029358
544.224670
543.540405
542.794617
542.199097
541.210144
539.462952
537.539612
536.304565
535.564758
534.229187
531.976562
529.771912
528.271240
527.005493
525.893616
525.857056
527.059204
528.445496
529.590088
531.032410
532.599121
533.452271
533.918274
535.390564
538.152283
540.789673
542.202820
542.879028
543.512146
543.763306
543.189636
542.095703
540.962463
539.917786
538.758911
537.222839
535.601257
534.435669
533.243103
531.082092
528.469482
526.825195
526.358276
526.249268
526.375183
527.381470
529.246460
530.947388
531.934570
532.883423
534.240356
535.450439
536.473022
538.246155
540.843384
542.879578
543.452026
543.278503
543.158813
542.582947
540.908386
538.891357
537.819092
537.675110
537.227356
535.685242
533.577576
531.841248
530.413879
528.609009
526.744995
525.939087
526.311462
527.009460
527.907654
529.533447
531.517029
532.803162
533.275696
534.000549
535.724121
537.910950
539.793884
541.519836
543.221130
544.024963
543.444458
542.450256
541.766907
540.703064
538.779297
536.877502
535.959534
535.731995
535.041443
533.223999
530.870789
529.029480
527.797424
526.573120
525.621399
525.995117
527.704651
529.424011
530.386414
531.256897
532.616089
533.939270
534.898804
536.315857
538.707764
541.095032
542.418823
542.990417
543.468811
543.484558
542.414307
540.762085
539.521790
538.562439
537.038818
535.159241
534.061829
533.846741
533.091919
530.859985
528.205139
526.769287
526.612061
526.657898
526.760071
527.760498
529.666138
531.349121
532.278992
533.132202
534.378967
535.667786
536.973938
538.926575
541.459167
543.296326
543.571045
543.079041
542.850891
542.314941
540.533630
538.375854
537.311401
536.890503
535.593628
533.341492
531.389709
530.331116
529.390686
527.776550
526.122559
525.709167
526.527893
527.565491
528.685059
530.417419
532.297180
533.232605
533.358826
534.125732
536.294067
538.867981
540.629761
541.750977
542.906250
543.760498
543.597656
542.563293
541.174377
539.511169
537.730835
536.474182
535.886780
534.945312
532.778625
530.061768
528.191406
527.558533
527.314514
526.643250
525.951050
526.393616
528.078979
529.837952
531.108215
532.369507
533.566040
534.067078
534.370667
535.986633
539.122009
541.974060
543.120178
543.227539
543.393250
543.233826
541.997253
540.262695
539.013550
538.025879
536.572021
534.887573
533.570374
532.237305
530.199219
527.921448
526.531311
526.261841
526.357483
526.327759
526.636597
528.013000
530.190002
531.947327
532.764038
533.424927
534.548096
535.914246
537.570923
539.929504
542.453918
543.815186
543.709229
543.245117
542.994385
541.996216
539.749573
537.607239
536.695190
536.145996
534.797424
532.918640
531.217896
529.561218
527.549194
525.717163
525.259949
526.380981
527.822998
528.594727
529.190674
530.429382
532.035828
533.209412
534.012146
535.239685
537.074585
538.923157
540.598206
542.449707
544.091980
544.323608
542.990784
541.579773
540.924377
539.915283
537.740784
535.609741
534.728149
534.202881
532.543030
529.943787
527.820862
526.872864
526.581970
526.424622
526.724487
527.935913
529.653015
531.023193
531.860291
532.592590
533.375916
534.157104
535.428101
537.759766
540.519592
542.136963
542.190308
542.438660
543.988220
544.793030
542.931091
540.018372
538.088440
536.704041
535.420044
534.610657
533.365234
530.861084
528.489929
527.744446
527.835083
527.158081
525.934326
526.056213
528.472595
531.691406
533.377197
532.843445
531.597229
531.834900
534.301147
537.525574
539.655579
540.636414
541.576965
542.815125
543.832336
544.114990
543.254150
541.200195
538.874573
537.465698
536.904602
535.927917
533.792419
531.321777
529.781982
528.944824
527.542908
525.811584
525.513855
526.851868
528.124207
528.971008
530.642273
532.957825
534.180969
533.821289
533.373535
534.385620
536.959778
540.006287
542.383301
543.669250
543.938416
543.305359
542.171448
541.288208
540.730164
539.502502
537.255981
535.350464
534.732117
534.088196
531.898010
528.930969
526.925232
526.174561
526.005249
526.317322
527.310364
528.680298
530.004639
531.372559
533.025818
534.622131
535.515015
535.735291
536.289795
538.185486
540.984741
542.947632
543.250610
542.976318
543.070312
542.830811
541.474487
539.630127
538.200928
536.972107
535.358643
533.643982
532.282104
530.728638
528.430237
526.358704
525.930298
526.801392
527.475403
527.830383
529.006165
530.997742
532.556458
533.310242
534.052307
535.261536
536.863159
538.950378
541.489319
543.748413
544.760193
544.270935
543.129395
542.492188
542.266846
541.148560
538.950928
537.267090
536.733887
535.800171
533.382751
530.661926
529.097473
528.241638
526.853943
525.334717
525.416748
527.396423
529.497559
530.471924
530.985413
531.967651
533.329590
534.801208
536.506775
538.384155
540.205811
542.093567
544.112488
545.600525
545.515686
543.683594
541.503967
540.575623
540.441650
539.221313
536.719727
534.752686
534.042480
533.101746
530.795044
528.101440
526.572632
526.327942
526.452820
526.718933
527.782715
529.644348
531.221008
532.036255
532.882568
534.152954
535.337280
536.658936
539.027100
541.956177
543.651917
543.558411
542.963989
542.911499
542.977661
542.266602
540.698364
538.969360
537.530884
536.244690
535.009155
533.904114
532.561829
530.327576
527.487061
525.493896
525.261658
526.022522
526.815735
528.049622
530.123413
531.897034
532.361694
532.501831
533.849915
536.241943
538.352600
539.792786
541.368347
543.315369
544.490540
543.978455
542.544983
541.572205
541.209595
540.428528
538.739807
536.998901
535.923035
534.758484
532.639771
530.261169
528.626892
527.346863
525.875854
525.115051
526.062805
527.970703
529.430359
530.384277
531.637268
533.132935
534.102112
534.683960
536.069824
538.719482
541.585388
543.554810
544.446350
544.252625
542.944885
541.341431
540.408630
539.721741
538.253479
536.192627
534.678772
534.271240
534.258911
533.206604
530.580688
527.719666
526.199341
525.927307
526.009460
526.484192
527.918518
529.955750
531.547974
532.467651
533.419128
534.725220
536.105652
537.704590
539.926025
542.254333
543.573608
543.732971
543.573242
543.301514
542.190186
540.195679
538.370911
537.252258
536.302185
535.160278
534.057556
532.968079
531.377869
529.019714
526.602417
525.453552
525.894470
526.652405
526.886169
527.637085
529.891907
532.470337
533.571533
533.571411
534.402954
536.616943
538.990417
540.821716
542.539734
544.061340
544.515198
543.704163
542.294434
540.701111
538.960938
537.406860
536.462158
535.750732
534.227234
531.643005
529.254944
528.363892
528.472961
527.815735
525.965515
524.814209
526.003845
528.537048
530.343567
531.096863
531.922363
533.277832
534.600525
535.704773
537.229797
539.391663
541.382568
542.617432
543.458862
544.033203
543.557922
541.812073
539.974243
538.865601
537.773193
536.133362
534.651611
533.592590
531.910339
529.201355
526.747986
525.810608
526.141846
526.586975
526.524353
526.614075
527.926392
530.211792
532.063232
532.984436
533.762329
534.872253
536.219116
538.124939
540.780945
543.072449
543.701599
543.223328
543.139343
543.248535
542.027588
539.548950
537.643738
536.923157
535.959900
533.867737
531.640869
530.194031
528.880127
526.971985
525.185608
524.732483
525.670776
526.950256
527.905945
528.997864
530.654602
532.299561
533.353882
534.315125
535.842651
537.625671
539.164612
540.834106
542.953125
544.509766
544.254456
542.672668
541.308289
540.465149
539.157898
537.211121
535.741028
535.070801
533.927795
531.609009
529.169067
527.642273
526.734924
525.966370
525.622009
526.139893
527.452087
529.052856
530.487000
531.731750
532.854858
533.684082
534.338928
535.573364
537.942505
540.889648
543.075256
543.755127
543.440918
542.906311
542.297791
541.586487
540.688782
539.097168
536.749146
534.767517
533.967896
533.304565
531.137024
527.821167
525.650940
525.782349
526.703125
526.870239
527.194214
529.031799
531.507446
532.862061
532.892151
532.789612
533.630859
535.488464
537.626343
539.592529
541.517334
543.125427
543.746033
543.439148
542.814819
541.969543
540.528503
538.669678
537.264771
536.523254
535.453125
533.474670
531.399658
529.846436
528.220947
526.400391
525.613770
526.370361
527.510254
528.362305
529.691833
531.729065
533.383911
533.859680
533.652527
534.043457
535.947388
538.736755
540.847412
541.905823
542.797485
543.646973
543.620239
542.608948
541.307190
539.961243
538.389282
536.849243
535.757690
534.720520
532.935364
530.516907
528.440735
527.177124
526.319519
525.701172
525.985107
527.552307
529.521240
530.863342
531.944580
533.539673
535.096375
535.570190
535.382446
536.188904
538.760254
541.838440
543.598938
543.856262
543.767456
543.607666
542.522949
540.497314
538.667114
537.486938
536.334106
534.879089
533.382690
531.787354
529.815125
527.815125
526.514587
526.071106
526.134888
526.741333
528.313477
530.528687
532.144104
532.571655
532.873840
534.285583
536.378174
537.793030
538.332642
539.338318
541.637329
543.852234
544.204895
543.171753
542.369446
541.768127
540.253784
538.048218
536.533752
536.079285
535.387146
533.330383
530.584045
528.460327
527.115112
526.158203
525.881470
526.602600
527.812073
529.051086
530.535095
532.122437
532.992371
533.193970
534.173401
536.825867
540.039673
541.949768
542.146912
542.049377
543.002563
544.439026
544.579041
542.835693
540.500305
538.883667
537.849243
536.705811
535.406189
533.963318
531.991516
529.710449
527.961548
526.797668
525.716431
525.304443
526.690491
529.247681
530.881714
531.042969
531.491028
533.408325
535.652222
536.788513
537.383301
539.032288
541.792419
543.972595
544.402649
543.734436
543.171936
542.818909
541.936218
540.343689
538.553528
536.861938
535.398010
534.445374
533.658264
531.907593
528.967041
526.447144
525.926819
526.820740
527.296814
527.068359
527.816223
530.366333
533.001587
533.781372
533.419128
534.118286
536.369141
538.859619
540.783508
542.312073
543.346802
543.464050
542.976746
542.726868
542.633606
541.578674
539.278625
537.190552
536.555542
536.409790
534.861694
531.880615
529.289612
528.063721
527.279236
526.090393
525.201904
525.691467
527.492676
529.647949
531.411865
532.609680
533.334412
534.047913
535.616272
538.173462
540.515808
541.822693
542.827148
544.038208
544.424011
543.083191
540.810730
539.192444
538.863831
538.889954
537.864929
535.788574
534.072144
533.172974
531.830994
529.484924
527.394714
526.485535
526.187073
526.100037
526.860840
528.703735
530.658081
531.871643
532.740112
533.908081
535.151855
536.292480
537.986938
540.461609
542.577393
543.312988
543.234131
543.268616
542.940613
541.270020
538.892578
537.548645
537.543396
537.385620
536.028137
534.013123
532.255188
530.716309
528.847290
526.819702
525.598816
525.658813
526.433105
527.502441
529.139404
531.111633
532.433655
532.941162
533.784729
535.683533
537.882385
539.576355
541.122375
542.935974
544.260437
544.172424
543.023315
541.769775
540.513489
538.797241
536.904358
535.773010
535.626404
535.424805
533.981018
531.431702
529.083557
527.626648
526.532715
525.638855
525.742432
527.008057
528.523865
529.902771
531.620544
533.424072
534.206543
534.139526
535.169434
538.205017
541.416809
542.795349
542.859619
543.206177
543.752441
543.187378
541.317871
539.323608
537.933472
536.742249
535.379944
534.209961
533.499817
532.621948
530.818298
528.490479
526.826416
526.320435
526.526306
527.069336
528.066406
529.461853
530.726318
531.692383
532.942444
534.577515
535.803894
536.665466
538.429749
541.288879
543.534607
543.900818
543.195374
542.687073
542.160461
540.723816
538.728394
537.379578
536.680298
535.395142
533.086914
530.827942
529.648865
529.112671
528.043701
526.431396
525.594421
526.157288
527.246948
528.297913
529.810120
531.684387
532.849121
533.210144
534.156616
536.376404
538.800354
540.416870
541.671997
543.217529
544.381775
544.057434
542.487732
540.868774
539.605103
538.232727
536.763367
535.690125
534.716858
532.959778
530.505310
528.523376
527.664429
527.272827
526.515747
525.747742
526.176514
528.073486
530.124817
531.243713
531.904724
532.824280
533.792480
534.736328
536.422974
539.084839
541.592407
542.934387
543.471985
543.847473
543.608765
542.101562
540.051514
538.773193
538.146973
536.974426
535.099365
533.441345
532.070923
530.140137
527.759094
526.159119
525.838074
526.030884
526.162781
526.675171
528.160583
530.257080
531.855896
532.526733
533.110352
534.366028
535.980713
537.600281
539.601929
542.038574
543.905090
544.270264
543.532654
542.690552
541.728027
539.973145
537.853027
536.581421
536.049072
534.868164
532.678772
530.615356
529.235840
527.816772
526.188293
525.466736
526.251282
527.604553
528.537842
529.356323
530.753540
532.364136
533.220337
533.423523
534.335754
536.678528
539.353638
541.071716
542.160889
543.393433
544.131836
543.417664
541.862183
540.673706
539.757263
538.260132
536.313171
534.829041
533.785339
532.193542
529.899963
527.946960
526.844421
526.069763
525.658936
526.480225
528.494324
530.376770
531.220459
531.506714
532.161865
533.363159
534.549561
535.474915
536.822754
539.200928
541.903015
543.557739
543.792297
543.316589
542.542542
541.314331
539.882568
538.687134
537.384644
535.571472
533.884705
532.901428
531.769287
529.506653
526.920715
525.725464
526.181763
527.000916
527.515442
528.536011
530.539612
532.435303
533.067078
532.895081
533.257446
534.699036
536.716492
538.748291
540.743652
542.635559
543.809021
543.759277
542.934570
542.068726
541.005615
539.221680
537.219849
536.039734
535.458435
534.229187
532.123169
530.144958
528.727295
527.357178
526.105652
525.895203
526.954834
528.410156
529.681335
531.077332
532.661316
533.809204
534.316895
534.841431
536.052673
537.970764
540.004333
541.475891
542.417786
543.348206
543.976929
543.391296
541.734070
540.106201
538.933350
537.813843
536.560303
535.223572
533.544922
531.343506
529.128052
527.635071
526.890015
526.305359
525.923279
526.759338
529.066772
531.292786
532.113220
532.363037
533.416321
535.130981
536.797302
538.405640
540.094727
541.716675
542.996582
543.604797
543.630493
543.527161
542.963440
541.185486
538.870850
537.516235
537.040222
536.036377
534.044250
531.966797
530.401001
528.859680
527.062927
525.858521
525.984131
526.960449
528.141235
529.634766
531.315613
532.425354
532.910950
533.796448
535.614929
537.638672
539.242798
540.832703
542.742188
544.301086
544.645264
543.764343
542.402527
541.290710
540.429810
539.198669
537.515991
536.139587
535.195679
533.714050
531.382874
529.229553
527.911316
526.951599
526.137756
526.082886
526.995728
528.298279
529.730225
531.514465
533.228638
534.007812
534.251282
535.563171
538.433716
541.348511
542.823425
543.143066
543.447937
544.062134
544.267639
543.281677
541.292236
539.356750
538.065491
536.938049
535.534180
534.093323
532.583618
530.506531
528.149048
526.635254
526.302795
526.329895
526.360168
527.162537
529.062988
531.026917
532.181702
533.075134
534.417969
535.830200
536.988037
538.649658
541.167419
543.257629
543.726074
543.205383
542.844116
542.554016
541.594360
539.910156
538.233032
537.191223
536.485962
535.242188
533.304077
531.418579
529.931946
528.394104
526.750061
525.790649
525.915039
526.579529
527.590271
529.440247
531.761719
533.208557
533.517395
534.083862
535.942749
538.394714
540.224548
541.382812
542.588257
543.698425
543.750610
542.605469
541.189331
540.142883
539.246338
538.041870
536.598999
535.525085
534.843933
533.556213
531.197449
528.726562
527.041809
526.068848
525.762207
526.485718
528.045532
529.472412
530.314636
531.341003
533.047546
534.523560
535.191406
536.281433
538.847656
541.718262
543.174988
543.386230
543.530579
543.539551
542.445557
540.485046
538.940002
538.052795
536.975281
535.490173
534.147278
533.104126
531.928650
530.236145
528.272034
526.873779
526.418091
526.371643
526.608643
527.930542
530.325073
532.219971
532.693542
532.942322
534.301819
536.336853
538.125732
539.844971
541.790527
543.190186
543.305420
542.746948
542.415894
541.862427
540.183350
537.972900
536.602356
536.090088
535.397095
534.091248
532.431519
530.691223
529.047363
527.559448
526.371765
525.992859
526.597656
527.520508
528.412903
529.788635
531.638062
533.018555
533.657776
534.586304
536.575989
539.007507
540.880310
542.176025
543.380432
544.135925
543.593750
541.992920
540.515259
539.517395
538.248169
536.503662
535.033508
533.890930
532.099304
529.577942
527.671936
527.124023
527.061646
526.480103
525.718079
526.032410
527.912109
530.213867
531.560730
532.126892
532.968079
534.313049
535.821838
537.656555
539.980286
542.019531
542.897583
543.024536
543.295959
543.272156
541.871155
539.608643
538.052734
537.332031
536.325745
534.738892
533.122253
531.521545
529.584961
527.540466
526.139526
525.864441
526.424866
527.012451
527.342285
528.168640
530.010437
531.932495
532.865540
533.394653
534.681274
536.551697
538.270142
540.063538
542.211731
543.767151
543.769897
542.826050
542.083679
541.365967
539.814880
537.810303
536.526794
535.887512
534.630615
532.315857
529.906982
528.269348
527.192505
526.247498
525.710327
526.015808
526.943298
528.006104
529.194092
530.762390
532.392578
533.326172
533.715515
534.889465
537.440674
540.130737
541.647217
542.333191
543.112610
543.724304
543.221130
541.657532
540.053345
538.811523
537.416138
535.837708
534.743835
533.879272
532.064819
529.343445
527.205505
526.362915
526.117310
526.000854
526.402405
527.653259
529.409729
530.858521
531.609924
532.292297
533.555054
535.042419
536.284607
537.769348
540.032837
542.436646
543.796204
543.811401
543.133606
542.175415
540.848206
539.447571
538.392944
537.258911
535.510742
533.695068
532.538513
531.427490
529.286621
526.680542
525.460144
526.144897
527.250305
527.812134
528.747742
530.778503
532.878113
533.706421
533.368591
533.283630
534.725525
537.379944
539.687317
540.995850
542.131226
543.430969
544.033813
543.417542
541.991211
540.250122
538.604797
537.546143
536.975525
535.896973
533.627808
530.982544
529.294312
528.439026
527.173584
525.524658
525.147278
526.734375
528.872864
530.260864
531.237915
532.451172
533.681946
534.385376
534.573181
535.183472
537.303589
540.510803
543.004211
543.807922
543.555298
543.041809
542.351807
541.408081
540.256165
538.709167
536.630920
534.683289
533.823303
533.614807
532.349915
529.534729
526.708252
525.340515
525.492432
526.505371
527.732239
528.826660
529.950623
531.386169
533.120300
534.862793
536.052368
536.371033
536.572388
537.984863
540.817383
543.428772
544.079224
543.240173
542.714478
542.569519
541.257385
538.776978
536.959534
536.425659
535.785461
533.967468
531.529846
529.490173
528.002930
526.757812
525.965759
526.014893
526.713379
527.878113
529.712769
531.722534
532.741821
532.850586
533.619751
535.842224
538.401062
539.892578
540.368713
541.023254
542.518127
543.961975
543.982422
542.607605
541.085022
539.977722
538.754944
537.243286
536.007202
535.024719
533.408630
530.946411
528.692322
527.368042
526.469971
525.781372
526.154907
527.811890
529.530823
530.515930
531.459351
532.891541
534.149963
534.855469
535.952454
538.302124
541.171875
543.073120
543.597412
543.617188
543.809814
543.654480
542.363831
540.383911
538.900085
538.008423
536.800293
535.161499
533.816650
532.612244
530.568542
527.863464
526.047546
525.824219
526.206543
526.475525
527.351624
529.348145
531.441772
532.520935
533.009766
533.975281
535.584839
537.457214
539.568115
541.785706
543.372864
543.797607
543.427612
543.015808
542.752991
541.993530
540.217102
538.195801
537.131409
536.687622
535.448914
533.163025
530.948425
529.409973
527.937378
526.207581
525.230408
525.905457
527.505676
528.924194
530.317566
531.995667
533.174316
533.434326
534.001648
536.041687
538.789246
540.819946
542.138184
543.449463
544.341980
543.840576
542.216370
540.817139
540.216431
539.607422
538.223999
536.577026
535.533813
534.685547
532.898376
530.262329
528.124451
527.118958
526.532593
525.993713
526.286438
527.800964
529.607544
530.905579
532.062561
533.435730
534.599121
535.457520
536.835632
539.237732
541.770081
543.164673
543.484680
543.653625
543.551575
542.210266
539.869019
538.082336
537.562256
537.363037
536.418518
534.852966
533.365906
531.909302
529.834351
527.387146
525.852539
525.770142
526.266479
526.778992
528.014038
530.272278
532.316589
533.148804
533.559082
534.673157
536.280273
537.813782
539.618225
541.954468
543.817566
544.060364
543.080322
542.109558
541.304932
539.954529
538.136597
536.812500
536.405701
536.114624
534.861816
532.647034
530.444397
528.754761
527.208435
525.845276
525.527405
526.551697
528.062378
529.429749
530.981567
532.666687
533.562439
533.714172
534.695557
537.251282
540.000732
541.483032
542.101807
543.000610
543.960938
543.784058
542.306091
540.526733
538.993530
537.525146
536.180603
535.293335
534.727295
533.804688
532.016052
529.660645
527.625793
526.407471
525.766541
525.680847
526.739075
528.795105
530.444763
531.060791
531.857117
533.606140
535.244812
536.114929
537.434143
540.121765
542.917786
544.014282
543.471680
542.764587
542.444153
541.627808
539.919800
538.216309
537.110229
536.037964
534.456360
532.686646
531.263672
530.124756
528.829529
527.391968
526.394470
526.143188
526.363037
527.051819
528.672791
530.941895
532.552673
532.975769
533.416382
535.002930
537.212341
539.067017
540.651550
542.382629
543.728088
543.870789
543.065796
542.122620
540.994385
539.171936
537.139038
535.943237
535.311096
533.840515
531.300659
529.136597
528.347412
528.192566
527.458496
526.211731
525.724365
526.722656
528.427368
529.881958
531.181458
532.580078
533.674194
534.336182
535.395081
537.545105
540.157104
542.033630
543.013062
543.725708
544.002380
543.064087
541.190674
539.517151
538.334412
537.074646
535.698181
534.602539
533.387451
531.307922
528.813721
527.081421
526.364136
526.053833
525.820129
525.981995
527.113159
529.126709
530.883911
531.679138
532.372314
533.818420
535.465393
536.709656
538.184021
540.537415
542.929932
543.976440
543.688110
543.101013
542.340454
540.806824
538.919006
537.705017
536.995300
535.788696
534.000000
532.303955
530.601868
528.279419
525.963562
525.217529
526.200073
527.369446
527.743286
527.966248
529.035034
530.903625
532.531189
533.227234
533.777344
535.479431
538.151245
540.389954
541.669617
542.638550
543.534973
543.793030
543.057251
541.562927
539.779541
538.224854
537.277283
536.726257
535.622986
533.262085
530.410339
528.568359
527.864868
527.046204
525.839722
525.625549
527.167053
529.307800
530.683289
531.340454
531.985229
532.770569
533.469360
534.239319
535.756165
538.352234
541.096985
542.559631
542.731140
542.849609
543.076721
542.367371
540.779297
539.527710
538.692871
537.304138
535.455811
534.012146
532.679382
530.494751
527.883484
526.347107
526.243408
526.528076
526.654175
527.307129
528.992126
530.872986
531.759399
531.840698
532.449097
534.081055
535.872009
537.377319
539.341187
541.959717
543.857971
543.935120
543.099548
542.760559
542.473511
540.915894
538.545044
537.083008
536.671997
535.741699
533.585999
531.191528
529.413086
527.948914
526.616638
526.074707
526.571411
527.478088
528.589844
530.244385
532.024475
533.008179
533.161560
533.353699
534.427002
536.525513
538.856934
540.529724
541.749695
543.141357
544.128540
543.637024
541.985596
540.466675
539.553589
538.692871
537.474182
536.123779
534.720337
532.792847
530.308533
528.204651
527.072388
526.360168
525.859863
526.415039
528.201599
529.922180
530.681335
531.326782
532.788452
534.489624
535.624146
