504.726776
504.726776
504.214905
503.120453
505.934723
517.376465
531.202026
537.148804
535.478516
533.070679
533.007935
533.602844
533.288879
533.157654
534.244568
535.265869
534.623962
532.333679
530.166260
531.709839
535.763184
536.388245
534.214417
534.071350
535.117981
534.147339
531.703003
531.035217
532.951904
535.060120
535.315186
534.492737
534.174683
533.568359
532.275879
532.120483
533.784790
535.453064
534.991516
533.291992
532.904053
533.499512
533.555786
533.541016
534.469116
535.436523
534.263611
531.147888
530.915955
537.785400
545.065674
543.220459
536.411621
533.470764
533.720032
533.121704
531.700989
531.832703
534.042542
536.139465
535.767151
533.734375
532.660583
532.538940
532.376282
532.917480
534.653015
536.000000
534.826660
532.332703
531.812927
533.355896
534.616333
534.560730
534.182068
534.226562
533.473328
531.357666
531.563538
537.868835
544.179871
542.219910
536.105896
533.376526
533.364868
532.991882
532.120605
532.348511
534.127136
535.707031
534.993103
532.947327
532.362244
533.064575
533.275208
533.197937
534.203430
535.806458
535.299622
532.724609
531.663757
533.308716
535.207520
535.120605
533.854797
533.309937
532.885498
531.382141
531.647217
537.116699
542.383179
540.643250
535.745056
533.301208
532.649536
532.343811
532.354675
533.175171
534.942322
536.278442
535.133972
532.494141
531.695068
533.068665
534.267456
534.160156
533.897278
534.369751
534.009705
532.336914
531.712097
533.305542
535.410522
535.558777
533.884766
532.664551
532.270264
532.087280
533.461609
535.313599
532.051819
525.615967
525.246826
530.070374
532.764893
533.257446
533.683899
533.726990
534.062988
535.166931
535.004028
532.929993
531.570496
532.547607
534.533081
535.221375
534.413879
533.709045
533.024353
532.024597
532.164551
534.050049
535.866699
535.299927
533.213745
532.475464
533.005066
533.135193
533.779053
534.775818
531.948181
527.018677
526.982544
530.155029
531.507812
532.699707
534.699036
535.158447
534.314270
534.104065
533.867493
532.618286
531.843140
532.907532
534.893066
535.445312
534.235413
533.302612
532.985962
532.509033
532.596985
534.102173
535.825623
535.224426
532.767395
531.738342
532.755066
533.827026
534.563416
534.442383
530.790588
526.593811
527.788818
531.232422
532.084351
532.744019
534.562134
535.122437
534.209595
533.757751
533.492432
532.440735
531.970886
533.547119
535.848206
535.793335
533.488281
532.270935
532.896790
533.543701
533.647766
534.243896
535.400574
534.917847
532.453491
531.165955
532.657593
534.851440
535.101257
533.148010
532.679199
538.581665
546.032593
543.869141
535.106628
531.960449
534.533691
535.571838
534.102905
533.186218
533.350586
533.317261
533.103516
533.841003
535.331482
535.083008
532.742371
531.564026
532.793701
534.253662
534.314880
534.113281
534.856445
534.749756
532.783264
531.452209
532.613892
534.839417
535.384155
533.409790
532.608154
538.246521
545.438171
543.206238
535.034790
532.745117
535.564819
535.844971
533.106262
531.674622
532.659546
533.801331
533.829529
533.879211
534.780396
534.639526
532.695984
531.666992
533.097229
535.036133
535.043396
533.846191
533.631287
533.570740
532.426758
531.963501
533.769592
536.147949
535.866028
533.389038
533.059448
534.507385
530.267090
520.872437
519.401367
528.711914
536.398865
536.378723
533.239685
531.635376
532.638977
534.255066
534.342224
533.792786
534.216980
534.159180
532.565613
531.759827
533.300049
535.361389
535.232483
533.528625
533.075439
533.583435
533.143188
532.442383
533.380127
535.449097
535.497986
533.074036
532.394958
533.842529
530.129456
521.388000
520.227051
529.203308
536.263306
535.848267
532.603455
531.225708
532.925293
535.413025
535.660339
534.239502
533.818298
533.855652
532.626465
531.722534
533.468933
536.386414
536.347046
533.330811
531.721436
532.656494
533.506165
533.360657
533.845459
535.272034
535.030457
532.705750
531.699158
532.923462
534.081482
536.361938
541.289551
542.989380
538.537964
534.024475
532.118591
531.399292
532.965515
535.716980
535.835449
533.585083
532.693542
533.393005
533.276367
532.709167
533.837219
535.990723
535.597351
532.609558
531.315979
532.887207
534.379517
534.205933
534.077515
535.153076
535.016052
532.570190
531.079712
532.279846
534.327637
537.771912
542.917175
543.602844
538.186462
533.611328
531.979492
531.428528
533.259399
536.244568
536.013672
533.037781
532.042053
533.604736
534.324646
533.399963
533.354309
534.977661
535.114075
532.667908
531.271729
532.892151
535.044067
535.084778
534.130981
534.325134
534.162781
532.271667
531.296814
532.752625
534.945068
538.627380
543.565308
543.157959
536.842407
532.709778
532.314392
532.383728
533.659424
535.732178
535.068481
532.046265
531.174255
533.246826
534.643250
533.807068
533.362732
534.866394
535.106628
532.357544
530.486084
532.478271
535.762634
536.121033
534.025635
533.034424
533.132751
532.520447
532.308044
534.085876
536.351807
536.053955
531.432068
524.745300
523.663025
529.876282
534.190796
533.196655
533.192932
535.587280
535.531738
532.210754
530.600525
532.898376
535.462769
535.071777
533.565430
533.836060
534.233093
532.698853
531.540466
533.235901
535.882935
535.673218
533.299561
532.628174
533.287292
532.735596
532.237122
534.229736
536.976868
536.600830
532.557678
528.549011
529.847656
535.041687
536.674316
534.294495
533.521240
534.901123
534.760742
532.226013
530.936279
533.093445
535.849060
535.596375
533.502808
533.083435
533.563416
532.672180
532.086243
534.101807
536.692505
535.864197
532.692749
531.838074
533.251953
533.542725
532.719910
533.578308
535.917786
535.930786
531.985535
528.079468
530.214783
536.085388
537.511841
534.563538
533.217407
534.278870
534.392395
532.344360
531.265503
533.356934
535.912354
535.283508
532.791992
532.335144
533.298462
532.937378
532.272095
533.928894
536.619141
535.985840
532.359741
530.936829
532.924683
534.608337
534.862122
534.665283
529.996216
521.276001
520.071411
528.603821
535.416870
536.332825
534.336731
530.029968
527.423828
529.744629
531.973694
531.710754
533.013611
535.664246
535.696899
533.345276
532.282043
533.044739
533.308044
532.606689
532.750427
534.363281
534.834778
532.838257
530.996155
531.483826
533.530762
534.965881
534.990051
534.325439
532.771179
530.819092
530.742920
533.196472
535.948792
536.369019
532.827454
526.533081
524.501038
529.483215
533.434692
532.606934
532.459900
534.614563
535.205811
533.093384
531.413330
531.977478
533.458984
534.182800
534.186707
534.261292
533.547302
531.874634
531.463318
533.268127
535.204773
534.800781
533.106567
532.940369
533.431030
532.406067
531.120361
532.129395
534.951294
536.341125
533.884644
528.997009
527.723938
531.580444
534.274536
533.971069
534.432373
535.471130
534.392151
531.735901
530.914307
532.872070
534.839111
534.507751
533.236633
533.415283
533.738281
532.290833
530.818176
531.909485
534.881470
536.043457
534.214661
532.322937
531.951050
532.300781
533.054871
534.426880
535.506958
534.646545
531.627930
528.991699
531.136475
536.256958
537.151794
533.998596
532.569824
533.714661
534.278198
532.550537
530.730896
531.594482
534.331726
535.554565
534.371765
533.131348
532.546570
531.987427
532.221008
533.948059
535.735535
534.940491
532.240784
531.372925
532.869568
533.948853
533.435547
533.185669
534.436096
535.019836
532.460571
528.911560
530.151672
535.151184
536.937134
535.160706
533.906372
533.578491
532.949951
531.921814
531.844727
533.464172
535.204651
534.753052
532.832703
532.355286
533.130859
532.956665
532.038391
532.602539
534.891052
535.511047
533.061768
530.948914
531.593018
533.520630
534.395691
534.286316
534.420837
533.833801
531.361267
530.714233
536.662964
543.458801
542.030701
535.706543
532.233032
532.102112
532.695435
532.541077
532.171143
533.151733
535.137329
535.278503
532.965820
531.329590
531.877441
533.092590
533.697083
534.278687
535.220581
534.561890
531.992126
530.768188
532.453674
534.712769
534.799072
533.587585
533.607910
533.817749
531.818970
530.674072
535.361694
541.134827
540.402893
535.949646
533.125122
532.170837
532.353882
532.797607
533.021851
533.901001
535.226685
534.544312
531.882629
530.911865
532.703369
534.432068
534.065308
533.169739
533.730530
534.027954
532.420532
531.039490
532.176270
534.775146
535.516479
533.784851
532.437195
532.356628
532.231201
532.924255
534.183105
531.168945
525.417908
525.341736
529.910950
532.401611
533.050476
533.564270
533.368774
533.577759
534.947327
534.862671
532.236206
530.406311
531.826172
534.683960
535.509338
534.056030
533.029846
532.832153
532.274780
532.130493
533.618225
535.518738
535.029053
532.737732
532.096375
533.055786
533.066040
532.895996
533.356262
530.791016
526.604919
527.324280
530.757141
531.694153
532.377197
534.345642
534.963928
533.985107
533.498840
533.184631
532.108887
531.683350
533.032898
534.769348
534.524841
532.947266
532.768921
533.309387
532.435242
531.493286
533.105591
536.158875
536.245911
532.828064
530.568665
531.720337
533.764221
534.759644
533.993347
529.727356
525.523804
527.149719
531.047241
532.221680
533.033752
534.631531
534.663208
533.476257
533.295959
533.322205
532.084412
531.336426
533.136475
535.859009
535.612915
532.620239
531.209167
532.398193
533.428223
533.097900
533.195801
534.741455
535.093445
532.841858
531.076660
532.070557
534.116516
534.694885
533.453186
533.429260
538.983887
545.543945
542.612549
533.880432
531.633423
534.955872
535.629272
533.232971
532.130859
532.937012
533.239563
532.616272
533.046082
534.934937
535.235107
532.865723
531.207825
532.183716
533.908997
534.338684
534.134399
534.557678
534.103638
532.057068
531.149475
532.908752
535.078003
534.766113
532.144287
531.888733
539.025940
547.238098
544.287292
534.248169
530.902344
534.348083
535.813416
533.446350
531.551025
532.020203
533.026184
533.233337
533.517151
534.451660
534.115112
532.086670
531.321350
532.992371
534.700684
534.293152
533.232239
533.775940
534.149231
532.393005
530.892639
532.374084
535.270264
535.483154
532.897339
532.173157
533.559692
529.645142
520.539917
519.209717
528.596252
536.152283
535.845703
532.660095
531.316223
532.440308
533.862549
533.897461
533.737000
534.526733
534.143250
531.706177
530.522949
532.577148
535.240601
534.971985
532.808289
532.475159
533.502319
533.031616
531.684448
532.333862
534.886292
535.466003
533.056458
532.122742
533.329407
529.323853
520.425232
519.600281
528.968994
535.825195
535.028442
531.966980
531.131470
532.930603
534.779480
534.329651
533.078613
533.517151
533.912720
532.145447
530.630859
532.295166
535.496765
535.805603
533.079773
531.632385
532.515137
533.187622
532.965881
533.524170
535.017700
534.776978
532.443726
531.338318
532.301147
533.238159
535.636719
541.095947
543.349060
538.880127
533.693115
531.129700
530.491150
532.705383
535.786072
535.533752
532.784180
531.933289
533.111206
533.205688
532.163940
532.629333
534.868408
535.381409
533.125732
531.658142
532.527710
533.596802
533.549194
533.679321
534.668274
534.204041
531.783142
530.883057
532.635803
534.541748
537.289307
541.821777
542.314209
537.123718
533.088379
531.875977
531.152771
532.498047
535.522583
535.986816
533.368042
531.709961
532.347534
533.076660
533.113464
533.854004
535.367065
534.994080
532.411133
531.182190
532.716125
534.474915
534.235657
533.319092
533.730713
533.818970
532.114807
531.148865
533.091492
535.979309
536.483276
533.106201
527.336792
525.411682
529.683228
533.026917
532.473816
533.098694
535.487061
535.302429
532.364807
531.139404
532.858704
534.153687
533.320984
532.817078
534.306213
534.753845
532.331299
530.462585
531.943054
534.814026
535.454346
533.969177
533.232605
533.146362
532.221558
531.661865
533.125122
535.484314
535.694763
531.277588
524.152466
522.728516
529.305176
534.234680
533.409546
532.985413
534.902161
535.022888
532.303101
530.789612
532.620667
534.916809
534.613403
533.126221
533.302490
533.693665
532.269165
531.268738
533.154419
536.047058
535.922424
533.140991
531.892090
532.628296
532.710571
532.250610
533.405518
535.655273
535.861938
532.636414
528.742004
529.667297
534.488464
535.839600
533.365662
532.748291
534.413391
534.551270
532.089783
530.581482
532.503296
535.257385
535.087219
533.018127
532.759705
533.645020
532.932922
531.732544
532.868958
535.558655
535.705444
532.872253
531.305115
532.332214
533.328125
533.171265
533.580566
535.064148
535.042542
531.797974
528.395508
530.477173
536.023987
537.193604
534.205566
532.850952
533.750427
533.791382
531.886658
530.883362
532.964539
535.657349
535.102112
532.371277
531.787292
533.156067
533.282654
532.403259
533.218201
535.469788
535.298828
532.192993
530.562866
532.116211
533.928894
533.901123
533.651428
534.618225
534.614929
531.679993
529.053101
532.148438
537.915405
538.491394
534.741577
532.416748
532.653992
533.258667
532.442566
531.643921
533.282227
535.960876
535.563110
532.335815
531.094910
532.807434
533.996765
533.432129
533.502014
534.995972
534.716797
531.921997
530.651978
532.588806
534.720337
534.463440
533.389343
533.744873
533.729248
531.214783
530.338562
536.505188
543.806396
542.778381
536.260376
532.005432
531.596191
532.814453
533.077393
532.434509
533.238037
535.304321
535.025208
531.987671
530.586914
532.418457
534.280823
533.934692
533.307251
534.181152
534.091370
531.751526
530.631348
532.914307
535.755676
535.354736
532.903137
532.397034
533.299500
532.276001
531.588257
536.244873
541.734741
540.533203
535.273010
531.717590
531.141296
532.572632
533.499878
533.023621
533.414429
535.211548
534.997498
532.003235
530.574219
532.737000
535.299866
535.083252
533.553589
533.587769
533.796448
532.206970
531.087891
532.959656
535.817505
535.449524
532.444153
531.372253
532.612244
533.059082
533.233582
534.163391
531.848816
526.949585
526.349854
529.289612
531.137573
532.926514
534.717163
534.391785
533.536072
534.193848
534.083984
531.819824
530.674744
532.747742
535.301025
534.848816
532.745361
532.643127
533.597961
532.859253
531.777527
533.192932
535.918213
535.572937
532.196350
530.777588
532.539612
533.928955
534.072266
533.921875
531.095093
527.128601
527.476562
530.067627
531.133179
532.873535
535.211182
535.086304
533.544617
533.421509
533.431824
531.838318
531.079590
533.437561
536.470032
535.906677
532.664612
531.525757
532.812195
533.252136
532.598999
533.359680
535.346069
534.863159
531.777832
530.570312
532.503601
534.391663
534.157593
532.618042
532.910095
538.831116
545.632751
542.903381
534.373596
532.239685
535.213196
535.157166
532.594177
532.119934
533.132751
532.686157
531.761353
533.246033
536.113953
535.851501
532.345825
530.676453
532.307007
533.822998
533.520874
533.538818
534.933350
534.708862
531.972229
530.685974
532.795044
535.174683
534.583862
531.885681
531.882263
538.696045
545.870667
542.544861
533.794067
532.202332
535.719055
535.593994
532.238708
530.986389
532.277100
533.100464
532.994080
533.840332
535.393005
534.564392
531.568604
530.636780
532.634033
534.242065
533.769348
533.411560
534.598267
534.428650
531.647522
530.228027
532.749390
536.002258
535.511230
531.770447
531.006042
538.385559
546.539856
543.499084
534.274048
531.936462
535.201050
535.392761
532.094482
530.656128
532.267029
533.625732
533.358459
533.607727
535.047607
534.455017
531.319519
530.158752
532.828918
535.584961
534.888733
532.731934
532.762817
533.474548
532.185120
530.962830
532.738342
535.713135
535.451050
532.389954
531.862061
533.596375
529.318176
519.744446
518.890259
529.112000
536.517944
535.033203
531.031677
530.382263
533.003784
534.967712
534.183167
533.247864
534.256836
534.328247
531.752136
530.294922
532.685425
535.903687
535.507874
532.694397
531.997681
533.105652
532.961975
532.265930
533.603394
535.961609
535.325562
531.967163
531.384277
533.585266
529.922668
520.636902
519.476868
528.947266
536.110352
535.127686
531.232300
530.085632
532.845093
535.741943
535.072876
532.891296
532.985962
533.740417
532.356873
530.974915
532.632324
535.613281
535.486755
532.584412
531.448730
532.611389
533.138977
532.876038
534.017334
535.898865
534.778625
531.096008
530.670471
533.636719
531.065613
522.644287
521.117920
528.868896
534.832031
534.413330
531.588806
530.642029
533.119507
536.075134
535.357849
532.367065
531.703918
532.946533
532.822510
532.050110
533.443909
535.927002
535.251709
531.830933
530.693542
532.775696
534.479858
534.108459
533.719421
534.567627
534.109070
531.616943
530.761292
532.601868
534.541016
537.799500
543.209290
543.809692
537.663452
532.428772
530.676575
530.680908
533.400818
536.649231
535.739319
532.139587
531.287903
533.059570
533.442932
532.447449
533.264099
535.559692
535.038696
531.570312
530.307068
532.984131
535.706909
535.226990
533.472534
533.448914
533.464966
531.719055
530.940918
533.229553
536.101685
536.174805
532.294434
526.447937
525.158508
529.911255
532.761292
531.766785
533.070862
536.270386
535.735352
531.837830
530.315430
532.583374
534.637573
534.256592
533.663513
534.462708
534.073425
531.566895
530.497375
532.570679
535.034424
535.108521
534.095276
534.141541
533.444092
530.975891
530.289795
533.491821
537.108826
536.491272
530.241516
522.296692
521.756653
529.684937
534.962463
533.646301
532.927307
534.836853
534.664795
531.594421
530.282654
532.555054
534.961182
534.788574
533.876343
534.306519
533.832764
531.204407
529.966980
532.474121
535.805176
535.818970
533.466980
532.610229
532.969177
532.342651
531.805786
533.459290
536.233704
536.090820
529.569092
520.216370
519.243896
528.380676
535.260742
534.912842
533.973877
534.692505
533.563171
530.592896
530.086548
533.237366
536.096741
535.506470
533.696411
533.869263
534.033142
531.850891
530.238525
532.420898
535.887634
535.469055
532.010864
530.976257
532.821655
533.869995
533.478760
533.885620
535.080261
534.352600
530.972229
528.624878
531.969604
537.619507
538.038452
534.807739
533.872131
534.718384
533.755005
530.991882
530.414368
533.528687
536.361694
535.206787
532.539062
532.694214
534.104126
533.300842
531.755676
532.778381
535.237427
534.766602
531.709412
530.812439
532.748291
534.252686
534.217102
534.420471
535.120178
533.872375
530.210144
528.563904
533.405151
539.733215
539.352966
534.566895
532.229614
533.113525
533.919678
532.599609
531.433716
533.162659
535.765015
535.140564
532.266724
531.648010
533.284607
533.995728
533.489441
533.898010
535.097900
534.130798
531.368530
530.891296
533.179016
534.693726
533.892761
533.377625
534.696228
534.659363
531.244995
529.825378
536.084045
543.366516
542.069702
535.518921
531.640015
531.774414
533.268860
533.486389
532.963623
533.995544
535.684387
534.625732
531.610168
531.017090
532.998169
534.083557
533.408997
533.395508
534.707031
534.352783
531.883972
531.049255
533.148010
535.121643
534.361023
532.777466
533.187256
533.790405
532.009277
531.408813
536.513000
541.629395
539.534363
534.040710
531.258118
531.546387
532.832397
533.065735
532.755066
533.973083
535.879883
535.032349
531.813538
530.716003
532.790344
534.636414
534.154175
533.368103
534.018616
533.848450
531.988159
531.572510
533.841858
535.776245
534.536621
532.129883
532.088501
533.249512
532.620605
532.394409
536.283569
539.913147
538.141724
534.160400
531.716858
531.252441
532.550659
533.620361
533.437988
533.783508
535.111389
534.648621
532.035034
531.062500
533.125549
535.142273
534.416260
532.751892
532.932922
533.431702
532.388062
531.877441
533.902405
536.242859
535.122009
531.866150
531.151489
532.985168
534.081055
534.510742
534.645630
531.165588
526.332764
526.806641
530.457031
532.290344
533.407166
534.355347
533.930847
533.502502
534.267944
534.067383
532.110840
531.438660
533.510193
535.576782
534.702148
532.600769
532.552124
533.357483
532.765930
532.261230
533.951111
536.172424
535.181335
531.734863
530.452515
532.330994
534.335449
535.062134
534.356750
530.705322
527.120056
528.205139
530.931519
532.162415
533.878357
535.328796
534.252319
532.557251
532.877380
533.587952
532.814636
532.387207
533.940613
535.579895
534.545288
532.268860
532.102661
533.284546
533.447876
533.173828
534.273499
535.804199
534.566162
531.276550
530.422180
532.845337
535.014038
534.604370
532.693481
532.933533
538.913574
545.298584
542.370178
534.574524
532.984863
535.600403
535.197632
532.612000
531.898438
532.748840
533.096558
533.301758
534.479797
535.565247
534.238831
531.685486
531.539734
533.644714
534.865295
534.097961
533.390198
534.056030
533.980652
532.361572
531.817688
533.429749
535.098511
534.761536
532.717712
532.554077
538.389954
544.791443
541.980652
534.590881
533.273438
535.735535
535.046387
532.173828
531.386353
532.698914
533.591187
533.577637
534.079590
534.978088
533.924316
531.543518
531.479065
533.899658
535.514465
534.621277
533.187988
533.255798
533.324890
532.280640
532.114380
533.943054
535.702271
534.784241
531.632996
531.082397
537.696960
544.987305
542.547607
535.085815
533.188599
535.075256
534.431213
531.795105
531.028870
532.668762
534.434875
534.803955
534.430176
534.211426
533.148987
531.479309
531.684937
534.089478
535.933594
534.916077
532.661133
532.189026
532.842773
532.802490
532.762207
533.834778
534.987000
534.070068
531.944092
532.285156
533.790222
528.955322
519.778259
519.845398
529.983765
536.580261
535.002686
531.521912
530.904175
533.164612
535.424927
535.179443
533.481201
532.766541
532.583740
532.022827
532.329224
534.105957
535.618408
534.688782
532.412537
531.806335
532.779297
533.525818
533.916931
534.653442
535.204956
533.950684
531.680908
531.930359
533.721069
529.796204
521.604675
521.532349
530.232910
535.612061
533.929871
530.798950
530.553528
533.333374
535.993591
535.549438
533.257568
532.271729
532.519287
532.707214
533.291809
534.633667
535.466125
534.113586
531.880188
531.694641
533.147278
533.949341
533.707581
533.779358
534.471863
533.819092
531.746948
531.133850
532.400024
534.007324
538.248169
544.965881
545.394714
537.747864
531.754578
530.970764
531.934509
533.849426
535.823120
535.396545
533.157654
532.019104
532.362366
532.896973
533.533081
534.657043
535.447449
534.120972
531.562866
531.006042
532.945679
534.893799
534.917297
533.856750
533.321228
532.558960
531.346313
531.663147
533.261475
534.684204
538.686340
544.936890
544.644531
537.009827
531.951294
531.770081
532.333984
533.570007
535.428223
535.192261
532.781128
531.337341
532.055908
533.492920
534.377991
534.821960
534.956299
533.540710
531.127930
530.703674
533.040833
535.581055
535.580566
533.683350
532.536804
532.165710
531.647461
532.059082
533.509644
535.208740
539.576477
545.232971
543.492188
535.353027
531.637878
533.161316
533.936401
533.930237
534.662170
534.313110
532.353821
531.286621
532.221497
533.680908
534.066895
533.802002
533.986389
533.515137
531.874329
531.329834
533.287170
535.826538
535.701050
533.197083
531.696350
531.943359
532.488342
533.161560
534.428101
535.781189
535.298096
530.067261
521.716248
519.924194
527.589966
534.350220
534.887695
534.034302
534.212830
533.592224
531.819580
531.129578
532.706360
534.884766
535.165222
533.799316
533.109375
532.991638
532.225037
531.755615
533.125610
535.463440
535.568359
533.012024
531.214539
531.730408
533.099304
533.988464
534.550781
535.473267
535.195068
529.611938
520.504761
519.035217
527.799683
535.032349
535.221924
533.828064
533.880615
533.636414
532.123535
531.287964
532.990051
535.728088
535.923889
533.455078
531.871277
532.198242
532.766541
533.073792
533.981079
535.322144
534.916199
532.530823
531.126038
532.064392
533.725464
534.290344
534.141907
534.408203
534.081848
531.885986
530.423218
533.881409
538.684021
538.155823
534.455139
532.704773
532.940857
533.247009
532.466553
531.733521
533.105103
535.680908
535.722229
532.725159
530.786255
531.853638
533.746460
534.261353
533.967834
534.229309
533.917419
532.297302
531.390076
532.423645
534.151978
534.695007
534.196655
534.058533
533.661682
531.699463
530.788879
534.897339
539.872131
539.212097
535.316040
532.826355
532.199707
532.747009
533.102722
532.828918
533.377319
534.914490
534.787476
532.258606
530.519836
531.484741
533.591125
534.484558
534.179626
534.193604
533.814880
532.187378
531.280701
532.789124
535.156311
535.308350
533.512573
532.830688
533.299744
532.454346
531.876221
535.440857
539.519104
538.587585
535.024719
532.318420
531.079224
532.000488
533.704590
534.142395
533.969666
534.354858
533.884583
531.946106
531.092712
532.758667
535.013123
535.217834
533.925842
533.547302
533.428162
532.058655
531.042969
532.550781
535.417908
535.801758
533.242981
531.666077
532.453735
532.946106
533.103210
535.533691
537.529175
536.040466
533.897888
532.542847
531.543701
532.446106
534.488098
535.047363
534.209167
533.773193
533.287720
531.900269
531.233643
532.710876
534.961853
535.173950
533.580933
533.031067
533.353210
532.638550
531.773438
532.973206
535.543030
535.743103
533.047791
531.487427
532.689697
533.961426
534.251221
534.944824
534.501343
532.732788
532.402466
532.241821
531.237549
532.350769
534.926453
535.305237
533.622925
532.831665
532.890686
532.132202
531.569702
533.134766
535.845276
536.059753
533.422058
531.831421
532.522278
533.213318
533.035828
533.539185
535.029236
534.830078
532.447021
531.295532
532.791321
534.497803
534.703674
533.280029
529.721069
527.535889
530.075012
532.567139
532.121277
533.048279
535.717712
535.778625
533.100464
531.836670
532.815002
533.331970
532.832153
533.400330
535.332153
535.426147
532.873779
531.365723
532.499817
533.872375
533.705139
533.458313
534.520142
534.698059
532.696106
531.377808
532.924805
535.364502
535.781799
533.224426
528.686646
527.091675
530.670654
533.444153
532.895630
533.569519
535.750671
535.299622
532.145691
530.642639
532.058044
533.486206
533.508728
533.850830
535.256897
535.017456
532.424622
531.110596
532.785828
534.739868
534.299561
533.075439
533.777527
534.502319
532.826721
531.172058
532.593811
535.407288
535.260620
531.642090
530.727600
538.506165
547.567932
545.119995
535.626892
532.292236
534.824524
535.250488
532.275757
530.454651
531.983948
534.361572
534.821228
534.270996
534.636414
534.318359
532.127991
530.909302
532.617615
534.924133
534.593018
532.731079
532.702026
533.627869
532.943054
531.923401
533.211548
535.682739
535.271729
531.316345
530.088928
537.730835
546.796021
544.781677
536.012207
532.761353
534.645752
534.544189
531.649536
530.450928
532.675415
535.176819
534.989929
533.618896
533.829163
534.112793
532.360046
530.829285
532.400635
535.452148
535.544983
532.701599
531.460205
532.695129
533.404968
532.977661
533.624878
535.341431
534.729553
531.019897
530.161560
537.644226
546.031738
544.169861
536.340149
532.992798
533.993469
533.953125
531.643005
530.476746
532.830383
535.913391
535.576050
533.098511
532.632080
533.451111
532.745361
531.679321
532.987610
535.792236
535.892029
532.816040
531.149658
532.485229
533.790833
533.586914
533.937012
535.482422
534.940002
531.674561
530.829773
533.419006
531.507141
524.207825
522.669678
529.090515
534.231812
534.439636
532.305298
530.978760
532.860535
536.069519
535.995911
533.027344
531.802307
532.869141
533.265869
532.706604
533.393005
535.213257
534.809937
531.906250
530.652405
532.437195
534.254883
534.015808
533.566223
534.590942
534.443176
531.820435
531.339905
534.138245
532.326660
525.112000
523.476379
529.226746
533.621582
533.784302
532.106750
531.161743
533.225891
536.443481
535.880798
532.051270
530.642151
532.696716
534.126343
533.422058
533.319092
534.897583
534.742493
531.827576
530.378906
532.566467
535.287292
535.187378
533.600281
533.398071
533.289490
531.645752
530.905029
532.520081
535.048889
539.591187
545.011841
543.614807
536.049255
531.995544
532.281799
532.522156
533.791931
536.075684
535.364258
531.842896
530.612854
532.966553
534.908081
534.014526
532.855652
533.828369
534.219788
532.060120
530.723206
532.878174
535.884827
535.683899
533.253418
532.486755
532.968201
532.426453
532.150024
533.413757
535.457947
539.850342
544.928406
542.723206
534.992554
532.017822
533.361694
533.309448
533.411560
535.173706
534.874268
531.648438
530.200745
532.694763
535.511108
535.053040
533.049072
532.908386
533.295288
531.997070
531.122925
533.061951
535.771240
535.245117
532.318909
531.460388
532.820618
533.371460
533.105591
533.472534
535.078247
539.914673
545.207458
542.466187
534.409241
531.982788
534.252808
534.425781
533.557312
534.298889
534.189880
531.757507
530.494019
532.802368
535.704834
535.119019
532.516907
532.205383
533.338928
532.828125
531.973511
533.627075
536.226624
535.303101
531.558411
530.347412
532.484253
534.107849
533.768372
533.851807
535.660522
535.637756
528.573486
518.063721
517.341980
528.257385
536.574036
535.887268
533.181824
533.018616
533.249146
531.950073
531.289673
533.488464
536.224548
535.288452
531.827881
530.918823
532.725647
533.506165
532.880249
533.619202
535.625488
535.025940
531.642273
530.247131
532.444824
534.849060
534.825745
533.998657
534.385803
534.072510
531.122620
529.292786
533.741333
539.935120
539.691589
534.886597
531.919312
532.225830
533.346680
532.657043
531.622925
533.343384
536.189636
535.529175
532.025757
530.898010
532.898865
534.376465
533.914734
533.701050
534.714783
534.214966
531.682556
530.961914
533.417908
535.716003
535.073669
533.439880
533.553894
533.623535
531.365540
530.604187
536.119080
542.254333
540.967407
535.172668
531.378296
531.207642
532.943481
533.511719
532.799316
533.565918
535.484375
534.718384
531.430481
530.471741
533.026428
535.279724
534.720093
533.544312
534.044495
533.861206
531.535034
530.572205
533.146484
536.050171
535.417358
532.927856
532.560547
533.269287
532.030090
531.889587
537.321716
542.691101
540.800110
535.080566
531.302246
530.824341
532.739014
534.090698
533.641296
533.683777
534.910889
534.275391
531.441833
530.611450
533.175964
535.541016
534.774048
533.020874
533.279358
533.580811
531.833496
530.846069
533.231201
536.319763
535.620850
532.245300
531.033325
532.308838
532.761292
533.019226
535.947021
538.289307
536.508667
533.316589
531.122070
530.796692
532.928040
534.638977
533.848694
533.037598
534.024109
534.071533
531.804260
530.773071
533.209534
536.071838
535.383606
532.633606
532.043762
532.993835
532.671997
532.067566
533.629944
536.063232
535.374573
532.070190
530.850037
532.496277
533.620911
533.829773
535.083130
535.312622
533.488892
532.193604
531.239380
530.814026
533.044678
535.453186
534.644409
532.688110
532.853027
533.465637
532.297852
531.563904
533.482239
535.850159
535.014404
532.221558
531.617188
532.874023
533.135864
532.734192
533.889526
535.801208
534.806091
531.350098
530.302795
532.872437
535.272766
535.301331
533.594177
530.338867
528.451904
530.266724
531.769592
531.601318
533.316711
535.561035
534.682495
532.391052
532.416321
533.585571
532.988647
531.884583
533.114502
535.561096
535.078674
531.986816
530.973267
532.844849
534.286072
533.944336
533.835205
534.695557
533.779114
530.950684
530.298401
533.048889
535.618652
535.472778
533.176880
529.930176
529.234680
532.034180
533.089600
531.807373
532.952637
535.489746
535.145569
532.666138
531.869690
532.841919
533.276001
533.314331
534.487915
535.795471
534.149719
530.641907
530.077942
533.005371
535.347168
534.778198
533.577881
534.020081
533.930237
531.849854
530.913391
533.272583
536.008728
535.208130
531.609314
531.025940
538.010925
545.430359
542.591187
534.653992
532.823425
535.039612
534.324280
531.534546
531.179321
533.245483
534.488281
533.988220
533.872925
534.840393
534.065613
531.175537
530.236267
532.906982
535.823853
535.540283
533.509705
533.000305
533.152832
532.245850
531.955505
533.781494
535.517578
534.073792
530.493225
530.655396
538.665222
546.483826
543.285156
534.725098
532.414978
534.830261
534.782410
531.942200
530.764648
532.612000
534.647522
534.633179
533.946777
534.283997
533.782227
531.563782
530.730957
532.938538
535.301331
534.519592
532.294495
532.249756
533.290466
532.869751
532.231750
533.606018
535.606873
534.663635
530.898926
530.385071
537.931091
545.787231
543.351868
535.632385
532.940918
534.101685
533.319336
530.657288
530.344299
533.325806
535.791687
534.795593
532.591248
532.590881
533.403687
532.702209
532.021973
533.380554
535.248474
534.595398
532.509827
532.423584
533.625183
533.487000
532.656738
533.614502
535.749146
535.199036
531.888672
531.216675
533.559204
530.749817
523.107239
522.569702
529.955994
534.449707
533.252319
531.118469
531.306030
533.990540
536.230103
534.951172
532.082275
531.713196
533.094299
533.286499
532.834656
533.852905
535.407776
534.382874
531.687866
531.441650
533.721008
535.012024
533.958130
533.007751
533.888916
534.133118
532.379761
532.232849
534.015442
530.716675
523.220520
522.640869
529.422119
533.987915
533.877502
532.331909
531.861694
533.656067
535.804321
534.945984
532.115417
531.249084
532.447388
533.223267
533.237427
534.018921
535.269836
534.173035
531.205505
530.739197
533.690002
536.136719
535.154541
532.943237
532.784424
533.281311
532.417847
532.039001
533.106140
534.471497
538.350708
544.217529
543.782715
536.774353
532.560486
532.510071
532.630432
533.441650
534.917969
534.331421
532.161316
531.742249
533.309265
534.342224
533.877136
533.611755
534.413208
533.883240
531.458923
530.628296
533.021240
535.672424
535.203186
532.983337
532.403687
532.737732
532.220398
532.282654
533.548523
535.187805
539.602600
545.311890
543.677917
535.967285
532.525635
533.606140
533.843811
533.824585
534.485352
533.499512
531.311279
531.475342
534.199036
535.947632
534.681946
532.812073
533.080627
533.536743
532.116699
531.114441
532.770325
535.184509
534.949036
532.851868
532.317871
533.147583
533.180603
532.783875
532.917297
534.125549
538.806824
544.245972
541.994446
534.602112
532.256653
534.133057
534.412720
533.907654
534.218323
533.215942
530.848877
530.721008
533.829590
536.567688
535.680359
533.097351
532.518921
533.119263
532.668396
532.238953
533.584229
535.361206
534.541687
531.939636
531.324524
533.033325
534.473694
534.511597
534.295532
534.887695
534.142883
527.620422
518.263977
518.338196
529.213013
537.058228
536.149170
533.433350
533.133606
533.233643
532.109314
531.625183
533.468567
535.716858
535.169067
532.749023
532.066956
533.108276
533.557129
533.307922
533.822021
534.693298
533.573242
531.238647
531.199707
533.561768
535.327209
534.890076
533.778992
534.253113
534.208801
527.675232
517.396912
517.111938
528.503601
536.840088
535.952454
533.013000
532.767883
533.418884
532.906616
532.407593
533.504333
534.934937
534.116333
531.972229
531.815552
533.607727
534.827820
534.528381
534.047058
534.167358
533.193604
531.119263
530.942383
533.428528
535.665710
535.128662
533.393188
533.150635
533.163513
531.539734
531.816406
537.611877
542.436829
539.603821
534.048279
531.841675
532.516602
533.808716
533.826294
532.889648
533.171143
534.511597
533.918152
531.427063
530.753540
532.764038
534.699341
534.674683
533.933350
533.869263
533.043274
531.180176
531.095764
533.765869
536.210205
535.359009
532.891907
532.443237
533.128052
532.483704
533.667114
539.832458
544.004578
540.187134
534.015503
531.097900
531.060059
532.705750
534.223511
534.438904
534.356812
534.416626
533.088440
530.966248
531.224976
534.138428
536.308289
535.240051
532.935913
532.502991
532.864990
532.263428
532.153870
533.885803
535.672913
534.725464
532.221680
531.747559
533.116577
533.594055
533.731873
535.329224
535.491333
532.997620
531.364014
531.029480
531.252197
533.179810
535.130371
534.957703
534.027100
533.923767
533.192444
531.412842
531.294128
533.788879
536.027771
535.007751
532.337830
531.830811
533.093872
533.490845
533.107666
533.678406
534.744690
533.759644
531.370117
531.059692
533.041199
534.529541
534.932190
534.995972
533.105652
530.471252
530.399536
531.263733
531.821655
533.873840
535.709167
534.666260
532.479858
532.225403
533.072693
532.931458
532.608887
533.631470
534.997681
534.160217
531.947632
531.746582
533.447266
534.428894
534.056152
533.828552
534.169556
533.247437
531.306335
531.125427
532.990234
534.579895
534.993835
534.207031
531.415283
529.478821
530.790710
531.629028
531.311340
533.449951
536.261108
535.692688
532.907959
531.817139
532.784668
533.667419
533.881775
534.281250
534.722229
533.468689
531.159607
530.891846
532.989075
534.965393
535.184143
534.474792
533.962402
532.720886
531.024658
531.330261
533.827393
535.700684
535.236572
532.958740
530.111755
530.194458
533.463318
534.417297
532.784119
533.244080
534.969604
534.338806
532.000366
531.354797
532.734314
533.880310
534.026428
534.271362
534.751892
533.618408
531.338074
531.043945
533.216553
535.260193
535.191345
534.039124
533.564941
532.902161
531.582214
531.630005
533.860291
535.856506
535.101135
531.821655
528.698364
529.925659
534.255493
535.375854
533.729126
533.990112
534.961365
533.567993
531.145264
531.196655
533.593811
535.111511
534.370300
533.461914
533.985352
533.804749
531.965881
531.328247
533.288147
535.344727
534.687134
532.553955
532.092651
533.052979
533.563477
533.614563
534.102112
534.706360
533.719482
530.939758
530.719727
537.531616
544.789062
542.653931
535.814514
533.686768
534.544495
533.282532
530.866516
530.934143
533.453125
535.198364
534.383484
532.933105
533.130188
533.623901
532.868591
532.352783
533.671387
535.531555
534.899109
532.207520
531.227905
532.687622
534.171997
534.467163
534.395142
534.314026
533.055420
530.732483
531.216980
537.705261
543.685059
541.193237
535.101624
533.164307
533.964600
533.523254
531.719360
531.230591
533.323059
535.655945
535.158203
532.887817
532.209290
532.914246
533.146179
533.314148
534.403564
535.301514
533.766663
531.034119
530.844299
533.240845
535.023376
534.593994
533.617554
533.655640
533.140686
531.569336
532.238525
534.425903
530.688416
522.587036
522.078918
529.344238
533.988708
533.791077
532.643982
532.489258
533.782471
535.434204
535.089355
532.990356
531.835266
532.198792
532.977417
533.916687
535.131104
535.507629
533.376526
530.617065
531.041809
534.041199
535.673767
534.214966
532.268921
532.698730
533.886230
533.386047
533.045105
533.507812
529.833069
523.700500
524.384216
530.512146
533.367310
532.587402
532.070557
533.026306
534.952820
535.877075
533.887085
531.082031
531.153931
533.457520
534.794617
534.138855
533.369568
533.925293
533.971680
532.356995
531.368286
532.769165
535.079285
535.498718
534.081238
533.036621
532.418457
531.835266
532.530334
533.946838
534.992065
538.776917
544.344910
542.930969
535.468994
532.273071
533.716980
534.238037
534.130188
534.572510
533.669250
531.513489
531.062683
533.100342
535.314331
535.449158
534.100342
533.234497
532.650024
531.958862
532.334473
533.941833
535.102722
534.182617
532.444275
532.372253
533.222534
533.160461
532.823364
532.991516
534.229736
539.311523
545.376770
543.069763
534.681641
531.595764
533.897217
534.921387
534.238464
533.791504
532.883606
531.529785
531.667419
533.582581
535.193176
534.610046
532.986633
532.648376
532.815063
532.211853
532.214050
534.023560
535.907837
534.965942
532.140808
531.174744
532.501404
533.835693
534.187561
533.639038
533.830872
538.654724
544.941711
542.911499
535.025879
532.327942
534.385498
534.676392
533.364990
533.067627
532.936951
532.051147
532.155029
534.255676
536.185059
535.100647
532.281067
531.400513
532.415894
533.093567
533.259094
534.030579
534.960327
533.900330
531.445923
530.970520
533.036377
535.022461
535.021912
534.053955
534.335571
534.402954
528.856445
519.646973
519.062195
528.955261
536.317200
535.704712
533.109558
532.351990
532.510315
532.515259
532.960388
534.334412
535.322327
534.031433
531.699219
531.426147
533.031494
534.156250
534.017395
533.870605
534.328918
533.601990
531.632080
531.313416
533.357544
535.264099
534.930481
533.469666
533.660889
534.047302
528.393921
518.800293
518.587830
529.373413
537.023315
535.751892
532.307617
531.682861
532.992859
533.724792
533.500916
533.749634
534.526611
533.836975
531.935852
531.583435
533.142639
534.509094
534.317810
533.604248
533.671692
533.239197
531.777161
531.555725
533.556702
535.609680
535.143921
533.048523
532.166931
532.368530
532.052795
533.662170
539.615479
543.564087
540.090576
534.421753
531.592896
531.165466
532.350220
533.790649
534.288147
534.416809
534.461853
533.243835
531.465820
531.699036
533.925720
535.605713
534.891907
533.081055
532.562927
532.665283
532.156738
532.294922
534.100525
535.857727
534.889099
532.218628
531.377014
532.224792
532.630737
535.205505
541.928467
545.154053
540.061646
533.727295
531.317261
531.525146
533.390747
535.275940
535.155701
533.953674
533.526428
533.035767
531.868164
531.886353
533.820129
535.645996
535.048523
532.995605
532.226318
532.569641
532.647888
532.951965
534.315063
535.642578
534.594421
531.966919
531.231812
532.454102
533.500488
536.685669
543.246033
545.296631
539.195862
532.857605
530.843079
531.335083
533.521423
535.695312
535.353333
533.417297
532.589783
532.741272
532.701904
533.131287
534.547180
535.546265
534.209473
531.897400
531.752991
533.279846
534.016418
533.759949
534.048035
534.943176
534.209473
531.888733
531.033203
532.571045
534.476990
535.383606
534.570740
531.058472
528.416382
530.033630
531.971680
532.186218
533.789673
535.950134
535.457336
533.136353
532.030090
532.301331
532.607849
533.211182
534.678528
535.806885
534.384827
531.500183
530.826904
532.775635
534.672852
534.854736
534.202637
533.839478
532.869019
531.438599
531.686523
533.882935
535.910522
535.981934
532.922302
527.308533
525.143921
529.184265
532.788208
533.069519
534.050903
535.600830
534.689819
532.248047
531.494934
532.640625
533.690369
533.935852
534.249939
534.782227
533.811157
531.675598
531.356934
533.438599
535.432373
535.183167
533.558411
532.737976
532.443176
531.944458
532.320496
534.053772
535.576416
535.219849
532.716309
529.499512
529.642334
533.139709
534.372803
533.210938
533.874084
535.350891
534.461487
531.918823
531.097290
532.780273
534.630615
534.798828
534.015137
533.730347
533.229126
532.131836
532.062683
533.632019
535.291626
535.049377
533.464172
532.679382
532.458008
532.092224
532.763184
534.870300
536.339966
535.185608
531.810608
528.865540
530.489624
535.211914
536.440613
534.302551
533.596924
534.234924
533.694885
532.050720
531.726562
533.472412
535.242004
535.000488
533.529602
532.907837
532.689941
532.137024
532.559143
534.418030
535.850098
534.844116
532.605896
531.946228
532.752808
533.408325
533.689453
534.383423
535.303711
534.449219
531.274719
530.422058
536.772034
544.015747
542.544800
536.225403
533.436279
533.527283
532.911804
531.619507
531.729370
533.736023
535.567688
534.963318
532.927734
532.242004
532.676941
532.718140
532.885193
534.183350
535.640320
534.842712
532.274048
531.184631
532.326843
533.847351
534.416260
534.445312
534.581604
533.724854
531.269531
531.080627
537.298950
543.684326
541.670105
535.473206
532.726929
532.770935
532.544678
531.817932
532.172302
534.076965
535.665588
534.756409
532.460327
531.870972
532.926636
533.560547
533.491638
533.986877
535.025818
534.428467
532.250183
531.447205
532.762085
534.284973
534.563538
534.223694
534.233154
533.534180
531.972656
532.477844
534.399536
531.047852
523.989075
523.793884
529.844299
533.112549
532.968262
532.907654
533.471985
534.603271
535.528687
534.300049
531.921509
531.707886
533.476013
534.528015
534.092468
533.720093
534.211060
533.755188
531.848694
530.976257
532.496033
534.882996
535.580505
534.312073
533.053955
532.342468
531.871521
533.053467
534.669312
530.941284
524.068909
523.898315
529.533630
532.871094
533.285095
533.374207
533.652222
534.523193
535.347473
534.074158
531.503540
531.090332
533.383667
535.520447
535.142700
533.393372
532.802063
532.850952
532.268921
532.142517
533.531250
535.344727
535.329041
533.659363
532.674561
532.566223
532.398865
533.407166
534.740540
531.288452
525.305908
525.339905
529.892761
532.407410
533.346558
534.214172
534.150269
533.936646
534.455200
533.962891
532.005127
531.285645
533.086243
535.335510
535.273621
533.316406
532.183533
532.227783
532.342224
532.796997
534.151306
535.479004
534.826294
532.798218
532.125183
532.909119
533.426453
533.392639
533.087402
533.873352
539.248413
545.743652
543.336121
534.718018
531.735352
534.174622
534.867920
533.617615
533.239563
533.097046
532.206360
532.055847
533.675598
535.535400
535.130188
532.915405
531.728760
531.957031
532.347961
532.973999
534.378235
535.619202
534.534363
531.763977
530.662476
532.069702
533.876343
534.318787
533.210022
533.211365
538.790527
545.791687
543.628662
535.255432
532.349182
534.533813
534.911011
533.230225
532.396912
532.342773
532.216431
532.815125
534.530640
535.820251
534.541992
531.698853
530.720947
532.199829
533.934692
534.546631
534.812805
535.363770
534.493408
532.014648
530.900269
532.446899
534.598877
534.904175
533.846680
534.059875
534.298828
528.546631
518.883850
518.466309
528.984131
536.594604
535.594421
532.315247
531.369446
532.380371
533.525940
534.133606
534.858887
535.542542
534.302063
531.507568
530.504883
532.301941
534.482605
534.817322
533.999390
533.717041
533.188110
531.818359
531.307190
532.627747
534.536743
534.808472
533.461914
533.430481
534.102356
529.000122
519.598999
519.101318
529.249207
536.454834
535.342896
532.016174
530.963318
532.132141
533.706909
534.442444
534.739685
534.866211
533.424622
530.863281
530.285583
532.583618
535.223328
535.453125
533.922424
533.279541
533.295288
532.590759
532.147705
533.255066
534.886597
534.689026
532.980408
532.940369
533.736511
528.837158
519.959900
519.924316
529.905273
536.703003
535.309875
531.550842
530.162842
531.808350
534.522705
535.802612
535.442017
534.753723
533.337463
531.130432
530.555298
532.971741
536.051697
536.113037
533.473389
531.878235
532.286133
533.091309
533.661377
534.225037
534.544800
533.620728
532.078796
531.877930
532.468811
532.622375
535.469482
542.401917
545.440735
540.302063
533.922058
530.666260
529.882507
532.222290
535.788818
536.364136
533.953491
532.212036
532.157776
532.338684
532.587280
533.628662
534.957153
534.605042
532.763428
532.007019
532.647400
533.239319
533.550110
534.273376
535.193665
534.524292
532.270508
531.040955
531.602417
533.098877
537.614685
544.762756
545.996704
538.829285
532.154907
530.305969
531.122803
533.802368
536.440308
535.956543
533.163818
531.726318
532.424683
533.320496
533.585754
534.103638
535.060608
534.549988
532.535522
531.763855
532.720154
533.525024
533.478333
533.760559
534.817749
534.517151
532.156677
530.671204
532.307556
535.481262
536.851685
534.115906
528.027283
525.003906
528.492432
532.351562
533.095459
534.145142
535.744934
535.126099
532.730835
531.490967
532.022034
532.959595
533.738647
534.532837
535.008728
533.963745
531.998230
531.438049
532.746643
534.350037
534.543579
533.758545
533.727783
533.621216
532.211365
531.281616
532.784973
535.637268
536.792664
533.411865
526.276794
523.020386
527.416748
532.465088
534.098572
535.299438
536.071655
534.339905
531.637146
531.233093
533.042358
534.426331
534.199402
533.788513
534.393860
534.167542
532.159851
531.020203
532.628113
535.180725
535.388489
533.317200
532.166077
532.566833
532.756592
532.683289
533.767029
535.627869
535.805176
532.886414
528.869690
528.911804
533.056641
535.174866
534.450745
534.585938
535.193665
534.097473
531.761292
530.851685
532.452576
534.554871
534.684082
533.475037
533.289978
533.483765
532.617188
531.941833
532.946350
534.802002
535.096436
533.585999
532.512878
532.389893
532.386902
532.898071
534.602478
536.242798
535.374817
531.520752
527.905273
529.718628
535.343994
537.447510
535.433044
533.739258
533.304260
532.966797
532.200012
531.885376
532.941284
534.589172
534.905273
533.849609
533.223694
532.937805
532.275635
532.192139
533.513062
535.137939
534.703125
532.528625
531.710205
532.849976
533.864990
533.769958
533.766113
534.557068
534.364624
531.625732
528.969910
531.548157
537.130066
538.330566
535.364075
533.193665
533.035889
533.523865
533.182251
532.455627
533.023071
534.799561
535.335327
533.802368
532.411621
532.138306
532.253357
532.741699
534.094177
535.485413
534.593140
531.843994
530.804932
532.532410
534.617737
534.915100
534.126770
533.856018
533.250305
531.180603
530.952820
536.540466
542.406982
540.985107
535.803040
532.900574
532.196045
532.379761
532.738586
533.070435
534.080688
535.493591
535.127136
532.880920
531.757874
532.678101
533.731750
533.801575
533.919128
534.586487
533.790405
531.457825
530.877014
533.135986
535.506897
535.251648
533.421326
532.849792
533.023560
531.831604
531.700073
536.472351
541.273865
539.652100
535.055969
532.561157
532.112915
532.626160
532.942810
532.852234
533.590393
535.062927
534.731018
532.114502
530.522705
531.923340
534.567810
535.556335
534.583923
533.611877
532.835815
531.753601
531.617065
533.379272
535.575195
535.419312
533.226746
532.181458
532.591187
532.585083
533.020081
533.932983
530.959351
525.931702
526.510010
530.553711
531.712830
531.888550
533.511841
534.539856
534.343933
534.357483
533.962158
532.342590
531.327209
532.441528
534.410645
534.709839
533.489136
533.042542
533.052368
532.185730
531.732483
533.407166
535.879028
535.641541
532.697998
530.982239
531.881714
533.371765
534.662170
534.863342
530.821655
525.645752
526.377197
530.360046
531.983093
532.922119
534.444519
534.563049
533.703003
533.832214
533.906372
532.426453
531.227173
532.560059
535.217529
535.578125
533.387390
532.137024
532.645752
532.999878
532.901672
533.646729
535.112732
534.900574
532.738525
531.557495
532.498413
533.866028
534.715027
534.291199
530.686401
527.180786
528.533020
531.042236
531.247742
532.503662
535.208435
535.656494
533.664062
532.485962
532.779175
532.783508
532.387878
533.049133
534.807190
535.113342
533.259033
531.967041
532.389343
533.209839
533.650574
534.267212
535.058777
534.240479
531.872925
530.908813
532.564514
534.796326
535.046936
532.969177
532.407349
538.516479
546.164490
543.851379
534.894043
531.825562
534.621643
535.632996
533.701599
532.296265
532.354431
532.598206
532.935852
534.160767
535.556580
534.804871
532.305786
531.362366
532.773499
534.306091
534.269226
533.693176
534.161560
534.109802
532.174072
530.888855
532.684204
535.715576
536.001099
532.822388
531.409302
537.681824
545.768188
543.789978
535.228943
532.242676
534.725525
535.378662
532.990845
531.353760
532.098755
533.395386
533.657288
533.773010
534.667114
534.383789
532.085815
530.727600
532.283813
534.893311
535.398254
533.825867
532.880188
532.813843
532.337585
532.072205
533.257874
535.240234
535.423706
533.338745
532.412476
533.003296
528.776245
520.354065
520.026917
529.552856
536.240967
535.211487
532.261719
531.625244
533.068604
534.277832
533.894958
533.445923
534.342651
534.468201
532.510254
531.225220
532.803589
535.421143
535.576416
533.459167
532.473755
532.925598
532.685181
532.064148
533.158386
535.570312
535.675598
532.804993
531.698608
533.208862
529.844482
521.491455
520.545349
529.185913
535.788818
535.631348
532.886475
531.216675
532.143799
534.487000
535.262024
534.129333
533.410828
533.240112
532.429626
531.912964
533.214966
535.355408
535.165100
532.577637
531.335144
532.503357
533.706177
533.747070
533.911072
534.920044
534.720032
532.630310
531.381836
532.034790
533.280090
536.805786
543.058716
544.643677
538.874634
533.388672
531.471252
531.005371
532.523132
535.277039
535.757996
533.725464
532.521851
532.938477
533.056519
532.634033
533.303589
535.153809
535.316345
532.954407
531.354980
532.305054
533.943481
534.242554
533.906799
534.343689
534.060486
532.063354
530.893311
531.901550
533.937134
538.346924
544.425659
544.331543
537.226685
532.356079
531.933594
532.106628
533.246643
535.403931
535.381836
532.886719
531.507507
532.434265
533.492554
533.448364
533.621399
534.875061
534.873413
532.561340
531.044434
532.400330
534.696106
535.091064
534.004456
533.690186
533.611328
532.461914
531.504517
532.516052
535.028015
536.292358
533.051147
526.043030
523.331787
528.419556
533.261292
533.658813
534.125122
535.635925
534.886536
532.070374
531.049683
532.891235
534.775574
534.631836
533.808167
534.186035
534.164307
532.320007
531.008728
532.373291
534.839050
535.100159
533.255737
532.456360
532.965210
532.810974
532.273926
533.170837
535.400391
536.058716
531.692871
523.921936
521.919861
528.440796
533.837830
533.704651
533.468262
534.942017
534.738037
532.105835
530.661438
532.570190
535.335754
535.385742
533.401306
532.821716
533.384827
532.779602
531.840332
532.886230
535.323730
535.697632
533.437927
531.872864
532.119141
532.552612
532.771790
533.860413
535.856445
535.999573
530.283569
520.964539
519.186951
527.844910
535.168213
535.097412
533.431641
533.777710
533.920532
532.475952
531.708008
533.317749
535.392151
534.979675
532.848511
532.378174
533.430115
533.346985
532.280579
532.857910
535.219299
535.587891
532.844543
530.878723
531.808777
533.663330
534.338867
534.358398
534.891479
534.735596
532.187317
529.502075
531.723206
536.807617
537.707458
534.804321
532.937622
533.031433
533.361694
532.527588
531.755798
533.107178
535.476379
535.422607
532.949768
531.799072
532.820984
533.662170
533.538086
534.063232
535.580017
535.274841
532.552185
531.072632
532.482727
534.321899
534.309937
533.611511
534.077209
534.273804
532.179871
530.486877
533.954346
539.217468
539.171143
535.026428
531.829529
531.371155
532.933655
533.843018
533.176514
533.265625
534.981506
535.410156
533.285339
531.585449
532.130859
533.457642
533.858154
533.917175
534.679626
534.420227
532.267090
531.025024
532.498779
534.655701
534.592468
533.074280
532.992737
533.660767
532.452637
531.759705
536.097656
541.010315
539.625427
534.828369
531.835022
531.316589
532.553284
533.746033
533.811035
534.106628
535.232666
534.775940
532.098450
530.698242
532.445984
534.873047
534.991150
533.694946
533.671387
533.963745
532.699036
531.597412
532.971497
535.559753
535.665405
533.093872
531.670593
532.509094
532.907654
533.054749
535.954956
538.738770
537.270752
534.062256
531.849182
531.042053
532.351746
534.116089
534.245972
533.907593
534.661499
534.656921
532.558167
531.029602
532.268494
534.563904
534.808655
533.399475
533.126221
533.563782
532.835876
532.064636
533.470703
536.018616
535.697083
532.248657
530.392273
532.009033
534.118652
534.972046
534.345459
530.338013
525.978088
527.107666
530.635986
531.790344
532.928284
534.893616
534.985291
533.728516
533.618469
533.634583
532.104004
531.077393
532.865784
535.684082
535.509705
532.683105
531.651733
533.136414
533.909058
532.971680
532.782288
534.440674
534.885376
532.680542
531.100830
532.166504
534.000000
535.009949
534.389404
530.546265
526.941895
528.333862
530.982605
531.466187
533.086609
535.778687
535.505249
532.875671
532.150574
533.299561
533.174622
532.059021
532.758789
535.095703
535.325623
532.786682
531.348389
532.545227
534.009766
533.942810
533.534546
534.198486
534.169250
532.347473
531.377563
533.040771
535.215576
534.956909
532.426147
532.163269
538.878235
546.440308
543.442810
534.348572
532.040344
535.335205
535.676025
532.730408
531.390686
532.553284
533.435913
533.129028
533.597839
535.338928
535.149292
532.141907
530.400635
532.121582
534.601990
534.791626
533.648254
533.572693
533.423157
531.917358
531.375671
533.443604
535.803406
535.228271
532.025879
531.346741
538.127563
545.772522
542.883606
534.209961
532.178467
535.330994
535.347778
531.996948
530.644653
532.653259
534.448181
533.814453
533.031677
534.258362
534.851135
532.730042
530.960999
532.368652
535.120239
535.544312
533.802856
533.003906
533.092041
532.352112
531.872986
533.413879
535.604797
535.081055
532.339661
532.130310
534.007507
529.748718
519.863037
518.374146
528.422913
536.813416
536.613647
532.538208
530.438599
532.207092
535.142700
535.650940
534.205811
533.501892
533.182007
532.071655
531.799255
533.701294
535.747253
534.809998
532.174194
531.982178
533.691345
533.792969
532.546326
532.965454
535.038330
535.113708
532.619568
531.922974
533.222168
529.270691
520.732117
520.093262
529.215332
536.247803
535.965576
532.475708
530.594421
532.467468
535.569214
535.719849
533.576904
532.759766
532.960876
532.201782
531.739319
533.467407
535.841248
535.172913
531.958618
530.839783
532.745422
534.278381
533.865112
533.555603
534.611450
534.535339
532.335815
531.980957
533.939026
530.725586
522.433960
521.207458
529.027283
534.986694
534.668701
531.867065
530.646851
532.840454
535.995850
535.747192
532.712708
531.515320
532.756470
533.332825
532.659912
533.108032
535.052734
535.092590
532.412170
531.043518
532.685364
534.416199
534.045593
533.385437
534.228394
534.178406
531.869385
530.660706
532.262878
534.663086
538.528992
543.679321
543.270325
536.680664
532.376221
531.954529
531.923828
533.233948
535.712952
535.572449
532.691956
531.364136
532.672058
533.597656
533.009521
533.191833
534.858765
534.694519
531.908508
530.686890
532.837402
535.119019
534.599060
533.048523
533.334961
533.777344
532.247131
531.118286
532.395935
534.985413
539.594421
544.808655
543.200378
535.601807
531.715271
532.285095
532.529175
533.394775
535.446228
535.077332
531.990723
530.713379
532.680725
534.474243
533.930908
533.247314
534.359131
534.600159
532.258118
530.733887
532.754822
535.919617
535.998169
533.396362
532.123108
532.510925
532.312317
532.146606
533.895203
536.398865
536.037842
530.256714
522.014404
520.820190
528.660217
534.651367
534.025513
533.208557
534.754883
534.826477
532.240784
530.816162
532.676147
535.106812
535.018372
533.614258
533.680237
533.902954
532.341980
531.257263
533.094482
535.823853
535.457458
532.710571
531.828064
532.975220
533.275391
532.637085
533.323608
535.576782
535.856506
529.887756
520.470642
519.142029
528.424622
535.807556
535.303284
533.661804
534.603821
534.732361
532.152832
530.333252
532.141724
535.177856
535.363098
533.278931
532.595764
533.101868
532.577881
532.126160
533.872070
536.257263
535.385864
532.018738
531.067566
533.112061
534.385315
533.653320
533.549500
535.497925
535.840881
529.164734
518.642090
517.371826
527.951416
536.574402
536.169678
533.371643
533.239441
533.764526
532.467285
531.274780
532.915344
535.770630
535.710266
533.017029
531.927368
532.879578
533.144592
532.754272
533.836365
535.698242
534.777954
531.504089
530.615173
533.020630
534.943970
534.280396
533.403015
534.391235
534.707764
531.640137
528.680786
531.977966
538.416260
539.686401
536.148071
533.079468
532.176392
532.451477
532.251404
532.025513
533.557068
535.799866
535.302673
532.374268
531.294922
532.802368
533.753662
533.190125
533.555969
535.393555
534.988159
531.642944
530.280518
533.072144
536.087830
535.505615
533.235413
533.038879
533.708923
532.004456
530.406128
534.221802
539.816040
539.756897
535.571594
532.411987
531.701599
532.521423
532.813904
532.601501
533.896606
535.855225
534.837769
531.368103
530.451843
533.142578
535.287659
534.329590
532.897156
533.693909
534.141968
531.978821
530.372131
532.336365
535.568298
535.702515
533.256470
532.274780
532.797485
532.020691
531.922485
536.468323
541.033752
539.335388
534.494995
531.535522
531.378174
533.068420
533.879272
533.058533
533.428772
535.548279
535.327637
531.758728
529.902405
532.411438
535.658020
535.577820
533.570618
533.199097
533.488892
532.316956
531.608093
533.588989
536.166443
535.511658
532.710266
531.996399
533.038269
532.618225
532.392273
536.015259
539.536804
538.007935
533.876343
530.449036
529.614746
532.527466
535.635925
535.316589
533.732300
534.032166
534.300903
532.430054
531.134399
532.841248
535.318481
535.015686
532.913391
532.474731
533.064453
532.515747
532.143616
533.979126
536.250977
535.055298
531.396973
530.437317
532.789429
534.213074
533.980530
534.978394
535.821716
534.698975
533.248962
531.388000
530.132812
532.443665
535.750488
535.576660
533.368591
532.958130
533.402588
532.411194
531.701721
533.311890
535.336853
534.480530
532.043518
532.025452
533.737854
533.822205
532.730896
533.585999
535.953857
535.269287
531.253845
529.509766
532.140015
535.132446
535.710144
534.193054
530.446167
527.661621
529.161804
530.960815
530.827393
532.542053
535.487427
535.475708
533.280212
532.790344
533.557922
532.903320
532.012268
533.611206
536.153381
535.118225
531.311218
530.352600
532.989563
534.856812
534.159912
533.627991
534.761536
534.475159
531.551331
529.933594
532.043274
535.085510
535.845398
533.951843
530.467102
529.125854
531.203918
531.968689
531.244263
533.549377
536.622070
535.304321
531.468750
530.852722
533.406860
534.606873
533.549500
533.414551
535.052856
534.814331
531.786377
530.326782
532.482666
535.150024
535.376160
534.502136
534.519043
533.572693
530.980225
530.458496
533.643005
536.593567
535.217834
531.068359
530.841309
539.082764
547.499146
544.074585
534.444702
531.931580
535.218506
535.677490
532.681824
531.202026
532.577942
534.110352
534.331360
534.571960
535.324768
534.170654
531.241211
530.771423
533.854492
536.273438
534.832825
532.426697
532.947388
534.125305
532.677185
530.942688
532.507385
535.846741
536.127441
532.347656
530.608215
537.099731
545.080811
543.030945
535.485962
533.674683
535.824036
534.706970
530.944641
530.107361
533.127869
535.496033
534.535339
533.107666
533.960327
534.344299
532.127869
530.651550
532.739197
535.892456
535.878540
533.349182
532.172363
532.350098
531.934143
532.007202
534.213257
536.429626
534.892456
531.237366
531.481384
534.555420
530.794739
520.770325
518.950500
528.160950
535.693359
535.490479
532.046509
530.661194
532.867065
535.626770
535.449707
533.620117
533.250122
533.327393
532.099487
531.646240
533.981384
536.603333
535.406677
531.932068
531.349731
533.419800
534.019348
532.789978
533.019165
535.163757
535.212952
532.303406
531.571045
533.612061
530.293335
521.953064
521.323425
529.827515
535.587097
534.349609
531.042175
530.356323
533.343323
536.429932
535.473022
532.322510
531.744812
533.166931
533.202698
532.355957
533.328979
535.491760
535.087158
532.201416
531.088379
532.592407
533.893982
533.954102
534.444214
535.468384
534.087830
530.628113
529.898682
532.749756
535.424683
538.398315
542.727539
542.515686
536.866089
533.094910
532.259521
531.638184
532.748169
535.120239
535.087463
532.929993
532.146545
532.823425
532.911255
532.913208
534.490112
536.208740
534.411011
530.368713
529.762146
533.404602
536.255859
535.209106
533.192444
533.486450
533.886841
532.218994
531.159790
532.433533
534.709045
539.265503
545.112366
544.338989
536.965759
532.305725
531.813477
531.999023
533.748779
536.115845
535.017151
531.533752
530.975464
533.649353
535.105469
533.868408
533.245789
534.907532
535.174072
532.273804
530.346619
532.322754
535.471313
535.724731
533.773987
532.939758
532.916138
532.217957
532.260742
533.626404
535.275513
539.286743
544.556824
543.118958
535.981506
532.627625
533.014709
532.568604
533.086121
535.345093
535.179321
531.883240
530.297363
532.558044
535.291992
535.276611
533.890259
533.633423
533.282288
531.885437
531.870911
534.264526
536.106934
534.532959
531.885620
532.176208
533.868530
533.486328
532.255127
533.510986
536.714233
537.044250
530.238220
520.133301
518.683655
527.864990
535.185791
535.270081
534.368530
535.023865
534.177124
531.673096
531.272156
533.809204
535.591736
534.166382
532.213257
532.808105
533.759827
532.527832
531.420471
533.299500
536.228333
535.737915
532.414368
531.060181
532.417603
533.574158
533.752686
534.528137
536.186279
535.662537
528.823181
519.197754
519.001892
529.374817
536.411377
534.888855
532.627747
533.556152
534.238159
532.547241
531.369995
533.245178
535.886414
535.453979
532.880554
531.981201
532.610901
532.670959
532.810303
534.515320
536.291138
534.896301
531.624634
531.229004
533.769470
535.074219
533.743713
532.885620
534.214355
534.559875
531.679810
529.865417
534.335388
540.177551
539.606995
535.294067
533.029114
532.878784
532.843445
532.166626
532.416809
534.771423
536.717529
534.960083
531.516479
531.145569
533.368530
534.431885
533.750916
533.788940
535.089905
534.731689
532.268372
531.278625
533.052979
535.020203
534.990295
534.128662
534.092529
533.499878
531.317932
531.447998
537.503479
543.125122
540.828308
534.598999
531.341187
531.947571
533.842834
534.052185
532.934448
533.380615
535.312256
535.188599
532.538513
531.120789
532.371765
534.149475
534.712524
534.780273
534.999695
533.707397
531.262268
531.194031
534.156128
536.410095
535.066711
532.605347
532.754578
533.921570
532.795044
532.040955
536.053040
540.249878
538.649414
534.394653
531.887146
531.621704
533.055725
534.318298
534.432373
534.605774
535.047607
533.862000
531.598083
531.674133
534.302429
535.961121
534.706848
533.156860
533.888306
534.463135
532.703308
531.349976
533.055481
535.780212
535.646301
533.211853
532.112305
532.639526
532.765686
533.648376
537.076416
538.789062
535.764954
532.080688
530.731079
531.702576
534.305481
535.512695
534.083069
533.067139
534.265015
534.755920
532.804871
531.456360
533.019409
535.460083
535.558655
533.956055
533.321594
533.058289
532.089600
532.228516
534.445007
536.086914
534.365967
531.568115
531.908264
534.446960
535.145569
534.153625
534.294922
534.246948
533.191040
533.096802
532.705261
531.568665
532.572205
534.940063
535.614075
534.721252
533.935547
532.795166
531.357727
531.948975
534.892090
536.867004
535.077637
532.054443
531.997986
533.759216
533.987976
533.059631
533.544373
535.313538
535.103699
532.518982
531.153320
532.514343
534.498840
535.430176
534.473755
530.601440
527.504944
529.119690
531.835938
533.043030
534.860901
536.107117
534.631470
532.750000
533.127136
533.867249
532.908569
532.189514
533.813110
536.081238
535.469238
532.540588
531.299683
532.631226
534.152588
534.400513
534.244446
534.351196
533.382751
531.866882
532.491089
534.810120
535.705261
534.658142
532.928223
530.337646
529.353210
531.713684
533.096130
532.466431
533.903381
536.424255
535.817444
532.622314
531.004639
532.018066
533.548889
534.408875
534.955872
535.206970
534.089722
532.466614
532.608521
533.816528
533.908508
533.018250
533.231323
534.693115
534.502319
532.377014
531.841309
534.099792
536.227417
535.257446
531.776184
530.891357
537.697205
545.929932
544.221436
536.360413
533.527405
534.921082
534.415161
532.373596
532.117126
533.249939
533.593323
533.372498
534.254944
535.652466
534.600037
531.575500
530.859924
533.533142
536.037109
535.268066
532.864380
532.252747
532.968933
533.174194
533.523193
534.868408
535.844604
534.515381
531.487610
531.192444
537.587219
544.231934
541.660461
535.008545
534.061890
536.192505
534.899292
531.231934
530.204285
532.821533
535.538696
535.399536
533.697937
533.218811
533.384705
532.904053
532.908081
534.194824
535.413147
534.727722
532.969177
532.413269
532.694336
532.674255
533.127869
534.833191
536.330750
535.018555
531.134644
530.096619
536.844482
544.690552
543.391663
536.702759
533.551941
533.457336
532.773499
531.808411
532.397644
534.132019
534.994629
534.181030
533.350220
533.785828
533.622375
532.053650
531.697083
533.989319
536.372620
535.383484
532.210449
531.135925
532.772522
534.476440
534.698486
534.208069
534.082458
533.528381
532.401367
533.061340
534.342346
529.630005
521.229004
521.510803
530.368225
535.647644
534.085999
531.204773
531.116455
534.160828
537.112305
536.296936
533.007935
531.618958
532.655640
533.709351
533.989014
534.325684
534.881287
534.311951
532.721130
532.110107
532.918762
534.067261
534.712036
534.907227
534.677979
533.041260
530.949036
532.025513
535.032715
532.206055
524.668030
523.649353
529.499817
533.158875
533.248230
533.014404
533.304443
534.254517
535.218750
534.506104
532.700989
532.160034
532.831055
533.282227
533.451294
534.297791
535.480774
534.566345
531.739685
530.801147
533.054199
535.645203
535.705566
534.032532
533.105530
532.730042
532.101624
532.306152
533.279480
534.495972
538.994141
545.630127
544.948608
536.599121
531.263000
531.500366
532.893860
534.696838
536.332886
535.150574
531.776001
530.311707
532.218018
534.894836
535.458801
534.201477
533.355225
533.015015
532.504700
532.572449
533.528320
534.520569
534.454712
533.686768
533.304321
532.691895
531.767883
532.346313
534.164734
535.831604
539.842834
545.046204
542.939331
534.918091
531.826660
533.892578
534.651917
534.198486
534.595520
534.347717
532.670898
531.616821
532.362061
533.928772
534.730042
534.573486
534.262512
533.217773
531.485596
531.345520
533.941406
536.758545
535.937134
532.299561
530.702454
532.345032
534.281494
534.609375
533.446167
533.247559
538.674683
546.474182
545.258118
536.078735
531.178955
532.447815
533.979309
534.546631
534.891846
533.785889
531.504211
530.920288
533.223450
535.941895
535.721802
533.213318
532.091064
532.841187
533.365417
533.241150
533.659485
534.871582
534.954407
533.226196
531.807922
531.981934
533.068420
533.986328
534.631470
535.639526
535.328857
529.284241
519.560425
518.130737
527.871765
536.260010
536.504272
533.813171
532.757446
532.945862
532.798828
532.660645
533.686218
535.187073
534.969543
533.301392
532.708923
533.163208
533.086487
532.860840
534.077271
536.208374
535.885376
532.547302
530.298340
531.652466
534.593628
535.692993
534.556152
534.010620
533.926514
528.922119
520.020081
519.218262
528.924011
536.478760
536.114624
533.392334
532.302185
532.392273
532.404358
532.533264
533.854492
535.728455
535.315796
532.475830
530.991943
532.421326
534.329590
534.445984
533.737793
534.007568
533.965088
532.442688
531.418152
532.465454
534.429688
535.020325
534.213379
533.803406
533.372131
531.505676
531.046326
535.977783
541.444031
540.461670
535.530884
531.813049
530.914856
532.744995
534.629272
534.281860
533.298340
533.845886
534.467163
533.405334
532.129883
532.250183
533.345215
534.033264
534.204651
534.578796
534.051392
532.108582
531.107910
532.931213
535.917603
536.210388
533.476013
531.677673
532.264587
532.915710
534.399231
539.256836
542.486267
539.160400
534.084534
531.845581
531.767639
533.049805
534.254211
534.132080
534.002991
534.929260
534.625793
532.025635
530.560486
532.740723
536.072205
536.262695
533.658386
532.429626
533.243835
533.529236
532.798645
533.017578
534.788147
535.381287
533.588379
532.133667
532.171570
532.327698
534.624207
540.953064
544.495850
540.369934
534.332092
530.936279
530.163818
532.539795
535.681580
535.593811
533.240845
532.593933
533.556152
533.492920
532.572937
532.834106
534.502502
535.067627
533.673279
532.698914
532.885132
532.961792
533.043518
534.293701
535.967834
535.089050
531.779907
530.349609
532.536560
535.045044
535.336487
534.156738
531.695801
529.993408
531.588318
533.251160
532.697815
532.944519
534.443237
534.744873
533.925415
533.774902
533.554260
532.117432
531.470398
533.738953
536.893616
536.336121
532.353943
530.456421
532.481323
534.747742
534.553345
533.706604
534.331909
534.418823
532.595032
531.604309
533.063782
534.814697
535.057983
533.741699
530.856384
529.597107
531.784912
532.547058
531.113464
532.851379
536.711426
536.731628
532.863220
530.727844
532.288757
534.222473
534.264099
533.909241
534.637024
534.500183
532.517822
531.488770
532.889038
534.588623
534.488037
533.882446
534.655701
534.748169
532.437866
530.752075
532.641602
536.044800
536.841614
533.561157
528.314575
527.001282
531.270996
534.383240
533.686462
533.630188
535.109070
535.190735
533.414001
532.246765
532.577087
533.176819
533.524414
534.445679
535.727539
534.674561
531.226562
529.903625
532.787476
536.132263
535.694214
533.032166
532.454407
533.372925
533.003784
532.355530
533.688904
535.815247
535.781616
532.888428
529.401062
529.895081
533.879089
534.860840
532.862366
533.508423
536.094604
535.647034
531.904724
530.043335
532.516235
535.594299
535.369141
533.370422
533.122925
533.648560
532.802612
532.165039
533.638611
535.655579
535.200867
533.132324
532.811523
533.541199
532.830078
532.004944
533.747925
536.606201
535.893677
530.901367
528.876526
536.840698
547.030884
545.912781
536.897339
532.406067
533.675110
534.546631
532.830017
531.430969
532.603210
534.648804
534.841125
533.927673
534.148071
534.128723
532.312561
531.284546
533.534180
536.694763
536.144958
532.545288
531.098267
532.758179
534.025635
533.585327
533.630310
535.028198
534.881165
531.666748
530.496399
537.125305
544.869019
542.978882
535.721436
533.237610
534.793701
534.447876
531.392639
530.068054
532.935303
536.381470
535.680725
532.439331
531.871643
533.714844
534.036499
532.825195
533.289246
535.548035
535.567932
532.642700
531.139099
532.609558
534.130676
534.005249
534.104858
535.373047
534.730164
530.761841
529.459473
536.876221
545.630676
544.429810
536.710876
532.196594
532.360657
533.500061
533.003662
532.009216
533.167725
535.694641
535.738525
533.127563
531.910889
532.875977
533.397522
533.123169
534.195496
536.263184
535.418274
531.515137
529.861572
532.590576
535.734924
535.478821
533.457153
533.134583
533.430298
532.283569
532.307312
534.105225
531.171631
524.022888
523.220825
529.467896
533.948303
534.265930
532.850586
532.037903
533.992126
536.894592
535.869873
531.612549
530.188477
532.985046
535.529419
535.056702
533.781494
534.049133
533.947754
532.171326
531.476562
533.477234
535.615967
534.985962
533.218140
533.433655
533.913635
532.234985
531.708618
534.099670
533.101929
527.746216
526.228333
529.163269
531.199829
532.611389
534.035400
534.066162
534.001404
534.908813
534.399719
532.041992
531.267517
533.065735
534.601074
534.084656
533.513733
534.589783
534.544312
531.766541
530.183838
532.935120
536.915466
536.804565
533.249512
531.404236
532.153992
532.902100
533.402832
534.151672
535.204041
539.237305
544.528503
542.597595
535.198853
532.561523
533.921509
533.474182
533.200134
535.136169
535.237000
531.850647
529.899475
532.476013
535.923645
535.659607
533.132935
532.482544
533.061462
532.585632
532.468018
534.458984
536.485718
535.175354
532.009277
531.425598
533.143311
533.717285
532.971313
532.892334
534.840149
540.475647
545.763977
542.079651
533.472656
531.689270
535.097595
535.564941
533.744873
533.477966
533.528320
532.123474
531.535828
533.656128
536.086243
535.377808
532.909363
532.534424
533.430847
532.782837
531.877014
533.657837
536.673706
535.978699
531.786987
530.035278
532.641663
535.459656
535.300903
534.041382
534.760559
535.143066
528.853394
518.402893
517.471497
528.257812
536.349121
535.600708
533.369568
533.808533
533.904297
531.819641
530.857056
533.727478
537.220459
536.184265
531.959839
530.537170
532.753967
534.517212
534.122314
533.804321
534.749023
534.400146
532.143127
531.402344
533.253784
534.803040
534.212219
533.610596
535.259338
535.613159
527.925781
516.099792
515.461731
527.999268
537.742859
536.876099
532.498718
531.332336
532.847107
533.502319
532.843750
533.377991
535.165955
534.797180
532.145813
531.358093
533.235596
534.500977
533.853027
533.784729
535.309448
534.928467
531.656189
530.138489
532.905945
536.344727
536.032776
533.292847
532.368164
532.930176
532.131226
532.334351
537.517700
542.332397
540.078186
534.592896
531.696045
531.930176
533.491516
533.848816
533.108582
533.949341
535.955994
535.065552
531.326355
530.071533
533.091492
536.184692
535.688782
533.564575
533.289551
533.609314
532.499939
531.889771
533.641907
535.708435
534.932129
532.637939
532.501526
533.615601
532.904602
533.062805
538.157166
542.735962
540.560852
535.187500
531.330139
530.239502
532.195984
534.564575
534.772644
534.183777
534.397217
533.710754
531.711487
531.480286
533.984253
536.070251
535.022949
533.003113
533.303345
534.062134
532.670288
531.532837
533.649963
536.661865
535.697083
531.767944
530.404114
532.119507
533.350830
535.611694
541.491760
544.531982
539.936707
533.721985
530.871033
531.103882
533.530579
535.351318
534.514771
533.410889
534.175354
534.184631
531.846436
530.780212
533.550476
536.856995
535.958862
532.351868
531.333557
533.077087
534.036682
533.678955
534.177185
535.485291
534.728210
532.232361
531.706604
533.343079
533.990417
533.578369
534.029541
533.800781
532.666321
532.361694
531.323853
530.403259
533.122009
536.654541
536.120361
533.159973
532.326050
533.313049
533.357483
532.960754
534.106873
535.860168
535.124268
532.599487
532.047607
533.304016
533.512268
532.793884
533.704834
535.890869
535.244751
531.512817
529.958618
532.758789
536.026733
536.314026
533.555359
528.988892
527.082947
530.111511
532.822693
533.090515
534.490417
536.123535
534.824890
532.416382
532.456848
533.625549
532.963989
531.858704
533.420898
536.338928
535.708008
531.656494
529.927917
532.425842
535.258728
535.272461
533.933777
533.622742
533.234253
532.001099
532.090759
534.145630
535.584961
534.733521
532.501892
530.378784
531.120483
533.919434
533.494934
531.305481
533.136230
536.711426
536.170349
532.336731
530.722656
532.577209
534.562683
534.837646
534.738708
535.086243
533.966003
531.540405
531.281921
533.773376
535.611694
534.684570
533.358154
533.996155
534.205933
532.188416
531.072937
533.482300
536.687927
536.457336
532.571777
528.725403
529.870422
534.564514
535.900269
534.120239
534.257385
535.362244
534.127319
531.653015
531.497986
533.590515
534.726929
533.837708
533.351013
534.493774
534.256226
531.657104
530.681335
533.345154
536.240906
535.530823
532.859619
532.293335
533.308899
533.374695
533.098633
534.213196
535.667053
534.916443
531.813232
529.531006
532.124512
536.740662
536.532776
533.525208
533.840515
535.935486
534.972473
531.336487
530.095886
533.051453
536.174744
535.724670
533.478027
533.029297
533.569763
533.063904
532.591309
533.687988
535.246826
534.739746
532.834778
532.482056
533.230408
533.067810
532.931580
534.627014
536.484802
534.864075
530.395935
529.810486
537.786560
546.093506
544.106628
536.473328
533.044067
533.649292
533.607849
531.957458
531.353577
533.139587
535.037109
534.566528
533.165894
533.320068
533.614929
532.527832
532.177185
534.313721
536.506042
534.992004
531.370239
530.776855
533.450745
535.318787
534.710083
534.022461
534.774292
534.413269
531.361511
530.411316
536.553345
543.242371
541.531616
535.672546
533.395569
533.881714
533.494202
531.856018
531.641235
534.213928
536.647217
535.306885
532.053711
531.643250
533.626953
534.317993
533.469360
533.730652
535.278015
534.855774
532.178467
531.052979
532.721741
534.606018
534.751648
534.356262
534.653076
533.847229
531.670349
532.089722
534.801880
532.088501
524.545288
523.118652
528.806091
533.333862
534.382690
533.755920
532.942810
533.698364
535.373535
534.947510
532.601318
531.695251
532.857849
533.968323
534.058105
534.243042
534.817871
533.773987
531.583496
531.715271
534.301453
535.680725
534.008057
532.304932
533.451477
534.788208
533.510620
532.664001
533.833374
531.510376
526.069946
525.893127
530.399902
532.856934
533.149231
533.274841
533.463379
534.477783
535.635132
534.336609
531.555603
531.447876
534.097656
535.585876
534.198669
532.756470
533.592957
534.221191
532.654785
531.503723
533.157715
535.655701
535.317627
532.831238
531.991211
532.917908
533.463562
533.761047
534.123657
534.635254
538.344421
543.752502
542.512695
536.008301
533.490295
534.220276
533.392029
533.004211
534.652466
534.903870
532.550476
531.335266
533.308167
535.736877
535.399841
533.416565
532.683655
532.654175
532.240479
532.817505
534.895081
536.138306
534.269104
531.511963
531.795532
534.063049
534.692627
533.546997
532.697937
534.074524
539.963135
546.101929
543.219421
534.787354
532.232971
534.774048
535.438110
534.266418
533.807068
533.202942
531.958313
532.193726
534.479126
536.045227
534.479980
532.069458
532.402100
534.018677
533.869690
532.898254
533.715210
535.578613
534.932800
532.015869
530.966797
532.779663
534.773193
535.073242
534.519714
534.814514
534.386475
528.324707
519.022217
518.827087
529.227356
536.603943
535.668823
533.453613
533.763733
534.079651
532.749817
532.098877
534.048340
536.200317
534.896729
531.633972
531.075684
533.326050
534.927185
534.553650
533.922485
534.150269
533.629578
532.180115
532.215393
533.966370
535.117981
534.491333
533.770752
534.874756
534.973083
527.888672
517.157349
517.175171
529.217651
537.840576
536.555908
532.697754
531.918518
533.228088
533.924866
533.841187
534.464783
535.420715
534.418884
532.076172
531.647339
533.341614
534.769775
534.880859
534.796875
534.935730
533.385254
530.651367
530.662781
534.211487
537.061218
535.647522
532.436157
532.606201
534.524170
529.807739
519.855469
518.806702
528.879883
536.466492
535.910461
532.987793
531.955383
532.621338
533.523376
534.133972
534.883301
535.231201
533.505554
531.012756
531.375793
534.374756
536.174805
534.878479
533.113647
533.516968
534.209717
533.284485
532.535522
533.787537
535.764771
535.585510
533.384888
532.080566
532.081787
532.072449
534.580994
541.428162
545.215271
540.471252
533.496765
530.573181
531.579285
534.289429
535.527832
534.267883
533.216309
534.013123
534.255615
532.628052
531.743225
533.329529
535.497070
535.422424
533.668823
532.796143
532.650879
532.374268
533.022461
534.956909
536.119507
534.470032
531.985413
532.110657
533.602356
533.643738
535.237000
541.011169
544.009216
539.821655
534.479004
531.841553
531.223877
533.015686
535.490295
535.569641
533.877319
532.977539
532.767151
532.495361
533.158813
534.898193
535.770081
534.136475
532.036560
532.492981
534.119934
534.218323
533.557373
534.348938
535.907715
535.012390
531.973267
530.885498
532.356384
534.022156
537.767395
544.256226
545.374939
538.396301
532.156311
530.984497
532.272888
534.567505
536.011536
534.763550
532.805603
532.920898
533.805786
533.348450
532.709595
533.795105
535.629150
535.177673
532.653870
531.491028
532.578552
534.114441
534.879150
535.111145
534.914978
533.248596
531.211426
531.800354
534.616943
536.228760
535.334351
532.572327
528.557312
527.397400
530.987183
533.561707
533.176880
534.140869
536.060730
535.360291
532.749268
531.693542
532.618286
533.645691
534.246277
535.062195
535.556335
533.951294
531.543274
531.863708
534.464661
535.724854
534.372742
533.079041
533.851685
534.366028
532.939392
531.909424
533.242310
535.651794
536.433716
533.086914
526.375122
523.668945
528.187622
532.744019
533.973083
535.406250
536.511169
534.607239
531.734497
531.866455
534.380005
535.491821
534.115234
533.003174
533.932312
534.382446
532.840515
531.835388
533.077271
535.076782
535.437439
534.163086
533.002625
532.097046
531.538818
532.714722
535.371643
536.715332
535.017578
531.767517
529.926453
532.495483
536.930298
536.987793
533.784729
532.591919
533.817871
534.965027
534.198669
532.165100
531.377747
533.283264
536.159241
536.890869
534.322510
530.464661
529.722778
533.296265
536.893677
536.935242
533.988892
531.561951
532.372375
534.321777
533.991394
532.242310
532.637817
535.306702
536.166504
532.949829
529.165710
530.708740
535.815979
537.496033
535.928772
534.957275
534.150085
532.634521
531.845276
533.234863
535.467529
535.778931
533.643005
531.989075
533.076050
534.385620
533.490417
532.556213
534.263733
536.835632
535.997864
532.392700
530.871155
532.403870
534.352783
535.297180
535.419067
534.825134
533.184998
531.006653
531.549622
537.858521
543.816162
541.397522
535.136841
533.033569
534.116943
534.124390
532.487183
532.100525
534.383728
536.579468
535.419922
532.368469
531.319519
532.476257
533.815247
534.677307
535.389343
535.698547
534.423340
532.321533
531.866272
533.083801
534.055237
533.928406
533.789246
534.337036
533.877441
531.533813
531.297424
537.165771
543.130737
541.398376
535.670776
532.457947
531.911987
532.323914
532.944336
534.051758
535.744629
536.509155
534.666748
531.850525
531.359558
533.006714
534.371704
534.500183
534.381104
534.671082
533.997070
532.272095
531.810913
533.306274
534.929077
534.817078
533.614197
533.080994
532.768066
532.335388
533.950928
536.201599
532.416626
524.735291
523.720947
528.999023
532.564453
533.535889
533.846863
533.583740
533.863770
535.145325
535.151733
533.154358
531.729370
532.437622
534.234009
535.229980
535.010193
534.390320
533.180969
532.022705
532.831909
535.085876
535.942993
534.043823
531.934143
532.442566
533.932129
533.851562
533.753906
534.343018
531.431580
526.611267
527.144409
530.962402
531.972900
531.884399
533.295044
534.897827
535.694641
535.530334
533.595215
531.162048
531.383179
534.122314
535.881958
534.545471
532.374573
532.431824
533.540771
533.505676
533.173828
534.221558
535.986572
535.740784
533.280518
531.614136
531.956177
533.221252
534.523743
534.841248
534.828613
538.666748
544.308167
542.424744
534.944763
532.418762
534.429871
534.729004
533.629028
533.538574
533.448181
532.414124
532.111694
533.811462
535.998352
535.827759
533.511841
532.055298
532.217102
532.880371
533.807251
535.142517
535.910706
534.401123
531.851868
531.552551
533.348999
534.582458
534.314636
533.167358
533.385254
538.763855
545.289307
542.899170
534.729980
532.315552
535.032532
535.757629
534.056946
532.760437
532.122253
531.808044
532.705811
534.803772
536.164978
534.745117
532.046692
531.532959
533.005188
533.927368
533.777466
534.000061
534.916321
534.416992
532.252686
531.341187
532.934875
535.179443
535.726013
533.837036
532.578369
537.149292
543.719360
542.186157
535.409363
533.570923
535.403198
534.794373
532.522339
531.998657
532.851013
533.087341
532.966736
533.961670
535.536499
535.027588
532.550476
531.392090
532.574646
534.333252
535.091797
534.947876
534.448486
532.896545
531.018616
531.380371
534.071411
536.177551
535.331055
533.083618
533.189453
534.280762
529.145081
519.359436
518.583008
529.023621
537.087219
536.705750
533.363098
531.639160
532.119141
533.577515
534.638489
534.898254
534.420227
532.830017
531.287476
531.887207
533.971375
535.165039
534.526245
533.662231
533.993774
533.752686
531.978516
531.322815
533.622925
536.681519
536.602783
533.456421
531.944458
532.798096
529.172852
521.346863
521.423462
530.655518
536.247620
534.281433
531.505859
531.733643
533.612854
534.679016
534.143005
533.571106
534.148010
534.065735
532.320129
531.325134
532.865051
535.367188
535.746826
533.763184
532.070496
531.739441
532.336670
533.707397
535.182190
535.431519
533.629150
531.645752
532.784485
534.907227
530.227722
520.612793
519.563843
528.829468
536.077271
536.065735
532.906555
530.824707
531.821472
534.729919
536.232605
535.171082
533.249512
531.753723
531.534607
533.186035
535.425110
536.074585
534.167480
531.871948
532.075195
533.653748
533.964417
533.316345
533.797363
535.329407
535.041748
532.611145
531.329346
532.065308
533.418701
537.532532
544.493469
545.633911
538.306213
531.957642
530.980530
532.084900
533.837830
535.264221
534.667969
533.182312
533.157837
533.713623
533.180603
532.666626
533.882507
535.982544
535.819214
532.967773
530.901733
531.525513
533.507874
534.921570
535.259888
534.797241
533.110535
531.277771
531.684814
533.527466
534.817688
538.220093
544.163330
544.464111
537.454956
532.239258
531.767395
532.634399
534.390076
536.204834
535.329041
532.322144
530.813110
531.854309
533.536743
534.404297
534.644714
534.634644
533.497925
531.781067
531.722473
533.308044
534.577332
534.473145
534.042175
534.356262
533.938171
532.102356
531.251526
533.061707
536.005432
537.060669
533.552551
526.254272
522.921326
527.680237
533.363037
535.080444
535.537842
535.463562
533.659180
531.793579
532.266663
533.925598
534.283447
533.534241
533.798828
535.256592
534.866699
531.986877
530.469910
532.560791
535.843750
536.531738
534.422058
532.445557
531.728149
531.799744
532.823669
534.654907
536.214355
535.875549
531.525696
524.443848
522.782898
529.090454
534.285522
534.325134
534.294983
535.591614
535.070923
532.355042
530.842102
532.447327
535.206726
536.130188
534.990356
533.627258
532.341248
531.343079
532.023499
534.253052
535.929565
535.133423
533.046814
532.490540
533.096741
532.972046
532.594604
533.624817
535.598450
535.863342
532.882324
529.053040
529.783325
534.416870
536.413757
535.286438
534.702026
534.371948
533.018738
531.578186
531.899780
533.933838
535.572327
535.105469
533.689941
533.565796
533.717407
532.456848
531.411804
532.939148
535.951660
536.433289
533.622192
531.281982
531.516418
533.169067
534.636047
535.352783
535.213562
533.810059
531.248840
529.817078
533.108154
538.274536
538.523071
534.989563
533.107056
533.513916
533.800598
532.556030
531.455078
532.765991
535.523560
536.263367
534.145203
532.002808
531.514709
532.340637
533.827759
535.195374
535.579529
534.148804
532.100220
531.840515
533.082520
533.932312
533.993164
534.507874
535.611328
534.805054
531.112122
529.666321
535.913818
543.635620
543.189270
537.382996
533.408936
532.038330
531.949646
532.601746
533.710510
534.959961
535.566345
534.530701
532.812500
532.576843
533.337891
533.327759
532.802795
533.513733
535.377380
535.292542
532.500366
530.585693
531.785400
534.405640
535.518677
534.700623
533.694519
532.802490
531.343018
531.804688
537.271240
542.403809
540.550781
535.529297
533.030945
532.772949
533.070557
532.916687
532.727417
533.930542
535.827576
535.264282
532.115051
530.377441
531.900452
534.566284
535.643921
534.947754
534.160706
533.393616
532.310425
531.950623
532.898438
534.392578
534.916565
534.353333
533.929382
533.250977
531.481323
531.574829
536.723389
541.539856
539.785339
534.847229
531.631348
530.931580
532.530640
534.443542
534.713440
534.129395
534.145325
534.025208
533.024109
532.320129
532.768250
533.902954
534.524658
534.487488
534.519470
533.597351
531.433655
530.774414
533.333069
536.618652
536.536194
533.444397
531.576294
532.203796
533.481262
535.013977
535.493103
530.908630
524.706177
525.305115
530.243225
532.562683
533.192749
534.112549
534.301697
534.204651
534.802917
534.397278
532.204102
531.043274
532.928711
535.952271
536.505676
534.323914
532.576599
532.546021
533.157532
533.696472
534.286743
534.934204
534.507263
533.103027
532.606689
533.111755
533.370972
533.963440
534.508728
531.641174
527.645874
528.241699
530.719055
531.231506
532.650513
535.449463
535.971863
533.950623
532.623840
532.782654
532.942688
533.061462
533.911133
534.941895
534.546692
533.234802
532.913452
532.962402
532.356628
532.395508
534.380493
536.749512
535.847107
531.791321
529.619446
532.062683
535.977478
536.603149
533.159058
531.227051
537.574219
546.759888
545.793579
537.023865
532.705688
533.539490
534.123291
534.163635
534.344299
533.215332
531.126526
530.938599
533.967529
537.419861
536.666565
532.309265
530.209900
532.497925
535.438965
535.536804
533.909912
533.647339
534.352966
533.944214
532.777527
532.542419
533.817688
535.149231
534.522949
533.757446
538.068481
544.025146
541.682617
534.456482
533.311218
536.507629
536.254517
532.785034
531.106445
532.454651
534.187805
534.453369
534.146423
534.475342
534.179138
532.662354
531.879333
532.595276
533.667664
534.265686
534.877808
535.640991
534.719238
531.969543
530.592651
532.480957
535.453796
535.807190
532.898682
531.759155
538.151794
546.081238
543.891479
535.359863
532.379333
534.625977
535.260132
533.267151
531.809082
532.209961
533.378357
534.260132
534.973328
535.440796
534.135254
531.479919
530.628601
532.671936
535.276184
535.643250
534.167664
533.424988
533.348755
532.576599
531.992920
533.065308
535.085449
535.534729
534.135742
533.825562
534.080627
528.701782
519.458557
519.301758
529.735657
537.310242
536.069214
531.647705
529.949890
532.320862
535.668335
536.259460
534.510010
533.502441
533.524475
533.009216
532.270691
532.712463
534.445129
535.555603
535.129028
534.253845
532.974670
531.467590
531.721008
534.502686
537.023132
535.575012
531.628357
531.148621
534.005249
531.449646
523.154480
521.532349
528.859558
534.500122
534.749512
533.232117
532.142700
532.643372
534.565063
535.589539
534.804504
533.734680
532.689819
531.474976
531.527161
533.653320
536.026978
535.714661
533.216797
532.040955
532.867981
533.572388
533.283081
533.292908
534.431763
534.884705
533.601562
532.356323
532.117920
532.797729
536.819153
543.831360
545.447937
538.939697
532.585876
530.636047
531.383118
534.160767
536.678223
535.777161
532.965271
532.234558
533.325623
533.337219
532.329895
532.865356
535.380188
536.372620
534.064026
531.511353
531.471130
533.291016
534.723633
534.945068
534.686401
533.718140
532.364258
532.477051
533.715088
534.631897
537.847656
543.642639
543.995667
537.498779
532.975098
532.361023
531.873901
532.523560
535.128235
536.321411
534.432007
532.069092
531.435730
532.303345
533.702148
535.049194
535.711853
534.321411
531.785583
531.368713
533.492981
535.247498
534.658875
533.406128
533.707764
533.980896
532.597961
531.623840
532.446167
534.381836
539.107666
545.281616
544.492432
536.762268
532.189148
532.547180
533.083374
533.831726
535.430542
535.362488
533.133118
531.725281
532.491577
533.809692
534.097412
533.882385
534.288269
534.181702
532.727173
531.707275
532.627747
534.641968
535.385986
534.326233
533.223450
532.423340
531.674744
532.260681
534.690674
536.975830
536.298035
530.863647
523.179260
521.934570
529.164001
534.751770
534.115906
533.143066
534.521973
535.159729
533.295654
531.226013
531.527649
533.750061
535.228577
534.813049
533.805603
532.702515
531.788513
532.409424
534.541687
536.025269
534.874207
532.639343
532.441772
533.479309
533.280579
532.480530
533.320312
535.880066
536.802979
531.586121
522.085266
519.347839
527.085022
534.705200
536.026367
535.149109
534.631104
533.393738
531.550598
531.276794
533.406372
535.712280
535.419678
533.406921
532.836487
533.371216
532.856628
531.963501
532.743835
534.906128
535.456787
533.480408
531.616028
531.531372
532.750122
534.271301
535.368225
535.469360
533.926941
531.009888
529.337708
532.603027
537.842163
538.191772
534.724548
532.769348
533.149902
533.763062
532.831665
531.386292
531.973328
534.490662
535.797485
534.683777
533.212463
532.273376
531.752991
532.560608
534.920654
536.669983
534.939575
531.164612
530.101013
532.700745
535.398438
535.205994
533.398560
533.207153
534.245789
533.201294
530.773560
532.117188
536.117126
537.074768
535.775574
534.973083
533.666260
531.702332
530.732666
532.121338
535.100464
536.749023
534.883545
531.664978
531.172791
533.097961
534.106079
533.329590
533.082825
534.564331
535.082886
533.070190
531.271912
532.130066
534.596008
535.772400
534.918213
533.782471
532.780640
531.218689
531.414917
536.300293
540.945984
539.301636
534.903442
532.731384
532.455261
532.752563
532.623169
532.337219
533.483093
535.663452
535.643982
532.846313
531.021973
532.101013
534.160522
534.933838
534.629639
534.474609
533.695312
532.013733
531.545166
533.344055
535.532593
535.361572
533.289734
532.290039
532.543884
531.980774
532.192810
536.419067
540.481262
539.146545
535.506470
533.064697
531.692383
531.879395
533.088806
533.943848
534.642578
535.381714
534.423767
531.790588
530.784973
532.773621
535.229248
535.241699
533.618164
533.289856
533.882751
533.301331
532.137634
532.567505
534.781006
535.930908
534.503174
532.499329
531.593262
531.595337
533.406555
537.740234
539.913025
536.801697
532.713013
530.937378
531.370850
533.601990
535.056030
533.946045
532.646667
533.654297
534.809875
533.397461
531.312988
531.840515
534.657410
536.031555
534.531982
532.707275
532.029846
532.151123
533.051697
534.545105
535.566406
534.585938
532.373413
531.622986
532.539001
533.265076
533.866394
534.216858
531.449097
527.853699
528.785767
531.195557
531.245850
532.259766
535.143494
536.228943
534.741333
533.200317
532.363770
531.757996
532.135803
533.880554
535.534119
534.867981
532.635803
532.078125
533.227051
533.451355
532.531494
532.954590
535.212158
535.736389
533.113342
530.948364
531.848999
534.309509
535.977417
534.893005
529.782654
525.616272
527.773438
531.662781
532.543091
533.236206
534.953125
535.208435
533.798523
532.929565
532.835327
532.479492
532.424377
533.812988
535.892090
535.779541
533.110229
531.251770
531.859253
533.474854
534.522583
534.977539
535.045288
533.634583
531.374023
531.110657
533.333130
535.436829
535.088257
532.687988
532.547302
539.460388
547.382874
544.467773
534.682495
531.336487
534.582214
536.241943
534.343445
532.263245
531.851135
532.524902
533.578857
534.835571
535.622498
534.203552
531.244507
530.293457
532.460327
535.119568
535.571533
534.441162
533.886475
533.262817
531.710632
531.189270
533.099182
535.695496
535.916565
533.013062
531.466431
537.215088
545.022522
543.446350
535.732605
533.033508
534.707947
534.480774
532.372009
531.842896
533.296631
534.408325
533.917236
533.328918
534.324463
535.092773
533.595154
531.498779
531.447632
533.549500
535.287537
535.242615
534.390442
532.989624
531.422302
531.554688
533.936951
536.280640
535.636475
532.078918
530.806824
537.203125
544.975891
543.039551
535.465515
533.256104
535.463745
535.346741
532.265198
530.474121
532.188110
535.134277
535.826416
534.207520
533.113037
533.123840
532.978088
532.819763
533.487610
534.644409
534.641052
533.574951
533.338928
533.423523
532.465637
531.852356
533.622986
536.434814
536.170105
532.655334
531.305420
533.076233
530.262146
522.496216
521.632629
529.477783
535.137878
535.055664
533.256592
531.936096
532.004456
533.568970
534.749207
534.496033
533.934875
533.193237
532.109741
532.349854
534.800781
537.018311
535.481934
531.527100
530.337219
532.820496
535.018005
534.527405
533.403870
534.108093
534.935486
533.737976
532.658752
532.513977
528.258484
521.275452
522.182007
530.770325
535.855652
534.450134
531.539551
530.931458
533.407837
536.136230
535.360962
532.354431
531.585327
533.159485
533.955444
533.398865
533.590637
535.265564
535.704224
533.420105
531.077026
531.061584
532.769775
534.290283
535.031860
535.332947
534.243774
532.198730
531.976746
533.516968
534.608765
537.318359
542.345337
542.593079
537.043457
533.733459
533.496216
532.550232
532.738464
535.156311
535.991211
533.516907
531.045959
531.152100
532.780640
533.978333
534.571106
535.155090
534.596863
532.757263
531.962891
532.946289
533.907227
533.481323
533.087463
534.359314
535.053711
533.136169
531.184265
531.630676
534.197327
540.027222
546.684509
545.026550
535.826477
530.753967
531.967224
533.625183
534.711792
535.758179
534.863342
532.258423
531.176819
532.614258
534.265320
534.213379
533.663452
534.485901
534.901489
533.049805
531.211853
532.073059
534.665649
535.586182
534.100769
532.886475
532.786133
532.631409
532.624695
533.838562
535.832642
536.044373
531.364624
523.472534
521.600281
528.503113
534.210388
534.043152
533.680359
535.298096
535.325195
532.483887
530.330078
531.686584
534.769165
535.872009
534.547424
533.402344
532.958679
532.346497
532.339172
533.775696
535.459534
535.037537
533.077698
532.695068
533.830200
533.905090
532.726440
532.707214
534.951782
536.335266
531.701294
522.540344
519.987366
527.713013
534.965393
535.702087
534.521606
534.240051
533.385681
531.718872
531.516602
533.625977
535.709900
535.216431
533.288696
532.914124
533.431091
532.624634
531.453003
532.500061
535.421143
536.208496
533.568359
531.429321
532.265137
534.077637
534.356689
533.717163
534.412048
535.156372
530.598328
521.582275
519.610718
528.069824
535.290649
535.364868
533.880127
534.153320
533.956238
531.958862
530.758911
532.831665
536.275513
536.568665
533.281677
531.008545
531.892578
533.541992
533.880188
533.828552
534.533325
534.378418
532.719849
531.965393
533.061829
534.211304
533.951660
533.449707
534.202026
534.570984
532.468018
530.588501
533.724609
538.668701
538.696533
535.264221
532.918030
532.460754
532.981934
532.849365
532.195557
533.182983
535.618225
535.976746
533.386719
531.422241
531.944458
533.356384
