524.411743
524.411743
524.416565
524.425659
524.373718
524.210449
524.188965
524.749573
525.791504
526.536011
526.635254
526.800903
527.645142
528.585876
528.809021
528.668335
529.087769
530.008972
530.605530
530.759583
531.072205
531.569580
531.741333
531.755310
532.256042
533.025696
533.246094
533.058289
533.446899
534.459106
534.997070
534.729248
534.682739
535.430725
536.207031
536.372620
536.375854
536.810974
537.440430
537.560547
537.153076
537.129944
537.879211
538.315613
537.581299
536.713684
537.048218
538.027649
538.260010
537.755066
537.526611
537.656799
537.433228
536.971008
537.007751
537.356995
537.140686
536.382507
535.993713
536.204529
536.249023
535.774902
535.375916
535.319092
535.005371
534.243469
533.771851
534.065552
534.548340
534.285461
533.205872
532.317871
532.291138
532.405273
531.846863
531.182800
531.219055
531.427124
530.974426
530.306580
530.194458
530.183289
529.498352
528.571960
528.270569
528.378601
528.008606
527.110535
526.495728
526.384033
526.081604
525.372009
524.892700
524.745850
524.243530
523.378662
523.044312
523.543457
524.023865
523.600403
522.470459
521.699280
521.864441
522.233582
521.936523
521.381287
521.334412
521.484497
521.251404
521.069397
521.516663
522.059143
521.836914
521.178894
521.171692
521.878723
522.299072
522.247559
522.566711
523.284912
523.476868
523.128357
523.240051
524.002747
524.528503
524.464722
524.563110
525.392822
526.384583
526.607544
526.128235
526.031860
526.895935
527.883667
528.098267
528.069153
528.679504
529.512085
529.711975
529.682129
530.326111
531.307556
531.642517
531.532410
531.949341
532.794617
533.152527
533.106201
533.552490
534.424011
534.769897
534.586548
534.876343
535.773438
536.304016
536.260010
536.652771
537.948181
539.200012
539.444092
539.095947
539.371521
540.577515
541.702209
542.031372
542.276062
543.250122
544.385803
544.801453
544.940613
545.729675
546.898254
547.569763
547.846008
548.450745
549.296692
549.704651
549.738464
550.115479
550.868225
551.251892
551.122437
551.249451
551.908081
552.369690
552.265076
552.234009
552.637512
552.875610
552.485535
551.959412
552.096130
552.881409
553.289673
552.634521
551.776184
551.855103
552.385559
552.202393
551.559143
551.488770
551.818054
551.580994
550.880737
550.616516
550.705444
550.321045
549.575500
549.304321
549.445312
549.264893
548.783752
548.590393
548.546692
548.002197
547.124756
546.849487
547.344971
547.689636
547.162781
546.112244
545.468384
545.557800
545.604004
544.890747
543.912781
543.331604
542.749817
541.791138
541.073792
540.910217
540.428894
539.009521
537.524475
537.022034
536.951477
536.024902
534.413940
533.531372
533.633484
533.400513
532.213806
531.017761
530.458008
529.953064
529.182800
528.731079
528.640930
528.070557
526.866211
525.987305
526.016479
526.277283
525.762024
524.490784
523.564636
523.672791
524.037292
523.638489
522.825623
522.546021
522.609253
522.128113
521.249634
520.898804
521.122559
521.198547
521.098022
521.299622
521.485901
521.041382
520.493713
520.739868
521.294495
521.016907
520.131775
519.891052
520.502869
520.871338
520.351562
519.591919
519.437256
519.802124
519.998413
519.766846
519.507874
519.529846
519.585327
519.535095
519.888000
520.820740
521.378174
520.898315
520.446045
521.198669
522.387756
522.688110
522.489868
522.931641
523.876038
524.446655
524.603882
524.989868
525.731262
526.293579
526.487793
526.808777
527.408691
527.782532
527.972595
528.733154
530.093750
531.008118
530.754700
530.020813
530.178101
531.414124
532.340393
532.122620
531.860107
532.681580
533.858398
534.184998
533.941895
534.127625
534.747437
535.199280
535.466614
535.754211
535.757812
535.379883
535.389893
536.293396
537.177917
536.920471
536.096558
536.287292
537.530457
538.139771
537.364807
536.442566
536.611816
537.552063
538.195496
538.119934
537.760132
537.587769
537.538086
537.462769
537.528564
537.612244
537.183472
536.318604
535.906433
536.321594
536.669556
536.098938
535.284485
535.388977
535.910217
535.361206
533.951782
533.318176
533.702759
533.804749
533.240601
532.849121
532.777954
532.337219
531.539551
531.106262
531.157959
531.058350
530.412537
529.659119
529.571472
530.059570
529.947083
528.713318
527.579529
527.635193
528.051575
527.554626
526.491272
525.981323
526.058044
526.006775
525.724182
525.527527
525.280945
524.742920
524.327637
524.466492
524.584412
523.849976
522.772034
522.677368
523.529236
523.825989
522.932312
521.926941
521.827393
522.280151
522.388916
521.991150
521.629517
521.544922
521.345093
520.930176
520.930603
521.526184
521.813599
521.338135
521.120056
521.894043
522.607117
522.145264
521.364746
521.749207
523.057007
523.881714
523.871033
523.902588
524.463074
525.172546
525.781311
526.360596
526.605591
526.241333
526.043030
527.105774
529.116455
530.428833
530.069458
529.040649
529.109497
530.403015
531.309692
531.109009
530.989624
531.769409
532.642334
532.981079
533.429260
534.376282
535.081604
535.120178
535.338684
536.372864
537.293518
537.071777
536.560364
537.274292
538.803772
539.423523
538.929565
538.690186
539.188477
539.658081
539.875061
540.327637
540.913757
541.039001
540.761841
540.908691
542.108765
543.842346
544.755066
544.430603
544.169495
545.067505
546.369934
546.963257
547.158691
547.754028
548.569092
549.121582
549.644897
550.379700
550.793030
550.596436
550.587830
551.407837
552.306824
552.345825
551.995789
552.327393
553.154968
553.281616
552.478455
551.902161
552.170776
552.508972
552.295654
552.050171
552.301270
552.559021
552.153137
551.461670
551.407898
551.854431
551.685303
550.730774
550.206848
550.664795
550.999390
550.232422
549.064941
548.616821
548.679199
548.392090
547.820007
547.514709
547.271179
546.663269
546.118469
546.129517
546.044495
545.067749
543.885864
543.761719
544.324890
544.054016
542.762512
541.852722
542.154419
542.887634
542.815735
541.751038
540.644226
540.119446
539.817993
540.050842
542.190308
546.187927
549.955078
551.808105
551.755310
550.804565
550.345581
550.990540
551.714111
551.463745
550.887512
550.987732
551.416504
551.306763
550.720642
550.282104
550.123779
549.823242
549.283447
549.057861
549.356750
549.296326
548.262207
547.221375
547.270691
547.670593
546.989929
545.472412
544.565430
544.581787
544.461914
543.574829
542.588684
542.171814
541.851990
540.981201
539.940613
539.250305
538.564697
537.706360
537.282410
537.223083
536.496704
534.914185
533.648438
533.617188
534.289490
534.290344
533.043396
531.593384
531.179016
531.405762
531.057312
530.066528
529.249146
528.760864
528.128723
527.446106
527.219116
527.173279
526.601807
525.779358
525.585571
525.839844
525.493958
524.466431
523.834351
524.040955
524.235901
523.801575
523.304016
523.250183
523.176025
522.704590
522.312195
522.396790
522.520813
522.092163
521.260925
520.786621
521.034058
521.320801
520.844727
520.096069
520.147949
520.668335
520.406372
519.551819
519.393921
519.890076
519.956970
519.648438
519.793762
520.206665
520.162231
519.928589
520.299866
521.068665
521.286377
520.971191
521.226440
522.315613
523.017578
522.665283
522.379700
523.275391
524.735413
525.440613
525.184509
524.860779
525.087463
525.557068
525.880127
526.319641
527.083435
527.743896
528.091858
528.589539
529.369446
529.733887
529.357605
529.278015
530.537964
532.212830
532.527466
531.745911
531.751831
532.966309
533.950073
533.908325
533.599731
533.784607
534.251282
534.604675
534.926575
535.355896
535.665527
535.525757
535.118530
535.243652
536.215393
537.019104
536.699280
536.076294
536.503845
537.612976
537.985168
537.348022
536.779114
537.037048
537.653259
537.873962
537.745667
537.657288
537.508484
537.175354
537.010681
537.072388
536.874268
536.390076
536.215332
536.435669
536.391541
535.881287
535.580566
535.807190
535.904419
535.284851
534.332153
533.904236
534.208130
534.426697
533.871704
533.153809
533.137939
533.225647
532.354492
531.120422
530.923462
531.541443
531.462158
530.346375
529.375488
529.214050
529.196350
528.777710
528.360779
528.237488
528.005371
527.523376
527.230408
527.139893
526.649658
525.776855
525.491272
526.116699
526.564209
525.885986
524.608154
523.959961
524.376282
525.003784
524.719849
523.659668
522.997437
523.121948
523.264099
522.994019
522.673462
522.351257
521.670349
521.105347
521.463135
522.086609
521.687073
520.748596
520.780334
521.663147
521.935974
521.272095
520.840210
521.334167
522.071655
522.375000
522.603699
523.126831
523.486938
523.323303
523.193176
523.810547
524.894409
525.367188
524.869385
524.516968
525.385742
526.785583
527.319702
527.086243
527.247498
528.013977
528.643616
529.000244
529.565857
530.233887
530.432068
530.410095
531.097046
532.341919
532.793518
532.218689
532.120239
533.265625
534.546509
534.987671
535.049805
535.328308
535.497131
535.142212
534.721863
535.082581
536.219910
537.081665
537.031494
536.905334
537.696045
538.887878
539.380310
539.360840
539.797424
540.667236
541.205139
541.508911
542.270569
543.258301
543.746033
544.050842
544.961365
546.158752
546.724731
546.767090
547.232483
548.323425
549.201904
549.467346
549.745667
550.361816
550.588562
549.865540
548.946411
549.299866
551.324646
553.403687
553.572083
552.057007
550.840698
551.026428
552.009766
552.737000
552.717590
552.177490
551.813843
552.140686
552.861755
552.987549
551.960022
550.708069
550.742249
551.824463
552.051575
550.833435
549.871033
550.249512
550.749634
550.169373
549.210083
548.828003
548.657898
548.149109
547.680420
547.627563
547.577881
547.171082
546.831543
547.140808
547.836731
547.849670
546.672119
545.345398
545.173950
545.717957
545.466125
544.318115
543.575867
543.572998
543.363831
542.642761
542.015076
541.461975
540.413330
539.156006
538.593811
538.626465
538.098267
536.604248
535.223511
534.820740
534.735229
533.978210
532.733887
531.813599
531.384644
530.943481
530.238037
529.633911
529.327759
528.756775
527.593628
526.663940
526.642395
526.687012
525.853088
524.831055
524.687134
524.903259
524.257935
522.939758
522.264832
522.524536
522.568298
521.813538
521.150757
521.223511
521.386719
521.077148
520.724976
520.634583
520.314697
519.626160
519.351562
519.955017
520.688416
520.547729
519.680115
519.283081
519.950989
520.696106
520.415222
519.669006
519.674255
520.317139
520.597534
520.402588
520.492676
520.983521
521.154236
520.915161
521.029053
521.489258
521.451111
521.072205
521.381287
522.306946
522.805481
522.682800
522.704895
523.165833
523.534546
523.552368
523.748169
524.516541
525.430664
525.859314
525.818176
525.928772
526.513489
527.079102
527.198425
527.406677
528.311279
529.397156
529.827026
529.848816
530.276123
531.017334
531.366943
531.422302
531.871338
532.646973
533.079407
533.163574
533.579468
534.406494
534.849731
534.662048
534.725159
535.489319
536.146729
536.255981
536.638062
537.783630
538.692444
538.158691
536.600525
535.809326
536.660278
537.894287
537.990784
537.344727
537.317749
538.013062
538.452209
538.294312
537.999207
537.730896
537.393860
537.314758
537.718567
537.944824
537.349670
536.663818
537.088440
538.078003
537.887146
536.502075
535.746155
536.209595
536.541199
535.973938
535.302063
535.188354
535.249512
534.895325
534.116394
533.409180
533.127808
532.964111
532.507935
532.137451
532.326172
532.386536
531.408752
530.040833
529.606812
529.840881
529.363770
528.186768
527.649353
527.951111
527.912598
527.139648
526.388733
525.987915
525.591248
525.186890
525.059753
525.010498
524.568787
523.963501
523.938904
524.349304
524.129578
522.987000
521.960022
522.027405
522.848877
523.105408
522.212402
521.311951
521.595276
522.311523
522.095581
521.347717
521.331238
521.901306
521.974731
521.486511
521.297119
521.631104
521.883484
521.850403
522.047058
522.593933
522.873962
522.773438
522.996094
523.563965
523.542236
522.912781
523.007629
524.186035
524.975891
524.381653
523.323425
523.144104
523.935852
524.789551
525.132751
525.357239
525.933838
526.497864
526.609131
526.703491
527.290894
527.995605
528.261353
528.487976
529.402039
530.629517
531.152466
531.096863
531.575989
532.754333
533.641968
533.912598
534.326172
535.264709
536.186218
536.756348
537.404053
538.390320
539.201050
539.371216
539.323975
539.813477
540.805664
541.513062
541.667480
542.114075
543.407410
544.577026
544.611633
544.247559
544.746338
545.813477
546.310181
546.240723
546.522766
547.320129
547.986450
548.364929
548.859802
549.369446
549.393921
549.124939
549.306213
549.879883
549.959717
549.588135
549.982300
551.268860
551.836792
550.892151
549.706482
549.610291
550.374939
550.959106
550.840088
550.416809
550.356750
550.681946
550.905334
550.920349
550.969177
550.938171
550.666504
550.613892
551.149902
551.527466
550.960754
550.218567
550.576538
551.595093
551.672607
550.574158
549.709961
549.807678
550.013916
549.609375
549.074097
548.925964
548.866699
548.482544
547.896362
547.460266
547.146973
546.451660
545.297241
544.568115
544.688660
544.526245
543.169922
541.717468
541.621338
542.289001
542.035461
540.694580
539.482117
538.826355
538.169373
537.425842
536.908020
536.365112
535.461365
534.656128
534.582825
534.803223
534.179810
532.690918
531.640259
531.531799
531.315430
530.316711
529.289490
529.061340
529.292847
529.044434
528.186951
527.700623
528.086731
528.289673
527.299194
525.878357
525.341492
525.563171
525.501831
525.020264
524.816162
524.964294
524.942688
524.826599
524.923523
524.631775
523.376038
522.120544
522.105408
522.681030
522.228333
520.799133
520.153564
521.129822
522.369751
522.143982
520.579895
519.234558
518.971863
519.310547
519.672607
520.031189
520.220337
519.864685
519.329407
519.568481
520.537659
520.938904
520.268860
519.856506
520.747925
521.831116
521.604553
520.735352
520.951111
522.224487
523.064880
523.051270
523.183411
523.916321
524.530151
524.627441
524.822388
525.505798
526.115906
526.246643
526.393433
526.986145
527.616272
527.801270
527.862122
528.444519
529.356262
529.683960
529.395630
529.759949
531.279480
532.490540
532.143555
531.305115
531.722717
533.086609
533.744019
533.492310
533.660645
534.622559
535.304565
535.262878
535.241028
535.471558
535.428467
535.324646
535.929443
536.941833
537.321106
537.063354
537.029907
537.366577
537.417969
536.847107
536.158142
536.238464
537.222107
538.041321
537.883850
537.477173
537.743835
538.151917
537.803101
537.148560
537.188538
537.624756
537.395325
536.667175
536.543030
537.000000
536.952942
536.213867
535.672791
535.557678
535.175171
534.461914
534.241943
534.632324
534.682373
533.973083
533.212402
532.909912
532.686951
532.150818
531.606262
531.523560
531.683594
531.366028
530.534668
530.072327
530.286438
530.213684
529.248535
528.339844
528.461365
528.868164
528.254761
526.932739
526.243164
526.353027
526.289246
525.806519
525.531067
525.490906
525.075928
524.422852
524.331787
524.617554
524.160095
522.945923
522.301270
522.737000
523.224548
522.895752
522.176208
521.993164
522.477234
522.763123
522.272583
521.682983
521.732971
521.943176
521.692993
521.491272
521.888428
522.265198
521.909546
521.405579
521.664856
522.277649
522.239685
521.823425
522.060181
522.796326
522.964172
522.493958
522.333679
522.762024
523.134644
523.259033
523.718262
524.615601
525.135681
524.771423
524.227844
524.592224
525.885681
526.950317
527.002747
526.775879
527.441833
528.874268
530.005310
530.467163
530.734314
531.051575
531.300537
531.667053
532.439941
533.308044
533.783508
534.209473
535.256348
536.523743
536.988708
536.817749
537.157593
538.138977
538.750610
538.790710
539.218689
540.369507
541.365662
541.633728
541.813782
542.648438
543.660706
543.741699
542.980591
542.828247
543.960999
545.151550
545.241699
545.028442
545.870728
547.448669
548.407227
548.394287
548.128967
548.096313
548.275391
548.725464
549.458801
549.920593
549.644165
549.366699
550.152344
551.478516
551.818298
551.021057
550.416321
550.634094
550.964966
550.893921
550.805359
550.963013
550.923218
550.378052
549.900940
550.249146
551.101196
551.230957
550.330566
549.645752
550.069763
550.750854
550.623535
550.185425
550.500366
551.274109
551.407532
550.867920
550.551086
550.601318
550.402710
549.935303
549.703003
549.501587
548.762573
547.947083
548.052856
548.640625
548.179077
546.524841
545.266541
545.342407
545.856873
545.514404
544.221375
543.019409
542.649658
542.606567
542.135437
541.446716
540.930054
540.213623
539.043274
538.115540
537.950745
537.846619
536.990906
535.912659
535.616516
535.789978
535.285828
534.020508
532.962891
532.478699
531.974365
531.205017
530.692139
530.548035
530.188965
529.533325
529.176758
529.217529
528.944519
527.867981
526.614990
526.321228
526.902893
526.970276
526.103455
525.595337
526.062012
526.334351
525.601074
524.733093
524.572449
524.552368
523.911743
523.028137
522.680481
522.807739
522.771606
522.439758
522.156067
521.799866
521.044189
520.433167
520.734314
521.304504
520.843567
519.648438
519.376770
520.557312
521.781311
521.620056
520.388245
519.510864
519.637634
520.088379
520.117188
519.927917
520.057190
520.484619
520.963562
521.595154
522.276062
522.335999
521.691345
521.479370
522.379883
523.363708
523.418945
523.332275
524.267517
525.650330
526.090332
525.651123
525.572815
526.197510
526.733826
526.898560
527.326843
528.269592
529.085449
529.283997
529.306702
529.817017
530.562439
530.687927
530.304993
530.675964
532.121948
533.094238
532.596313
532.017273
532.887024
534.396973
534.985779
534.768555
534.713745
534.920959
535.086243
535.404175
535.996643
536.285095
535.844543
535.382690
535.900879
537.084106
537.665283
537.322693
536.981323
537.190308
537.441284
537.233582
536.943909
537.238464
537.873230
537.894958
537.311829
537.330505
538.249695
538.701904
537.870239
536.752075
536.455017
536.693237
536.625366
536.197266
535.909546
535.799927
535.574341
535.450195
535.745300
535.784058
534.728943
533.319214
532.988159
533.490845
533.342224
532.345032
531.729309
531.921509
532.062561
531.631531
531.049500
530.720642
530.469971
529.965027
529.273376
528.851746
528.821228
528.585999
527.828003
527.296143
527.574402
527.867310
527.239075
526.220093
525.826294
525.810242
525.307007
524.537903
524.355347
524.630554
524.590393
524.289551
524.237366
524.100830
523.338806
522.553833
522.658325
523.235352
523.125916
522.214844
521.550049
521.902588
522.796143
523.059692
522.317749
521.512207
521.454041
521.586121
521.152283
520.714294
521.121765
521.886780
522.072388
521.951294
522.241089
522.565857
522.254822
521.870117
522.286682
523.032837
523.177307
523.158752
524.000610
525.317017
525.816040
525.471680
525.554443
526.522278
527.367493
527.332092
527.075989
527.606262
528.712830
529.353088
529.471069
530.120605
531.447388
532.208313
531.982422
532.003357
532.974243
533.917297
534.064758
534.215637
535.203247
536.381592
536.802612
536.799622
537.192749
537.837585
538.229065
538.723083
539.747253
540.676331
540.870483
540.980408
541.920288
543.261841
543.848206
543.547180
543.315735
543.857300
544.866211
545.479980
545.359192
545.265991
545.979431
547.001709
547.474304
547.628113
547.968445
548.177979
548.091064
548.370911
549.162720
549.456360
548.791138
548.343323
549.183289
550.396301
550.403381
549.410156
548.930542
549.346924
549.698792
549.570801
549.576843
550.031738
550.499390
550.748230
551.167969
551.898682
552.233093
551.575500
550.669800
550.856201
551.967468
552.352966
551.442322
550.688416
551.218933
552.088806
551.858521
550.640381
549.572693
549.199036
549.245239
549.340759
549.183533
548.466370
547.466614
547.112671
547.602844
547.619690
546.181091
544.490662
544.269409
544.965027
544.626831
542.985229
541.664490
541.664185
542.286621
542.320007
541.330872
539.960876
539.140320
538.960266
538.754333
538.194641
537.388855
536.303955
535.261780
535.218628
536.079224
535.999329
534.039124
531.995850
531.770447
532.473145
532.013611
530.416992
529.551392
530.064758
530.562073
529.994080
528.961487
528.236877
527.776367
527.492310
527.532715
527.696472
527.422546
526.478088
525.476685
525.349915
525.946838
525.930298
524.783325
523.676758
523.448975
523.340027
522.682251
522.170593
522.318726
522.348267
521.705444
521.075134
520.952576
520.721252
519.951599
519.412231
519.824646
520.491455
520.315552
519.604065
519.480042
519.886169
519.786987
519.166077
519.159546
520.169189
521.208313
521.363464
520.946472
520.816345
521.140930
521.389709
521.401245
521.645325
522.171082
522.351929
522.162354
522.521423
523.711121
524.626038
524.476562
524.187378
524.946960
526.184753
526.528503
526.186584
526.498108
527.564697
528.295837
528.431519
528.692932
529.237183
529.634216
530.047974
530.897461
531.700500
531.603577
530.816101
530.546326
531.509583
532.974243
533.613647
533.359009
533.513245
534.586365
535.358032
534.953491
534.320862
534.519653
535.034607
535.064087
535.052551
535.722595
536.709900
537.232117
537.279846
537.312927
537.292419
536.882324
536.458008
536.754822
537.471375
537.688599
537.579041
538.009583
538.656189
538.382568
537.179871
536.193359
536.123230
536.557312
536.773987
536.664246
536.608093
536.647705
536.385132
535.909180
535.914612
536.312927
535.893005
534.338379
533.253113
533.794495
534.769470
534.525269
533.286255
532.401794
532.355164
532.551086
532.479004
532.111206
531.357056
530.228760
529.538452
530.075439
530.998901
530.564392
528.522644
526.586670
526.389160
527.634583
528.647888
528.519958
527.854187
527.291016
526.687439
526.015137
525.671021
525.572144
525.112549
524.306274
524.130615
525.022461
525.820068
525.316345
524.126282
523.561462
523.506470
522.999573
522.180725
521.969299
522.343323
522.461670
522.172607
522.023743
522.032776
521.682373
520.999268
520.677917
521.009460
521.350708
521.126953
520.878845
521.486938
522.579224
522.772156
521.764587
521.074585
521.928223
523.361938
523.759399
523.441528
523.826782
524.875732
525.413086
525.215210
525.054810
525.396729
526.194336
527.263794
528.141907
528.328491
528.121155
528.547974
529.872620
530.948364
530.724182
529.695190
529.365295
530.590637
532.552185
533.618164
533.497925
533.592651
534.594299
535.395508
535.267334
535.173157
536.026123
537.276611
538.059937
538.461365
538.925720
539.373657
539.591797
539.906616
540.630005
541.240479
541.220703
541.284729
542.352356
543.727905
543.949524
543.182007
543.000549
543.850891
544.464539
544.099243
543.619934
543.883911
544.570740
545.095703
545.542969
546.139221
546.489075
546.085632
545.476440
545.914001
547.484436
548.712158
548.744690
548.648987
549.542358
550.610840
550.510315
549.722656
549.799255
550.874084
551.758972
551.966614
551.999390
552.087158
552.123596
552.362671
552.908936
553.019226
552.185974
551.258728
551.372192
552.392944
553.180847
552.855469
551.628296
550.655884
550.662537
550.912048
550.378540
549.321838
548.632385
548.460510
548.469666
548.561401
548.422424
547.430969
545.881226
545.132507
545.681702
546.273010
545.670837
544.371948
543.643250
543.476562
542.803528
541.533447
540.686768
540.493774
540.143311
539.448792
539.106934
539.354553
539.474731
538.687073
537.204041
536.063232
535.668701
535.285095
534.457336
533.801025
533.744751
533.711487
533.150940
532.371338
531.744812
530.910217
529.637695
528.799744
529.140198
529.751099
529.367371
528.459900
528.232971
528.447449
528.083435
527.296326
526.954773
526.967468
526.632507
526.039307
525.791687
525.853882
525.593079
524.717468
523.740173
523.390808
523.512329
523.135803
522.068665
521.400085
521.729980
522.105408
521.569153
520.665466
520.349731
520.405029
520.153809
519.851929
520.054749
520.381836
520.155273
519.666748
519.653748
519.940674
519.794983
519.392578
519.605957
520.405273
520.854370
520.713135
520.827759
521.723755
522.670349
522.681641
522.090759
522.183533
523.135986
523.685547
523.398987
523.485779
524.502991
525.222900
524.878906
524.612671
525.436462
526.512939
526.761353
526.698853
527.340454
528.361877
528.737915
528.570068
528.858826
529.730469
530.384827
530.765747
531.540344
532.442383
532.589905
532.277344
532.527710
533.246521
533.498779
533.166504
533.083496
533.799072
534.888000
535.492981
535.441101
535.478088
536.088013
536.623718
536.424438
536.116272
536.539124
537.156677
537.094727
536.822632
537.116089
537.439148
537.090820
536.761719
537.306641
538.045288
537.847961
537.107727
537.072571
537.696655
537.842773
537.327942
537.065063
537.320496
537.411865
537.003357
536.555481
536.482422
536.508850
536.098633
535.363586
534.990112
535.041260
534.748901
533.963135
533.589172
533.896301
533.806641
532.738037
531.790833
531.909302
532.199036
531.473267
530.321472
530.027283
530.357849
530.155640
529.432983
529.087585
529.050476
528.511597
527.626770
527.271667
527.371338
527.039246
526.110718
525.383362
525.449280
525.839355
525.609192
524.781494
524.384888
524.672241
524.588379
523.664185
522.933594
523.115662
523.358032
522.824890
522.230103
522.474243
522.906250
522.473022
521.597656
521.339661
521.568420
521.548157
521.492676
521.979797
522.526917
522.283020
521.658875
521.757812
522.462585
522.556702
521.684814
520.994324
521.500916
522.635437
523.138794
522.951233
523.075562
523.656921
523.739075
523.101318
522.750488
523.280640
523.997192
524.107422
523.955750
524.382019
525.333801
526.040894
526.367798
526.753418
527.106628
527.179016
527.563232
528.768127
529.951172
530.150146
530.084167
531.071960
532.763672
533.630066
533.406982
533.289062
533.911804
534.778259
535.420593
535.883850
536.317810
536.801636
537.404236
538.244202
539.419006
540.535522
540.781311
540.266296
540.425537
541.940430
543.319946
543.160706
542.558533
543.307739
545.001587
545.984314
545.930664
545.749268
545.975281
546.477173
547.035034
547.517578
547.767761
547.775269
547.965088
548.832703
550.207153
551.177734
550.952271
549.950867
549.625977
550.505005
551.269165
550.849243
550.114258
550.247009
550.999939
551.585571
551.839783
551.768738
551.197205
550.463562
550.323547
550.726013
550.697754
549.901367
549.381531
550.118042
551.367371
551.567566
550.612549
549.921570
550.142151
550.371155
549.930603
549.467224
549.755737
550.366577
550.328674
549.693665
549.346985
549.363342
548.985901
548.231628
547.877869
547.823792
547.197144
546.043640
545.439026
545.715881
545.778870
544.744690
543.406799
543.048584
543.277222
542.590881
540.886536
539.568359
539.220215
539.000183
538.380127
537.727905
537.119751
536.326233
535.771301
535.918274
536.154236
535.422241
533.670715
532.118958
531.932617
532.562866
532.171082
530.288513
528.715210
528.894836
529.874878
529.820618
528.432556
526.825500
525.856384
525.577271
525.661804
525.560547
524.831482
523.864563
523.676941
524.406311
524.694641
523.451172
521.676147
521.143250
521.706543
521.675842
520.670227
520.149597
521.006287
522.297302
522.687439
522.028625
521.150635
520.659912
520.493164
520.541687
520.882629
521.181152
520.864380
520.250549
520.384216
521.289246
521.630981
520.776611
519.952637
520.354858
521.271912
521.344604
520.736572
520.645447
521.296265
521.841003
521.992432
522.226929
522.464294
522.226501
522.020447
522.742310
523.982422
524.554749
524.201599
523.752319
524.080994
525.159241
526.086243
526.359253
526.574463
527.172668
527.590332
527.587524
528.003235
529.154846
529.974670
529.835266
529.772522
530.649414
531.659058
531.865356
531.797729
532.351868
533.242676
533.643372
533.646118
533.996948
534.707153
535.036072
534.884399
535.012024
535.688049
536.253906
536.273193
536.267212
536.832214
537.526489
537.417480
536.683289
536.577271
537.406433
537.907593
537.325256
536.687256
537.083069
537.942322
538.139038
537.764893
537.616455
537.765991
537.699585
537.365845
537.161377
537.139526
537.086060
537.214111
537.735474
537.907166
537.018066
535.990051
536.123169
536.755798
536.250732
534.661499
533.680786
534.315674
535.699158
536.143555
535.128540
533.842529
533.412292
533.510559
533.333618
532.831177
532.311035
531.863464
531.606934
531.661987
531.573608
530.636047
529.072876
528.153870
528.495239
528.940063
528.195557
526.919067
526.615417
527.005554
526.557678
525.247681
524.473389
524.601379
524.699219
524.313232
523.898193
523.790771
523.736877
523.369873
522.891296
522.912842
523.233032
522.766174
521.516724
521.115234
522.191956
523.055786
522.351868
521.145752
520.997742
521.665039
521.950256
521.601074
521.255310
521.295288
521.675354
522.360107
523.052917
523.054688
522.343994
522.060608
522.904175
523.932861
523.951233
523.170837
522.765198
523.487122
524.919250
525.812439
525.629089
525.339539
525.765198
526.272888
526.243530
526.299561
527.027527
527.978455
528.589966
528.932007
529.133789
528.982056
528.596802
528.795898
529.856628
530.694763
530.474304
530.159790
530.967651
532.249878
532.554199
532.020447
532.072876
533.166992
534.296448
534.794617
535.197449
536.017212
536.815796
537.142456
537.470642
538.363159
539.343933
539.615784
539.581177
540.351074
541.852356
542.875183
543.086182
543.528503
544.703491
545.602356
545.558777
545.535828
546.422729
547.404785
547.511414
547.440674
548.221863
549.329285
549.688904
549.573853
550.000061
550.829224
551.069519
550.640198
550.430420
550.868164
551.490479
551.846863
552.103577
552.548096
552.818726
552.373779
551.691101
551.736450
552.291870
552.277710
551.605408
551.367493
552.047729
552.666992
552.293335
551.474121
551.174255
551.139343
550.606689
549.839172
549.621338
549.868958
549.920410
549.706177
549.514160
549.082642
548.125793
547.193970
547.009705
547.373901
547.326050
546.376465
545.402527
545.669067
546.757263
546.824707
545.342163
543.908447
543.763367
544.167786
543.933411
543.186462
542.690674
542.546692
542.419556
542.206909
541.721558
540.581360
539.110107
538.459106
538.880920
538.870239
537.368347
535.657104
535.366333
535.770813
535.002502
533.072144
531.714722
531.737915
532.165649
531.860107
530.862305
529.896606
529.158447
528.298279
527.449097
527.126892
526.944458
525.994446
524.690308
524.394409
525.004028
524.798767
523.170349
521.797791
522.093689
522.986511
522.729980
521.647278
521.204468
521.441956
521.291077
520.615112
520.124512
519.915710
519.657715
519.675964
520.266846
520.611023
519.856995
518.623047
518.277222
519.169556
520.207153
520.203491
519.456543
519.329346
520.139526
520.766479
520.635559
520.522888
521.005554
521.456299
521.233704
520.860901
521.120728
521.770874
522.194702
522.560303
523.185730
523.567627
523.305359
523.185974
524.027588
525.155884
525.457214
525.340271
525.952087
527.078735
527.531189
527.028076
526.449402
526.586853
527.317932
528.053223
528.682373
529.423645
529.914062
529.673096
529.329102
529.936035
531.110352
531.367554
530.595032
530.574158
532.298035
534.329102
534.838806
534.113586
533.773132
534.223206
534.512024
534.399414
534.646118
535.389648
536.127380
536.914612
537.848633
538.108215
537.077881
535.631042
535.271851
536.346619
537.597534
537.617554
536.678833
536.489746
537.776794
539.150940
539.088684
537.859192
536.723633
536.283447
536.361511
536.667175
536.763855
536.309814
535.918213
536.581909
537.716858
537.410339
535.339539
533.664734
534.008057
535.194519
535.188416
534.053101
533.486267
534.017822
534.313843
533.356750
531.861633
531.053528
531.071167
531.217041
531.169983
531.093811
530.792969
529.963745
529.226868
529.452454
530.037170
529.518860
527.958374
527.028809
527.440186
527.887146
527.216309
526.177246
525.928833
526.162598
525.906250
525.156128
524.602905
524.436768
524.333435
524.274292
524.362671
524.120850
523.236389
522.620972
523.258850
524.497742
524.804749
523.742676
522.356506
521.939880
522.543396
522.892700
522.255981
521.562134
521.753845
522.266602
522.274536
522.048279
521.976196
521.788513
521.532471
521.765808
522.270752
522.163269
521.573425
521.697388
522.870178
523.894165
523.855896
523.600525
524.208679
524.968872
524.674744
524.000793
524.472046
526.047058
527.435181
527.887939
527.719543
527.730164
528.281555
528.896179
529.177429
529.544556
530.286743
530.916199
531.312012
532.196899
533.594971
534.334900
534.052917
534.017944
534.964417
535.854858
535.877136
536.021362
537.328430
538.921997
539.385803
539.108765
539.470520
540.449097
540.911194
540.727417
540.791626
541.447449
542.302551
543.123047
543.989319
544.800659
545.110352
544.742859
544.449707
545.114563
546.258789
546.657837
546.419556
546.845703
548.281738
549.542542
549.645935
549.066223
548.829285
549.078735
549.336914
549.697937
550.541626
551.399719
551.567444
551.422058
551.653870
551.820068
551.326721
550.863953
551.261597
552.002136
552.069458
551.382629
550.844421
551.336548
552.464722
552.607117
551.195984
549.850281
549.897034
550.449585
550.237488
549.625061
549.530823
549.848999
550.025024
549.994385
549.721680
548.911987
547.916870
547.782715
548.631714
549.110718
548.294678
547.202759
547.260437
547.962341
547.749146
546.544983
545.650330
545.655151
545.922302
545.698486
544.931641
544.150574
543.640686
543.081482
542.379639
541.930664
541.467224
540.218689
538.661133
538.165588
538.512268
537.982117
536.224243
534.840820
534.710693
534.748169
533.840942
532.509216
531.822510
531.698975
531.236145
530.221619
529.293945
528.722229
528.177368
527.736328
527.692261
527.510315
526.435852
524.918152
524.195984
524.556702
524.879883
524.232361
523.313232
523.349182
523.928406
523.520691
522.059875
521.108643
521.355957
521.671631
521.045471
520.056274
519.709229
519.942566
520.196655
520.447876
520.684692
520.352051
519.412048
518.885803
519.309570
519.821655
519.664734
519.478821
520.112610
521.049133
521.105652
520.155090
519.304810
519.462952
520.207092
520.466858
520.185120
520.372192
521.359619
522.302551
522.678101
522.824341
522.929504
522.787720
522.654175
523.224304
524.361572
524.940613
524.683594
524.881226
526.205750
527.233887
526.610901
525.344727
525.275024
526.409607
527.376404
527.707214
528.107361
528.947449
529.776306
530.163208
530.232422
530.269287
530.186951
529.908020
530.044128
531.180054
532.578735
533.031860
532.869812
533.383972
534.490112
534.827576
534.183167
533.976868
534.957520
536.028931
536.120972
535.871765
536.343201
537.201416
537.473083
537.168335
536.909241
536.783081
536.689941
536.986938
537.691467
537.964172
537.337036
536.576721
536.718811
537.791260
538.645630
538.113159
536.648376
535.959290
536.503601
536.964539
536.592041
536.123169
536.125854
536.189209
535.957458
535.708374
535.577454
535.159363
534.410278
534.055298
534.258301
534.043701
533.050415
532.487427
533.089600
533.605713
532.751587
531.338379
530.928284
531.393433
531.332336
530.313965
529.285583
528.954773
528.954895
528.787292
528.671326
528.877441
528.825562
527.865295
526.669739
526.503601
527.080872
526.815735
525.475159
524.669067
525.206909
525.911743
525.625427
524.777039
524.263000
524.096863
523.893066
523.713684
523.633850
523.317322
522.825134
522.955383
523.806946
524.078003
522.895752
521.390259
521.219543
522.332642
523.189575
522.729614
521.522339
520.932861
521.315308
521.731079
521.604736
521.479004
521.739197
521.981445
522.073486
522.450806
522.996216
523.028564
522.733398
523.092590
524.070129
524.489746
524.118713
524.253479
525.565918
526.874329
527.067017
526.884277
527.475708
528.459351
528.850891
528.808594
529.119934
529.840149
530.429993
530.735291
531.145752
531.833679
532.368042
532.493652
532.816101
533.853699
534.904419
535.046265
534.817566
535.502258
537.013367
537.946533
537.772644
537.580994
538.240356
539.093140
539.378235
539.686890
540.708069
541.768921
542.092957
542.227417
542.860901
543.523376
543.630676
543.694519
544.478516
545.667175
546.267151
546.069031
545.954224
546.598450
547.390869
547.365479
546.911133
547.252014
548.285645
548.732727
548.462463
548.662781
549.582520
550.120361
549.842712
549.616760
549.928040
550.068970
549.623901
549.427368
550.049622
550.609009
550.367493
550.039062
550.305420
550.537048
550.144592
549.710999
549.987915
550.768250
551.225769
550.974548
550.612061
550.889343
551.454346
551.351440
550.667725
550.353210
550.463257
550.219727
549.707397
549.797424
550.372070
550.325623
549.389343
548.564758
548.436829
548.336975
547.628784
546.813171
546.588928
546.601013
546.176636
545.512573
544.954712
544.116821
542.847839
541.970764
541.929016
541.804077
540.717468
539.244324
538.630127
539.117615
539.587646
538.930908
537.480896
536.438538
536.028198
535.463684
534.655457
534.301453
534.276672
533.668518
532.475525
531.662048
531.401489
530.822510
529.761841
529.129944
529.094482
528.657959
527.525940
526.746399
526.867126
526.936829
526.096008
524.976196
524.625488
524.742249
524.150208
522.806763
522.019226
522.475220
523.228149
523.145142
522.470886
522.058655
521.835815
521.224121
520.546448
520.585693
521.060974
520.963318
520.307556
520.161865
520.722900
520.819092
519.981812
519.448914
520.059509
520.754944
520.489868
520.066406
520.623108
521.615051
521.790100
521.195007
520.827393
521.003723
521.231140
521.284485
521.495117
521.995728
522.330078
522.180969
522.070984
522.571289
523.156799
523.007874
522.650818
523.240540
524.430847
524.780151
524.281311
524.452759
525.695251
526.620117
526.489197
526.368774
527.135498
528.066040
528.307861
528.285034
528.674927
529.266724
529.744263
530.435730
531.458679
532.175110
532.113281
531.705017
531.825989
532.742615
533.631104
533.679626
533.497803
534.194092
535.373108
535.742004
535.341492
535.391602
536.142700
536.525269
536.145752
536.039734
536.787415
537.459900
537.365540
537.225159
537.621094
537.885376
537.504456
537.141357
537.362671
537.609131
537.331238
537.079346
537.467957
537.931763
537.588684
536.688904
536.272644
536.701477
537.178528
536.862732
536.089722
535.786194
535.933594
535.771423
535.259277
535.013245
535.050964
534.800598
534.264526
534.115601
534.381836
534.157532
533.206543
532.605896
532.865784
532.900574
531.990356
531.208862
531.506836
531.974365
531.451111
530.433167
529.989258
530.044312
529.838806
529.240417
528.768860
528.651123
528.457275
527.891052
527.471802
527.674011
527.777710
526.818298
525.428162
525.071167
525.530273
525.141846
523.722900
522.961182
523.447937
523.814697
523.277771
522.663025
522.502319
522.253662
521.690918
521.383179
521.549805
521.660522
521.425110
521.342041
521.720886
521.935303
521.434265
520.895203
521.313049
522.382263
522.862732
522.358276
521.828735
522.224731
523.144226
523.434265
522.999329
522.960693
523.739746
524.425110
524.550415
524.865417
525.761108
526.489441
526.567627
526.582886
526.996887
527.434753
527.706055
528.328003
529.376526
529.971069
529.766479
529.840576
530.976074
532.194214
532.332092
532.006897
532.517578
533.797302
534.751404
534.889954
534.804321
535.249390
536.046936
536.344727
536.143250
536.452393
537.484680
538.333313
538.795837
539.506409
540.223450
540.147034
539.761108
540.241333
541.389526
541.967041
541.786804
541.956543
542.942017
543.704468
543.435974
542.944580
543.315125
544.215088
544.716858
544.864990
545.275635
545.890503
546.123535
545.940430
546.033447
546.776062
547.554993
547.677002
547.575562
548.202209
549.358887
549.941895
549.823425
549.992188
550.683044
550.974487
550.579529
550.483643
551.241760
552.000183
551.966309
551.673035
551.864990
552.169861
551.959656
551.593018
551.643433
551.683105
551.156250
550.618652
550.870544
551.560608
551.638000
550.773376
549.727051
549.324219
549.354919
549.000305
548.275818
547.972046
548.113464
547.864746
547.004028
546.222107
545.816284
545.318237
544.546875
543.975342
543.819458
543.592285
542.919739
542.214844
541.862793
541.328247
540.072205
538.820923
538.565247
538.836243
538.421021
537.409302
536.876160
536.786987
536.036682
534.544678
533.532593
533.573425
533.770203
533.197754
532.221985
531.778442
531.801941
531.354309
530.268494
529.364685
528.924622
528.302429
527.338074
526.795776
526.907227
526.806091
526.046448
525.348755
525.153015
524.787842
523.878235
523.231384
523.437744
523.808533
523.562439
523.047241
522.905701
522.904968
522.477173
521.798157
521.609741
522.136780
522.610107
522.272095
521.621887
521.709595
522.285767
522.148315
521.290894
520.911133
521.308716
521.510559
521.072632
520.758911
521.068848
521.358887
521.064758
520.682129
520.789551
521.014160
520.810852
520.571838
520.957336
521.640991
521.862061
521.820862
522.222290
522.825684
522.834778
522.359497
522.370972
523.314331
524.447876
524.845825
524.759277
525.147156
525.964233
526.258057
526.058594
526.410583
527.415894
528.054749
528.069885
528.358521
529.294556
530.075684
530.170715
530.238586
530.894531
531.584351
531.708130
531.887512
532.839478
533.900085
534.081848
533.798096
534.057922
534.680725
534.791443
534.433960
534.465942
535.208130
536.020508
536.260620
536.215271
536.557007
537.092529
537.021545
536.441772
536.390930
537.142883
537.713135
537.557617
537.450623
537.884033
538.028931
537.364746
536.867493
537.304199
537.806702
537.443054
536.842651
536.934509
537.331177
537.187378
536.650391
536.367310
536.272583
535.892090
535.424072
535.514038
536.131409
536.443909
535.901733
535.026855
534.735901
534.914734
534.532227
533.473755
532.945984
533.366089
533.561829
532.898315
532.355713
532.559326
532.608032
531.806274
530.900452
530.606812
530.452271
529.938293
529.527771
529.563354
529.393188
528.520996
527.600647
527.325745
527.218811
526.506042
525.561829
525.379639
525.959290
526.208862
525.449097
524.300232
523.731201
523.699829
523.440918
522.857727
522.614624
522.779785
522.623718
522.038696
521.824585
522.134949
522.085327
521.441162
521.138855
521.529114
521.726257
521.312866
521.174683
521.862366
522.502136
522.270386
521.794922
522.000183
522.552612
522.651001
522.554749
523.086426
524.164307
524.784485
524.403992
523.780518
524.010193
524.936951
525.433289
525.297607
525.543213
526.483032
527.182434
527.228882
527.390564
528.077209
528.713379
529.022156
529.516724
530.311035
530.763367
530.728455
531.012756
531.985168
532.768311
532.625732
532.381592
533.225891
534.642883
535.166748
534.874817
535.121155
536.150208
536.892212
536.809570
536.564270
536.956421
537.830566
538.387512
538.512634
538.850342
539.406494
539.459351
539.133179
539.492371
540.670105
541.378540
540.997131
540.744690
541.768738
543.287598
543.884216
543.669983
543.807312
544.558350
545.225403
545.614014
546.125122
546.703430
547.099670
547.690552
548.762390
549.624817
549.455261
548.605591
548.369446
549.440369
550.910400
551.346985
550.833191
550.875793
552.029785
552.959900
552.538208
551.609070
551.526306
552.122314
552.476990
552.465576
552.308044
551.837830
551.252686
551.306335
551.978882
552.106506
551.070007
549.952637
550.020813
550.643066
550.214539
548.860596
548.271606
548.866211
549.282227
548.654419
547.595215
546.940674
546.677795
546.387573
546.119934
546.049316
545.602112
544.291382
543.058838
543.070557
543.623779
543.044861
541.315186
540.208374
540.544189
540.840210
539.596252
537.748657
537.281799
538.113953
538.268677
536.953125
535.387634
534.554932
534.142029
533.751587
533.339600
532.666931
531.614258
530.720337
530.646851
531.232544
531.404480
530.304993
528.581848
527.820679
528.274048
528.328552
527.057617
525.835022
526.041809
526.747070
526.436279
525.461304
524.976929
524.976624
524.867432
524.694885
524.612427
524.231323
523.428406
522.959839
523.362244
523.893616
523.541443
522.610352
522.172058
522.292908
522.069092
521.232361
520.580444
520.761536
521.349609
521.434570
520.929077
520.656738
520.925598
520.967773
520.385437
519.919312
520.057373
520.242493
520.164856
520.485840
521.476196
522.187378
521.904114
521.381165
521.628235
522.265930
522.336670
522.192261
522.896606
524.112549
524.518982
524.135437
524.272034
525.252563
525.970215
525.741211
525.332642
525.847534
527.115967
527.907898
527.856445
527.990601
528.833374
529.524475
529.594849
529.835327
530.581665
531.019043
530.956543
531.420776
532.692871
533.505310
533.114197
532.636902
533.281860
534.389648
534.542847
533.994934
534.342346
535.853394
536.950195
536.681824
535.981079
535.885620
536.198425
536.415833
536.621399
536.976257
537.199036
537.077820
537.079956
537.700195
538.308838
537.850464
536.813721
536.795471
537.856812
538.269775
537.330627
536.568054
537.324097
538.601624
538.535339
537.154114
536.186340
536.393494
536.798035
536.638000
536.361450
536.357544
536.361206
536.326294
536.381287
536.041687
534.960449
533.984375
534.148010
535.151489
535.690430
534.948669
533.545105
532.895264
533.308411
533.421143
532.301147
530.965271
530.672668
530.970764
530.757324
530.197449
529.993591
529.760254
528.863892
527.899292
527.572327
527.218018
526.168457
525.362976
525.764099
526.401123
525.838257
524.545471
524.001404
524.255493
524.098450
523.193909
522.510803
522.712219
523.195923
523.032654
522.328003
522.026611
522.376953
522.555420
522.119263
521.666382
521.590027
521.390503
520.798889
520.551758
521.253296
522.205627
522.371216
521.960083
521.886292
522.163025
522.142761
521.974182
522.392700
523.214478
523.528198
523.416992
523.832153
524.684082
524.877686
524.375244
524.406067
525.443665
526.456970
526.436890
525.788086
525.770081
526.794739
527.929565
528.352173
528.426941
528.755005
529.190918
529.470154
529.879883
530.600342
531.144226
531.250183
531.583008
532.494141
533.096497
532.823975
532.707031
533.624817
534.632446
534.515869
533.948853
534.487000
536.053040
537.052368
536.893738
536.647644
537.128906
537.884460
538.259216
538.297241
538.454041
538.956238
539.599121
540.266541
541.215576
542.246399
542.498962
542.057007
542.386597
544.018921
545.388000
545.290344
544.825562
545.579956
547.242310
548.286682
548.228455
548.046753
548.563965
549.434387
549.989380
550.237122
550.511047
550.880005
551.346741
551.969055
552.526672
552.508179
551.778503
551.145142
551.597473
552.693115
552.824829
551.698669
551.029114
551.884521
552.962952
552.627380
551.340759
550.769348
551.265686
551.655701
551.228882
550.530029
550.135681
550.007507
550.120667
550.379639
550.021545
548.576538
547.165588
547.210510
548.100342
547.974854
546.669434
545.828369
546.023315
546.046143
545.187012
544.148987
543.629639
543.467712
543.182373
542.661377
542.201111
541.839355
541.120972
540.066833
539.515869
539.640808
539.294128
537.854553
536.584167
536.741394
537.376221
536.705078
534.990967
534.094788
534.486877
534.703979
533.838501
532.680908
532.132751
532.064392
532.044128
531.970825
531.634583
530.721008
529.559326
529.035950
529.491150
530.124084
529.774292
528.416443
527.381409
527.453186
527.597412
526.709167
525.444458
524.913696
524.905945
524.645447
524.137390
523.739319
523.306580
522.660217
522.248901
522.359802
522.289673
521.447449
520.653137
520.920593
521.572021
521.172791
519.919434
519.425171
520.166931
520.792053
520.243896
519.190613
518.924072
519.667847
520.491272
520.696594
520.673035
520.878174
520.922180
520.665527
520.928467
521.897400
522.381775
521.812805
521.477966
522.558777
524.141846
524.496887
523.692932
523.387207
524.195312
525.061890
525.267273
525.314575
525.756042
526.496033
527.287964
527.993042
528.401794
528.344727
528.026123
528.076843
528.966736
530.140076
530.423462
529.893188
530.160339
531.823181
533.266174
533.131348
532.300232
532.342712
533.282959
534.004211
534.084045
534.049561
534.245361
534.681580
535.528137
536.582703
536.884216
536.102600
535.503357
536.253296
537.462952
537.400757
536.223633
535.826782
536.880310
537.875061
537.626221
536.890930
536.788940
537.183472
537.382935
537.361572
537.516235
537.724121
537.474182
536.962036
537.088135
537.910950
538.189331
537.268555
536.314148
536.504333
536.982971
536.308411
535.072449
534.934875
535.754150
535.941833
535.076904
534.185303
533.789856
533.397400
532.758789
532.268921
532.021484
531.635681
531.136230
531.042969
531.455383
531.699646
531.049622
529.763916
528.998657
529.142883
529.075439
528.034546
527.025208
527.076538
527.477661
527.095520
526.224976
525.793274
525.689636
525.207031
524.486084
524.167297
524.099243
523.712646
523.332581
523.641663
524.077576
523.516907
522.386230
522.121948
522.650574
522.515503
521.489746
521.029541
521.935852
523.136475
523.266418
522.482117
521.948608
522.040771
522.041199
521.603882
521.371033
521.699463
521.952942
521.802368
522.021484
522.996155
523.691650
523.269043
522.587952
522.793945
523.422485
523.345825
522.859619
523.168152
524.304810
525.099731
525.024231
524.791687
525.073730
525.614136
526.005249
526.441467
527.118164
527.583008
527.432251
527.234436
527.922485
529.282837
530.025269
529.776245
529.780823
530.805908
531.852112
532.000854
532.029968
532.985779
534.411560
535.234009
535.498962
536.026367
536.914978
537.557983
537.869629
538.346741
539.070801
539.673462
540.255066
541.248352
542.321594
542.643494
542.410583
542.804199
544.180847
545.379700
545.282349
544.449036
544.480469
545.798584
547.086731
547.365295
547.262268
547.631226
548.320862
548.876160
549.276978
549.596313
549.701538
549.686829
550.121948
551.212952
551.923950
551.192688
549.950623
550.130920
551.611023
552.357849
551.674683
550.990723
551.301453
551.984314
552.274658
552.220398
551.964905
551.421936
550.839172
550.754456
551.214905
551.533386
551.086548
550.257507
550.132568
550.922119
551.352112
550.468628
549.255798
549.119690
549.623047
549.365234
548.406921
547.972473
548.219971
548.142456
547.392395
546.620239
546.156677
545.686218
545.165283
544.977295
545.010010
544.651062
544.001526
543.901611
544.312805
544.170471
543.102661
541.996338
541.750183
542.131470
542.006897
540.876099
539.748047
539.619873
539.902100
539.537659
538.619751
537.803162
537.114258
536.215088
535.270142
534.716919
534.409424
533.810547
533.032715
532.671997
532.401306
531.234924
529.534607
528.771545
528.947815
528.486023
527.025024
526.014282
526.125000
526.209290
525.335144
524.122864
523.523865
523.536621
523.583618
523.316650
522.834717
522.381775
521.912292
521.369324
521.208313
521.651672
521.779785
520.805786
519.661499
519.626404
520.172668
519.992920
519.329834
519.381165
520.034119
520.123047
519.576599
519.445923
519.948120
520.194397
519.924133
519.892517
520.399353
520.784119
520.599731
520.412354
520.973206
521.874573
521.951355
521.224609
521.135315
522.183777
522.972778
522.556274
522.074097
522.872437
524.360657
525.072205
524.935669
524.976074
525.421387
525.647278
525.642090
526.024475
526.737061
527.164490
527.478027
528.330017
529.358826
529.634277
529.400208
529.735840
530.702271
531.212158
530.710999
530.095032
530.633118
532.240601
533.452515
533.360413
532.709106
532.580994
532.978760
533.421143
533.932312
534.616089
535.067505
535.046387
535.084106
535.627197
536.121399
535.949890
535.706970
536.263550
537.136536
537.256714
536.847900
537.005493
537.722107
537.896912
537.282166
536.926880
537.349854
537.722046
537.408875
536.963074
537.082825
537.555481
537.650085
537.184998
536.773438
536.797180
536.698181
536.078613
535.672607
536.000122
536.197327
535.525696
534.777832
534.853638
535.073181
534.332825
533.077515
532.612976
532.928589
532.815247
531.994995
531.447449
531.494202
531.270264
530.425354
529.789917
529.746582
529.547974
528.838135
528.314636
528.434021
528.673035
528.320740
527.472412
526.944336
527.054565
526.948364
525.961426
524.905579
524.788086
525.124329
524.799988
523.974243
523.734436
524.073059
523.864319
522.950439
522.365845
522.324524
522.054688
521.655823
521.938477
522.557312
522.395630
521.648376
521.585510
522.235657
522.249207
521.282715
520.732239
521.568970
522.842041
523.015198
522.041504
521.353699
521.816040
522.624817
522.815796
522.672241
522.816833
523.100769
523.252319
523.613220
524.397766
525.014038
524.906128
524.634583
525.177673
526.316162
526.879395
526.656860
526.663940
527.308960
527.812195
527.830139
528.085327
528.916931
529.601807
529.631775
529.590210
530.164001
530.990906
531.229614
530.959351
531.085938
531.811951
532.288269
532.222961
532.585205
533.902100
535.126160
535.284180
535.074585
535.631226
536.674561
537.141968
537.038452
537.364014
538.455627
539.607056
540.382568
541.069641
541.682373
541.819031
541.781250
542.465454
543.826233
544.750183
544.923523
545.357300
546.653015
548.064575
548.599426
548.202393
547.739380
547.992676
548.665894
548.980164
549.152771
549.954773
551.049683
551.478271
551.362976
551.472534
551.662659
551.384216
551.086914
551.519470
552.165405
552.034058
551.546265
551.861328
552.717163
552.761963
551.808960
551.085205
551.219055
551.477722
551.256104
551.028259
551.316284
551.756104
551.681946
551.062988
550.507385
550.348022
550.027100
549.130371
548.505005
548.922424
549.386230
548.592896
547.172058
546.620789
546.846069
546.536865
545.473083
544.729187
544.636169
544.305725
543.428589
542.769226
542.513733
541.940186
541.002258
540.487061
540.378174
539.742493
538.534424
537.904053
538.223938
538.409729
537.553894
536.031067
534.900574
534.771851
535.088623
534.778931
533.797424
533.027954
532.659668
532.093689
531.283875
530.734985
530.401123
529.844360
529.322937
529.421814
529.718384
529.239807
528.224487
527.815857
528.012024
527.657471
526.586243
526.018677
526.439392
526.741150
526.130310
525.389893
525.316895
525.265747
524.373840
523.128052
522.612793
522.885681
523.038330
522.660034
522.391541
522.728455
523.000854
522.350647
521.207336
520.627991
520.596802
520.268860
519.678528
519.754883
520.583069
521.101746
520.816833
520.463989
520.545410
520.569641
520.328491
520.458130
521.106506
521.510315
521.459595
521.786072
522.721558
523.201355
522.565308
521.666870
521.651550
522.556458
523.516357
523.882996
523.968201
524.541687
525.591797
526.334106
526.587708
526.906555
527.287292
527.234497
527.162598
527.987976
529.285706
529.765381
529.552673
529.954041
531.084595
531.735718
531.547180
531.505127
532.197205
533.012695
533.317810
533.404236
533.775208
534.246399
534.450378
534.618713
535.193481
535.996521
536.318665
535.926331
535.603027
536.079163
536.780273
536.759155
536.394348
536.660461
537.335571
537.538147
537.388367
537.595642
537.994202
537.870789
537.337341
537.234131
537.694031
537.897766
537.558838
537.507812
538.078430
538.255737
537.442017
536.666992
536.829712
537.174377
536.727783
535.964417
535.884888
536.397095
536.598389
536.153625
535.652405
535.626343
535.694153
535.148254
534.240784
533.910767
534.156067
533.975281
533.183899
532.731323
532.870911
532.684570
531.804932
531.045837
530.888062
530.691223
529.966003
529.229980
528.849609
528.307800
527.413818
526.939514
527.146912
527.073364
526.175476
525.416992
525.731628
526.431702
526.080933
524.493469
523.103210
523.096558
523.768494
523.648621
522.808472
522.532593
522.990479
523.035828
522.303406
521.695374
521.675720
521.705322
521.573730
521.704163
521.964661
521.762512
521.378296
521.618530
522.157288
521.889038
520.945923
520.804504
522.011658
523.183228
523.063965
522.466675
522.884460
524.134460
524.820618
524.480286
523.942871
523.942871
524.353516
524.795349
525.330933
526.066528
526.553345
526.441711
526.402344
527.291260
528.558533
528.830322
528.173401
528.215454
529.593567
530.925964
531.049438
530.689453
530.972778
531.741699
532.320862
532.738586
533.252808
533.708435
534.079163
534.663086
535.320129
535.431763
534.818298
534.177551
534.514648
536.002502
537.421570
537.551941
537.041199
537.543762
539.079529
539.979492
539.603088
539.294861
540.112000
541.311829
541.930298
542.225159
542.694397
543.177429
543.628174
544.388428
545.281799
545.650208
545.602905
546.067078
547.289429
548.284058
548.335083
548.114319
548.687683
550.008179
551.005981
551.004578
550.557312
550.556274
550.972290
551.228394
551.364990
551.692749
551.801086
551.328796
551.118896
552.057800
553.246460
553.013489
551.520020
550.727722
551.486267
552.293945
551.795227
550.855774
550.779846
551.127319
550.853088
550.134766
549.659058
549.374573
549.015442
548.793945
548.721008
548.210938
547.067749
546.138550
546.358398
547.352478
547.552185
546.187500
544.576172
544.329712
544.922485
544.622070
543.245422
542.239929
542.212341
542.096313
541.163513
540.190552
539.803284
539.395081
538.589966
537.993469
537.701782
537.003235
535.992065
535.584534
535.715637
535.268188
533.955017
532.903015
532.966125
533.528870
533.493286
532.671631
531.769165
531.457520
531.593689
531.397949
530.628906
529.955566
529.689087
529.352173
528.898560
528.772034
528.697632
527.997192
526.967773
526.531372
526.643555
526.291870
525.212891
524.434692
524.569092
524.754517
524.160889
523.304260
522.860291
522.471924
521.753784
521.239319
521.345642
521.458374
520.876770
519.980530
519.776794
520.471252
521.056213
520.687683
520.010437
520.163208
520.834229
520.751038
519.954712
519.835022
520.712280
521.310425
521.103394
521.102966
521.714172
522.000549
521.690857
521.798340
522.661865
523.262634
523.017883
522.766724
523.367737
524.402649
525.016418
525.276062
525.710510
526.133240
526.094971
525.925049
526.332458
527.360413
528.215332
528.219299
527.899231
528.431885
529.753540
530.487488
530.183228
529.998779
530.690186
531.538696
531.860596
532.126526
532.853516
533.627502
533.997498
534.213684
534.493042
534.539124
534.366272
534.661438
535.579895
536.153625
535.865784
535.751953
536.717407
537.828247
537.721436
536.700745
536.146301
536.618164
537.447144
537.808472
537.614990
537.316223
537.156799
537.112366
537.396851
538.108032
538.483337
537.781128
536.760132
536.838562
537.788452
537.921204
536.778992
535.941101
536.495483
537.339966
537.073425
536.166443
535.842468
536.026978
535.894470
535.440186
535.091675
534.672424
533.986633
533.569397
533.866211
534.335327
534.005798
532.696411
531.410522
531.197510
531.640198
531.371338
530.237671
529.529053
529.719971
529.720398
528.899780
528.067078
527.768005
527.425171
526.749023
526.285583
526.141357
525.692200
524.845764
524.373535
524.551331
524.538269
523.683594
522.836609
523.270508
524.312256
523.948853
522.295593
521.589966
522.251953
522.703979
522.725830
522.843079
522.242798
520.874939
520.509033
521.615295
522.559875
522.301208
521.335144
520.779419
521.539001
523.017822
523.320618
522.058960
521.297546
522.356323
523.725891
523.638855
522.809875
522.951477
524.078674
524.919250
525.005371
524.883545
524.965881
525.320374
526.082520
527.167053
527.979858
527.987061
527.440308
527.313110
528.267090
529.557129
529.811707
529.236267
529.500305
530.973267
532.074707
531.962097
531.754089
532.318176
532.955261
533.314453
534.170837
535.436218
536.014709
535.947876
536.262207
536.985596
537.202759
536.713928
536.598145
537.814575
539.427856
539.664429
538.891541
539.096619
540.570190
541.654114
541.487549
540.978516
541.131836
541.766846
542.216614
542.483276
543.004028
543.674377
544.004700
544.106689
544.612915
545.532593
546.048035
545.912292
546.077087
547.126465
548.099060
548.020874
547.618164
548.123474
549.224609
549.743713
549.638184
549.748047
550.191711
550.553528
550.934387
551.547913
551.844055
551.201538
550.173401
550.129272
551.426147
552.622925
552.254639
550.934143
550.550110
551.504028
552.143188
551.390015
550.319824
550.130554
550.346802
550.204651
550.012207
549.987366
549.555847
548.628784
548.000732
547.925110
547.621948
546.676086
545.872620
545.873779
545.945801
545.080261
543.809326
543.413452
543.724548
543.449402
542.320312
541.307922
541.012451
540.994995
540.595276
539.807312
539.130432
538.654907
537.932129
537.020386
536.587524
536.538513
535.899658
534.572266
533.714844
533.736389
533.490417
532.210571
530.829163
530.449890
530.652283
530.312012
529.356201
528.608887
528.312500
527.941650
527.390137
527.043823
526.698181
525.791382
524.652161
524.259949
524.781433
525.273743
524.913696
524.062500
523.781494
524.262573
524.505798
523.961121
523.363342
523.332397
523.361206
522.979553
522.704529
522.938599
523.086914
522.666321
522.240601
522.262207
522.126953
521.457764
521.088684
521.584900
521.975342
521.280640
520.293945
520.432983
521.516174
521.996948
521.187744
520.103394
519.903564
520.484375
521.077820
521.461609
521.864624
522.187500
522.148010
522.009644
522.392822
523.196533
523.521362
523.204346
523.374817
524.534119
525.474121
525.353149
525.241394
526.197083
527.388245
527.578735
527.212097
527.545898
528.565979
529.269775
529.496826
529.918030
530.537354
530.833618
531.065308
531.865662
532.908264
533.265991
532.788208
532.344666
532.786621
533.935730
534.752441
534.675598
534.428284
534.878296
535.639709
535.814880
535.585022
535.778076
536.372437
536.798645
537.055542
537.325134
537.325012
537.031433
537.083008
537.689941
538.019653
537.460571
536.777527
537.081726
538.038818
538.316895
537.534424
536.632507
536.506775
536.994690
537.283386
537.094971
536.971313
537.096741
536.862488
536.237976
536.102966
536.519714
536.388245
535.441284
534.934082
535.473755
535.817749
534.955322
533.823547
533.690857
534.130615
533.900513
532.985779
532.438416
532.577087
532.642944
532.211853
531.643005
531.048157
530.203552
529.454102
529.471313
530.125061
530.339661
529.271179
527.523682
526.647095
527.009583
527.240295
526.473938
525.592773
525.405518
525.333740
524.698364
523.926880
523.679932
523.723083
523.395020
522.737732
522.346008
522.306030
522.202698
522.035950
522.080322
522.064636
521.593445
521.153931
521.466614
522.102417
522.042114
521.359619
521.075806
521.543335
522.071350
522.070129
521.807434
521.922852
522.440125
522.699402
522.543152
522.742065
523.554993
523.999268
523.613892
523.524231
524.456726
525.335693
525.214539
524.920410
525.463440
526.347839
526.759705
527.081299
527.901611
528.647522
528.633850
528.558350
529.379944
530.577087
531.064880
531.049072
531.578003
532.769653
533.599670
533.418640
532.945251
533.335083
534.527649
535.335144
535.324219
535.520630
536.615479
537.679443
537.766846
537.619019
538.327271
539.449158
539.996216
540.182678
540.675354
541.183228
541.210327
541.278625
542.139221
543.369446
543.922668
543.809265
544.041443
544.874268
545.387024
545.213806
545.220825
545.855652
546.330017
546.106445
545.901123
546.458923
547.281921
547.412354
547.011475
547.148499
547.981995
548.416016
548.020508
547.849792
548.677734
549.634338
549.615173
549.070862
549.193237
549.906555
550.148926
549.848816
549.982056
550.682861
551.004944
550.654297
550.424438
550.657410
550.774841
550.599121
550.678406
551.071167
551.122131
550.570435
550.015259
550.115723
550.649780
550.679565
549.865112
549.018860
548.793457
548.693665
548.211548
547.812134
547.790955
547.332458
545.933899
544.653442
544.590576
545.012329
544.448120
543.025574
542.163696
542.173523
541.931274
541.045471
540.352417
540.004333
539.178284
537.939087
537.370972
537.545593
537.216431
535.864807
534.519470
534.198792
534.530640
534.363770
533.402283
532.543030
532.358032
532.141846
531.224243
530.223572
529.918640
529.813843
529.013245
527.860352
527.331604
527.238708
526.615112
525.598755
525.189331
525.402649
525.253418
524.470093
523.759888
523.436279
523.109802
522.763489
522.812744
523.033997
522.656067
521.600952
520.696655
520.708008
521.455261
521.857605
521.283508
520.573425
520.751282
521.332703
521.307861
520.930237
520.974182
521.201477
520.998535
520.683533
520.878662
521.249878
521.133179
520.872986
521.258179
521.973572
521.946167
521.279480
521.240479
521.985352
522.241089
521.809631
522.027100
523.135193
523.755737
523.330444
522.813904
523.021606
523.783081
524.445740
524.647034
524.759460
525.245056
525.765747
525.878296
526.035339
526.760620
527.592651
527.909607
528.077271
528.704651
529.411133
529.523682
529.492554
530.254822
531.504211
532.082458
531.957092
532.252136
533.247437
533.899658
533.780518
533.857422
534.648926
535.278992
535.143921
534.932068
535.330872
535.953613
536.105225
535.859436
535.917236
536.492065
536.919617
536.777832
536.748413
537.504456
538.308838
537.992188
536.990234
536.753479
537.369507
537.629639
537.237915
537.033447
537.216003
537.137817
536.719482
536.578247
536.738220
536.577026
536.104187
535.980103
536.137634
535.766296
534.771179
534.080017
534.394836
535.233459
535.338562
534.256287
533.157532
533.174866
533.645386
533.280029
532.172058
531.380432
531.346375
531.565796
531.489441
531.151184
530.692139
529.926331
529.074097
528.879700
529.133972
528.651367
527.461304
526.950562
527.328735
527.346558
526.656250
526.195251
526.275635
526.141418
525.365051
524.516235
524.286194
524.577515
524.738342
524.484497
524.181641
524.102295
523.855042
523.109131
522.484253
522.683533
523.127808
522.781067
522.033752
522.135681
522.946533
523.063538
522.216370
521.640137
521.917480
522.232239
521.993225
521.663879
521.716309
521.929077
522.046997
522.307556
522.683533
522.485352
521.661316
521.518433
522.900940
524.565063
524.684448
523.425293
522.736633
523.632385
524.899963
525.096863
524.679138
524.993103
526.097229
527.001892
527.459351
527.982300
528.511169
528.627502
528.836548
529.945923
531.375732
531.824524
531.543274
532.065796
533.602112
534.661804
534.608582
534.610840
535.508972
536.516663
536.756470
536.731995
537.379639
538.512695
539.202454
539.342529
539.715088
540.514954
541.012573
541.024231
541.417603
542.486023
543.181152
542.928406
542.866028
544.096130
545.728455
546.083313
545.348206
545.384888
546.769287
547.892212
547.651184
547.110291
547.590698
548.835754
549.833557
550.183899
550.037415
549.653137
549.535767
550.170715
551.167786
551.475159
550.765137
549.988464
550.287659
551.576843
552.455872
551.931519
550.922241
551.012329
551.983459
552.250122
551.494690
550.999512
551.373047
551.735596
551.365356
550.719238
550.433777
550.394897
550.281372
550.222229
550.139465
549.459412
548.407227
548.212524
549.004944
549.217896
548.081116
546.924683
546.964661
547.396057
546.844910
545.551575
544.930664
545.526855
546.335754
546.162842
545.092773
544.170044
543.867920
543.725586
543.410950
543.077332
542.647339
541.922241
541.319214
541.351685
541.430786
540.537842
539.095947
538.587158
539.025085
538.801636
537.420471
536.244507
536.056458
535.926453
534.933228
533.504333
532.604004
532.457825
532.455017
532.047302
531.353638
530.659851
529.763672
528.525635
527.586182
527.408691
527.227966
526.308655
525.429504
525.513000
525.757812
524.795227
523.003418
522.092773
522.562317
523.040588
522.459290
521.526672
521.331726
521.618286
521.476501
520.881226
520.368835
520.003113
519.794189
520.108948
520.662231
520.471741
519.589844
519.284058
520.136597
521.248047
521.330811
520.092529
518.817566
519.065430
520.501099
521.328918
521.028809
520.808289
521.321899
521.799866
521.648682
521.372437
521.516907
521.923950
522.470398
523.332275
524.129456
524.103943
523.611450
524.005920
525.409363
526.125366
525.274109
524.487122
525.515442
527.524353
528.470337
527.982910
527.356812
527.523132
528.176147
528.666199
529.028870
529.696350
530.537781
531.041504
531.300964
531.750977
532.158081
532.028442
531.851379
532.628418
534.046448
534.591553
533.966553
533.724854
534.721558
535.725281
535.567139
534.918579
534.959290
535.670898
536.331848
536.741638
537.056335
537.046570
536.563782
536.280701
536.902649
537.930115
538.132202
537.233337
536.452454
536.964722
538.177185
538.456482
537.529907
536.834534
537.186584
537.672363
537.441772
536.997437
536.891907
536.760315
536.426941
536.435181
536.733337
536.307312
535.021851
534.364685
535.069153
535.599487
534.669739
533.451111
533.383362
533.751038
533.256409
532.210999
531.682495
531.761047
531.685547
531.067261
530.393127
530.232178
530.267761
529.813354
529.082397
528.799133
528.740479
528.074890
526.999023
526.549377
526.822632
526.804504
526.101440
525.514709
525.531921
525.504089
524.890564
524.179810
523.932434
523.875549
523.586731
523.338379
523.475342
523.480164
522.749329
521.951172
522.239258
523.313904
523.608215
522.480957
521.191528
521.216370
522.175171
522.476318
521.796814
521.300720
521.421936
521.450989
521.334839
521.776489
522.520264
522.593018
522.164062
522.328125
523.153503
523.559204
523.176331
523.015076
523.818665
524.796753
524.893005
524.522156
524.810852
525.707153
526.245605
526.269592
526.506042
527.160278
527.638733
527.690735
527.907715
528.728699
529.585449
529.749207
529.618103
530.128174
531.160461
531.757446
531.782898
532.126953
533.175537
534.128357
534.306274
534.205994
534.558594
535.190735
535.678894
536.283630
537.215271
537.813049
537.600403
537.362122
537.940674
538.735107
538.739258
538.408386
538.911011
540.166077
541.037720
541.011169
540.685059
540.832397
541.481445
542.061157
542.313660
542.564087
542.974487
543.342163
543.824585
544.822144
545.928284
546.148865
545.630859
545.772644
546.961182
547.853943
547.705139
547.623962
548.572937
549.736816
550.014038
549.796875
550.089294
550.780518
551.074646
550.974487
551.106873
551.485291
551.608398
551.512878
551.713379
552.183838
552.253296
551.665161
551.185547
551.584656
552.206665
551.731018
550.414429
549.972839
550.883606
551.570374
550.794556
549.375916
548.747314
548.930847
548.917114
548.360413
547.729797
547.281250
546.950378
546.797668
546.671936
546.011658
544.805420
544.052856
544.250610
544.316040
543.185425
541.564697
540.972290
541.664795
542.316833
541.556885
539.608459
538.196533
538.356506
538.935486
538.263794
536.555908
535.294739
535.021484
535.121338
534.995483
534.309570
532.983032
531.660400
531.322937
531.729065
531.353027
529.699158
528.405884
528.713318
529.254822
528.201111
526.309570
525.655334
526.320984
526.406494
525.026917
523.448059
523.013306
523.497742
523.870178
523.639709
523.027771
522.394531
521.964539
521.961975
522.374207
522.442566
521.405090
520.016846
519.824219
520.773438
521.217407
520.459045
519.684143
519.912842
520.421082
520.069580
519.304871
519.436707
520.343628
520.686584
520.245056
520.090881
520.601501
521.090332
521.212036
521.360474
521.748596
521.932373
521.584473
521.298950
521.820557
522.724243
522.918335
522.318115
522.057983
522.807983
523.651367
523.519409
523.107910
523.723083
524.906311
525.290283
524.980713
525.012817
525.542114
526.135254
526.677856
527.090759
527.176392
527.155579
527.651855
528.861084
530.027710
530.216370
529.598755
529.422119
530.419067
531.736267
532.070312
531.676453
532.049744
533.441101
534.416382
534.280090
534.009155
534.480957
535.306946
535.693787
535.605103
535.628174
535.947754
536.233093
536.557983
537.187622
537.564453
537.215576
537.012695
537.657715
538.148987
537.547241
536.770813
537.038940
537.863281
537.980652
537.295105
536.806458
537.137207
537.759705
537.686523
536.823547
536.216370
536.488464
536.875183
536.702698
536.478638
536.451843
535.941711
535.026428
534.856750
535.453003
535.368103
534.226624
533.441162
533.771729
534.114380
533.488342
532.663635
532.700012
533.093201
532.729797
531.819519
531.410339
531.541504
531.389221
530.823303
530.493042
530.551697
530.344543
529.483093
528.568054
528.431091
528.776978
528.409241
527.193359
526.478271
526.844238
527.045593
526.090942
524.865479
524.651672
525.203430
525.232544
524.330627
523.416992
523.184204
523.215454
523.035400
522.696655
522.096130
521.203796
520.897583
521.809875
522.759094
522.209351
520.784180
520.388123
521.343567
522.206055
522.080200
521.575256
521.571289
522.044617
522.372925
522.345459
522.354858
522.582092
522.691711
522.602722
522.847351
523.650513
524.354797
524.499634
524.675964
525.336060
525.812012
525.673096
525.785522
526.779480
527.787537
527.923096
527.840637
528.592224
529.762878
530.113708
529.750610
530.048889
531.421692
532.683777
532.812622
532.255066
532.192505
533.001404
533.936890
534.400330
534.764099
535.428223
535.992981
536.074036
536.171997
536.935364
538.034241
538.695190
538.960693
539.337891
539.737183
539.913269
540.293335
541.250488
542.124756
542.075745
541.594666
541.930786
543.043518
543.646484
543.437744
543.471802
544.153931
544.636597
544.404968
544.145630
544.668091
545.644348
546.077820
545.906250
546.057129
546.746704
547.141663
547.020142
547.211365
548.091858
548.874512
548.917114
548.792053
549.268677
549.907959
549.883667
549.565674
549.890381
550.658875
550.944153
550.793640
551.009521
551.445740
551.216797
550.511475
550.446716
551.085388
551.320557
550.676453
549.925598
549.951111
550.652649
551.033447
550.448120
549.496033
549.045532
548.896912
548.499695
548.137207
548.144958
547.970215
547.228638
546.537537
546.254395
545.673096
544.479980
543.661987
543.844177
544.021667
543.142578
541.747192
540.987305
540.865967
540.429688
539.379517
538.471802
538.123474
537.747620
536.991333
536.440674
536.416199
536.265564
535.398132
534.181152
533.414734
533.239319
532.935791
532.059753
531.284546
531.184326
530.927246
529.670349
528.295837
527.989502
528.182312
527.618958
526.547363
526.158142
526.466675
526.258362
525.107422
524.040771
523.859497
524.036377
523.853149
523.440002
523.080017
522.533386
521.724426
521.210083
521.336975
521.569885
521.239502
520.614136
520.589722
521.266052
521.567932
520.834045
519.992737
520.177979
520.887207
520.882263
520.363464
520.536133
521.321411
521.480957
520.934509
520.814331
521.354675
521.713745
521.632690
521.567383
521.638306
521.708008
522.039612
522.777161
523.235168
522.788635
522.042480
522.039795
522.941223
524.074646
524.563721
524.104858
523.668945
524.308716
525.333740
525.491028
525.201233
525.561462
526.355225
526.851379
527.251526
527.922058
528.411621
528.316833
528.231018
528.870605
529.887512
530.503235
530.874451
531.628784
532.418030
532.363647
531.820618
532.091003
533.266785
534.044434
533.898376
533.768066
534.400208
535.377258
535.953003
535.973572
535.843384
535.877563
535.967712
536.116333
536.700012
537.555908
537.703369
536.875854
536.348206
537.049927
537.881531
537.413391
536.296387
536.242065
537.363525
538.194763
537.902771
537.142334
536.752502
536.660034
536.510193
536.426086
536.403198
536.050049
535.587158
535.846741
536.797852
537.188110
536.061584
534.122253
533.179810
533.959229
534.921082
534.299072
532.794800
532.429993
533.209900
533.282532
532.154114
531.142090
530.879944
530.801453
530.688171
530.664795
530.319580
529.408936
528.714905
528.920898
529.279114
528.660706
527.476868
527.143799
527.747620
527.859375
526.904053
526.113892
526.536926
527.384094
527.109131
525.570068
524.300232
524.439270
525.225769
525.259338
524.444397
523.641785
523.265991
523.205505
523.372803
523.483765
523.022583
522.104980
521.787109
522.584595
523.241943
522.322083
520.634460
520.338745
521.738892
522.835144
522.332886
521.323853
521.294067
521.978577
522.220764
521.968262
522.088745
522.648987
522.802246
522.495422
522.809082
523.999939
524.742737
524.318665
523.978027
524.842163
526.014587
526.281982
526.249329
527.094177
528.393494
528.799805
528.253479
528.079041
528.978394
530.170288
530.847351
531.272339
531.864014
532.448853
533.079651
534.117859
535.056335
535.025269
534.638550
535.346863
536.958008
537.840881
537.387878
536.665466
536.973755
538.515564
540.135986
540.562195
540.133362
540.340454
541.492676
542.411255
542.581299
542.744263
543.267700
543.773560
544.314148
545.163452
545.797180
545.707825
545.642639
546.554749
547.837646
548.056824
547.323120
547.350525
548.723999
549.843994
549.512268
548.822571
549.248779
550.407227
550.947327
550.580994
550.168213
550.288330
550.611938
550.757690
550.986511
551.490417
551.665405
551.074158
550.426025
550.536438
550.905396
550.547241
549.788940
549.837463
550.594788
550.646606
549.712769
549.230530
549.843323
550.299744
549.652039
548.785339
548.709045
548.963440
548.827454
548.561340
548.444519
548.145203
547.626343
547.341919
547.448425
547.583069
547.166687
546.089966
545.281921
545.557373
545.988342
545.081665
543.364380
542.779419
543.520935
543.702576
542.447144
541.088013
540.704956
540.661987
540.236572
539.734253
539.263489
538.298889
537.064941
536.516296
536.455322
535.674866
534.162598
533.238403
533.325012
533.218201
531.922363
530.120300
529.251648
529.640930
530.188354
529.833557
528.707764
527.623413
526.957153
526.563354
526.436035
526.495544
526.009399
524.537720
523.189087
523.346924
524.324402
524.077881
522.305664
520.969360
521.389465
522.515198
522.673157
521.654907
520.375977
519.610413
519.711609
520.588196
521.396729
521.052368
519.515503
518.116028
518.294250
520.049438
521.659851
521.411560
519.766113
518.780273
519.325378
520.411133
521.102905
521.307251
521.039612
520.588867
520.830261
522.049622
523.045593
522.535400
521.236572
521.253418
523.031677
524.508911
524.213196
523.380005
523.687866
524.738098
525.286926
525.361938
525.731262
526.483948
527.185425
527.645447
527.969604
528.195923
528.188721
528.089355
528.550415
529.788269
530.782471
530.612854
530.170105
530.995911
532.696228
533.352539
532.510681
531.842529
532.535095
533.740112
534.217834
534.136597
534.337341
534.814636
535.125122
535.448059
535.930176
535.931763
535.332214
535.334045
536.528076
537.503845
537.026123
536.204834
536.726807
538.160339
538.714294
537.832825
536.732910
536.665100
537.471313
538.036072
537.831970
537.357178
537.036621
536.812683
536.842529
537.263733
537.351685
536.401855
535.296326
535.628662
537.175842
537.739258
536.144287
534.116272
533.872131
535.045349
535.619629
534.818054
533.540466
532.788940
532.767395
533.108582
533.389893
533.202759
532.120789
530.536316
529.931824
530.843933
531.582825
530.580627
528.715698
527.929199
528.596252
529.289368
528.733032
527.330811
526.385986
526.312256
526.496643
526.401550
525.850281
524.939270
524.334839
524.681641
525.291077
524.721191
523.099243
522.399963
523.547546
524.673950
523.755737
521.739929
521.071655
522.221802
523.504944
523.506836
522.407410
521.300171
520.941406
521.345825
522.114929
522.578491
522.161377
521.287842
521.150208
522.101807
523.019287
522.674194
521.528870
521.473450
523.071472
524.270935
523.428528
522.063354
522.422424
523.988525
524.707825
524.218872
523.804932
524.231995
525.141724
525.968140
526.387695
526.227539
525.646912
525.348206
526.048096
527.480652
528.375183
528.006653
527.398743
528.064514
529.738525
530.613464
530.040527
529.533447
530.420776
531.925659
532.678589
532.730469
532.932983
533.502625
534.239807
535.109253
535.789673
535.713440
535.287048
535.882935
537.726196
539.099854
538.799011
538.109375
538.915833
541.003235
542.548767
542.508362
541.605774
541.335266
542.331787
543.810730
544.727600
544.945679
544.926575
545.026184
545.563599
546.712036
547.875366
548.103821
547.697327
548.068787
549.422058
550.214966
549.680054
549.120789
549.823608
551.106201
551.497925
550.974976
550.820557
551.575562
552.394287
552.494446
552.149414
551.943604
551.910278
551.828918
551.869751
552.210693
552.258240
551.477051
550.803589
551.425659
552.411316
551.909180
550.359802
549.906921
550.893250
551.401062
550.300171
548.862610
548.679871
549.342346
549.323669
548.329651
547.333984
546.887939
546.760071
546.687500
546.367676
545.457397
544.279114
543.720154
543.889465
543.792664
542.739868
541.283691
540.561584
541.017395
541.736206
541.356506
539.886353
538.756836
538.697388
538.809021
538.197693
537.242065
536.639221
536.232849
535.606750
535.011719
534.649048
534.027344
533.002136
532.359863
532.461548
532.502319
531.827087
531.017578
530.903137
531.106384
530.581604
529.475403
528.969666
529.149353
528.833740
527.709229
526.894897
527.116089
527.613953
527.351746
526.549500
526.144226
526.113281
525.629578
524.652100
523.947327
523.752686
523.574097
523.154907
522.806152
522.685425
522.454102
521.988159
521.736511
521.794861
521.504211
520.716797
520.392944
521.059570
521.680481
521.154053
520.174622
520.215332
521.143188
521.369934
520.249878
519.014221
519.159485
520.650452
521.996643
522.125244
521.646545
521.615784
522.021484
522.412903
522.819702
523.209351
523.246826
523.215088
523.892761
525.045837
525.487244
525.148071
525.386658
526.600159
527.415222
526.986328
526.460449
527.246155
528.847717
529.558350
529.012573
528.683899
529.566040
530.805786
531.240967
530.963379
530.773621
531.060303
531.726013
532.674316
533.741089
534.314697
533.933411
533.407043
534.066223
535.521729
535.937134
535.036011
534.670715
535.738770
536.807434
536.682312
536.200256
536.458313
537.051819
537.134216
536.961914
537.229431
537.691284
537.708069
537.548828
537.814514
538.062866
537.553223
536.796997
536.895081
537.848267
538.473022
537.851074
536.624756
536.306885
537.047363
537.381531
536.659302
535.923584
535.873596
535.927368
535.662659
535.535156
535.637146
535.212708
534.200989
533.839478
534.600037
535.017883
533.918945
532.482666
532.469910
533.390320
533.294128
531.882019
530.859253
531.133606
531.620300
531.245361
530.430664
529.996033
529.885315
529.634583
529.318909
529.293091
529.283875
528.683228
527.759216
527.385559
527.443726
526.951477
525.908752
525.502319
526.047119
526.213257
525.119141
523.870667
523.745789
524.113770
523.729797
522.845764
522.422852
522.432739
522.314514
522.181213
522.333435
522.312439
521.616882
520.824585
520.906006
521.794250
522.453186
522.169556
521.378601
521.175842
521.812683
522.259155
521.951172
521.718689
522.095337
522.483032
522.682129
523.265808
524.110962
524.423645
524.176636
524.221008
524.986328
525.791382
525.809021
525.452820
525.845215
526.948059
527.692017
527.941895
528.513733
529.398315
529.837830
529.962585
530.565613
531.505188
531.836670
531.402405
531.225586
532.156433
533.626465
534.403015
534.410706
534.713928
535.603760
536.193604
536.193970
536.547668
537.721375
538.730957
538.774658
538.647278
539.331543
540.350342
540.820923
541.037781
541.738403
542.678101
543.177917
543.401672
543.930603
544.577209
544.792603
544.859924
545.463501
546.380798
546.741028
546.384094
546.176880
546.859619
548.000488
548.570923
548.393494
548.272400
548.653442
549.083313
549.199280
549.375977
549.933716
550.284485
549.851257
549.385986
549.887329
550.678589
550.446899
549.545105
549.345459
549.865295
549.956848
549.440857
549.293701
549.716614
549.837769
549.458069
549.368713
549.710999
549.703796
549.154602
548.916199
549.518555
550.219482
550.036560
549.247375
548.892883
549.106445
549.101440
548.645569
548.429016
548.742004
548.775513
547.958862
547.140198
547.194336
547.366638
546.546265
545.261353
544.839355
545.253906
545.226074
544.286255
543.300720
542.746277
542.122986
541.335266
540.926270
540.732300
539.965149
538.606567
537.518921
537.259460
537.371216
536.880188
535.559143
534.372253
534.123474
534.202026
533.614502
532.557617
531.761414
531.127075
530.339966
529.867737
529.917908
529.542236
528.213501
527.042480
526.974670
527.116394
526.321594
525.137512
524.738647
524.993469
524.869202
524.125854
523.444458
523.135071
522.716614
521.907715
521.238281
521.284424
521.741577
521.812439
521.394043
521.149597
521.243286
521.049438
520.437744
520.156921
520.489197
520.635010
520.136719
519.831543
520.401428
520.991089
520.598511
519.886963
520.056152
520.765320
520.839905
520.395020
520.468933
521.063477
521.355042
521.369263
521.758850
522.419250
522.637329
522.274780
522.031006
522.550964
523.476135
523.873047
523.719543
523.944092
524.725098
525.128174
524.870605
524.947083
525.863647
526.662598
526.558167
526.348206
527.001831
527.895508
527.957886
527.684937
528.231750
529.256042
529.615540
529.503174
529.890503
530.645081
531.044250
531.335449
532.134888
533.042725
533.253052
532.956238
533.066528
533.962158
535.001709
535.262085
534.767944
534.580872
535.162292
535.667236
535.666077
535.914795
536.611328
536.878906
536.553101
536.578186
537.281311
537.789673
537.483643
536.982727
537.158813
537.662659
537.496277
536.880127
536.899475
537.372314
537.198730
536.600647
536.630859
537.003662
536.698120
535.843872
535.334656
535.494080
535.893250
535.788391
534.938599
534.224609
534.422607
534.840210
534.510132
533.807312
533.495056
533.315735
532.767334
532.252136
532.202332
532.026855
531.167175
530.370544
530.436035
530.640015
529.950317
528.875244
528.617188
529.082642
529.078979
528.221130
527.404907
527.202026
527.028809
526.440552
526.036133
526.294678
526.544373
525.950806
524.890259
524.451538
524.791992
524.919861
524.283325
523.618835
523.540588
523.402100
522.675232
522.196960
522.621094
523.092896
522.732788
522.052002
521.916809
522.196411
522.195435
521.923828
522.011841
522.378479
522.268250
521.785583
521.844788
522.463135
522.653992
522.124756
521.763611
522.232666
523.006592
523.188416
522.829712
522.775635
523.242798
523.468567
523.172852
523.231934
524.064575
524.703003
524.492981
524.338379
525.122986
526.146606
526.325928
526.015808
526.297668
527.168457
527.785217
528.097534
528.716370
529.507874
529.851929
529.986755
530.645508
531.663269
532.253113
532.479309
533.118835
534.188721
534.825806
534.676392
534.514038
535.226257
536.625732
537.628662
537.762756
537.924072
538.903076
540.018127
540.380310
540.518799
541.293091
542.230042
542.514771
542.600281
543.319885
544.306030
544.751160
544.931396
545.575623
546.417969
546.682434
546.571777
547.026428
548.075928
548.708862
548.590332
548.616516
549.296997
549.910278
549.829224
549.577332
549.996155
550.899231
551.237366
550.772766
550.564087
551.137573
551.614563
551.513977
551.635193
552.335876
552.678772
552.077637
551.389404
551.562805
552.131836
552.038208
551.348755
551.038269
551.302551
551.317078
550.798218
550.488831
550.592896
550.297607
549.463928
549.069092
549.316345
549.235168
548.469360
547.780640
547.774414
548.097168
547.872253
546.864075
545.973022
545.899780
545.973206
545.356506
544.462280
543.992188
543.639587
542.809814
541.833984
541.383606
541.243347
540.749390
540.090759
539.884705
539.716858
538.707336
537.454834
537.379456
538.016479
537.500793
535.876465
535.063416
535.463196
535.560425
534.747131
533.940613
533.713928
533.711548
533.461121
532.853760
532.231567
531.956177
531.706177
530.990662
530.155273
529.764587
529.522400
528.902283
528.221985
528.022888
527.961975
527.348328
526.444702
526.080078
526.109497
525.600891
524.550110
523.994446
524.192993
524.137207
523.342102
522.637512
522.558716
522.399902
521.584839
520.811890
520.966553
521.643372
521.701782
520.972900
520.429565
520.608154
520.913757
520.818787
520.715454
520.977356
521.066040
520.479858
519.882141
520.197510
521.149231
521.727539
521.715515
521.719299
521.863037
521.704224
521.539856
522.246277
523.523987
524.073547
523.824341
524.033386
524.930786
525.382568
525.101196
525.139099
525.997986
526.900879
527.088623
526.824585
526.984070
527.873596
528.714600
528.772827
528.585083
529.127075
530.244324
530.984802
531.153381
531.420471
531.983032
532.329102
532.457458
532.949341
533.632568
533.738647
533.538513
534.086121
535.241333
535.715149
535.234192
535.006226
535.728821
536.547974
536.577515
536.220276
536.318542
536.840515
537.088989
536.892090
536.910583
537.449524
537.743164
537.279663
536.917542
537.413696
537.985596
537.702820
537.128296
537.237061
537.669800
537.438721
536.749695
536.606201
536.934631
536.743958
536.026184
535.761719
536.064880
536.083435
535.642822
535.376099
535.319702
534.825256
533.864929
533.348816
533.874634
534.738281
534.660828
533.526794
532.607849
532.593262
532.574585
531.818787
531.148926
531.354553
531.611328
530.908875
529.932373
529.899841
530.397400
530.128906
529.179749
528.637268
528.522461
527.952881
527.042786
526.770386
527.027588
526.725281
525.863098
525.489075
525.635071
525.334778
524.494690
524.033936
524.378418
524.841980
524.485535
523.398987
522.716064
522.899902
522.927307
522.112488
521.396851
521.634521
522.120728
521.958862
521.509094
521.454468
521.602783
521.457092
521.214600
521.399048
521.833435
521.797302
521.381836
521.570923
522.499390
522.992493
522.599304
522.446106
523.178833
523.882446
523.926514
524.063660
524.833923
525.552368
525.603455
525.410889
525.710205
526.628845
527.526245
527.782532
527.810059
528.465332
529.501648
530.021851
530.183777
530.764648
531.562805
531.911560
532.168030
533.079651
534.219971
534.600098
534.482422
534.988770
536.140869
536.861938
536.880798
537.128540
538.035706
538.846069
539.079712
539.379700
540.357239
541.552063
542.070251
541.878357
541.908203
542.578918
543.048645
542.910034
543.253357
544.608765
545.682556
545.566650
545.226624
545.780273
546.856934
547.408447
547.421387
547.823730
548.752441
549.282959
549.198425
549.307373
549.799316
550.063904
550.075012
550.378296
550.931274
551.095825
550.811768
550.876953
551.623047
552.159546
551.659180
550.714355
550.595703
551.514648
552.314758
552.063599
551.436707
551.629883
552.264160
552.013184
551.037537
550.650757
550.899475
550.793213
550.373047
550.342834
550.429932
549.915039
549.013672
548.540527
548.602051
548.434326
547.665039
547.015259
546.980469
546.836365
546.060669
545.423645
545.384460
545.093262
544.001892
542.916321
542.732849
543.176941
543.206787
542.362915
541.316040
540.771729
540.468201
539.892639
539.166077
538.560547
537.937744
537.106445
536.401611
536.332947
536.493469
535.778992
534.259583
533.392578
533.651917
533.731384
532.834900
531.874939
531.646545
531.619629
531.189758
530.685242
530.453735
530.115784
529.341980
528.550110
528.320801
528.567383
528.631836
528.148987
527.491333
527.144287
526.927368
526.374329
525.721619
525.587341
525.660461
525.019653
523.957214
523.721008
524.183838
523.894897
522.621887
521.758362
522.011719
522.451599
522.232544
521.769653
521.545959
521.173279
520.521545
520.408997
521.058411
521.332947
520.524719
519.538513
519.585205
520.630737
521.525269
521.358337
520.573608
520.387634
521.038025
521.596741
521.656921
521.791016
522.275757
522.659790
522.751343
522.938293
523.325989
523.545837
523.718201
524.484558
525.638489
526.129272
525.922546
526.174622
527.193176
527.938416
527.836060
527.730591
528.460327
529.457764
529.721619
529.468140
529.689148
530.576111
531.401672
531.661621
531.627625
531.818359
532.256104
532.605530
532.927612
533.544556
534.233459
534.442261
534.378601
534.867004
535.757568
535.900452
535.256287
535.260437
536.388428
537.253906
536.965698
536.500305
536.811951
537.354004
537.390137
537.259766
537.464294
537.661072
537.411011
537.163452
537.635437
538.449829
538.367859
537.222534
536.479004
537.074341
537.861084
537.404480
536.293457
536.080078
536.661621
536.668091
535.918030
535.438599
535.412415
535.146912
534.677246
534.658508
534.953247
534.686096
533.664673
532.856018
532.908508
533.063965
532.521729
531.868958
531.756714
531.528625
530.666809
530.098938
530.664795
531.510864
531.146667
529.524963
528.178955
528.210144
528.825378
528.565125
527.473022
526.770569
526.799866
526.828247
526.557617
526.295776
525.970154
525.319580
524.702942
524.670837
524.967102
524.794922
524.066772
523.568787
523.571594
523.333862
522.625549
522.388489
522.963562
523.286377
522.704102
522.068176
522.272278
522.952393
523.135376
522.460876
521.637207
521.642761
