538.504150
538.504150
538.534058
538.610413
538.493652
537.856445
536.880798
535.689331
533.314880
529.107239
524.918335
523.519775
525.046204
527.258057
529.072266
531.709106
536.138916
541.152161
544.697693
545.872925
544.932190
542.549438
539.734558
537.696533
537.032349
536.830505
535.041565
530.811157
526.194824
523.974243
524.316528
525.607544
527.612427
531.194031
535.746765
539.561462
542.299072
544.730652
546.250610
545.013733
541.120667
537.522827
536.377686
536.050110
533.537415
528.799866
524.689819
523.261597
524.234863
526.701050
530.142578
533.769348
536.891296
540.023132
543.892456
547.551819
548.783264
546.478455
542.172058
538.864929
537.886475
537.372437
534.815613
530.405273
526.473328
524.474121
524.229370
525.499146
528.307556
532.044434
535.905945
539.714844
543.281982
545.674255
545.887756
543.909607
540.885986
538.321960
536.814453
535.411743
532.712524
528.613586
524.603882
522.630981
523.808472
527.331055
530.804077
532.779785
534.369568
537.272461
541.314209
544.766357
546.111755
544.997925
542.182251
539.077759
536.958008
535.814697
534.076782
530.419495
525.927734
523.327026
523.804077
525.936157
528.313416
531.492676
536.125793
540.882324
543.932983
545.126709
545.175293
543.997070
541.395142
538.338074
536.134827
534.922913
533.607300
531.106873
527.733398
525.105164
524.257874
524.812561
526.577087
530.115356
534.857605
538.879761
541.493408
543.818909
545.861633
545.595398
542.365723
538.720581
536.994751
535.971191
533.073853
528.601990
525.316528
524.480591
524.957764
526.028259
528.448547
532.424438
536.738770
540.414490
543.424988
545.442322
545.688965
544.168640
541.835388
539.744690
538.346619
536.958374
534.398865
530.694580
527.129517
524.648132
523.653442
524.687683
527.734314
531.489563
534.717224
537.795532
541.645630
545.416016
546.739807
544.707275
541.225708
538.677124
537.402893
536.084351
533.496399
529.528381
525.398254
523.037598
523.621582
526.520508
529.846680
532.222412
534.020691
536.602844
540.400269
544.143250
545.996094
545.189209
542.509766
539.530579
537.516724
536.507935
535.023804
531.522095
526.759033
523.512268
523.387878
525.327881
527.818970
530.925354
535.146790
539.600952
542.839966
544.633789
545.347839
544.416565
541.451599
538.113281
536.450012
535.698547
533.230896
528.666748
524.635376
523.193848
523.690674
524.743774
526.433838
529.548035
533.760803
537.786560
541.052917
543.945679
546.045044
545.644348
542.308289
538.561890
537.009216
536.630127
534.321594
529.650757
525.508850
524.060425
524.572571
525.741821
527.816650
531.308044
535.484619
539.405212
542.908936
545.528625
545.944275
543.786987
540.751648
538.906555
538.506348
537.937134
535.589783
531.627441
527.684021
525.048828
523.961548
524.536011
526.918762
530.451050
534.043579
537.486206
541.252014
544.816406
546.352966
544.875366
541.770203
539.268555
537.997925
536.716309
533.975403
529.698303
525.456177
523.290955
523.994446
526.481873
529.192322
531.832886
534.906128
538.326965
541.638611
544.467529
545.985840
545.320679
542.876465
540.129944
538.193115
537.064575
535.604065
532.422302
527.743713
523.940063
523.195374
525.162048
528.002563
530.975464
534.505981
538.421692
541.837524
544.337158
545.626892
544.789062
541.717834
538.480042
537.211304
536.907104
534.415344
529.036682
523.879578
522.004822
523.218933
525.256836
526.729675
528.447021
531.892395
536.708313
541.068054
544.142334
546.016663
545.970032
543.339355
539.633362
537.418945
536.895264
535.499207
531.623535
527.012939
524.299316
523.934143
525.064697
527.549133
531.299255
535.164307
538.360535
541.653931
545.218933
546.883057
544.791809
540.633118
537.872437
537.594543
537.917725
536.679077
533.339478
528.964661
525.252441
523.476685
524.022461
526.491882
529.869995
533.116028
536.235596
540.064087
544.252197
546.548950
545.373718
542.100037
539.337219
537.916870
536.723267
534.434204
530.718811
526.594482
523.857239
523.659241
525.605469
528.425171
531.398010
534.836487
538.888184
542.630920
544.973267
545.612427
544.836121
543.175537
541.112671
538.902527
536.836243
534.957581
532.384094
528.496033
524.709961
523.232056
524.445801
527.023682
530.015381
533.444397
537.265686
540.988831
544.085449
545.858032
545.377808
542.587036
539.223267
537.383606
536.788147
534.737976
530.011292
525.294556
523.742493
524.813416
525.784607
525.916626
527.058960
530.733154
536.005371
540.570984
543.320435
544.728210
544.959106
543.515076
540.925354
538.765198
537.402527
535.334717
531.649780
527.673096
525.101807
524.037354
524.191772
526.327820
530.604980
535.110107
538.171875
540.663635
543.840881
546.247375
545.351746
541.562683
538.131042
537.233521
537.893555
537.543335
534.588806
529.791992
525.531738
523.570862
523.993286
526.046570
528.920227
532.033142
535.487732
539.670044
543.840332
546.014709
545.067078
542.314941
539.973938
538.603088
537.162415
534.796692
531.423035
527.559692
524.383850
523.194458
524.396973
527.266907
530.711060
534.301941
538.226501
542.112061
544.886658
546.042542
545.860718
544.420776
541.741943
538.788452
536.950867
536.078308
534.127380
529.809082
524.956909
522.796387
524.064209
526.687927
529.226868
532.307312
536.379700
540.473022
543.598755
545.472900
545.626160
543.500000
539.929199
537.193054
536.263123
535.064758
531.476868
526.891052
524.351135
524.421326
525.279236
525.878479
527.157410
530.344116
534.946045
539.173706
542.232178
544.580200
545.856445
544.767639
541.526917
538.402161
536.885254
535.667236
532.732300
528.582520
525.536865
524.464600
524.609863
525.974060
529.195923
533.543945
537.467468
540.787292
544.069397
546.304321
545.640686
542.404480
539.210144
537.867737
537.776489
537.114990
534.565002
530.374146
526.250916
523.866455
523.685486
525.358826
528.287964
531.721436
535.235718
538.941711
542.653748
545.275452
545.644531
543.855225
541.169861
538.717041
536.748657
534.714661
531.982666
529.555847
529.693054
532.058228
532.854553
529.841553
525.414673
523.236450
524.169983
526.554871
529.126770
532.395630
536.803101
541.186279
544.227295
545.658508
545.391846
543.287354
540.169250
537.482544
535.823486
534.716858
533.185303
530.315063
526.611084
524.224243
524.287598
525.600769
527.377686
530.578735
535.202026
539.421448
542.284119
544.468140
545.915771
545.145813
541.852234
538.280701
536.513977
535.544373
532.869751
528.421265
524.820068
523.781982
524.584167
526.424866
529.626282
533.817261
537.610596
540.621338
543.359192
545.416870
545.837708
544.416138
541.750183
539.152222
537.776855
536.736450
534.000061
529.645996
525.825745
523.863831
523.678955
525.159180
528.219421
532.109619
535.872742
539.281555
542.600647
545.290222
545.848389
543.725952
540.558411
538.411987
537.304016
535.537903
532.172852
528.057617
524.741394
523.417664
524.592712
527.593384
530.605225
532.450500
534.015686
536.882080
540.986206
544.476562
545.600464
544.166565
541.465515
539.056030
537.516479
536.193604
533.949463
530.241821
526.037720
523.525452
524.043396
526.505615
529.078369
531.699951
535.413696
539.966980
543.650635
545.199829
544.681396
542.782959
540.250183
538.030640
536.620300
535.004944
531.956360
528.159424
525.322327
524.104370
524.142517
525.058960
526.893921
530.147461
534.772888
539.233459
542.130737
543.946960
545.340149
545.111572
542.130554
538.259827
536.439148
536.231201
534.356750
529.819092
525.419922
523.653198
524.116333
525.715942
528.620300
532.866150
537.089783
540.186829
542.769043
545.260559
546.140869
544.127991
540.573303
537.919739
536.953369
536.512634
534.930542
531.575439
527.476746
524.373047
523.320740
524.502075
527.561279
531.498901
535.081238
538.182983
541.672729
545.147278
546.374023
544.252625
540.789551
538.609741
537.730957
536.204895
532.990295
528.958374
525.641174
524.014771
524.305908
526.291748
529.457336
532.888367
535.780396
538.308228
541.121948
543.857788
545.209717
544.542664
542.476990
540.005737
537.802429
536.022156
534.139343
531.312561
527.519897
524.252258
523.390991
525.227417
528.339294
531.539978
534.864990
538.532104
542.118591
544.869629
545.953979
544.716003
541.538452
538.210999
536.427063
535.616089
533.408813
528.950134
524.347046
522.186279
522.973633
525.312256
527.635315
529.756287
532.688599
536.782593
540.992981
544.185242
545.774902
545.228149
542.515381
539.155151
537.229065
536.636230
534.865051
530.635437
525.996582
523.566895
523.647949
525.348877
528.446289
532.594238
536.434814
539.213806
541.925842
545.035339
546.509277
544.345642
539.887268
536.618835
536.283264
537.262939
536.470520
532.684570
527.873108
524.747864
523.910522
524.539917
526.473145
529.891724
534.014954
537.810730
541.286804
544.478027
545.985657
544.554016
541.407166
538.988953
537.905701
536.570557
533.611877
529.635498
526.307922
524.471436
524.092102
525.310913
528.162964
531.953430
535.882507
539.515564
542.554810
544.795349
545.885986
545.159973
542.642578
539.836365
538.205811
537.281921
535.388550
531.779236
527.440186
524.200806
523.356323
524.816650
527.463440
530.517212
534.145142
538.429871
542.402893
544.770813
545.197815
544.111572
541.853760
539.078918
536.994324
535.743469
533.654968
529.750793
525.754700
523.988770
524.629761
526.148132
527.326416
528.501221
531.232239
536.070129
541.096436
544.103455
545.093079
544.972961
543.531372
540.612549
537.664551
536.006348
534.554260
531.471558
527.357178
524.530579
523.947693
525.056030
527.578552
531.415039
535.624451
539.031494
541.599182
544.046997
545.794678
544.914978
541.311340
537.860901
536.881836
537.337158
536.467896
532.884338
527.991028
524.776367
524.603027
525.984497
527.471130
529.631165
532.970032
536.611755
540.074890
543.511597
545.669861
544.784851
541.886108
539.998413
539.502075
537.593628
533.272034
529.158936
527.043701
525.529358
523.667419
523.383728
526.561462
532.023682
536.928833
539.926331
541.704590
543.321594
545.015198
545.904480
544.644653
541.302917
537.943665
536.218872
535.386902
533.511597
529.675354
525.053467
522.346802
523.358887
527.052612
530.956421
534.132690
537.481262
541.361206
544.343689
544.756836
542.831238
540.765137
540.262085
540.286560
538.247620
533.665588
528.904236
525.922668
524.989136
525.326538
525.186035
524.057434
524.646484
529.106873
535.550964
540.874207
543.876770
544.721497
544.408447
543.600891
541.500549
538.127441
535.707214
535.012756
533.347351
529.013855
524.527161
522.887634
524.092346
526.857910
530.560181
534.514771
537.879333
540.845459
544.137878
546.751770
546.110413
541.903687
537.669922
536.560730
537.620850
537.526794
534.292053
529.038574
524.954102
523.969055
525.009155
526.443298
528.520996
532.045166
536.313416
539.741699
541.982849
544.054199
545.907104
545.757385
542.822632
538.601013
534.864807
532.369263
530.953735
529.301086
526.245239
523.231018
523.279663
527.119507
532.168335
535.597534
537.485413
540.071960
544.025757
547.208130
547.397888
544.626404
540.815369
538.141541
537.213684
536.346985
533.558472
529.216858
525.525391
524.068481
524.822754
526.783813
529.010132
531.689148
535.823242
541.016846
544.867676
545.661194
544.221863
542.315552
540.589661
538.729797
536.555908
534.066284
531.050903
527.587708
524.715149
523.822449
525.130676
527.358887
529.450012
531.844482
535.206787
538.951538
542.052734
544.232483
545.360657
544.666565
541.768799
538.156067
536.169495
535.804077
534.183167
529.714355
524.925293
523.220886
524.626526
526.929871
529.366516
532.765076
537.133240
541.299377
544.378296
545.961914
545.322571
542.170593
538.254150
536.245239
536.177673
535.104492
531.385071
526.915894
524.208496
523.673340
524.431580
525.879395
528.075134
531.247131
534.980225
538.580078
542.154602
545.539124
546.741455
544.169800
539.833679
537.355103
537.163452
536.271301
532.699097
528.010254
525.000000
524.431580
525.237122
526.887329
529.709900
533.394714
537.143494
540.817078
544.166077
545.869873
545.112854
542.910583
540.676880
538.861877
537.411499
536.003296
533.844727
530.513855
526.772339
524.024719
523.488892
525.553040
529.179443
532.620300
535.399475
538.633606
542.747925
546.028381
546.375610
543.806763
540.383362
538.009521
536.820679
535.409302
532.348083
527.884766
524.157227
523.237610
525.074341
528.018066
530.846497
533.365784
535.860168
538.733398
541.883240
544.303101
545.130981
544.457397
542.585327
539.827271
537.169800
535.388611
533.605469
530.413208
526.343567
523.638916
523.596619
525.605164
528.732300
532.683838
536.931274
540.435669
542.809387
544.527832
545.355957
543.979614
540.380371
537.079529
536.000977
535.386475
532.313416
527.201355
523.262329
522.298035
523.312927
524.909241
527.151978
530.616943
534.804626
538.650085
541.994568
545.007935
546.507996
544.880798
540.971130
537.958496
537.325012
536.787903
533.718018
528.931335
525.281067
524.005615
524.432312
526.060730
528.915649
532.535217
536.240173
539.990845
543.678162
545.981201
545.384644
542.350159
539.214905
537.771301
537.663025
537.116394
534.802490
531.036316
527.296265
524.817200
524.122559
525.411804
528.272034
531.510132
534.441345
537.734558
541.872864
545.472107
546.329712
543.991455
540.438477
538.008423
537.010315
535.733215
532.690918
528.373352
524.684753
523.279358
524.479919
527.182556
530.056702
532.973877
536.367493
539.805847
542.521118
544.354309
545.210083
544.716003
542.844299
540.254700
537.952942
536.294800
534.263062
530.771118
526.612366
523.925720
523.849854
525.649475
528.166504
531.288147
535.307678
539.444092
542.381409
543.966980
544.682007
544.015198
541.477966
538.512878
536.902100
535.810425
532.913269
528.225159
524.431702
523.338684
524.141602
525.399780
526.986023
529.712646
533.796326
538.132263
541.437378
543.631775
544.949280
544.540649
541.853577
538.600220
537.043518
536.621826
534.607178
530.282349
526.021545
523.903137
523.830017
525.313538
528.456543
532.653809
536.454041
539.370361
542.263306
545.115417
545.956909
543.523438
539.705261
537.512634
537.512024
537.653198
535.845337
531.960632
527.747803
524.985596
524.016052
524.522827
526.696106
530.483948
534.778442
538.505249
541.660645
544.348694
545.643005
544.604004
541.870483
539.073669
536.975342
535.096252
532.806335
529.956909
526.854736
524.375122
523.755432
525.545593
528.924255
532.628174
536.254333
539.981689
543.450500
545.790527
546.500916
545.583679
543.275391
540.321777
537.867310
536.301331
534.590637
531.439880
527.176758
524.006592
523.799988
525.949585
528.447021
530.746033
533.987305
538.446533
542.573364
544.900330
545.316772
544.191467
541.808533
539.020691
536.983887
535.500305
532.893372
528.605103
524.731506
523.579224
524.739990
526.075439
526.907898
528.729248
532.627441
537.331909
540.908508
543.275818
545.185852
545.760925
543.587036
539.777039
537.260376
536.703430
535.414124
531.330566
526.270691
523.535034
523.759583
525.323730
527.613708
531.182434
535.469604
539.104553
541.994019
544.684204
546.107178
544.553589
540.813232
537.797241
536.959290
536.981812
535.775330
532.597229
528.511047
525.272461
523.803589
524.095764
526.091980
529.543335
533.524170
537.231140
540.749756
544.045776
545.850159
544.930237
542.063171
539.374268
537.833374
536.483521
534.105103
530.679626
527.061646
524.217346
523.187317
524.697388
528.210632
532.214661
535.810547
539.199463
542.575073
545.344543
546.553040
545.777466
543.554932
540.880981
538.371216
536.174744
534.237122
532.089600
529.082153
525.644226
523.580627
524.266785
527.106140
530.557068
533.990479
537.631470
541.300476
544.190186
545.561462
545.021606
542.585388
539.188477
536.547913
535.279785
533.763123
530.395508
526.267151
523.946472
524.350830
526.107971
527.653931
529.211548
532.161926
536.541443
540.580566
543.127686
544.656128
545.272400
543.876892
540.473511
537.364075
536.201538
535.278015
532.099243
527.479370
524.463257
524.191895
525.449646
527.459290
530.610474
534.623352
538.247192
541.180115
544.100830
546.191895
545.313965
541.657166
538.361328
537.162903
536.215637
533.557129
529.947998
527.077209
525.335938
524.410583
524.431885
525.867310
528.834595
532.623962
536.311401
539.896057
543.607544
546.189819
545.752441
542.572510
539.288391
537.736572
536.925476
534.795410
530.949524
526.883850
524.199463
523.484192
524.768799
527.856873
531.765625
535.218506
538.255798
541.743469
545.142212
546.766479
545.968933
543.494629
540.519836
538.226624
537.128174
536.222839
533.733643
529.249939
524.710022
522.767822
524.175110
527.282166
530.224976
532.905823
536.437317
540.957581
544.782410
546.168091
545.057800
542.467529
539.417603
537.031921
535.905823
534.700989
531.425537
526.621521
523.263550
523.209717
525.544373
528.446411
530.981689
533.207703
535.829773
539.351440
543.061218
545.550842
545.923523
544.006531
540.583313
537.699829
536.735229
536.101990
533.161194
528.305664
524.662964
523.862122
524.735046
526.331909
529.331360
533.701721
537.724182
540.569336
543.336426
546.079041
546.389587
542.956665
538.480896
536.527588
536.589355
535.053589
530.670166
526.072266
523.857544
523.910583
524.927307
526.444824
528.726440
531.737793
535.110291
538.816956
542.792725
545.794861
546.026428
543.391602
540.082825
538.202148
537.405579
535.680420
532.155579
528.071594
525.011963
523.586548
524.064148
526.678345
530.707214
534.616089
537.810669
540.994263
544.213257
545.888550
544.742798
541.749634
539.060608
537.699890
537.107117
536.075623
533.650391
529.895142
526.125244
524.006165
524.266113
526.285767
528.972595
531.987732
535.696594
539.899292
543.406921
545.064941
544.690369
542.870483
540.343445
537.931152
536.320435
535.023926
532.438965
528.148315
524.287903
523.329773
525.261963
528.219666
531.058044
533.847229
536.715088
539.539307
542.202454
544.387268
545.421265
544.583984
541.864075
538.619446
536.638123
535.819336
533.970459
529.887268
525.499268
523.612122
524.528564
526.654114
529.374512
533.039307
537.048828
540.393127
543.229492
545.682800
546.136902
543.259216
538.973328
536.674805
536.556702
535.398010
531.428467
526.744934
524.125671
523.843262
524.544739
525.609863
527.671692
531.179993
535.223206
538.640442
541.673035
544.727173
546.320312
544.702087
540.924805
537.922913
536.784851
535.745178
532.966187
528.921814
525.444519
523.672791
523.944702
526.350586
530.133484
533.798706
536.873169
540.228516
543.876221
545.986572
545.096008
542.186951
539.565491
538.322815
537.704468
536.398254
533.768250
530.219177
526.818787
524.537476
523.917114
525.209717
528.137817
531.783264
535.478210
539.240112
542.787964
545.097473
545.417847
543.927856
541.379944
538.762268
536.880493
535.463318
533.097717
529.032715
524.821838
523.062012
524.485840
527.439270
530.395874
533.501770
537.105347
540.527527
543.026855
544.607117
545.318054
544.684875
542.344604
539.111816
536.781311
535.893372
534.423645
530.578125
525.911011
523.501587
524.084595
526.036072
528.348572
531.567139
535.867371
540.017212
542.946350
544.780579
545.347778
543.672485
540.335083
537.895691
537.292297
536.203125
532.609680
527.892517
524.817383
524.125366
524.561340
525.238525
526.792297
530.143311
534.642395
538.503906
541.245361
543.789551
545.689575
544.978516
541.658630
538.490906
537.216492
536.312805
533.652039
529.583069
526.126343
524.427612
524.377075
525.844727
528.783264
532.502502
536.128723
539.640137
543.183350
545.622864
545.343628
542.565552
539.401001
537.591309
537.143433
536.771606
535.008545
531.521667
527.608276
524.928711
524.123657
525.030945
527.312012
530.461121
534.026672
537.886475
541.723816
544.505493
545.173767
543.804016
541.492981
539.244019
537.421082
535.769897
533.393555
529.668213
525.685730
523.595703
524.253662
526.613464
529.447876
532.743835
536.889648
541.112000
543.905823
544.924072
545.102234
544.821472
543.277100
540.172302
537.021851
535.515747
534.761414
532.154846
527.490723
523.846802
523.555908
525.666077
528.286438
531.182312
534.861694
538.846680
542.172485
544.505066
545.553406
544.453613
541.226074
537.915466
536.464844
535.831055
533.240967
528.457153
524.512451
523.710022
525.139893
526.722534
527.937988
529.858215
533.185669
537.092834
540.585754
543.723694
546.054077
545.827576
542.689880
539.100464
537.317139
536.548950
534.496460
530.700745
526.968689
524.834106
524.244263
524.976440
527.478943
531.539734
535.722351
539.091309
542.133728
544.941956
545.917908
543.872375
540.336060
537.877502
536.941956
536.162048
534.555908
531.884094
528.340881
525.028320
523.515381
524.432373
527.099182
530.302612
533.321411
536.564087
540.610779
544.508301
546.207764
544.963318
542.125916
539.407104
537.455383
535.961121
534.015381
530.776062
526.714661
523.766479
523.510254
525.618835
528.573303
531.556885
535.000427
539.136780
542.977173
545.346619
546.067078
545.505859
543.699097
540.765137
537.768127
535.993347
535.055481
532.905151
528.729553
524.705200
523.454712
524.958984
527.450134
530.205872
533.692261
537.768677
541.468140
544.105774
545.364624
544.764832
542.191345
538.926208
536.871216
536.034546
534.126709
529.970581
525.734924
524.059326
524.812439
526.304810
527.816406
529.828308
532.804565
536.337402
539.655457
542.710815
545.396118
546.080200
543.463318
539.529724
537.558899
537.501892
536.125244
531.840332
526.947998
524.413818
524.431641
525.477539
527.195435
530.306213
534.516357
538.606689
542.082642
544.823975
545.737549
543.974426
540.932373
538.828247
537.747437
536.020325
533.095581
530.135864
527.934387
526.079102
524.482666
524.260681
526.314819
529.867126
533.273376
536.092468
539.416931
543.524475
546.290344
545.544861
542.172058
539.090393
537.739380
537.008972
535.056213
531.282288
526.954346
524.104614
523.713379
525.287903
527.904907
531.060791
534.761536
538.930298
542.697937
544.821289
544.995178
544.099609
542.870300
541.040955
538.453857
536.170959
535.004395
533.610962
530.180054
525.699646
523.260132
524.163391
526.853577
529.749695
532.943237
536.771606
540.668396
543.834778
545.675659
545.443970
542.777527
538.976929
536.511536
536.121155
535.385193
531.884216
526.904419
523.913269
524.125061
525.892395
528.005920
531.007080
534.977783
538.513672
540.717407
542.447876
544.549561
545.893005
544.519348
540.725037
537.468018
536.623596
536.240723
533.379639
528.531921
524.882690
523.965210
524.730713
526.444519
529.552185
533.624634
537.232178
540.204895
543.440674
546.080505
545.656067
541.962769
538.173401
536.781616
536.513000
534.576416
530.517700
526.442871
524.117554
523.436768
523.823242
525.520508
528.660828
532.252380
535.345825
538.383301
542.044495
545.296143
546.047119
543.791992
540.438599
538.101318
536.899780
535.374451
532.482910
528.634705
525.243652
523.767578
524.718811
527.236633
530.095947
533.124756
536.920837
541.269104
544.739502
545.982727
544.852783
542.255676
539.412415
537.339111
536.414734
535.937866
534.415894
530.959900
526.617310
523.804016
524.000854
526.416809
529.344116
532.221436
535.604309
539.504211
542.935303
545.075806
545.582764
543.977234
540.550415
537.460938
536.484070
536.017029
533.042786
527.835083
523.954956
523.653198
525.730103
528.091675
530.474487
533.822876
537.936646
541.249451
543.125061
544.546204
545.700378
544.989319
541.789307
538.305664
536.864380
536.468811
534.170776
529.552551
525.533264
524.344971
525.097656
526.280640
528.328613
532.071106
536.509399
540.078552
542.790771
545.080994
545.735535
543.485779
539.807922
537.471802
536.739990
535.290344
531.721069
527.399292
524.629639
524.055420
524.614441
525.683044
527.812500
531.098267
534.609131
537.950867
541.580872
544.943604
546.109131
544.208679
540.911987
538.516846
537.371277
536.005920
533.291321
529.558899
525.945984
523.701965
523.850891
526.325073
529.713379
532.824707
535.957214
539.822266
543.777161
545.975647
545.283020
542.521362
539.507019
537.408447
536.392395
535.912476
534.792908
532.011230
527.993591
524.621887
523.594604
525.055786
527.933350
531.247192
534.755371
538.439697
541.882507
544.418701
545.434204
544.367249
541.302124
537.834473
535.999756
535.578552
533.950806
529.759216
525.224304
523.424927
524.638306
526.971619
529.516235
532.889465
537.051819
540.554749
542.459106
543.558533
544.752014
545.160889
543.245911
539.616333
536.991211
536.393799
535.258606
531.263428
526.250732
523.822693
524.554504
526.307068
528.095947
530.866333
534.932617
539.121582
542.508789
544.941711
545.732666
544.008240
540.678955
538.051392
536.923767
535.609924
532.550293
528.599243
525.720886
524.447571
523.954102
524.196655
526.297791
530.376892
534.560974
537.382507
539.898010
543.457764
546.471741
546.051331
542.327942
538.596985
537.055176
536.409302
534.277954
530.390442
526.506226
524.208191
523.858521
525.242493
528.093872
531.840271
535.667297
539.212158
542.494690
544.946472
545.423401
543.585327
540.571411
537.970825
536.562683
536.025330
535.240173
532.932373
528.917297
524.908997
523.218201
524.480530
527.419495
530.646057
533.880188
537.498291
541.385559
544.523499
545.788635
544.827698
542.084656
538.785706
536.633850
535.982239
534.712036
530.851074
525.862122
523.297241
524.408325
527.062317
529.189209
531.380737
535.108582
539.874939
543.631897
545.319763
545.578003
545.057190
543.391663
540.481567
537.685059
536.281128
535.199768
532.259705
527.750793
524.456055
523.920227
525.182251
527.276184
530.410278
534.431091
538.269958
541.402100
544.176697
546.043884
545.237915
541.562134
537.872498
536.735046
536.695496
534.324097
529.392578
525.203430
524.010681
524.911377
526.179810
527.450623
529.449280
532.610840
536.388916
540.098206
543.569885
546.061401
545.979431
543.119385
539.742676
537.974182
537.136353
535.013428
531.082214
527.099548
524.734985
524.145081
525.048401
527.440369
530.843262
534.444885
538.117554
541.979309
545.123657
545.999817
544.182312
541.079529
538.590454
537.203125
535.851746
533.664246
530.928406
528.194336
525.635681
523.860474
524.092834
526.597290
529.941162
532.891174
535.984741
540.022888
544.048279
546.145142
545.415588
542.526672
539.249939
537.295227
536.612366
535.218445
531.489746
526.448425
523.208984
523.687683
526.427246
528.816711
530.700012
533.904968
538.745728
543.160034
545.360229
545.635681
545.041626
543.613525
541.006287
538.187622
536.638367
535.772949
533.278748
528.715210
524.684448
523.507812
524.739319
526.882690
529.623962
533.218140
537.224548
540.927551
544.033203
546.058167
545.758545
542.517029
538.355835
536.510071
536.948425
535.811035
531.047913
525.707886
523.550781
524.462524
526.345337
528.558655
531.289856
534.020691
536.440430
539.210449
542.736023
545.901428
546.556030
543.777161
539.588440
537.075562
536.647217
535.826355
532.772827
528.422424
525.003479
523.697021
524.435974
526.918213
530.496582
533.979126
536.961548
540.348999
544.258667
546.651306
545.597473
542.002686
538.635864
536.966125
536.027771
534.103882
530.814758
527.301758
524.716797
523.451233
523.866638
526.199524
529.520752
532.491211
535.219543
538.785400
542.992737
545.974609
546.144409
543.698120
540.265747
537.585938
536.214417
535.042297
532.415771
528.208313
524.452942
523.390381
525.155029
528.089783
531.027344
534.151611
537.722778
541.222107
543.963074
545.418518
544.968750
542.582458
539.422485
537.013794
536.110596
536.014832
534.602234
530.436646
525.296936
522.703552
523.791565
526.663452
529.571960
532.614868
536.160828
539.696777
542.820557
545.365356
546.094849
543.700256
539.634094
537.214539
537.016724
535.915405
531.837524
526.870605
524.224670
524.328064
525.592590
527.464233
530.692261
535.016235
538.600525
540.459717
541.872437
544.092041
545.825867
544.768005
541.162048
537.932434
536.868225
536.327515
533.835693
529.573669
525.744263
523.738098
523.720703
525.801331
529.585754
533.552917
536.627808
539.530457
543.079407
545.952698
545.877197
542.814758
539.277405
537.309265
536.463013
534.962830
531.879028
527.860046
524.323853
522.442749
522.783386
525.137573
528.421265
531.558716
534.634033
538.374634
542.487976
545.335999
545.554565
543.519836
540.829041
538.626465
536.925842
535.140686
532.614868
529.195190
525.857239
524.140381
524.647278
526.696899
529.518066
532.989136
536.996033
540.823364
543.602051
544.957886
544.818665
543.121094
540.281311
537.453552
535.803040
535.357727
534.548889
531.594299
527.023743
523.758057
523.717712
525.853027
528.440613
531.347656
535.040649
539.075562
542.596069
545.075073
545.814392
544.058411
540.552979
537.754639
537.005859
536.330872
533.017151
527.885925
524.503418
524.325989
525.545288
526.863770
529.307251
533.580261
538.163879
541.146484
542.570435
543.817139
545.117371
544.933838
542.384827
539.124695
537.284790
536.337524
534.080994
530.141052
526.367126
524.269470
523.986023
525.338989
528.269836
532.170105
535.871643
538.953979
542.179443
545.405518
546.391479
543.757629
539.695984
537.414429
537.056091
535.977356
532.419006
527.669617
524.364746
523.455261
524.041382
525.480835
527.755737
530.451355
533.346741
537.117737
541.748108
545.282898
545.757874
543.642883
541.035645
539.137695
537.662354
535.906006
533.369019
530.007019
526.611694
524.491150
524.428528
526.160950
528.889282
532.170532
536.009521
540.050659
543.361938
545.137207
545.026428
543.105591
540.227722
537.770264
536.485046
536.001404
535.108704
532.378235
527.833679
523.973938
523.383972
525.588196
528.152405
530.271912
533.216003
537.575806
542.013062
544.895203
545.641602
544.305237
541.362854
538.309509
536.798645
536.194702
533.820923
529.058350
524.982605
524.155945
525.343262
526.481995
528.179810
531.848145
536.662842
540.590576
542.953613
544.522766
545.741211
545.722168
543.451660
539.882019
537.362183
536.407898
534.949646
531.573608
527.505249
524.674988
523.723816
524.643433
527.575806
531.817627
535.592346
538.188232
540.934814
544.474609
546.601379
544.975952
540.868042
537.798889
537.010620
536.335876
533.507812
529.007874
525.202698
523.779724
524.709961
526.871582
529.096375
531.043823
533.238342
536.265442
540.111267
543.822021
545.704773
544.812622
542.155823
539.548340
537.811340
536.500061
534.592163
531.398071
527.427246
524.280457
523.455811
525.215454
528.430359
531.736572
534.924500
538.515259
542.229614
544.925110
545.701965
544.264771
541.073792
537.711487
535.931091
535.929871
536.002930
533.900330
529.171692
524.406677
522.893250
524.895447
527.896606
530.369812
533.147400
536.996399
540.995422
543.855164
545.221436
544.985535
542.814209
539.369080
536.691650
535.768250
534.663818
531.190857
526.580750
523.960876
524.150574
525.669922
527.916992
531.457581
535.768555
539.399841
542.067566
544.479431
546.452454
546.574158
543.860657
539.597412
536.870239
536.889832
536.770630
533.273376
527.565979
523.666199
523.386475
525.221802
527.415955
529.853760
533.006287
536.835266
541.025757
544.817566
546.520081
544.911011
541.340027
538.650452
537.712463
536.628723
533.664612
529.517944
526.106934
524.328430
524.122681
525.584473
528.476807
531.617737
534.032532
536.088379
538.802002
542.366516
545.457031
546.172119
544.043213
540.625183
537.792419
536.095459
534.686401
532.288696
528.574890
524.932800
523.455444
524.905212
528.006042
530.991699
533.612732
536.981262
541.343872
544.976013
545.922913
544.152771
541.293213
538.825317
537.133423
535.630859
533.361145
530.100220
526.807495
524.634094
524.000854
524.694092
526.287537
528.712158
532.318115
536.721863
540.520325
542.965393
544.510376
545.125183
543.769958
540.411072
537.178223
535.951660
535.430054
532.700989
527.778809
524.061401
523.816956
525.827637
528.180176
530.823975
534.336365
538.276245
541.848633
544.585632
545.734253
544.639099
541.893066
539.038208
537.461914
537.395630
536.981750
533.823120
528.609314
524.816772
524.093201
524.894531
526.044922
528.519287
532.871521
537.483521
540.769653
543.115479
545.049011
545.362488
543.016235
539.474182
537.174072
536.396973
535.131348
531.850281
527.368225
523.823669
522.765747
524.536560
528.303101
532.167480
534.392883
535.279907
537.078674
541.211304
545.861633
547.410767
544.623352
540.228943
537.600342
537.024231
536.116455
533.150208
528.984924
525.698547
524.334290
524.653137
526.277649
529.075134
532.806641
537.035950
541.080200
544.019104
545.292114
544.981201
543.195557
540.115295
536.890869
534.968140
533.960083
531.964294
528.383728
524.665588
522.588440
523.090332
525.784241
529.070007
531.860535
534.749329
538.445068
542.265625
544.916016
545.547241
543.983521
540.983582
538.260193
537.018921
536.053772
532.940918
527.919739
524.369934
524.308105
526.004700
527.362915
529.059509
532.634888
537.436340
541.353638
543.591370
544.826477
544.970276
542.956726
539.163757
536.038452
535.368835
535.915894
534.712280
530.712646
526.182495
523.827087
523.921143
525.495483
528.380188
532.297241
535.943665
538.764160
541.790161
545.108765
546.334045
543.709778
539.404114
537.178772
537.325073
536.452209
532.447205
527.300720
524.195435
523.813477
524.933167
527.051575
530.487366
534.625793
537.925171
539.866089
541.589233
543.898254
545.606201
544.999023
542.237549
539.128357
536.992737
535.583252
533.737061
530.706055
527.003540
524.109253
523.445007
525.399780
528.941589
532.566101
535.966370
539.840149
543.828979
546.168030
545.799072
543.462769
540.525208
537.922729
536.095093
534.687866
532.490173
528.931580
525.304749
523.371704
523.525024
525.141296
527.595459
530.479065
533.799744
537.778503
541.901917
544.932922
545.967773
544.795837
541.837463
538.500427
536.540771
535.861816
534.113708
529.969116
525.507935
523.702515
524.802185
526.916809
529.092468
532.013245
536.035034
540.123291
543.187317
545.094238
545.536011
543.595520
539.766113
536.635925
536.057434
536.704346
535.586670
531.614807
526.946533
524.492310
524.750488
526.197937
528.114319
531.056946
534.897522
538.542175
541.598572
544.330261
545.883423
544.711426
541.258606
538.237244
537.201416
536.394165
533.477295
529.050293
525.550171
524.061401
524.307495
526.257446
529.728516
533.592468
536.921326
539.991272
543.215820
545.947876
546.906860
545.409363
542.231689
539.265869
537.695801
536.657104
534.492859
530.879211
526.965210
524.183716
523.534180
525.265808
528.553711
531.982849
535.041260
538.533508
542.672241
545.715393
545.773682
543.192505
540.026733
537.875793
536.841614
535.762024
533.229797
529.135986
525.261475
523.671326
524.572021
526.476318
528.235291
530.062256
532.805542
536.803772
541.242798
544.565186
545.757629
544.871094
542.378723
539.157288
536.717102
535.772034
534.734497
531.483887
526.720581
523.609802
523.836670
526.039490
528.466248
531.186829
534.932861
539.273865
542.997803
545.386475
546.028442
544.299561
540.623474
537.264099
536.089722
536.380249
535.694092
532.433960
527.691956
524.422241
524.116882
525.483215
527.207092
529.815125
533.733643
537.876526
541.188293
543.763550
545.484924
545.130798
542.258850
538.827637
537.027832
536.169495
533.872864
529.912964
526.451599
524.750366
524.293152
525.110352
528.069458
532.518799
536.486328
539.577087
543.015442
546.700989
548.454956
546.517822
541.960144
538.257507
537.693787
538.407043
536.697021
531.958435
527.110352
524.529724
524.063904
524.963440
527.211975
530.549744
534.153931
537.674255
541.284607
544.521118
546.022827
544.918274
541.998291
539.004150
537.003418
535.623413
533.586304
530.073547
525.893799
523.122253
523.296265
526.018616
529.371460
531.797729
533.594482
536.173767
539.916565
543.510620
545.458862
545.279480
543.209473
540.065002
537.383179
536.132935
535.100464
532.173340
527.530823
523.961182
523.516113
525.359680
527.710327
530.386597
534.085205
538.368286
541.985718
544.465271
545.708069
544.770691
541.267212
537.472290
536.104187
536.300964
534.925354
531.111084
526.856323
524.303894
524.104858
525.347412
526.829712
528.806763
532.281189
536.740723
540.625671
543.369568
545.090210
545.115417
542.800659
539.475342
537.430115
536.690796
534.899109
531.026184
526.980957
524.775452
524.397522
525.265686
527.562866
531.140564
534.875793
538.120911
541.386475
544.577026
546.050049
544.726501
541.757263
539.125549
537.687866
536.895203
535.473572
532.587402
528.859863
525.769470
524.219055
524.491272
526.661255
530.103882
533.609131
536.806091
540.306091
543.836060
545.730774
544.934875
542.291382
539.495789
537.539429
536.165771
534.294861
531.147034
527.285461
524.406433
523.908081
525.685242
528.459839
531.033569
533.212341
535.811340
539.413879
543.077209
545.158203
545.126465
543.535461
540.977417
538.206360
536.224182
534.969971
532.827393
528.861755
524.890869
523.557861
524.999756
527.403320
530.018616
533.416138
537.438660
540.978027
543.489990
545.059448
545.145996
542.940125
539.306641
536.649780
535.808716
534.674133
531.228333
526.541138
523.356934
522.825562
523.951416
525.648132
528.161682
532.073669
536.541992
539.940674
542.196289
544.312683
545.480469
543.718445
539.780579
536.988525
536.496216
535.730774
532.417419
527.824707
524.727966
523.989563
524.860168
527.145630
530.846252
534.813110
537.917969
540.677917
543.757202
545.766724
544.703918
541.158081
538.000427
536.991516
537.182922
536.495056
533.871887
530.031433
526.569580
524.501526
524.084290
525.541382
528.713074
532.480103
535.913025
539.341064
542.949280
545.360779
545.163635
542.931885
540.396545
538.391357
536.547424
534.292908
531.432617
528.148438
525.033447
523.324219
524.207458
527.292358
531.047119
534.825562
538.699707
541.983032
543.737976
544.003296
543.615356
543.264282
542.607056
540.634583
537.531616
534.742126
532.534363
529.700928
526.209290
523.919128
524.105103
526.115784
528.889832
532.242798
536.185791
540.102295
543.163269
544.942993
545.098755
543.190308
539.882202
537.395203
536.717102
535.508850
531.503845
526.322021
523.176453
522.959106
524.615234
527.090210
529.554688
531.481812
533.287109
536.218628
540.991394
546.046448
547.934875
544.899231
539.621704
536.719177
537.248291
537.457947
533.957275
528.279419
524.515076
524.046143
525.069336
526.321045
528.577576
532.468018
537.071899
541.248169
544.343384
545.431458
544.123718
541.828918
540.234741
539.385376
538.292175
536.287170
533.442322
530.376709
527.509155
524.883850
523.290649
524.349976
528.341919
533.033325
536.092529
538.014526
540.903076
544.626282
546.322876
544.165527
539.854492
536.670105
535.932068
535.853943
533.717102
529.051514
524.431580
522.888794
524.863953
528.085754
530.305481
531.878906
535.073914
540.557312
545.869141
548.090576
546.849487
544.098328
541.848511
540.563232
539.188049
536.482544
532.450562
528.477844
526.088257
525.590271
526.041931
526.600891
527.734070
530.712708
535.571106
540.309692
543.084961
544.231262
544.738403
544.007935
541.135376
537.493958
535.567993
535.145691
533.247131
528.789246
524.649414
523.667297
525.048584
526.214478
526.643311
528.570374
533.655823
539.910339
543.814392
544.665710
544.211548
543.341553
541.769348
539.706116
537.858521
536.200806
533.747681
530.109131
526.556702
524.437744
523.788635
524.722290
527.908936
532.502502
536.353760
539.063354
542.095886
545.430664
546.666992
544.247498
539.932495
537.017029
536.780640
537.374512
536.008301
531.974792
527.250488
524.029541
523.005737
524.538879
528.778198
533.606384
535.942383
536.177612
537.945312
542.722778
547.336060
547.615173
543.188538
537.917419
535.580994
535.688110
534.654968
530.709717
525.825745
523.059265
523.675476
526.628906
529.852783
532.421143
535.349060
539.430359
543.415710
545.609009
545.925476
545.156982
543.308716
540.092285
536.714539
535.248413
535.400696
533.960144
529.134766
523.545837
521.285828
523.542969
528.104187
532.150940
534.936707
537.648560
541.013245
544.178955
545.802063
544.916199
541.541504
537.647705
535.798706
535.670593
534.143677
529.901672
525.510498
523.925293
525.050476
526.715942
527.778748
529.255493
532.451111
536.807922
540.553101
542.998718
544.565552
544.859131
542.975769
539.830933
537.677979
536.724121
534.708313
530.746033
526.942993
525.132629
524.730896
525.015503
526.879150
530.829590
535.397583
538.983826
541.752258
544.365234
545.864990
544.567383
540.990234
537.834045
536.542725
535.966858
534.645630
532.299683
529.181946
525.910828
523.832153
524.163086
526.755554
530.301758
533.675537
536.861572
540.424683
544.050476
545.992920
544.827271
541.605225
538.867310
537.631287
536.671509
534.441528
530.706360
526.621399
523.881042
523.606018
525.554810
528.473267
531.460938
534.718933
538.649780
542.697876
545.560974
546.400208
545.427246
543.354370
540.731140
538.154724
536.376953
535.123352
532.722717
528.502563
524.521545
523.343140
524.997437
527.583984
530.114624
533.242676
537.330200
541.288574
543.947632
545.170654
544.852112
542.584534
539.212646
536.892273
536.214172
534.819946
530.769043
525.816101
523.190918
523.653076
525.801025
528.654297
531.898621
535.066895
537.874451
540.441772
542.819275
544.672913
545.107605
543.301208
540.165955
537.978821
537.124634
535.331909
531.346313
527.089600
524.901245
524.655273
525.142090
526.645081
530.076294
534.575806
538.281982
541.018738
543.825134
546.036987
545.453857
541.869934
538.087219
536.394226
535.788940
533.957153
530.672546
527.524902
525.329102
523.942749
523.838989
525.724548
529.079712
532.663391
536.074829
539.618103
542.880432
544.737793
544.982483
544.358521
542.717590
539.339050
535.141174
532.217773
531.139404
530.214172
527.606262
524.088867
523.029785
526.344238
531.744568
535.846497
538.166260
540.380615
543.261902
545.742188
546.379639
544.680786
541.265869
537.674500
535.599121
535.138794
534.234863
531.058716
526.640198
523.854614
523.976868
525.794189
528.310547
532.060852
536.996460
541.363831
543.748840
544.571594
544.577759
543.309509
540.458923
537.525452
536.047058
534.859253
531.645447
526.965393
523.938782
523.914551
525.400879
527.358887
530.422424
534.538696
538.191711
540.520447
542.350342
544.420959
545.684937
544.431763
541.007874
538.067993
537.146667
536.325500
533.116516
528.389038
525.127441
524.399475
525.104980
526.651611
529.338379
532.888733
536.566162
540.238647
543.914856
546.399536
545.890808
542.542236
538.979614
537.257874
536.590820
534.888062
531.492249
527.726562
525.091370
523.773071
523.543579
524.923523
528.082092
531.842529
535.181091
538.481079
542.167053
545.147217
545.762939
543.779236
540.589661
537.816406
536.172302
535.063843
533.095276
529.582031
525.601196
523.245605
523.848083
526.816589
530.416809
533.789368
537.291931
540.929749
543.837097
545.266724
544.948364
542.891235
539.773499
537.004639
535.701721
535.527405
534.612854
531.351746
526.730957
523.764587
524.022583
526.185852
528.613037
531.440552
535.274658
539.424744
542.684082
544.729065
545.427795
544.004883
540.554993
537.261292
536.029053
535.550964
532.984131
528.353516
524.740356
523.990662
525.027405
526.747498
529.693787
534.054688
538.262634
540.764587
542.066589
543.664246
545.296448
544.951294
541.991028
538.621399
537.054810
536.411377
534.199158
530.091736
526.209290
524.145691
523.914124
525.473083
528.880493
533.030640
536.388855
539.078125
542.335815
545.604370
546.324890
543.530884
539.653931
537.451477
536.638794
534.918335
531.358032
527.444702
524.988586
524.130371
524.074341
524.871216
527.161560
530.691833
534.427185
537.894531
541.302979
544.294556
545.599060
544.435730
541.578125
538.621887
536.657959
535.530273
533.881409
530.499634
526.143127
523.283508
523.610168
526.418396
529.760437
532.712708
535.878357
539.712036
543.329407
545.410828
545.353027
543.248596
539.865356
536.799377
535.576355
536.000549
535.745422
532.603210
527.524841
524.023193
523.984802
525.931091
527.987732
530.354675
534.037292
538.447632
541.223877
541.814148
542.914551
545.286987
545.711304
542.670166
538.760376
535.510376
531.490234
526.535461
523.179260
523.144348
525.337646
527.852722
530.536072
533.877991
537.228577
539.839050
542.246704
545.002563
546.801147
545.840393
542.396606
538.811401
537.053955
536.641663
535.270752
531.773315
527.531128
524.605225
523.792725
525.040649
528.071899
531.974670
535.489929
538.378174
541.478455
544.665283
546.038696
544.240112
540.569031
537.651245
536.473145
535.599915
533.230835
529.374939
525.746094
523.919861
524.112915
525.631897
527.807739
530.310120
533.116516
536.494385
540.495422
544.131714
545.781921
544.855469
542.291199
539.418945
537.122314
535.667908
534.245911
531.443115
527.341003
524.186340
523.932983
526.082764
528.876282
531.695251
535.094849
539.063782
542.586731
544.801331
545.412354
544.160461
541.200562
537.855164
535.840881
535.573608
535.478882
533.395020
529.182190
525.323059
524.098328
525.192139
527.145935
529.734070
533.436646
537.663330
541.153564
543.611755
545.235413
545.154236
542.552124
538.971497
536.919312
536.181458
534.084473
529.782349
525.790649
524.397217
524.964355
526.119751
528.192139
531.821289
536.048462
539.511047
542.288147
545.009216
546.951782
546.553406
543.577087
540.051331
538.203613
537.329224
534.871216
530.625977
527.016235
525.465515
525.252930
525.845032
527.771973
530.980713
534.337891
537.299377
540.555664
543.978577
545.683655
544.464111
541.512512
538.983398
537.561340
536.131165
533.546143
529.871826
526.255310
524.148071
524.361755
526.487183
529.163818
531.306152
533.168396
535.855103
539.687744
543.468445
545.583435
545.369568
543.264465
540.292175
537.661133
536.061279
534.731934
532.016602
527.723450
524.173157
523.710815
525.890076
528.575134
531.008606
534.028320
537.899902
541.697571
544.455811
545.553406
544.449036
541.409912
538.265381
536.791382
536.354309
534.865356
531.540710
527.441040
524.328857
523.552002
524.856506
526.793335
529.026367
532.435974
536.723389
540.477478
543.287048
545.342468
545.629150
543.067139
539.152405
536.838806
536.497375
535.298462
531.417297
526.760498
524.263977
524.335449
525.675476
527.887573
531.153809
534.759583
538.031189
541.483521
545.046997
546.722656
545.063965
541.392944
538.206848
536.826233
536.806519
536.296997
533.540710
529.001099
525.078430
523.558960
524.475281
526.910339
529.862427
532.761658
535.894714
539.893738
544.145874
546.464539
545.373169
542.023865
538.898315
537.214905
536.254089
534.521606
531.215881
527.117615
524.161194
523.802002
525.817810
528.721252
531.149292
532.958374
535.128296
538.460327
542.358459
545.197571
545.786011
544.144287
541.154968
538.113220
536.189331
535.219360
533.313660
529.218750
524.748474
523.003296
524.559570
527.420044
530.206482
533.272461
536.930969
540.590576
543.700684
545.820679
545.806885
542.817261
538.473267
535.990356
536.040039
535.422974
531.467773
525.811096
522.127686
521.844604
523.636353
525.969421
528.750488
532.363525
536.134888
539.149536
541.818359
544.621948
546.097412
544.392090
540.448608
537.371704
536.401978
535.459595
532.438477
528.199951
525.031189
523.788391
524.248169
526.617920
530.748108
535.093506
538.294800
540.882812
543.817810
546.052917
545.402100
541.848267
538.091980
536.361267
536.298035
536.084290
534.259949
530.661499
526.569580
523.808105
523.481934
525.558167
529.034851
532.575623
535.768677
539.269653
543.009521
545.393433
545.145386
542.864380
540.097290
537.864197
536.284851
534.630249
531.898376
528.118408
524.725159
523.305420
524.354858
527.179932
530.698059
534.310181
537.780579
540.678528
542.748047
544.273010
545.273438
544.920288
542.457520
538.711426
535.936279
535.067505
533.930542
530.275940
525.578735
523.257812
524.171509
526.455017
528.917419
532.082458
536.169556
540.192261
543.312439
545.390930
545.809448
543.589111
539.548035
536.497192
535.803345
535.220459
532.064819
527.342529
524.363342
524.208679
525.097473
525.756592
527.168457
530.597900
535.263367
539.163757
541.752197
544.016602
545.734436
545.054749
541.693115
538.137451
536.381897
535.388611
533.094360
529.421265
526.033752
524.206482
524.238098
526.197021
529.727722
533.511902
536.554688
539.517517
543.096619
545.899963
545.792908
542.862000
539.447266
537.471436
536.815247
536.054199
534.035339
530.859985
527.538940
524.992249
523.909668
525.011597
528.178711
531.988342
535.339172
538.535522
541.906921
544.589539
545.411255
544.128906
541.499084
538.726562
536.685242
535.102844
532.746643
529.013611
525.154175
523.298950
524.290100
527.023254
530.087463
533.391968
537.288818
540.969727
543.278503
544.342712
544.892944
544.682800
542.963318
540.078430
537.524963
536.067566
534.426331
531.039612
526.799622
524.270569
524.417725
525.943665
527.936096
531.084045
535.630188
540.073853
543.045044
544.783264
545.418518
543.925354
540.518005
537.683472
536.786316
535.875977
532.761963
528.368774
525.293762
524.595215
525.331177
526.349609
527.514404
529.550537
533.040955
537.411743
541.413818
544.540833
546.430603
545.665833
541.907227
538.005432
536.583313
536.153259
533.818970
529.765259
526.300171
524.513062
524.147400
525.294189
528.196655
532.105225
535.887695
539.353638
542.736328
545.247375
545.490601
543.318970
540.181213
537.600098
536.116089
535.358093
534.324463
532.019653
528.508362
525.160767
523.647461
524.621704
527.274231
530.443176
533.938416
537.993164
541.965210
544.643311
545.416077
544.408325
541.997070
538.913574
536.333740
534.788269
533.185425
530.141968
526.264587
523.867920
524.279968
526.547119
529.159851
531.998657
535.666138
539.777405
543.152283
545.214355
546.156006
545.849243
543.621277
539.848816
536.754272
535.794556
535.072144
531.843201
526.941162
523.949097
524.396667
526.412170
528.140808
530.074402
533.297058
537.530701
541.961365
545.941956
547.892761
545.974304
541.061157
536.872070
535.834167
536.078552
533.925354
528.978821
524.734863
523.819275
525.214172
526.793762
528.156006
530.138245
533.059143
536.412354
539.897034
543.404968
545.732666
545.240845
542.328247
539.375854
537.874756
536.879822
534.635315
530.970581
527.387268
525.061401
524.012024
524.445007
527.013611
531.157593
535.145813
538.325684
541.503357
544.598206
545.841431
544.136780
540.799500
538.250549
537.423950
536.962097
535.110840
531.482666
526.915466
523.036804
521.920654
524.290649
528.126282
530.845581
532.611755
535.706360
540.697815
545.058167
546.300110
544.679138
541.944824
539.390808
537.661194
536.571899
534.783264
531.229492
526.986511
524.423767
524.445984
525.902954
527.875244
530.879333
535.138977
539.328674
542.172485
544.012939
545.683899
546.588867
545.097656
541.089661
537.174072
535.883240
535.910828
533.546875
528.212952
523.629517
522.843201
525.150879
528.494141
531.929810
535.113281
537.681396
539.913696
542.559387
545.109497
545.368652
542.313965
538.442505
536.864746
536.795776
534.856323
530.358582
526.126038
524.310730
524.464905
525.792786
528.443909
532.036438
535.178650
537.244568
539.219238
542.082520
545.027527
545.965271
543.888977
540.278503
537.553040
536.377075
535.283142
532.787964
529.090698
525.686951
524.034912
524.805237
527.384827
529.998657
532.124268
536.046814
542.819092
548.387695
548.017334
542.866333
538.416992
537.719299
538.736206
537.715393
533.686523
529.019165
526.106873
525.060547
524.853943
525.117493
526.180847
528.457642
532.151001
536.660217
540.493164
542.807312
544.242554
545.114990
544.209778
540.906128
537.182556
535.500671
535.160889
533.063477
528.452087
524.409607
523.707825
525.696411
528.379150
531.124084
534.220947
537.614624
541.060486
544.305481
546.263489
545.253967
541.280640
536.945557
535.057617
535.853027
536.699097
534.614868
529.745117
525.492920
524.341309
525.345276
526.770813
528.818604
532.302612
536.610962
540.496826
543.557068
545.543396
545.455688
542.950623
539.749023
537.871033
536.912231
534.785278
530.901855
526.918640
524.506104
524.048401
525.351196
528.122253
531.592529
534.576233
536.507263
538.317383
541.364746
545.001526
546.477356
544.335510
540.569702
538.058105
537.164917
536.017700
533.184692
529.199280
525.782532
524.218689
524.673279
526.644775
529.545166
532.947876
536.672607
540.545898
543.897278
545.599365
544.964600
542.476624
539.461426
537.221924
536.134460
534.963562
531.951660
527.299927
523.349609
521.973633
523.065613
525.453979
528.211121
531.237061
534.893433
538.979553
542.543213
544.792053
545.457642
544.355347
541.587708
538.415710
536.581238
535.735229
533.305359
528.569397
524.553711
523.902283
525.508789
527.208435
529.136475
532.525391
537.069031
541.223877
544.140747
545.720398
545.311890
542.346436
538.214661
535.691223
535.913940
536.808960
535.252808
530.839478
526.460388
524.596436
524.753235
525.618652
527.511963
531.092957
535.529724
539.531067
542.856873
545.381287
545.841492
543.400635
539.819641
537.784729
537.296753
535.958191
532.576355
528.415710
525.270142
524.035095
524.853088
527.301270
530.455505
533.610901
536.829102
540.251099
543.420532
545.550110
545.907410
544.289856
541.580078
539.171143
537.577576
535.982117
533.312073
529.701599
526.556213
525.059937
525.228577
526.377258
528.031555
530.652710
535.025208
540.340637
544.192871
545.249207
544.425537
542.954651
540.880676
538.176697
535.868835
534.523621
532.742615
529.272156
525.553467
523.906189
524.487122
526.006958
527.876160
530.296631
533.519836
537.383301
541.074951
543.768127
545.198792
544.927673
542.393311
538.737000
536.477539
535.967712
534.449280
530.188171
525.365967
523.197449
524.102722
526.399109
529.163635
532.590393
536.396240
539.790649
542.712280
545.235840
546.017151
543.627747
539.406616
536.564026
536.367432
536.956177
535.745361
532.117981
527.851196
525.034607
524.121826
524.651550
526.722900
530.386230
534.632690
538.365234
541.588684
544.473694
545.859253
544.344543
540.775269
537.775513
536.524658
535.584961
533.231140
529.610962
526.173279
524.138123
524.163635
526.379761
529.886963
533.210693
536.039673
539.369141
543.430054
546.743774
547.515930
545.348022
541.712524
538.758423
537.441833
537.029907
535.962402
532.825745
527.646729
522.918152
521.940125
525.262756
529.887451
532.889893
534.693726
537.520020
541.711609
545.225403
546.088440
544.107361
540.637878
537.616516
536.273071
535.753479
533.655334
529.221924
525.002258
523.846008
525.489197
527.512512
528.626953
529.808167
532.431458
536.292236
539.986267
542.710876
544.765869
546.038574
545.083191
541.094116
536.180237
533.470825
532.962036
531.775696
528.545532
525.015808
523.436218
524.631897
528.255981
532.889404
536.505249
538.600708
540.908875
544.398621
546.768616
545.144470
540.620544
537.273743
536.787109
537.060669
535.653931
532.044861
527.502197
524.296692
523.844910
525.411804
527.556946
529.931458
532.890869
536.569336
540.783508
544.798706
546.952881
545.684082
541.569702
537.471008
535.842834
536.143127
535.430298
531.796997
526.707581
523.343018
523.391602
526.055908
529.365417
532.087219
534.739380
538.443481
542.687622
545.425598
545.631226
544.190430
542.186768
539.992798
538.051697
536.829224
535.684875
533.081421
528.694763
524.711670
523.782288
525.832458
528.484131
530.562317
533.246948
537.393738
541.640991
544.167358
544.776123
544.128174
542.300354
539.482788
536.961243
535.667603
534.358887
531.155579
526.750488
524.007568
524.348389
526.498779
528.701233
530.657288
533.118713
536.346375
539.679993
542.594910
544.936462
545.766968
543.827271
539.982361
537.131042
536.470764
535.637146
532.166199
527.282715
524.219910
524.017761
525.337463
527.544067
531.110413
535.232056
538.158386
540.113037
542.787781
545.622559
545.757080
542.365784
538.320129
536.449951
535.930847
533.871460
529.629089
525.595032
523.792786
523.850098
524.728088
526.392883
529.076843
532.387451
535.905273
539.760010
543.705017
546.171936
545.601990
542.655151
539.674011
537.919800
536.612061
534.508057
531.344971
527.873474
525.233276
524.323730
525.354187
527.767090
530.821716
534.318298
538.315063
542.143921
544.545349
544.972229
544.145203
542.979187
541.438049
539.168884
536.799561
535.200073
533.647583
530.544495
526.212769
523.285767
523.705750
526.599487
529.936157
533.052002
536.406006
539.999207
543.207458
545.281921
545.352844
543.004089
539.410217
536.838928
536.090454
535.144165
531.775146
527.010986
524.122620
524.401550
526.179932
528.189697
531.177673
535.362305
538.984985
540.794495
541.941162
543.817871
545.392578
544.387329
540.811707
537.626404
536.878113
536.617859
533.735352
528.774902
525.201416
524.520386
525.277954
526.545898
529.122009
533.158508
537.372681
540.902710
543.818542
545.592712
545.008118
542.229126
539.370728
537.878845
536.641052
533.933716
530.087219
526.925598
525.389526
524.895264
524.814819
525.671692
528.261414
532.035706
535.671875
538.926636
542.304443
545.089905
545.524658
543.252136
540.096924
537.890869
536.650696
535.222839
532.745789
529.289734
525.927490
524.191467
524.819153
527.170044
530.190063
533.547485
537.339661
541.132568
543.995911
545.248718
544.654785
542.348022
539.154541
536.459473
535.159119
534.841064
534.010254
531.322021
527.226074
524.111633
523.902344
526.033691
528.836243
531.908447
535.671509
539.611633
542.688843
544.618286
545.231812
543.814392
540.618713
537.691223
536.524109
535.719482
532.779541
528.030823
524.636719
524.295532
525.547913
527.080383
529.710999
533.947144
538.219482
540.861511
542.242615
543.750427
545.252563
544.929321
542.088135
538.757874
537.129089
536.406494
534.073669
529.834778
526.101501
524.483032
524.342041
525.395325
528.631409
533.490967
537.456299
539.639465
541.685303
544.257629
545.463501
543.697449
540.120422
537.291016
536.145752
535.175232
532.598145
528.633606
525.098083
523.262573
523.150330
524.669312
527.807739
531.605408
534.763123
537.486450
540.919006
544.553101
546.174927
544.735046
541.590637
538.681030
536.794250
535.471375
533.579102
530.373779
526.617004
524.125854
524.100647
526.235840
529.372131
532.729187
536.301453
540.062622
543.353577
545.307922
545.351074
543.354553
540.054688
537.060120
535.667664
535.625183
535.191589
532.566101
527.993774
524.236389
523.687073
525.661682
528.079651
530.614258
534.196228
538.496704
542.095520
544.412842
545.498962
544.663391
541.509033
537.855408
536.142517
535.865295
534.023438
529.602539
525.306152
523.846680
524.793701
526.557007
529.154663
532.996155
537.018372
540.045654
542.360535
544.658752
546.493591
546.303955
543.148132
538.715576
536.189209
536.083130
535.353577
531.850586
527.274780
524.556885
524.421204
525.860168
528.223022
531.259766
534.510498
537.969360
541.985718
545.523926
546.304626
543.757629
540.166809
537.959961
537.114380
535.832397
532.966919
529.191467
526.053589
524.401611
524.074646
524.938171
527.219788
530.533264
533.814453
536.789062
540.127014
543.564636
545.455139
544.817322
542.445068
539.750671
537.587952
535.993713
534.151611
531.109680
527.324585
524.631348
524.094238
525.300476
528.056396
532.374023
536.940552
540.120056
541.908936
543.287292
544.515991
544.612549
542.266602
538.032288
534.892639
534.855042
536.039246
534.836182
530.259705
525.093140
522.810547
524.187866
527.436829
530.849121
534.119080
537.410217
540.536560
543.252808
545.211914
545.309143
542.568054
538.380676
535.759705
535.266479
534.269470
531.100708
527.222900
524.732544
524.026245
524.711060
527.214844
531.777466
536.724854
540.218506
542.852173
545.833984
548.121155
547.692139
544.182983
539.488586
536.404480
535.780945
535.219727
532.284729
527.978210
524.983459
524.116211
524.755127
526.870178
530.435547
534.420654
537.993835
541.385376
544.425903
545.703369
544.341003
541.470703
538.941223
537.285522
535.638184
533.158997
530.018677
527.066956
525.037231
524.505127
525.934937
528.847473
531.786499
533.967224
536.128540
539.170654
542.656738
545.019775
545.037842
542.889038
539.843018
537.372498
536.201050
535.268188
532.523926
527.878113
524.023315
523.334229
525.375427
528.128479
530.601807
533.534485
537.615784
541.846497
544.527161
545.145569
544.146179
541.841614
538.962891
536.843262
535.755371
534.501953
532.093750
528.743408
525.597290
524.145630
524.924744
526.894531
529.183411
532.265503
536.276917
540.066101
542.901062
545.010803
545.702515
543.610291
539.635803
536.840393
536.331604
535.567444
532.171204
527.554077
524.806702
524.573120
525.479065
527.231567
530.505432
534.730469
538.465027
541.450989
544.188843
545.884094
545.094971
542.087219
538.826294
536.986145
536.584290
535.915161
533.249939
529.142273
525.812927
524.417358
524.709412
526.495850
529.587524
533.107666
536.274231
539.432556
543.016357
545.734619
545.470154
542.335632
539.018555
537.420959
536.594543
534.597107
531.052307
527.280396
524.828430
524.460022
526.050964
528.718567
531.226807
533.068848
535.094543
538.282837
542.056213
544.685120
545.179932
543.877258
541.526855
538.876648
536.718079
535.134399
533.007996
529.484558
525.653870
523.702576
524.592163
527.306580
530.380981
533.443604
536.815979
540.320190
543.304382
545.187683
545.272583
542.996948
539.316650
536.669128
536.106934
535.410583
531.951599
526.577637
522.669739
522.149414
524.046509
526.429688
528.655823
531.473633
535.183655
538.862183
541.817871
544.174561
545.378479
544.092346
540.535767
537.308594
536.328003
535.938354
533.214844
528.524780
525.030701
524.208801
525.009583
526.859436
530.207397
534.463928
538.157166
540.993164
543.646851
545.536865
545.001709
542.072021
539.013794
537.627014
537.431519
536.675537
534.199463
530.467041
527.085571
525.123657
524.519104
525.322205
527.957764
531.875488
535.749573
539.255798
542.742493
545.320190
545.406738
543.094666
540.263733
538.344604
537.095642
535.351685
532.320801
528.469482
525.336426
524.217468
525.154907
527.289734
529.963684
533.184021
536.902893
540.502808
543.339905
545.038147
545.203430
543.803162
541.490540
539.075562
537.182129
535.885254
534.088745
530.633545
526.444702
524.052917
524.616455
526.817627
529.060547
531.444885
534.846008
539.010681
542.709595
545.074219
545.568604
543.603577
539.797485
536.703979
536.109985
536.066833
533.238892
527.959045
524.002502
523.534180
525.107483
526.617126
527.908020
530.152649
533.795654
537.869263
541.374512
544.174744
545.766663
544.845276
541.448792
538.035461
536.668518
536.140991
533.851868
529.781494
526.387634
525.034058
525.010925
525.979919
528.718628
532.943481
536.857483
539.672485
542.356262
544.993530
545.665894
543.225525
539.358765
536.669312
535.977112
536.044312
534.997192
532.002625
528.075562
525.043274
523.990173
525.099243
527.953369
531.417725
534.540771
537.686829
541.426819
544.698608
545.591553
543.794556
540.990845
538.785400
537.262817
535.519165
532.802246
529.226257
525.959961
524.463989
525.132996
527.056580
529.394836
532.401855
536.452515
540.656799
543.575012
544.820129
544.937988
544.248230
542.659607
540.324097
537.951355
536.169189
534.426575
531.401489
527.275879
524.339783
524.264526
526.153137
528.393433
530.942627
534.478821
538.613770
542.225586
544.630310
545.355103
543.762512
540.319214
537.391479
536.762695
536.672729
533.798462
528.334167
524.292480
524.126526
525.981079
527.069397
527.294739
528.606079
532.135437
536.859253
541.053528
544.013672
545.476074
544.659180
541.558960
538.201294
536.705383
536.466736
534.865967
530.900146
526.635193
524.483215
524.606628
525.953064
528.192444
531.304688
534.729309
538.216003
542.074585
545.490723
546.281006
543.647949
539.735168
537.212097
536.522644
536.274048
535.030762
532.263245
528.661499
525.677124
524.333069
524.832336
526.955627
530.059570
533.372742
536.808350
540.613037
544.064331
545.632202
544.671265
542.048340
539.115601
536.832458
535.392395
533.902283
531.102783
527.121155
523.939514
523.550659
525.884705
529.110107
532.003723
535.083069
538.920837
542.610474
544.846802
545.474243
545.006409
543.464722
540.777893
537.880310
536.059143
534.949829
532.608398
528.501831
524.929382
524.130493
525.533081
527.476685
529.922424
533.567017
537.755737
541.133667
543.355713
544.671692
544.508179
542.130981
538.672607
536.544373
536.006409
534.428406
530.384277
526.110229
524.241211
524.676880
526.164246
528.332947
531.122559
534.096680
536.852539
539.404785
542.136902
544.823486
545.729492
543.392151
539.369629
536.830505
536.376526
535.532349
532.474792
528.258179
525.032288
523.824524
524.615051
527.110413
530.681213
534.361633
537.689270
541.045410
544.270935
545.739990
544.202881
540.844360
538.070007
536.719360
535.668396
533.864929
531.470764
528.973572
526.458130
524.396790
524.017578
525.965515
529.371826
532.897644
536.171265
539.597046
542.974976
545.145569
545.121094
543.034302
540.008850
537.390930
535.819275
534.561646
532.183716
528.459167
525.119934
524.091675
525.470764
527.950623
530.750000
534.109070
538.045227
541.700684
544.117554
544.941467
544.389771
542.843933
540.513306
537.932617
536.291809
535.689575
533.990417
529.820190
525.431519
523.938599
525.200256
526.969910
528.775330
531.954834
536.516968
540.678345
543.435303
545.083313
545.215759
542.877197
539.147644
536.831787
536.500122
535.340698
531.464905
526.930420
524.645081
524.694275
525.801453
527.942444
531.275818
534.631042
536.942261
538.757690
541.266968
544.432678
546.255737
544.568542
540.306091
537.114624
536.547485
536.170837
533.429565
528.972046
525.315430
523.986206
524.832275
527.072815
529.983215
533.050781
536.345093
540.226562
544.010559
545.922241
545.048584
542.352356
539.478027
537.393555
535.930359
534.117188
531.462769
528.611816
526.202820
524.335876
523.643799
525.099182
528.406738
532.148315
535.541931
538.829895
542.089233
544.614685
545.485779
544.209778
541.095154
537.595093
535.530212
534.927124
533.471069
529.539917
525.005920
523.228516
524.836304
527.582642
529.995483
532.787354
536.588928
540.576965
543.660278
545.226379
544.818542
542.592163
539.657654
537.274414
536.182495
536.051758
534.900818
531.064148
526.243774
523.874207
524.589111
526.393616
528.421021
531.424622
535.432129
539.386841
542.591553
544.882019
545.542725
543.574707
539.820801
537.115540
536.607483
535.824341
532.487244
527.960632
524.941956
524.147278
524.917480
527.019165
530.405579
534.206360
537.085144
538.796692
540.643372
543.429138
545.525024
544.629761
541.224854
538.268677
537.248352
536.499939
533.946777
529.898254
526.318481
524.542114
524.666504
526.371826
529.153992
532.231750
535.312683
538.925354
542.971985
545.735901
545.530396
542.835876
539.782776
537.827759
536.723389
535.195496
532.210754
528.100281
524.471924
522.771240
523.329773
525.558716
528.398193
531.025635
533.731323
537.326355
541.464172
544.554077
545.395264
544.049561
541.304016
538.337219
536.435120
535.596558
533.992188
530.299866
525.968933
523.716187
524.366699
526.586853
529.255615
532.525696
536.410889
539.936157
542.462463
544.338623
545.289490
543.913635
540.055054
536.077148
534.523010
535.196899
535.214478
532.240295
527.465881
524.226379
523.928650
525.332764
527.519409
530.876587
535.085083
538.738403
541.426819
543.906738
545.664307
544.842773
541.425903
538.082031
536.668945
535.813782
533.277893
529.321289
526.119141
524.766052
524.775574
526.054138
529.125427
533.442932
537.405334
540.120972
542.053711
543.909302
545.332397
544.976807
542.338013
539.057556
537.150208
536.349915
534.689575
531.313721
527.394470
524.580017
523.800781
525.242004
528.255554
531.621887
534.800171
538.339355
542.359131
545.436584
545.843079
543.550537
540.357300
538.031250
536.767273
535.432678
532.889221
529.174866
525.664246
523.813904
523.925110
525.408142
527.527222
529.819641
532.621582
536.576782
541.044006
544.208618
545.163330
544.396240
542.361511
539.436340
536.914062
535.780090
534.649597
531.336365
526.589966
523.714050
524.268555
526.637329
529.029114
531.555237
534.851318
538.559937
541.928955
544.549988
545.728699
544.349854
540.680725
537.247253
536.337952
537.224670
536.844177
533.191284
527.835144
524.401672
524.317505
525.753418
527.270935
529.732422
533.714844
537.910461
541.102112
543.517334
545.268921
545.166931
542.511597
538.983093
536.869141
535.897400
533.881042
530.230042
526.632446
524.513428
524.068542
525.469971
528.783752
532.827515
536.161560
538.953674
542.126526
545.322388
547.025330
546.125183
543.053894
539.771667
537.986084
537.162109
535.336792
531.824768
527.919739
525.187012
524.196838
524.896484
527.158752
530.521240
534.177307
537.672546
541.040833
543.969849
545.378845
544.392334
541.540039
538.505371
536.655273
535.785034
534.239075
530.719116
526.251038
523.622803
524.354858
526.987366
529.012939
529.970642
531.710205
535.589783
540.451416
543.969116
545.202942
544.746826
543.051819
540.283203
537.488770
535.887207
534.763550
532.104980
527.869873
524.556763
523.908752
525.158447
527.174072
530.192688
534.420959
538.685181
541.811462
544.042542
545.581787
545.068481
541.682251
537.541931
535.615417
536.086731
536.276855
533.715576
528.924377
524.967529
523.921448
524.968567
526.653198
529.041382
532.510132
536.378174
539.942200
543.272400
545.826904
545.877014
542.940918
539.334106
537.411621
536.519836
534.417175
530.660095
526.998169
524.981384
524.698669
525.798767
528.198242
531.408020
534.629089
537.926331
541.679443
544.883972
545.975952
544.879028
542.661499
540.200684
538.180542
536.922607
535.582642
532.935120
529.112061
525.594849
523.882446
524.599915
527.192139
530.345093
533.313904
536.548767
540.416016
543.957581
545.651062
544.932617
542.497925
539.568359
537.250122
535.884583
534.413391
531.325623
526.988647
523.856445
523.716736
525.833496
528.184937
529.781921
531.527344
534.749695
539.063354
542.606262
544.359558
544.696655
543.709534
541.082886
537.882019
536.036194
535.243713
532.932373
528.470398
524.675720
523.842224
525.075012
526.836609
529.461365
533.580444
538.071228
541.427917
543.712036
545.276855
545.014465
542.128235
538.499756
536.752808
536.455750
534.714478
530.552185
526.287292
524.195862
524.064148
524.636536
525.731079
528.132141
531.964294
536.053101
539.432312
542.437073
545.070374
545.718506
543.353577
539.743591
537.490356
536.671814
535.121277
531.674744
527.611938
524.788025
523.812744
524.555664
526.920288
530.325439
533.796631
537.185181
540.944641
544.391907
545.732483
544.392029
541.910278
539.920898
538.587341
537.390076
535.943298
533.743469
530.453613
526.721863
524.061523
523.741638
525.766479
529.002686
532.444763
536.017700
539.824097
543.172119
545.045898
545.064270
543.423889
540.597839
537.669006
535.880737
534.905029
532.715088
528.464966
524.375427
523.295837
525.286743
528.274109
531.136475
534.109009
537.112854
539.685852
541.920654
544.053467
545.428345
544.738281
541.621094
537.880981
536.021973
535.876648
534.453003
530.300171
525.896423
524.158691
524.878967
526.529358
529.093933
532.911438
536.879395
539.921509
542.553650
545.143921
546.005859
543.456238
539.078247
536.386108
536.117310
535.359924
531.932434
527.268860
524.112244
523.286011
523.842590
525.208801
527.799805
531.543884
535.226746
538.183960
541.249207
544.619507
546.327087
544.674255
540.902405
537.781006
536.366821
535.342651
533.092834
529.568970
526.069519
523.953674
524.039734
526.458252
530.220642
533.701721
536.477783
539.671204
543.517212
546.008606
545.263367
542.052673
538.779297
536.901978
536.323792
536.085083
534.740540
531.343201
526.927124
523.989014
523.953552
526.011536
528.599854
531.194397
534.413757
538.593689
542.689636
545.118042
545.279419
543.641052
540.968811
538.239258
536.403625
535.140076
532.790710
528.757935
524.979126
523.692566
524.835876
527.001221
529.778564
533.522461
537.588989
540.546204
542.109131
543.397217
544.843933
545.045532
542.667725
538.883118
536.450745
535.916992
534.572632
530.581665
526.007202
523.878601
524.407959
526.024170
528.250366
531.580933
535.685669
539.472351
542.504150
544.868042
545.728455
543.904724
540.302063
537.648254
536.891296
535.782593
532.328491
527.832092
524.983032
524.404846
524.707336
525.153870
526.643738
529.873535
533.923157
537.533264
540.762329
543.975281
545.990845
545.143616
541.884460
538.594482
536.772827
535.648743
533.682922
530.448425
526.838440
524.216003
523.702698
525.592957
528.910950
532.242676
535.356201
538.998840
542.957947
545.599609
545.595215
543.226440
540.020996
537.611816
536.635620
536.337341
535.243713
532.307068
528.019470
524.593689
524.013245
525.770935
527.866699
529.787231
532.812012
537.457092
542.161560
544.938843
545.361389
544.186707
541.928162
539.040283
536.656860
535.331482
533.651917
530.176147
526.143066
524.126587
524.710510
526.572388
529.021362
532.317871
536.183167
539.674500
542.203064
543.942688
545.200745
545.405701
543.460693
539.876160
537.205627
536.592590
535.557373
531.700439
526.767639
524.206848
524.492493
525.795105
527.574951
530.625122
534.719482
538.534119
541.455017
543.752930
544.992920
544.012268
541.079468
538.359741
537.178345
536.210754
533.599609
529.582092
525.925415
523.964722
523.873291
525.087952
527.133118
529.923767
533.130554
536.240234
539.572876
543.402344
546.027344
545.319214
542.024292
539.063599
537.820496
537.024719
534.985229
531.519958
527.758301
524.946716
523.876526
524.934753
527.763123
531.262817
534.770691
538.470337
542.172058
544.849243
545.574951
544.104736
541.018311
537.772888
535.787292
535.233398
534.984253
533.409973
529.768494
525.602478
523.627747
524.599243
526.865723
529.281372
532.440918
536.671387
540.810486
543.628845
544.991455
544.943970
543.035156
539.608215
536.613892
535.416382
534.504578
531.498535
527.055725
524.258606
524.360596
526.001587
528.238770
531.376221
535.113098
538.454773
541.263000
544.049866
546.465149
547.064697
544.767517
540.604370
537.371582
536.479309
535.869141
532.835632
528.124023
524.875916
524.315063
525.145203
526.645752
529.553772
533.799622
537.881409
540.936768
543.392029
545.054382
544.657959
542.097473
539.181091
537.385925
536.151489
533.941101
530.389160
526.841919
524.700500
524.291321
525.572998
528.313354
531.461121
534.000793
536.246704
539.091736
542.397400
544.833130
545.082397
543.085205
540.155457
537.830017
536.528259
535.224365
532.633362
528.759216
525.053162
523.308777
524.366211
527.402344
530.831543
534.124146
537.774292
541.534790
544.166809
544.861938
543.816772
541.648438
539.106201
536.949707
535.507202
534.427856
532.859680
530.109680
526.695984
524.327271
524.086731
525.457764
527.823608
531.434387
536.101624
540.487671
543.393860
544.802002
544.970276
543.369629
539.910095
536.564209
535.472229
535.398926
533.072205
528.396057
524.849792
524.389282
525.668701
527.446655
530.165710
533.976807
537.984375
541.511780
544.288513
545.652100
545.052856
542.930847
540.211853
537.773376
536.362793
535.518005
533.383972
529.453247
525.891907
524.542419
524.908569
526.167297
528.636841
532.302917
536.185547
539.787598
543.179749
545.524658
545.419434
542.946045
539.966187
537.955078
536.467590
534.107666
530.535400
527.010681
524.903687
524.478149
525.549194
528.070679
531.252930
533.644226
535.103760
537.200745
540.781494
544.379272
545.723328
544.115662
540.931274
538.203918
536.866577
535.896545
533.433899
529.195923
525.101624
523.305237
524.378540
527.218384
530.217529
532.909790
536.163513
540.131226
543.312622
544.515747
543.999146
542.223877
539.558289
537.242310
536.277954
535.448181
532.645264
527.975159
523.764648
521.977783
522.803162
525.165955
527.969910
531.144836
535.134033
539.372375
542.583496
544.436829
545.126953
543.957947
540.621155
537.163757
536.000000
536.104797
534.028931
529.138062
524.891663
523.965698
525.201782
526.738342
529.050415
532.994324
537.479309
541.078308
543.794128
545.553162
545.161499
542.367676
538.976685
536.925781
536.477173
536.273193
534.525146
530.916260
527.251648
525.243896
524.752747
525.354187
527.632446
531.520325
535.496094
538.730103
541.948975
545.083679
546.193298
544.017090
540.159973
537.395020
536.392883
535.292847
532.444336
528.482056
525.328064
524.194641
525.117371
527.468933
530.379272
533.233765
535.898682
538.553406
541.427002
544.158569
545.504578
544.616943
542.125610
539.309753
537.024719
535.433350
533.724121
530.781189
526.995850
524.393677
524.382324
526.362305
528.934021
531.743591
535.421570
539.777954
543.241882
544.748840
544.755493
543.671631
541.257446
538.272522
536.297180
535.096130
532.612976
528.398132
524.691589
523.446594
524.264648
525.774292
527.551086
530.166931
533.920105
537.979858
541.196350
543.408875
544.826538
544.673401
542.217346
538.877014
537.078857
536.623657
534.617737
529.974182
525.456421
523.920593
524.933411
526.652893
528.831970
532.091553
535.957031
539.528870
542.762573
545.308350
545.553345
542.829956
539.254761
537.499939
537.721375
537.794739
535.804871
531.841736
527.746826
525.195801
524.437744
525.180481
527.420166
530.705261
534.090515
537.422058
541.206909
544.798950
546.203857
544.434631
540.986694
538.226624
536.934021
535.879028
533.552795
529.932190
526.379272
524.271790
524.314636
526.476257
529.754211
532.931458
535.892395
539.075684
542.185303
544.480652
545.496216
544.909485
542.624390
539.411621
536.758179
535.502686
534.623169
532.168030
527.991455
524.472351
523.766357
525.571899
528.273499
531.101562
534.323486
538.095581
541.871521
544.709839
545.763489
544.550232
541.382507
537.845276
535.835327
535.220459
533.610718
529.725952
525.687195
524.351746
525.639648
527.224365
527.994568
529.222412
532.382690
536.866394
540.747192
543.272583
544.893677
545.187317
543.117554
539.546631
537.050720
536.335266
534.955139
531.151733
526.888489
524.872070
524.864502
525.560852
527.439514
531.121826
535.376953
538.796570
541.631226
544.427734
545.978943
544.480530
540.633972
537.471619
536.694458
536.997498
536.084778
533.017090
528.826965
525.420959
523.934570
524.479675
526.829834
530.276306
533.723999
536.859802
540.253418
543.742615
545.707153
544.808960
541.850342
538.990784
537.398438
536.283875
534.179626
530.731812
526.998108
524.398254
523.894348
525.617493
528.636658
531.804016
535.079163
538.889648
542.581726
544.929993
545.603516
544.974670
543.230774
540.629517
538.041931
536.351013
535.199585
533.020935
529.123840
525.201782
523.682434
524.983765
527.500366
530.101013
533.274170
537.410522
541.462463
544.187134
545.299438
544.642761
542.000488
538.507141
536.317017
535.743408
534.357422
530.468323
525.996216
524.026550
524.949097
526.753845
528.014099
529.244385
531.710938
535.570618
539.627136
542.921326
545.276978
545.940918
543.755249
539.653870
536.767822
536.366760
535.754272
532.339172
527.632812
524.826538
524.552246
525.495422
527.274841
530.339783
534.225098
537.795837
540.781311
543.582703
545.513794
544.924927
541.810974
538.546204
536.850342
535.727966
533.678162
530.950012
528.466370
526.412720
524.860535
524.506226
526.049805
529.193176
532.760925
536.062744
539.469360
543.004333
545.355347
545.181946
542.809204
539.993347
538.057556
536.648193
534.531250
531.241821
527.620300
525.042542
524.389160
525.551880
527.813293
530.657654
534.101990
538.158020
542.059875
544.528442
545.095825
544.504517
543.395081
541.514648
538.902344
536.679199
535.400757
533.671692
530.078674
525.822632
523.651733
524.513489
526.939148
529.584778
532.650940
536.492554
540.360901
543.231384
544.780701
544.877869
543.153076
540.012146
537.249084
536.122314
535.198792
532.134521
527.575928
524.631165
524.436707
525.549988
527.401123
530.587830
534.431946
537.427246
539.361328
541.200989
543.512024
545.313049
544.615967
541.132263
537.590454
536.394287
536.144775
533.817139
529.359497
525.598816
524.289551
524.892700
526.727600
529.726318
533.323792
536.731506
540.039978
543.432556
545.711060
545.218628
542.222961
539.045715
537.437012
536.630493
534.701355
531.344482
528.116821
526.137085
525.077454
524.634766
525.500061
528.129883
531.675476
535.079163
538.413635
542.038818
544.975586
545.501282
543.376587
540.309814
538.000122
536.592590
535.147278
532.765625
529.312439
525.848328
524.110840
524.943542
527.512329
530.417664
533.265442
536.626038
540.588135
544.076721
545.725403
545.021423
542.702698
540.075073
537.972900
536.659058
535.980591
534.692017
531.239685
526.533508
523.822327
524.584290
526.934875
528.948181
531.179321
534.896423
539.516724
543.164062
544.973145
545.204956
543.700439
540.471008
537.301819
536.007324
535.370544
532.666626
528.064880
524.688477
524.285217
525.556213
527.219727
529.941833
534.076294
538.004028
540.248352
541.519531
543.234680
544.991455
544.868103
542.144714
538.679504
536.705078
535.848511
533.843201
530.065125
526.497131
524.860840
524.888184
526.100037
528.789917
532.483704
535.920044
538.984985
542.385864
545.394348
545.948669
543.374084
539.741333
537.634216
537.031433
535.569275
531.953003
527.703857
525.031799
524.253113
524.364380
525.233154
527.501038
530.815918
534.135132
537.412537
541.070312
544.289673
545.504333
544.280090
541.613892
538.875854
536.965454
535.693237
533.744995
530.206909
526.192383
524.007568
524.655273
527.035339
529.590149
532.053894
535.318970
539.678406
543.752625
545.705139
545.022217
542.542725
539.476074
537.024658
536.104797
536.382202
535.816223
532.435242
527.241150
523.907471
524.401123
526.741211
528.469055
530.106323
533.471130
538.338928
542.628174
544.956421
545.312073
543.809814
540.750916
537.894409
537.021179
536.823181
534.201050
529.099792
524.966309
524.113525
525.455994
527.173035
529.218506
532.442383
536.564575
540.150696
542.458496
544.147278
545.543518
545.289490
542.348022
538.623657
537.056702
537.201782
535.629089
531.090637
526.355835
524.245178
524.563171
525.946472
528.274902
531.690918
535.174805
538.059875
541.235840
544.848755
546.596497
544.661377
540.710449
537.804382
536.666992
535.602417
533.060486
529.275208
525.796692
523.889526
523.621338
524.582886
526.707153
529.821533
533.296143
536.749939
540.335144
543.726440
545.574463
544.773743
541.998779
539.222656
537.606445
536.470276
534.472900
531.134949
527.242920
524.414551
524.070557
526.046692
528.744080
531.349121
534.672485
539.006165
542.913818
544.964478
544.979858
543.285583
540.490295
537.855042
536.471497
536.207397
535.696716
533.296570
528.880615
524.741699
523.427551
524.913208
527.472229
530.348145
533.710083
537.193970
540.282898
543.087830
545.369568
545.679504
542.893433
538.515442
535.896545
535.943848
535.438599
531.684875
526.614502
523.877747
524.153015
525.860107
528.390808
531.999084
535.989075
539.173340
541.370850
543.320312
545.271484
546.011108
543.968445
539.873230
536.855774
536.368713
535.852783
532.606262
527.953308
525.025940
524.443970
525.053894
526.856689
530.209778
534.029907
537.285645
540.526184
544.031677
546.106873
544.992249
541.474487
538.159424
536.553711
535.789429
534.070679
530.756042
526.924011
524.363098
524.189270
526.046265
528.645752
531.045227
533.208496
535.631836
538.750305
542.324280
545.068298
545.424561
543.233337
540.078735
537.624878
536.141968
534.718872
532.236877
528.497803
524.999329
523.774048
525.164307
527.743774
530.435974
533.631348
537.835388
542.115784
544.772034
545.142212
543.798279
541.422913
538.646423
536.394836
535.309143
534.913818
533.701050
530.512451
526.368958
523.987183
524.588867
526.751953
529.176025
532.209656
536.037109
539.777649
542.752991
544.823792
545.320068
543.309814
539.568726
536.808960
536.329651
535.695312
532.163757
527.147278
524.326416
524.671753
526.262146
527.944519
530.522339
534.510010
538.818359
542.138123
544.231934
545.293213
544.987061
542.960876
540.063049
538.082397
537.520508
536.469482
533.191162
528.884583
526.046814
525.150879
525.126709
526.153564
529.218323
533.519653
537.152039
539.891968
542.783691
545.352356
545.538208
542.723267
539.085205
536.982910
536.137939
534.531372
531.371826
527.857361
525.361633
524.338135
525.110962
527.842468
531.442200
534.292664
536.243774
538.457275
541.472168
544.297485
545.372986
544.087830
541.290527
538.425232
536.435547
535.139893
533.306458
529.992188
526.053589
523.687622
524.270935
527.056274
530.165649
532.714966
535.744873
540.426270
545.277527
546.812317
543.913086
539.829224
538.201111
538.710083
538.256531
535.112732
530.385254
526.218689
524.054871
524.195496
525.610046
526.765930
527.777771
530.454102
535.202515
539.787292
542.410583
543.807434
544.901611
544.485107
541.382935
537.376465
535.270996
534.845093
533.293213
529.557068
525.912964
524.651123
525.327820
526.832581
529.688110
534.035706
538.049683
540.703735
542.971069
544.989746
545.404846
543.733459
540.835632
538.029602
536.607605
536.246155
534.562317
530.478577
526.213867
524.173401
524.340027
525.945557
528.970093
532.727783
535.691650
538.110901
541.869019
546.328247
547.523865
543.411194
537.621521
535.530945
537.304932
537.612610
533.065918
526.768433
523.554626
524.111816
526.081543
527.994446
530.072205
532.677551
535.679199
538.969421
542.297913
544.645630
544.999756
543.664978
541.704956
539.616638
537.494080
535.393799
532.965820
529.877563
526.813416
525.237061
525.857544
527.647766
529.072998
530.705322
534.734680
540.783142
545.176575
545.760620
544.001831
541.803284
539.662842
537.832214
536.429565
534.674316
531.678650
527.825806
524.651245
523.477356
524.322205
526.051270
527.819824
530.259949
534.168274
538.390747
541.188171
543.052185
545.255859
546.393311
543.726440
537.945190
533.656738
533.688782
534.967529
532.617249
526.872070
522.672913
523.158936
526.736023
530.381592
533.071289
535.590332
538.883972
542.975586
546.206299
546.074585
542.277283
537.830139
535.983398
536.942444
537.975586
536.017395
530.675232
525.161133
523.039673
524.483887
527.408875
530.497864
533.054504
534.432861
535.811523
539.619934
545.126526
547.765259
544.936279
539.750000
536.928711
536.997559
536.651794
533.537048
528.747070
525.033386
523.902405
524.918762
527.078308
529.911255
533.200806
536.365540
538.977295
541.474060
544.143494
545.683655
544.366638
540.852234
537.977600
537.447083
538.100098
537.074402
532.303589
525.296936
521.064819
522.969177
528.342102
531.906128
532.426270
533.363464
537.451599
542.920105
545.956116
545.241821
542.524414
539.856018
537.991455
536.798096
535.471741
532.850830
528.989502
525.757080
524.744385
525.526794
526.650330
527.420105
528.709045
532.086365
537.545654
542.819641
545.629150
545.461853
543.076965
539.938843
537.985535
538.019104
538.103149
535.230896
529.516479
524.894592
524.153076
525.576111
526.488586
527.542175
530.821106
535.734192
539.815308
542.371399
544.419739
545.624146
544.260986
540.502930
537.119995
535.998596
535.851624
534.412292
531.313232
528.179443
526.752808
526.904175
526.960266
526.692993
528.019348
531.888855
537.053772
542.056396
545.713379
546.583008
544.466248
541.292053
539.062439
537.755005
535.876221
532.633789
528.931274
526.087280
524.483765
524.207153
525.833374
529.229004
532.903748
535.958618
539.104675
542.733276
545.705261
546.656250
545.316101
542.523865
539.541870
537.162903
535.458496
534.029358
532.118774
529.303406
526.377563
524.755554
525.212402
527.531433
530.913574
534.657166
538.421204
541.609619
543.494080
544.125610
543.765015
542.035095
539.215759
536.951294
535.863159
534.075928
530.077148
525.581726
523.518616
524.306763
526.043762
527.518616
529.336304
532.439026
536.599304
540.546326
543.350525
544.930359
544.966492
542.805542
539.260437
536.746277
536.231934
535.428955
531.942139
527.143005
524.440369
524.631653
525.935059
527.715881
530.919495
535.343994
539.195129
541.431885
543.053650
544.782410
544.785889
541.697388
538.274231
537.839355
538.847717
537.367737
532.943176
528.279114
525.363403
524.436768
525.037109
526.744263
529.535706
533.361145
537.332764
540.549805
543.231812
545.324036
545.367126
542.650940
539.017090
536.757751
535.811218
534.365356
531.441956
527.833923
525.061462
524.239380
525.575134
528.383484
531.708862
535.112488
538.659607
542.228699
545.156128
546.507690
545.709717
543.195862
540.281738
538.108643
536.783508
535.420471
532.844116
528.799805
524.875061
523.478516
525.350952
528.697388
531.387390
533.397583
536.174255
540.123779
543.871765
545.724426
544.995178
542.242249
539.030518
537.029724
536.299316
534.790527
530.856750
526.016113
523.490112
524.285583
526.562500
528.470886
530.062500
532.463440
536.003418
539.573792
542.064758
